티커,종목명,시가,종가,변동폭,등락률,거래량,거래대금
095570,AJ네트웍스,5490,5450,-40,-0.73,13875,75434860
068400,AJ렌터카,10700,10700,0,0.0,47173,505416600
006840,AK홀딩스,45900,45950,50,0.11,19984,925654450
027410,BGF,7450,7480,30,0.4,130612,978980880
282330,BGF리테일,203000,199500,-3500,-1.72,40902,8153219000
138930,BNK금융지주,7370,7400,30,0.41,692733,5112906370
001460,BYC,234000,234500,500,0.21,214,50107000
001465,BYC우,132500,133000,500,0.38,40,5309000
001040,CJ,102500,103500,1000,0.98,42390,4372667000
079160,CJCGV,37100,37200,100,0.27,111665,4154803050
000120,CJ대한통운,151500,151500,0,0.0,38525,5840653000
011150,CJ씨푸드,2765,2790,25,0.9,294984,816242860
011155,CJ씨푸드1우,34900,34650,-250,-0.72,3432,117712550
001045,CJ우,54500,55200,700,1.28,3030,166644500
097950,CJ제일제당,295500,297500,2000,0.68,36179,10760438500
097955,CJ제일제당우,128000,128000,0,0.0,909,116129000
037560,CJ헬로,7030,7120,90,1.28,152318,1075452050
000590,CS홀딩스,63900,63700,-200,-0.31,162,10232400
012030,DB,977,968,-9,-0.92,493582,479683290
016610,DB금융투자,4990,5020,30,0.6,27713,138746115
005830,DB손해보험,61600,61000,-600,-0.97,122470,7486794400
000990,DB하이텍,15300,15100,-200,-1.31,1083830,16441582150
000995,DB하이텍1우,45050,45100,50,0.11,906,40585300
139130,DGB금융지주,8220,8230,10,0.12,666648,5495753440
001530,DI동일,92300,94900,2600,2.82,9178,872378300
004840,DRB동일,6130,6140,10,0.16,7080,43230820
155660,DSR,5280,5330,50,0.95,116900,618769030
069730,DSR제강,5120,5180,60,1.17,133690,689857470
017940,E1,58900,59000,100,0.17,7034,413372600
007700,FF,80500,85400,4900,6.09,279483,23887121000
114090,GKL,20700,20750,50,0.24,94983,1978312800
078930,GS,50500,51200,700,1.39,97852,4982122900
006360,GS건설,40950,41800,850,2.08,326128,13608552550
001250,GS글로벌,2770,2800,30,1.08,268242,753019830
007070,GS리테일,36450,37000,550,1.51,115993,4286400700
078935,GS우,36900,36850,-50,-0.14,4188,154564450
012630,HDC,15550,15850,300,1.93,368312,5842806350
039570,HDC아이콘트롤스,10350,10400,50,0.48,11514,119140550
089470,HDC현대EP,5430,5600,170,3.13,224574,1254579080
294870,HDC현대산업개발,46650,46750,100,0.21,69425,3256561500
082740,HSD엔진,3950,3930,-20,-0.51,88591,348153220
003560,IHQ,2205,2175,-30,-1.36,1169016,2554571205
175330,JB금융지주,6000,6030,30,0.5,323243,1961065080
234080,JW생명과학,24900,25000,100,0.4,37463,937163100
001060,JW중외제약,32600,32700,100,0.31,27859,915242350
001067,JW중외제약2우B,44550,44450,-100,-0.22,268,11761600
001065,JW중외제약우,26850,27000,150,0.56,1054,28109200
096760,JW홀딩스,6400,6350,-50,-0.78,52058,331536560
105560,KB금융,44700,45750,1050,2.35,940765,42850633394
002380,KCC,268000,274000,6000,2.24,14489,3946005500
009070,KCTC,3430,3535,105,3.06,141210,497919235
009440,KC그린홀딩스,4520,4550,30,0.66,46408,209743915
119650,KC코트렐,6890,6890,0,0.0,133910,926528440
092220,KEC,1215,1220,5,0.41,3895291,4762948415
001390,KG케미칼,13200,13200,0,0.0,48025,635430850
001940,KISCO홀딩스,14300,14150,-150,-1.05,27810,395616100
025000,KPX케미칼,55900,57000,1100,1.97,1956,110346300
092230,KPX홀딩스,58700,58900,200,0.34,547,32183300
000040,KR모터스,517,517,0,0.0,220940,114434954
044450,KSS해운,7210,7240,30,0.42,29218,211893100
030200,KT,28550,28500,-50,-0.18,359243,10263074000
033780,KTG,100500,100500,0,0.0,170191,17078679569
030210,KTB투자증권,2970,3010,40,1.35,184345,554270640
058850,KTcs,2275,2290,15,0.66,151139,345855350
058860,KTis,2455,2460,5,0.2,81554,200323185
093050,LF,23500,22800,-700,-2.98,104778,2399311450
003550,LG,75300,76500,1200,1.59,188224,14380183910
034220,LG디스플레이,16950,17100,150,0.88,1584603,27145164550
001120,LG상사,16500,17050,550,3.33,217826,3711307600
051900,LG생활건강,1331000,1367000,36000,2.7,18497,25135326000
051905,LG생활건강우,807000,804000,-3000,-0.37,3203,2559774000
003555,LG우,48250,48350,100,0.21,7368,355751450
032640,LG유플러스,14350,14500,150,1.05,1174541,17025753150
011070,LG이노텍,100500,105500,5000,4.98,443225,46670773500
066570,LG전자,81300,80800,-500,-0.62,600944,48563679100
066575,LG전자우,34250,33650,-600,-1.75,43269,1457176100
108670,LG하우시스,60600,61800,1200,1.98,23898,1468859900
108675,LG하우시스우,29800,29750,-50,-0.17,885,26369150
051910,LG화학,345500,348500,3000,0.87,102094,35547511340
051915,LG화학우,192500,191500,-1000,-0.52,6839,1315273000
079550,LIG넥스원,33950,33700,-250,-0.74,52078,1773587750
006260,LS,47250,48200,950,2.01,103333,5008469000
000680,LS네트웍스,3310,3315,5,0.15,33030,109084890
010120,LS산전,48600,49750,1150,2.37,162096,8103055850
229640,LS전선아시아,8370,8500,130,1.55,397220,3361501340
023150,MH에탄올,6540,6580,40,0.61,4838,31708830
035420,NAVER,109000,110000,1000,0.92,483689,52738740000
181710,NHN,83500,83200,-300,-0.36,111181,9263545200
005940,NH투자증권,14150,14450,300,2.12,621241,8950475950
005945,NH투자증권우,9150,9270,120,1.31,128698,1189172350
034310,NICE,21800,21750,-50,-0.23,64933,1425381850
008260,NI스틸,2770,2840,70,2.53,86779,244112020
004250,NPC,3760,3735,-25,-0.66,17470,64893855
004255,NPC우,2290,2270,-20,-0.87,3737,8468295
010060,OCI,93400,94000,600,0.64,181846,17256479100
005490,POSCO,239500,242000,2500,1.04,196629,47732221000
100840,STC,13400,14300,900,6.72,48200,677699700
064960,ST모티브,43100,43050,-50,-0.12,42379,1825037150
003570,ST중공업,7050,7080,30,0.43,5020,35399890
036530,ST홀딩스,13450,13550,100,0.74,3336,45002100
010950,S-Oil,80300,81200,900,1.12,184641,14953822300
010955,S-Oil우,58300,58700,400,0.69,8518,498295900
034120,SBS,22600,22100,-500,-2.21,111477,2478263100
101060,SBS미디어홀딩스,2300,2300,0,0.0,31811,73381760
004060,SG세계물산,1310,1240,-70,-5.34,17735503,22603407030
001380,SG충방,2225,2225,0,0.0,593134,1339695815
002360,SH에너지화학,1225,1290,65,5.31,14679579,18990675170
009160,SIMPAC,3215,3280,65,2.02,192759,630953585
123700,SJM,3555,3540,-15,-0.42,4856,17140735
025530,SJM홀딩스,3285,3265,-20,-0.61,16971,55414860
034730,SK,234500,239000,4500,1.92,59892,14243863500
011790,SKC,36650,36400,-250,-0.68,258754,9439303200
018670,SK가스,79200,78100,-1100,-1.39,16429,1291391600
001740,SK네트웍스,5010,5050,40,0.8,673101,3408535300
001745,SK네트웍스우,93300,92500,-800,-0.86,5955,557012000
006120,SK디스커버리,25600,25650,50,0.2,25633,658110650
006125,SK디스커버리우,16900,16900,0,0.0,10964,185565400
210980,SK디앤디,27450,27400,-50,-0.18,14681,404672450
03473K,SK우,143500,145000,1500,1.05,1059,153117000
096770,SK이노베이션,159000,159500,500,0.31,204093,32667382500
096775,SK이노베이션우,119500,119000,-500,-0.42,6952,827010500
001510,SK증권,719,718,-1,-0.14,2216391,1601636289
001515,SK증권우,3425,3420,-5,-0.15,54883,188655210
285130,SK케미칼,56500,57100,600,1.06,19005,1086913400
28513K,SK케미칼우,23600,23650,50,0.21,6261,148676150
017670,SK텔레콤,264000,263000,-1000,-0.38,114548,30084570000
000660,SK하이닉스,63400,67200,3800,5.99,6230370,412795317830
005610,SPC삼립,102500,102000,-500,-0.49,6677,679944000
011810,STX,11250,11300,50,0.44,29939,340840550
077970,STX엔진,7680,7610,-70,-0.91,17322,132175300
071970,STX중공업,4175,4155,-20,-0.48,73830,307732270
084870,TBH글로벌,2465,2500,35,1.42,22362,55313155
002710,TCC스틸,2590,2605,15,0.58,18662,48337655
024070,WISCOM,2730,2665,-65,-2.38,10207,27275585
037270,YGPLUS,1330,1370,40,3.01,218415,296554290
000500,가온전선,19350,19450,100,0.52,6223,120000650
000860,강남제비스코,25800,26000,200,0.78,2345,61031350
035250,강원랜드,30800,31150,350,1.14,158982,4943264200
011420,갤럭시아에스엠,1905,2025,120,6.3,579211,1133817600
002100,경농,17100,18650,1550,9.06,2507353,46591672600
009450,경동나비엔,42550,43900,1350,3.17,93028,4067079100
267290,경동도시가스,31150,31350,200,0.64,5118,159997200
012320,경동인베스트,39750,40600,850,2.14,4221,169857150
000050,경방,10550,10550,0,0.0,5889,62249750
214390,경보제약,9920,9970,50,0.5,20240,202421500
012610,경인양행,6200,6210,10,0.16,323161,2014516910
009140,경인전자,29850,30300,450,1.51,8408,252078800
013580,계룡건설,28100,27600,-500,-1.78,7540,209454450
012200,계양전기,3545,3580,35,0.99,37009,131989060
012205,계양전기우,8840,9180,340,3.85,46180,422491330
004200,고려개발,4960,5180,220,4.44,21102,107246235
002140,고려산업,2985,2970,-15,-0.5,692854,2043020500
010130,고려아연,467000,468000,1000,0.21,26354,12301075500
002240,고려제강,26250,26200,-50,-0.19,9295,245934350
009290,광동제약,7220,7160,-60,-0.83,181265,1317149880
017040,광명전기,2555,2620,65,2.54,338917,884691185
017900,광전자,2575,2680,105,4.08,548412,1450754600
037710,광주신세계,184500,184000,-500,-0.27,2515,459933000
030610,교보증권,10550,10600,50,0.47,54370,576215550
007690,국도화학,45950,46100,150,0.33,3651,167043300
005320,국동,1710,1780,70,4.09,1516548,2742398480
001140,국보,2720,3535,815,29.96,10682501,33967497610
002720,국제약품,4525,4585,60,1.33,81446,371802595
083420,그린케미칼,3855,3880,25,0.65,68440,265814755
014530,극동유화,3605,3680,75,2.08,1823260,6868532560
014280,금강공업,4390,4445,55,1.25,44486,196237915
014285,금강공업우,10900,11000,100,0.92,24090,269206250
008870,금비,67400,67400,0,0.0,214,14455400
001570,금양,2320,2330,10,0.43,13231,30657470
002990,금호산업,14000,14000,0,0.0,101778,1419422400
002995,금호산업우,52100,51700,-400,-0.77,9742,506827600
011780,금호석유,98700,99100,400,0.41,95705,9483511200
011785,금호석유우,38600,38500,-100,-0.26,11477,442539350
214330,금호에이치티,5590,5770,180,3.22,26102,147377930
001210,금호전기,3600,3635,35,0.97,18012,65560620
073240,금호타이어,3900,3875,-25,-0.64,182316,707296210
092440,기신정기,4135,4070,-65,-1.57,20284,82916740
000270,기아차,43000,42350,-650,-1.51,928187,39530812800
024110,기업은행,14050,14050,0,0.0,469120,6602968450
013700,까뮤이앤씨,1330,1380,50,3.76,732467,1003455260
004540,깨끗한나라,2500,2500,0,0.0,0,0
004545,깨끗한나라우,16300,16300,0,0.0,0,0
074610,나노메딕스,9070,9720,650,7.17,16991028,167729613870
001260,남광토건,12550,13000,450,3.59,46757,603377050
008350,남선알미늄,3910,3840,-70,-1.79,8075974,30401055710
008355,남선알미우,39700,39050,-650,-1.64,35196,1327973000
004270,남성,2980,2935,-45,-1.51,818303,2428981680
003920,남양유업,579000,575000,-4000,-0.69,460,267404000
003925,남양유업우,210500,209000,-1500,-0.71,1,209000
002070,남영비비안,6640,6690,50,0.75,2575,17011680
025860,남해화학,10800,11200,400,3.7,281999,3147479400
005720,넥센,6560,6410,-150,-2.29,117158,754942210
005725,넥센우,3840,3885,45,1.17,2642,10233330
002350,넥센타이어,9580,9690,110,1.15,50670,493200000
002355,넥센타이어1우B,4210,4180,-30,-0.71,839,3502645
003580,넥스트사이언스,5770,5760,-10,-0.17,93525,539383760
251270,넷마블,127000,125500,-1500,-1.18,277441,35227974500
090350,노루페인트,7720,7720,0,0.0,28566,220566350
090355,노루페인트우,12000,12100,100,0.83,7171,86670400
000320,노루홀딩스,12350,12400,50,0.4,1009,12486200
000325,노루홀딩스우,20200,20150,-50,-0.25,85,1705300
006280,녹십자,124500,127000,2500,2.01,28240,3573978000
005250,녹십자홀딩스,22800,22600,-200,-0.88,20594,469748500
005257,녹십자홀딩스2우,17000,17050,50,0.29,1544,26091150
004370,농심,250000,249500,-500,-0.2,6580,1642700500
072710,농심홀딩스,90300,90000,-300,-0.33,1082,96524100
058730,다스코,6850,6990,140,2.04,54127,377654250
023590,다우기술,22200,21800,-400,-1.8,155314,3398499600
019680,대교,6230,6240,10,0.16,38888,243179530
019685,대교우B,4695,4690,-5,-0.11,9155,42599920
006370,대구백화점,7070,7100,30,0.42,4891,34712720
008060,대덕전자,11500,11500,0,0.0,579493,6653417250
00806K,대덕전자1우,6370,6400,30,0.47,21115,134851810
000490,대동공업,5960,6020,60,1.01,39818,238907420
008110,대동전자,4650,4700,50,1.08,15412,71664685
005750,대림BCo,4690,4745,55,1.17,5761,27182845
000210,대림산업,118000,121500,3500,2.97,184803,22352066922
000215,대림산업우,46300,47750,1450,3.13,9251,438664600
004440,대림씨엔에스,9900,9950,50,0.51,5927,58698480
006570,대림통상,4275,4310,35,0.82,385,1654190
001680,대상,25100,25050,-50,-0.2,112177,2806546800
001685,대상우,13250,13350,100,0.75,924,12267200
084690,대상홀딩스,7410,7340,-70,-0.94,39740,290783240
084695,대상홀딩스우,6100,6070,-30,-0.49,852,5195620
128820,대성산업,5150,5160,10,0.19,52971,271863180
117580,대성에너지,5500,5560,60,1.09,38728,216036580
016710,대성홀딩스,8250,8110,-140,-1.7,7632,62053500
003540,대신증권,13250,13550,300,2.26,197168,2669203900
003547,대신증권2우B,8670,8660,-10,-0.12,23493,204065730
003545,대신증권우,9220,9270,50,0.54,62406,579206310
009190,대양금속,7630,7530,-100,-1.31,22995,173543750
014160,대영포장,1320,1335,15,1.14,1528138,2036714665
047040,대우건설,4930,4970,40,0.81,591472,2936619125
009320,대우부품,2515,2435,-80,-3.18,11443538,30576116355
042660,대우조선해양,32100,31900,-200,-0.62,217334,6955403050
003090,대웅,17000,16950,-50,-0.29,24562,418667000
069620,대웅제약,152500,152500,0,0.0,17517,2686397500
000430,대원강업,4625,4540,-85,-1.84,34287,157249075
006340,대원전선,1380,1455,75,5.43,921209,1322587300
006345,대원전선우,3395,3460,65,1.91,19812,68013590
003220,대원제약,16050,16100,50,0.31,19145,308827200
024890,대원화성,1835,1840,5,0.27,114693,210401390
002880,대유에이텍,1155,1165,10,0.87,503356,583417950
000300,대유플러스,939,936,-3,-0.32,1117866,1063734035
012800,대창,1450,1440,-10,-0.69,8650405,12776986465
015230,대창단조,39600,39800,200,0.51,979,38870100
001070,대한방직,20500,20500,0,0.0,4467,91444400
006650,대한유화,133500,137000,3500,2.62,32267,4412174500
001440,대한전선,763,750,-13,-1.7,3368620,2558944707
084010,대한제강,8270,8270,0,0.0,127917,1053413100
001790,대한제당,21750,21800,50,0.23,7983,173105000
001799,대한제당3우B,23800,23850,50,0.21,1551,37060900
001795,대한제당우,12750,12900,150,1.18,5193,66613900
001130,대한제분,200500,201500,1000,0.5,956,191498000
003490,대한항공,31350,31400,50,0.16,398777,12473521800
003495,대한항공우,21450,21800,350,1.63,37799,810200050
005880,대한해운,25000,25000,0,0.0,60172,1506942150
003830,대한화섬,106000,105500,-500,-0.47,252,26651500
016090,대현,2535,2535,0,0.0,23796,60265305
069460,대호에이엘,4125,4500,375,9.09,1961126,8696828195
192080,더블유게임즈,64000,64900,900,1.41,62815,4079528500
012510,더존비즈온,68300,66600,-1700,-2.49,149206,9845617500
004830,덕성,2940,2960,20,0.68,18318,54744255
004835,덕성우,3875,3835,-40,-1.03,27823,106675445
024900,덕양산업,1515,1440,-75,-4.95,1413200,2050380260
145720,덴티움,73900,75500,1600,2.17,68489,5103716000
002150,도화엔지니어링,10850,11300,450,4.15,360092,4041785150
001230,동국제강,6660,6680,20,0.3,143953,966452820
023450,동남합성,25600,25750,150,0.59,1446,37223900
004140,동방,1960,2030,70,3.57,380908,765267195
007590,동방아그로,7370,7450,80,1.09,37165,275426840
005960,동부건설,9180,9250,70,0.76,59362,565733250
005965,동부건설우,17850,18250,400,2.24,8311,162183100
016380,동부제철,7350,7480,130,1.77,15346,113983440
016385,동부제철우,37100,37100,0,0.0,2705,99932200
083370,동북아12호,5020,4980,-40,-0.8,2362,11801975
083380,동북아13호,5010,5010,0,0.0,0,0
026960,동서,19300,19150,-150,-0.78,48497,934300900
002210,동성제약,20700,19900,-800,-3.86,2306859,46568559850
102260,동성코퍼레이션,5700,5700,0,0.0,61406,350317640
005190,동성화학,16900,16700,-200,-1.18,4325,71970000
000640,동아쏘시오홀딩스,98200,98300,100,0.1,4325,426236800
170900,동아에스티,104000,103000,-1000,-0.96,7465,771637000
028100,동아지질,25150,23100,-2050,-8.15,832867,19629579900
282690,동아타이어,13450,13350,-100,-0.74,458,6136200
001520,동양,1770,1780,10,0.56,195865,350746450
001527,동양2우B,10300,10400,100,0.97,302,3134850
001529,동양3우B,30700,30800,100,0.33,451,13900550
084670,동양고속,26250,26050,-200,-0.76,2500,65092850
030790,동양네트웍스,2030,1975,-55,-2.71,1636377,3253055665
002900,동양물산,1805,1855,50,2.77,641473,1191466260
082640,동양생명,3990,4015,25,0.63,43633,176256000
001525,동양우,8510,8480,-30,-0.35,145,1233070
008970,동양철관,1335,1400,65,4.87,5273578,7291281205
092780,동양피스톤,6140,6280,140,2.28,1831864,11686979710
049770,동원FB,304000,296500,-7500,-2.47,13799,4121908500
018500,동원금속,867,865,-2,-0.23,1805916,1636450177
006040,동원산업,237000,242500,5500,2.32,3820,929769500
030720,동원수산,8790,8920,130,1.48,21091,186421610
014820,동원시스템즈,39250,39950,700,1.78,30129,1198588550
014825,동원시스템즈우,29000,29950,950,3.28,1807,53973450
163560,동일고무벨트,6680,6720,40,0.6,17961,120425220
004890,동일산업,62000,62200,200,0.32,3575,220577900
002690,동일제강,3170,3145,-25,-0.79,27667,87360880
000020,동화약품,9900,9900,0,0.0,66758,654340830
000150,두산,102000,102500,500,0.49,39743,4064200000
000157,두산2우B,77200,77200,0,0.0,31,2381700
011160,두산건설,1560,1520,-40,-2.56,1063269,1605315795
241560,두산밥캣,35300,35900,600,1.7,120713,4302609750
000155,두산우,75500,75800,300,0.4,2058,156206500
042670,두산인프라코어,6610,6690,80,1.21,620314,4153016440
034020,두산중공업,6550,6700,150,2.29,1109484,7413123260
016740,두올,3490,3530,40,1.15,89254,312770950
192650,드림텍,10200,10000,-200,-1.96,707391,7130303710
024090,디씨엠,12650,12650,0,0.0,6920,87163800
003160,디아이,4200,4275,75,1.79,480141,2069028260
092200,디아이씨,3315,3355,40,1.21,793766,2661912620
013570,디와이,5790,5800,10,0.17,32445,187834020
210540,디와이파워,14650,14500,-150,-1.02,43846,638221000
007340,디티알오토모티브,34050,33750,-300,-0.88,2381,80674050
026890,디피씨,5550,5620,70,1.26,638646,3564047730
115390,락앤락,15900,16100,200,1.26,95949,1534455950
032350,롯데관광개발,12800,12750,-50,-0.39,102571,1315528800
000400,롯데손해보험,2385,2385,0,0.0,114670,272328015
023530,롯데쇼핑,159500,162000,2500,1.57,40793,6602141500
004000,롯데정밀화학,52600,52600,0,0.0,145744,7666381300
286940,롯데정보통신,44100,43050,-1050,-2.38,85830,3693603150
280360,롯데제과,172500,171000,-1500,-0.87,2299,391447000
004990,롯데지주,43250,43750,500,1.16,76355,3342054750
00499K,롯데지주우,51800,51800,0,0.0,5146,267678600
005300,롯데칠성,175500,176000,500,0.28,22032,3916592000
005305,롯데칠성우,81900,81800,-100,-0.12,728,59293000
011170,롯데케미칼,252000,259000,7000,2.78,133064,34435950500
002270,롯데푸드,587000,600000,13000,2.21,4645,2806370000
071840,롯데하이마트,45700,44700,-1000,-2.19,58243,2621572300
027740,마니커,1150,1160,10,0.87,3738605,4327387390
204320,만도,29000,29150,150,0.52,176718,5152488200
001080,만호제강,19550,19750,200,1.02,4954,97743600
088980,맥쿼리인프라,11950,11950,0,0.0,762271,9118966900
094800,맵스리얼티1,4555,4570,15,0.33,52957,241793065
015540,메디파트너생명공학,7100,7120,20,0.28,68606,484956850
138040,메리츠금융지주,14750,14650,-100,-0.68,43241,631459100
008560,메리츠종금증권,5290,5390,100,1.89,2011104,10806054260
000060,메리츠화재,21500,21350,-150,-0.7,88515,1902133500
090370,메타랩스,1805,1780,-25,-1.39,671760,1214405045
017180,명문제약,5300,5320,20,0.38,193627,1033413590
012690,모나리자,3510,3560,50,1.42,102774,364433965
005360,모나미,2605,2590,-15,-0.58,30754,79795930
204210,모두투어리츠,3010,3005,-5,-0.17,1779,5339135
009680,모토닉,10550,10600,50,0.47,103760,1102997600
009580,무림PP,5350,5390,40,0.75,86873,470931360
009200,무림페이퍼,3280,3315,35,1.07,150219,495331210
033920,무학,11850,11600,-250,-2.11,91502,1061811000
008420,문배철강,3250,3385,135,4.15,2313032,7807388945
025560,미래산업,161,209,48,29.81,131549854,25619064054
007120,미래아이앤지,411,401,-10,-2.43,797697,321896456
006800,미래에셋대우,7900,7980,80,1.01,1906807,15239358600
00680K,미래에셋대우2우B,3940,3965,25,0.63,348145,1382923815
006805,미래에셋대우우,4410,4435,25,0.57,72973,323590265
085620,미래에셋생명,4510,4515,5,0.11,41690,189774520
002840,미원상사,45600,46400,800,1.75,2405,110761250
268280,미원에스씨,74300,74200,-100,-0.13,1087,80180800
107590,미원홀딩스,43750,43850,100,0.23,895,38961750
134380,미원화학,41500,41500,0,0.0,570,23539550
003650,미창석유,78400,78500,100,0.13,603,47331400
155900,바다로19호,2985,3000,15,0.5,3737,11210900
003610,방림,2225,2225,0,0.0,5513,12256065
001340,백광산업,2995,3000,5,0.17,308490,922034350
014580,백광소재,4505,4395,-110,-2.44,1943271,8445075770
035150,백산,9990,9810,-180,-1.8,260209,2564259130
002410,범양건영,1870,1845,-25,-1.34,129826,240980025
096300,베트남개발1,427,426,-1,-0.23,136272,58034968
007210,벽산,2320,2405,85,3.66,391147,936851365
002760,보락,2415,2415,0,0.0,402274,977523175
003850,보령제약,11400,11500,100,0.88,108464,1244946100
000890,보해양조,1310,1345,35,2.67,3113799,4152093545
003000,부광약품,19400,19400,0,0.0,229100,4460905700
001270,부국증권,20800,20650,-150,-0.72,3799,78710850
001275,부국증권우,19150,19150,0,0.0,2974,56939600
026940,부국철강,3735,3835,100,2.68,238975,909121920
015350,부산가스,37650,37650,0,0.0,1428,54036750
011390,부산산업,125500,132000,6500,5.18,21405,2800126000
005030,부산주공,617,638,21,3.4,576897,363947926
100220,비상교육,9780,9640,-140,-1.43,133383,1280360190
101140,비티원,3425,4195,770,22.48,3057285,12564203520
005180,빙그레,71200,69700,-1500,-2.11,30665,2155557600
003960,사조대림,21600,21500,-100,-0.46,3204,68559600
008040,사조동아원,1360,1410,50,3.68,1901163,2651096805
007160,사조산업,54300,53600,-700,-1.29,5398,289413400
014710,사조씨푸드,6350,6400,50,0.79,43315,274907670
006090,사조오양,8430,8400,-30,-0.36,6197,52106770
079660,사조해표,8380,8380,0,0.0,0,0
005090,삼광글라스,37950,37800,-150,-0.4,6765,255951200
001470,삼부토건,914,958,44,4.81,1506958,1427677327
006400,삼성SDI,233500,234500,1000,0.43,241991,56766027000
006405,삼성SDI우,90400,90800,400,0.44,1283,116738400
006660,삼성공조,10600,10500,-100,-0.94,4149,43595350
028260,삼성물산,92200,94000,1800,1.95,217378,20320494200
02826K,삼성물산우B,69400,70200,800,1.15,5117,356949100
207940,삼성바이오로직스,314000,315000,1000,0.32,51459,16215702000
032830,삼성생명,83100,83700,600,0.72,142339,11906175200
018260,삼성에스디에스,216000,217500,1500,0.69,55089,11971972500
028050,삼성엔지니어링,17000,17150,150,0.88,843871,14434747850
009150,삼성전기,93300,96200,2900,3.11,975031,92988764600
009155,삼성전기우,42200,42850,650,1.54,9499,406284500
005930,삼성전자,44350,45350,1000,2.25,10417690,471407748782
005935,삼성전자우,36400,37050,650,1.79,1130239,41694151100
001360,삼성제약,2690,2675,-15,-0.56,140608,379109450
010140,삼성중공업,7950,8020,70,0.88,1792766,14359664950
010145,삼성중공우,61200,61200,0,0.0,1120,68274800
016360,삼성증권,36150,37150,1000,2.77,413162,15228095050
068290,삼성출판사,18000,18050,50,0.28,207799,3760876300
029780,삼성카드,37350,38000,650,1.74,81854,3104310800
000810,삼성화재,274000,272000,-2000,-0.73,65620,17811950500
000815,삼성화재우,188500,189500,1000,0.53,3166,599407500
006110,삼아알미늄,5060,5100,40,0.79,31432,159080010
145990,삼양사,53500,53400,-100,-0.19,6514,350468800
145995,삼양사우,36300,36750,450,1.24,151,5506950
003230,삼양식품,69000,72500,3500,5.07,118567,8575544600
002170,삼양통상,69600,70500,900,1.29,8254,580774300
272550,삼양패키징,17550,17650,100,0.57,47297,833779200
000070,삼양홀딩스,72400,73400,1000,1.38,7697,564037700
000075,삼양홀딩스우,48600,49100,500,1.03,367,17968150
002810,삼영무역,16400,16500,100,0.61,21539,353472450
005680,삼영전자,11550,11500,-50,-0.43,24349,281321750
003720,삼영화학,1235,1215,-20,-1.62,181138,218829640
023000,삼원강재,3075,3075,0,0.0,9779,29957395
004380,삼익THK,11700,11650,-50,-0.43,61442,721898750
002450,삼익악기,1940,1960,20,1.03,108371,211271430
000520,삼일제약,27700,28250,550,1.99,41662,1165801900
009770,삼정펄프,32900,33250,350,1.06,597,19640950
005500,삼진제약,32700,32350,-350,-1.07,66671,2166957000
004690,삼천리,95700,95300,-400,-0.42,3966,379316100
001880,삼호,26950,26950,0,0.0,9721,261909500
010960,삼호개발,5390,5590,200,3.71,451832,2516843800
004450,삼화왕관,46350,46350,0,0.0,33,1530450
009470,삼화전기,17050,17300,250,1.47,20134,349848850
011230,삼화전자,3110,3200,90,2.89,90158,285165010
001820,삼화콘덴서,50900,51400,500,0.98,120425,6198913300
000390,삼화페인트,5500,5530,30,0.55,3977,22058190
001290,상상인증권,2530,2535,5,0.2,44044,112312010
041650,상신브레이크,4155,4190,35,0.84,23777,98993360
075180,새론오토모티브,5430,5450,20,0.37,4194,22758020
007540,샘표,44750,44000,-750,-1.68,52627,2343415250
248170,샘표식품,32450,32500,50,0.15,127242,4262077350
007860,서연,4360,4340,-20,-0.46,2166,9416495
200880,서연이화,6720,6680,-40,-0.6,12923,86541350
017390,서울가스,78500,78000,-500,-0.64,15,1170700
004410,서울식품,199,205,6,3.02,18160423,3772123536
004415,서울식품우,4270,4275,5,0.12,94592,406239785
021050,서원,1360,1350,-10,-0.74,2364730,3305132025
008490,서흥,35000,34900,-100,-0.29,23819,840058950
007610,선도전기,3865,3980,115,2.98,159892,633222030
136490,선진,11450,11550,100,0.87,74084,838309000
002820,선창산업,5110,5120,10,0.2,2256,11553150
014910,성문전자,2825,2925,100,3.54,266448,769997180
014915,성문전자우,14250,14200,-50,-0.35,18896,269931450
003080,성보화학,5350,5180,-170,-3.18,152915,820960310
004980,성신양회,9790,10550,760,7.76,831656,8559559240
004985,성신양회우,11600,12150,550,4.74,44888,536398700
011300,성안,595,589,-6,-1.01,71094,42243046
000180,성창기업지주,1980,1975,-5,-0.25,51121,99974090
002420,세기상사,68600,69400,800,1.17,1502,103706600
004360,세방,14300,14300,0,0.0,2219,31837800
004365,세방우,7170,7190,20,0.28,1279,9173750
004490,세방전지,41900,42250,350,0.84,9747,414454200
001430,세아베스틸,17750,17700,-50,-0.28,39741,701744550
306200,세아제강,66300,69200,2900,4.37,8272,567226700
003030,세아제강지주,54800,56400,1600,2.92,6798,382614000
019440,세아특수강,14900,14800,-100,-0.67,20113,297702400
058650,세아홀딩스,92500,92400,-100,-0.11,333,30802900
013000,세우글로벌,1930,1975,45,2.33,564763,1108681455
091090,세원셀론텍,3535,3590,55,1.56,159624,570920270
021820,세원정공,8990,9000,10,0.11,7625,68444000
067830,세이브존IC,3870,3875,5,0.13,4318,16613025
033530,세종공업,6480,6390,-90,-1.39,113355,731187510
075580,세진중공업,5180,5020,-160,-3.09,148403,755632060
027970,세하,1440,1440,0,0.0,13225,18965440
145210,세화아이엠씨,2990,2990,0,0.0,0,0
068270,셀트리온,208000,211500,3500,1.68,381552,80449313000
004430,송원산업,21400,21400,0,0.0,147809,3171330850
017550,수산중공업,1790,1800,10,0.56,882432,1597170285
002200,수출포장,21650,21650,0,0.0,1649,35559000
053210,스카이라이프,10650,10750,100,0.94,31261,333669650
134790,시디즈,44750,44800,50,0.11,1208,54211350
016590,신대양제지,82700,82800,100,0.12,8660,719299000
029530,신도리코,46750,46900,150,0.32,5671,268088300
004970,신라교역,14400,14400,0,0.0,4089,58878150
011930,신성이엔지,1300,1290,-10,-0.77,1832489,2370120155
005390,신성통상,1080,1075,-5,-0.46,699823,749632515
004170,신세계,297500,310000,12500,4.2,73915,22850867000
035510,신세계IC,126500,127000,500,0.4,2411,306193500
034300,신세계건설,33350,33450,100,0.3,10549,354294250
031430,신세계인터내셔날,213000,218000,5000,2.35,72109,15756256500
031440,신세계푸드,88800,89300,500,0.56,5686,506631200
006880,신송홀딩스,4890,4985,95,1.94,69285,343626630
005800,신영와코루,121500,120000,-1500,-1.23,10,1199500
001720,신영증권,58900,58800,-100,-0.17,2267,133486900
001725,신영증권우,53600,53600,0,0.0,6859,367659200
009270,신원,2210,2380,170,7.69,5738265,13432853185
009275,신원우,55800,58000,2200,3.94,13990,822489700
002700,신일산업,2230,2210,-20,-0.9,2991103,6684672815
019170,신풍제약,7110,7090,-20,-0.28,309386,2186758200
019175,신풍제약우,6500,6430,-70,-1.08,3671,23744330
002870,신풍제지,1350,1340,-10,-0.74,56035,75430610
005450,신한,4945,4945,0,0.0,0,0
293940,신한알파리츠,6630,6680,50,0.75,59225,394730720
055550,신한지주,45600,46000,400,0.88,615053,28377333475
001770,신화실업,23200,23150,-50,-0.22,636,14651200
004080,신흥,10050,10000,-50,-0.5,2999,29890360
102280,쌍방울,1080,1055,-25,-2.31,1805131,1901832360
003410,쌍용양회,6260,6330,70,1.12,907039,5761240130
003415,쌍용양회우,6480,6530,50,0.77,28366,186403960
003620,쌍용차,4070,4115,45,1.11,71274,292423475
004770,써니전자,3130,3220,90,2.88,550357,1747809885
004920,씨아이테크,482,481,-1,-0.21,320329,155357617
112610,씨에스윈드,40350,40700,350,0.87,39998,1617561350
008700,아남전자,3140,3160,20,0.64,2167916,6898215430
002790,아모레G,63800,63700,-100,-0.16,73670,4721507500
002795,아모레G우,26650,27000,350,1.31,6166,166990300
090430,아모레퍼시픽,170500,171500,1000,0.59,228879,39379540000
090435,아모레퍼시픽우,90100,90900,800,0.89,7449,678325500
002030,아세아,113000,113500,500,0.44,399,45017500
183190,아세아시멘트,94900,98800,3900,4.11,8565,842570900
002310,아세아제지,38900,38600,-300,-0.77,23425,910538350
267850,아시아나IDT,21300,21400,100,0.47,159689,3423501400
020560,아시아나항공,5800,5800,0,0.0,1059001,6164860910
122900,아이마켓코리아,12500,12500,0,0.0,171024,2137335550
010780,아이에스동서,38750,39100,350,0.9,30386,1186512300
033660,아주캐피탈,11550,11500,-50,-0.43,33964,386673150
001780,알루코,3020,3010,-10,-0.33,200444,605080185
018250,애경산업,39950,40150,200,0.5,234979,9469758500
161000,애경유화,7860,8000,140,1.78,342197,2734518960
011090,에넥스,1380,1390,10,0.72,365708,507414855
005850,에스엘,24350,24350,0,0.0,128824,3136162500
012750,에스원,100500,99700,-800,-0.8,47139,4722045800
023960,에쓰씨엔지니어링,1615,1625,10,0.62,72893,118515510
298690,에어부산,6650,6600,-50,-0.75,361029,2394530490
140910,에이리츠,6010,6070,60,1.0,15623,94750930
078520,에이블씨엔씨,11950,11900,-50,-0.42,87577,1054639750
015260,에이엔피,473,475,2,0.42,261642,125365874
007460,에이프로젠KIC,3100,3070,-30,-0.97,2398331,7420227995
003060,에이프로젠제약,1280,1380,100,7.81,1892446,2600212725
036570,엔씨소프트,457000,466500,9500,2.08,69801,32384901500
138250,엔에스쇼핑,12400,12350,-50,-0.4,47745,590658300
085310,엔케이,1410,1400,-10,-0.71,452406,638752175
009810,엔케이물산,1580,1460,-120,-7.59,2579879,3933229230
900140,엘브이엠씨홀딩스,2735,2815,80,2.93,455599,1283500530
014440,영보화학,3980,3995,15,0.38,5356,21312120
111770,영원무역,39450,39450,0,0.0,80371,3170600500
009970,영원무역홀딩스,63100,61800,-1300,-2.06,7886,495569600
003520,영진약품,5420,5470,50,0.92,322531,1767830150
000670,영풍,716000,719000,3000,0.42,624,449682000
006740,영풍제지,3485,3535,50,1.43,21299,74881210
012280,영화금속,1495,1515,20,1.34,637212,963789565
012160,영흥철강,1435,1485,50,3.48,1339691,1964960375
015360,예스코홀딩스,42300,41850,-450,-1.06,334,14024100
007310,오뚜기,708000,703000,-5000,-0.71,5860,4131054000
079440,오렌지라이프,31450,32350,900,2.86,133352,4276746500
002630,오리엔트바이오,522,522,0,0.0,3504873,1845898144
271560,오리온,90200,91300,1100,1.22,147385,13396569700
001800,오리온홀딩스,16800,16850,50,0.3,28604,484887150
070960,용평리조트,7290,7650,360,4.94,1310470,9966188480
316140,우리금융지주,14100,14400,300,2.13,1444829,20701745550
004720,우리들제약,7060,7190,130,1.84,49245,352092750
118000,우리들휴브레인,2320,2380,60,2.59,195074,465747005
010050,우리종금,789,787,-2,-0.25,3549899,2806041965
006980,우성사료,3460,3500,40,1.16,755639,2629395085
017370,우신시스템,5670,5650,-20,-0.35,6032,33694200
105840,우진,6190,6310,120,1.94,114068,716218780
010400,우진아이엔에스,10050,10350,300,2.99,50737,522650950
049800,우진플라임,4930,5170,240,4.87,123339,629833015
016880,웅진,2255,2250,-5,-0.22,102246,229557650
095720,웅진씽크빅,2825,2865,40,1.42,388282,1115731500
103130,웅진에너지,914,914,0,0.0,0,0
021240,웅진코웨이,81700,80000,-1700,-2.08,135529,10852655400
005820,원림,18150,18050,-100,-0.55,748,13501900
010600,웰바이오텍,2750,2710,-40,-1.45,241352,657871275
008600,윌비스,1235,1235,0,0.0,158989,195923760
033270,유나이티드제약,23100,23350,250,1.08,30041,700548850
014830,유니드,49900,49650,-250,-0.5,5879,292640900
000910,유니온,5250,5170,-80,-1.52,942168,4825975385
047400,유니온머티리얼,3225,3005,-220,-6.82,6735888,20090592440
011330,유니켐,2400,2380,-20,-0.83,605555,1446914460
077500,유니퀘스트,7350,7510,160,2.18,192532,1435263290
002920,유성기업,3205,3205,0,0.0,64366,206784480
000700,유수홀딩스,8050,8000,-50,-0.62,13008,104036210
003470,유안타증권,3150,3150,0,0.0,253365,799179130
003475,유안타증권우,2180,2185,5,0.23,6100,13343035
011690,유양디앤유,8110,8150,40,0.49,166573,1359298180
072130,유엔젤,4930,4800,-130,-2.64,226469,1099512475
000220,유유제약,12000,12200,200,1.67,41569,504679200
000225,유유제약1우,7380,7430,50,0.68,4513,33487110
000227,유유제약2우B,19200,19250,50,0.26,736,14047050
001200,유진투자증권,2650,2655,5,0.19,227051,605697890
000100,유한양행,244500,250000,5500,2.25,43661,10880784000
000105,유한양행우,210500,209500,-1000,-0.48,76,15960000
003460,유화증권,12650,12700,50,0.4,3991,50637100
003465,유화증권우,12700,12750,50,0.39,384,4915150
008730,율촌화학,13750,13650,-100,-0.73,7750,105444950
008250,이건산업,9390,9640,250,2.66,125365,1204599330
025820,이구산업,2210,2185,-25,-1.13,883471,1953956845
214320,이노션,69800,73900,4100,5.87,83583,6104308200
088260,이리츠코크렙,6230,6350,120,1.93,195461,1227606980
139480,이마트,142500,145500,3000,2.11,131143,19008036000
007660,이수페타시스,4900,5180,280,5.71,2274983,11835801045
005950,이수화학,9600,9610,10,0.1,8843,84798260
015020,이스타코,689,697,8,1.16,102306,71183171
093230,이아이디,455,464,9,1.98,20414639,9463997558
102460,이연제약,17200,17100,-100,-0.58,21940,376998050
084680,이월드,3350,3375,25,0.75,1485958,5037243980
000760,이화산업,17100,17250,150,0.88,314,5390850
014990,인디에프,2540,2695,155,6.1,4818704,12911822815
006490,인스코비,3155,3195,40,1.27,485485,1554277400
023800,인지컨트롤스,6590,6590,0,0.0,277942,1866167260
034590,인천도시가스,29400,29450,50,0.17,549,16168450
129260,인터지스,2550,2540,-10,-0.39,54368,138928370
023810,인팩,4225,4150,-75,-1.78,4093,17097565
249420,일동제약,19900,20050,150,0.75,27279,547597400
000230,일동홀딩스,13000,13050,50,0.38,6381,83409900
013360,일성건설,1390,1565,175,12.59,3764161,5682725535
003120,일성신약,89100,89700,600,0.67,161,14313200
003200,일신방직,95900,96000,100,0.1,728,69390100
007110,일신석재,2675,3135,460,17.2,46306133,142187093845
007570,일양약품,26750,26600,-150,-0.56,16177,435040000
007575,일양약품우,19350,19650,300,1.55,61,1188850
008500,일정실업,20400,20450,50,0.25,199,4092050
081000,일진다이아,30400,30300,-100,-0.33,360645,11143343950
020760,일진디스플,5070,5470,400,7.89,865999,4609161940
020150,일진머티리얼즈,36050,35950,-100,-0.28,241582,8724049150
103590,일진전기,3320,3325,5,0.15,20424,67638215
015860,일진홀딩스,3460,3455,-5,-0.14,45909,159738550
226320,잇츠한불,24750,24900,150,0.61,24817,620485900
033240,자화전자,12500,12400,-100,-0.8,122901,1542929550
000950,전방,17000,17050,50,0.29,378,6446050
194370,제이에스코퍼레이션,17850,18100,250,1.4,59755,1064406550
025620,제이준코스메틱,6660,6780,120,1.8,194695,1318506820
030000,제일기획,28650,28950,300,1.05,107138,3085845400
271980,제일약품,37550,37700,150,0.4,61986,2349919850
001560,제일연마,6650,6700,50,0.75,2888,19261760
002620,제일파마홀딩스,22200,22500,300,1.35,7013,157330150
006220,제주은행,4760,4770,10,0.21,7648,36522670
089590,제주항공,34200,34300,100,0.29,34985,1193878550
004910,조광페인트,6710,6710,0,0.0,4799,32594640
004700,조광피혁,38150,38250,100,0.26,258,9802000
001550,조비,25550,26800,1250,4.89,436587,11770897000
000480,조선내화,96800,96300,-500,-0.52,5417,523415900
120030,조선선재,88400,89800,1400,1.58,1938,172241400
018470,조일알미늄,923,919,-4,-0.43,103014,94621272
002600,조흥,180000,178500,-1500,-0.83,10,1791000
185750,종근당,96600,94500,-2100,-2.17,22467,2138466600
063160,종근당바이오,33450,33050,-400,-1.2,88642,2928691600
001630,종근당홀딩스,122000,122000,0,0.0,65331,7732443000
044380,주연테크,471,483,12,2.55,1387373,672468580
013870,지엠비코리아,7540,7490,-50,-0.66,129457,977505800
071320,지역난방공사,52500,52600,100,0.19,2364,124430000
010580,지코,828,888,60,7.25,3785674,3352735117
035000,지투알,8210,8300,90,1.1,4826,39782380
088790,진도,4075,4030,-45,-1.1,5246,21147200
003780,진양산업,3650,3740,90,2.47,114785,428866145
010640,진양폴리,2305,2325,20,0.87,41015,94945090
100250,진양홀딩스,2605,2620,15,0.58,60342,157607320
051630,진양화학,4905,5090,185,3.77,458239,2304780565
272450,진에어,21900,22100,200,0.91,80212,1782400750
011000,진원생명과학,4710,4730,20,0.42,68607,324657110
002780,진흥기업,2615,2560,-55,-2.1,436520,1134221645
002787,진흥기업2우B,14600,14700,100,0.68,23837,352388150
002785,진흥기업우B,6140,5960,-180,-2.93,117147,714015900
009310,참엔지니어링,1400,1395,-5,-0.36,213924,299187500
000650,천일고속,74700,74700,0,0.0,699,51976400
012600,청호컴넷,4070,4065,-5,-0.12,29780,121552845
033250,체시스,2475,2565,90,3.64,702334,1752213065
035720,카카오,121000,122000,1000,0.83,178919,21801777000
006380,카프로,4210,4340,130,3.09,196300,840645740
109070,컨버즈,3260,3260,0,0.0,0,0
001620,케이비아이동국실업,950,963,13,1.37,146254,139984312
029460,케이씨,14150,14350,200,1.41,34268,495291100
281820,케이씨텍,13200,13450,250,1.89,166724,2240798150
145270,케이탑리츠,924,923,-1,-0.11,75499,69827625
007815,코리아써우,2755,2745,-10,-0.36,98,268810
007810,코리아써키트,5520,5600,80,1.45,41035,229123820
00781K,코리아써키트2우B,4520,4510,-10,-0.22,10,45095
152330,코리아오토글라스,20900,20850,-50,-0.24,46519,968209100
003690,코리안리,8580,8610,30,0.35,109481,948592330
192820,코스맥스,108000,109000,1000,0.93,56107,6098760500
044820,코스맥스비티아이,19200,19200,0,0.0,9257,178691750
005070,코스모신소재,13700,13800,100,0.73,138537,1917794150
005420,코스모화학,11800,11750,-50,-0.42,132021,1582822400
071950,코아스,1520,1580,60,3.95,820624,1282913700
002020,코오롱,18350,18700,350,1.91,61008,1152261850
003070,코오롱글로벌,10000,10600,600,6.0,126779,1344670800
003075,코오롱글로벌우,16150,16300,150,0.93,2872,48200450
144620,코오롱머티리얼,2040,2045,5,0.25,122678,252276405
002025,코오롱우,11300,11600,300,2.65,7736,88525600
120110,코오롱인더,42600,43000,400,0.94,68321,2952956000
120115,코오롱인더우,20450,20750,300,1.47,3153,65208550
138490,코오롱플라스틱,5310,5310,0,0.0,14014,74464610
031820,콤텍시스템,2250,2005,-245,-10.89,32741947,73668102910
192400,쿠쿠홀딩스,147500,147000,-500,-0.34,1867,276103500
284740,쿠쿠홈시스,53000,53700,700,1.32,16853,907413400
015590,큐로,919,968,49,5.33,895908,854475084
264900,크라운제과,9800,9770,-30,-0.31,11599,113018010
26490K,크라운제과우,8030,8040,10,0.12,3519,28157010
005740,크라운해태홀딩스,10950,11350,400,3.65,37855,423338450
005745,크라운해태홀딩스우,13350,13200,-150,-1.12,3207,42114050
020120,키다리스튜디오,2910,3200,290,9.97,2150696,6896379650
039490,키움증권,84000,84100,100,0.12,55755,4708785600
012170,키위미디어그룹,201,225,24,11.94,226256671,51697270521
015890,태경산업,6040,5980,-60,-0.99,241147,1445521520
006890,태경화학,5770,5770,0,0.0,140600,811519850
003240,태광산업,1347000,1323000,-24000,-1.78,762,1011736000
011280,태림포장,7950,7930,-20,-0.25,1480125,11843180840
004100,태양금속,1225,1235,10,0.82,56153,69549475
004105,태양금속우,3250,3265,15,0.46,7541,24450785
009410,태영건설,14900,15050,150,1.01,183611,2755080100
009415,태영건설우,8090,8130,40,0.49,30080,244340500
001420,태원물산,4895,4900,5,0.1,14124,68632875
007980,태평양물산,3035,3070,35,1.15,74834,226908520
055490,테이팩스,22000,22000,0,0.0,6640,145662900
078000,텔코웨어,20200,20200,0,0.0,114599,2312466400
214420,토니모리,13200,14000,800,6.06,440481,6133604100
019180,티에이치엔,3915,4080,165,4.21,340335,1381225505
091810,티웨이항공,6670,6730,60,0.9,219635,1464988250
004870,티웨이홀딩스,2090,2100,10,0.48,115648,242509165
005690,파미셀,8350,8620,270,3.23,757167,6547676580
036580,팜스코,6380,6380,0,0.0,249557,1575178420
028670,팬오션,4290,4340,50,1.17,724178,3131399210
010820,퍼스텍,2635,2715,80,3.04,269911,728798630
016800,퍼시스,32200,32050,-150,-0.47,4591,145246200
001020,페이퍼코리아,850,863,13,1.53,49429,42436168
090080,평화산업,2200,2035,-165,-7.5,9436880,19891257740
010770,평화홀딩스,5850,5450,-400,-6.84,1103721,6048761400
058430,포스코강판,18800,19150,350,1.86,1378,26172700
047050,포스코인터내셔널,18050,18000,-50,-0.28,159545,2875437200
003670,포스코케미칼,55500,56000,500,0.9,153625,8596124300
007630,폴루스바이오팜,2200,2190,-10,-0.45,441570,965828380
017810,풀무원,13100,12000,-1100,-8.4,362085,4527104250
103140,풍산,25800,26300,500,1.94,49745,1305660350
005810,풍산홀딩스,39800,39550,-250,-0.63,609,24244650
033180,필룩스,6610,6220,-390,-5.9,6259537,39885961600
086790,하나금융지주,37500,37250,-250,-0.67,2219809,82935147225
099340,하나니켈1호,820,817,-3,-0.37,193653,158279373
099350,하나니켈2호,1820,1720,-100,-5.49,457874,795355140
293480,하나제약,25850,25700,-150,-0.58,64669,1665489600
039130,하나투어,55200,55400,200,0.36,91790,5067364500
172580,하이골드12호,2760,2770,10,0.36,5933,16381730
153360,하이골드3호,1755,1785,30,1.71,10470,18674900
159650,하이골드8호,1775,1850,75,4.23,113644,211527225
071090,하이스틸,22450,23000,550,2.45,12640,287738650
019490,하이트론,4290,4145,-145,-3.38,3855,16162175
000080,하이트진로,21200,21300,100,0.47,204404,4358226400
000087,하이트진로2우B,16500,16500,0,0.0,1055,17392150
000140,하이트진로홀딩스,9260,9540,280,3.02,33657,318104200
000145,하이트진로홀딩스우,9950,9970,20,0.2,1625,16057130
152550,한국ANKOR유전,1770,1755,-15,-0.85,1999,3524540
036460,한국가스공사,42000,42000,0,0.0,143361,6054515000
005430,한국공항,47650,47300,-350,-0.73,2664,126071200
071050,한국금융지주,74500,78100,3600,4.83,204042,15751634800
071055,한국금융지주우,43200,45200,2000,4.63,15167,677299700
010040,한국내화,5920,6220,300,5.07,1655244,10318158080
025540,한국단자,67400,67400,0,0.0,7714,521709600
004090,한국석유,114500,117000,2500,2.18,1740,202990500
002960,한국쉘석유,341000,340500,-500,-0.15,1589,544112500
123890,한국자산신탁,4170,4135,-35,-0.84,29830,124068280
015760,한국전력,25400,25600,200,0.79,1274257,32881494050
006200,한국전자홀딩스,825,824,-1,-0.12,122079,100337562
002300,한국제지,18200,18700,500,2.75,7328,136135650
009540,한국조선해양,117000,119500,2500,2.14,189927,22700518500
023350,한국종합기술,4540,4705,165,3.63,210980,984806290
025890,한국주강,1965,1950,-15,-0.76,21220,41362630
000970,한국주철관,11350,12400,1050,9.25,9100904,113833801000
104700,한국철강,6550,6430,-120,-1.83,21637,139616620
017960,한국카본,8720,8650,-70,-0.8,298705,2591648610
161890,한국콜마,62300,63200,900,1.44,113283,7165218500
024720,한국콜마홀딩스,28700,28950,250,0.87,48872,1414525950
161390,한국타이어앤테크놀로지,35550,35550,0,0.0,252089,8968694900
000240,한국테크놀로지그룹,16750,16800,50,0.3,20497,344628100
034830,한국토지신탁,2345,2370,25,1.07,387887,911727410
007280,한국특수형강,1855,1835,-20,-1.08,95037,175291825
168490,한국패러랠,2270,2270,0,0.0,28552,64929100
010100,한국프랜지,2100,2095,-5,-0.24,283879,596856210
047810,한국항공우주,36200,36250,50,0.14,231245,8374652200
123690,한국화장품,10300,10550,250,2.43,56837,596216000
003350,한국화장품제조,30100,30650,550,1.83,17930,549656200
011500,한농화성,4215,4250,35,0.83,22326,94503290
002390,한독,26150,28900,2750,10.52,546948,15551531000
014790,한라,3750,3830,80,2.13,183067,704078800
060980,한라홀딩스,43800,43850,50,0.11,10059,441266300
053690,한미글로벌,11000,11300,300,2.73,98389,1105524450
042700,한미반도체,7130,7480,350,4.91,424645,3162091680
008930,한미사이언스,68800,70500,1700,2.47,52301,3637423800
128940,한미약품,404000,412000,8000,1.98,19518,8015474500
009240,한샘,73000,72800,-200,-0.27,70400,5155375600
020000,한섬,39400,39100,-300,-0.76,41848,1645869450
003680,한성기업,7050,6960,-90,-1.28,59699,420297150
105630,한세실업,22550,22250,-300,-1.33,170948,3831221500
069640,한세엠케이,5630,5700,70,1.24,6690,37812150
016450,한세예스24홀딩스,8140,8360,220,2.7,37992,315204570
010420,한솔PNS,1595,1560,-35,-2.19,436579,680589780
009180,한솔로지스틱스,1415,1435,20,1.41,150360,214694265
213500,한솔제지,14200,14050,-150,-1.06,66188,933896650
014680,한솔케미칼,79000,78300,-700,-0.89,25243,1984359900
004710,한솔테크닉스,7130,7250,120,1.68,229260,1654844660
004150,한솔홀딩스,4595,4595,0,0.0,57855,265442655
025750,한솔홈데코,1400,1420,20,1.43,355008,501678200
004960,한신공영,18500,18700,200,1.08,10742,201070350
011700,한신기계,2100,2085,-15,-0.71,508428,1060473455
001750,한양증권,7510,7610,100,1.33,9466,71723190
001755,한양증권우,8580,8630,50,0.58,5002,43147450
018880,한온시스템,12000,12000,0,0.0,387897,4696756150
009420,한올바이오파마,25900,26000,100,0.39,85449,2231536850
014130,한익스프레스,6890,7480,590,8.56,1353903,10012604200
300720,한일시멘트,130000,131500,1500,1.15,3200,426644500
002220,한일철강,2235,2235,0,0.0,11841,26314935
006390,한일현대시멘트,33800,36300,2500,7.4,81292,2909619050
003300,한일홀딩스,52000,53200,1200,2.31,11935,636601100
051600,한전KPS,32650,32600,-50,-0.15,95167,3118125350
052690,한전기술,22750,22750,0,0.0,31109,709115900
130660,한전산업,3585,3595,10,0.28,26811,96578440
002320,한진,41700,41700,0,0.0,52461,2208202050
097230,한진중공업,6480,6470,-10,-0.15,116969,760528290
003480,한진중공업홀딩스,3385,3380,-5,-0.15,19004,64032470
180640,한진칼,40000,40200,200,0.5,525607,21090512100
18064K,한진칼우,57600,57300,-300,-0.52,33949,1946950100
005110,한창,3430,3635,205,5.98,7573171,27522351815
009460,한창제지,3325,3480,155,4.66,2520230,8566436455
000880,한화,26900,27250,350,1.3,178210,4846034450
00088K,한화3우B,14000,14050,50,0.36,20136,282235650
027390,한화갤러리아타임월드,23150,23250,100,0.43,29055,673840350
088350,한화생명,3275,3315,40,1.22,2067332,6855895595
000370,한화손해보험,4310,4305,-5,-0.12,93363,402408135
012450,한화에어로스페이스,32800,32150,-650,-1.98,169885,5498328500
000885,한화우,31950,32850,900,2.82,50623,1665995000
009830,한화케미칼,20750,22550,1800,8.67,2999747,67173388850
009835,한화케미칼우,12700,13200,500,3.94,80692,1071122150
003530,한화투자증권,2400,2415,15,0.63,227398,549150800
003535,한화투자증권우,2360,2375,15,0.64,36635,87366640
195870,해성디에스,15200,15050,-150,-0.99,55724,843024000
101530,해태제과식품,9320,9440,120,1.29,21224,200444250
143210,핸즈코퍼레이션,6850,6930,80,1.17,22784,156585910
000720,현대건설,54100,56000,1900,3.51,563138,31375746000
267270,현대건설기계,42100,42850,750,1.78,74553,3177506150
000725,현대건설우,173000,180000,7000,4.05,3097,556434000
005440,현대그린푸드,13000,13200,200,1.54,117674,1550147950
086280,현대글로비스,162500,162500,0,0.0,72420,11754908000
064350,현대로템,21550,21950,400,1.86,801604,17571163150
079430,현대리바트,18350,18400,50,0.27,27693,511574200
012330,현대모비스,223500,223500,0,0.0,116054,25952334500
010620,현대미포조선,49300,50500,1200,2.43,150979,7590374500
069960,현대백화점,84100,85100,1000,1.19,54233,4619624500
004560,현대비앤지스틸,8850,8890,40,0.45,13791,122753920
004565,현대비앤지스틸우,66700,66700,0,0.0,983,65951600
011760,현대상사,22950,24850,1900,8.28,245435,5934985600
011200,현대상선,3535,3570,35,0.99,462884,1651124730
004310,현대약품,4780,4835,55,1.15,812725,3987499780
126560,현대에이치씨엔,4060,4070,10,0.25,25259,102384135
017800,현대엘리베이,89400,93300,3900,4.36,453512,41905510300
307950,현대오토에버,68000,65600,-2400,-3.53,66803,4353629600
011210,현대위아,46700,46000,-700,-1.5,63865,2966758750
267260,현대일렉트릭,19500,19450,-50,-0.26,102905,2010659000
004020,현대제철,41750,42150,400,0.96,195631,8248626550
267250,현대중공업지주,331500,329500,-2000,-0.6,27925,9198524000
005380,현대차,141000,140000,-1000,-0.71,303777,42578764000
005387,현대차2우B,86500,86800,300,0.35,22847,1983506900
005389,현대차3우B,75100,75000,-100,-0.13,3119,233562600
005385,현대차우,80000,80200,200,0.25,11033,881616500
001500,현대차증권,10200,10300,100,0.98,36845,377593850
227840,현대코퍼레이션홀딩스,14100,14500,400,2.84,30475,437364550
001450,현대해상,29950,29600,-350,-1.17,375011,11121003100
057050,현대홈쇼핑,101000,103500,2500,2.48,22548,2326093000
093240,형지엘리트,1865,1910,45,2.41,281789,533643725
003010,혜인,5530,5740,210,3.8,749437,4252901830
111110,호전실업,13650,13250,-400,-2.93,4366,59029400
008770,호텔신라,98300,103000,4700,4.78,557754,57027761500
008775,호텔신라우,56000,57000,1000,1.79,8719,496311400
002460,화성산업,13750,13900,150,1.09,26706,371131250
013520,화승알앤에이,2215,2220,5,0.23,69554,154030785
241590,화승엔터프라이즈,14700,14550,-150,-1.02,98636,1431772400
006060,화승인더,9610,9490,-120,-1.25,187994,1784213440
010690,화신,2880,2860,-20,-0.69,33813,97016445
133820,화인베스틸,3730,3700,-30,-0.8,640743,2372647225
010660,화천기계,2540,2725,185,7.28,2439377,6576789565
000850,화천기공,43550,43500,-50,-0.11,2322,101456000
016580,환인제약,19050,18350,-700,-3.67,74948,1390076000
032560,황금에스티,8500,8650,150,1.76,61070,525312800
004800,효성,74000,74500,500,0.68,28958,2157383100
094280,효성ITX,10250,10350,100,0.98,5637,58310250
298040,효성중공업,35750,36350,600,1.68,34500,1254248600
298050,효성첨단소재,116000,116000,0,0.0,18819,2166528500
298020,효성티앤씨,148000,147000,-1000,-0.68,2709,398128000
298000,효성화학,149000,150000,1000,0.67,16699,2515668500
093370,후성,7250,7240,-10,-0.14,591033,4284044090
081660,휠라코리아,82100,82600,500,0.61,283518,23362032015
005870,휴니드,8100,8130,30,0.37,6255,50641050
079980,휴비스,7480,7550,70,0.94,43950,331453700
005010,휴스틸,11900,12450,550,4.62,118950,1471329800
069260,휴켐스,21150,20900,-250,-1.18,72192,1517654950
000540,흥국화재,4620,4610,-10,-0.22,6938,31959865
000547,흥국화재2우B,23600,23650,50,0.21,801,18671900
000545,흥국화재우,5830,5850,20,0.34,75,435700
003280,흥아해운,354,354,0,0.0,0,0
