티커,종목명,시가,종가,변동폭,등락률,거래량,거래대금
095570,AJ네트웍스,4795,4870,75,1.56,51638,247559480
068400,AJ렌터카,11900,11800,-100,-0.84,207793,2447759150
006840,AK홀딩스,50000,51000,1000,2.0,29528,1503036300
027410,BGF,7870,7930,60,0.76,148462,1170304740
282330,BGF리테일,184500,184000,-500,-0.27,23241,4281124000
138930,BNK금융지주,7200,7350,150,2.08,1663982,12168074350
001460,BYC,240500,242500,2000,0.83,788,190541500
001465,BYC우,113500,113500,0,0.0,85,9452000
001040,CJ,117500,120500,3000,2.55,90121,10716169500
079160,CJCGV,42500,42650,150,0.35,114564,4885396250
000120,CJ대한통운,166500,168000,1500,0.9,62318,10415181000
011150,CJ씨푸드,2395,2395,0,0.0,44222,105996860
011155,CJ씨푸드1우,27800,28650,850,3.06,6416,183497900
001045,CJ우,54000,53600,-400,-0.74,10664,571173100
097950,CJ제일제당,333500,342500,9000,2.7,72702,24602332500
097955,CJ제일제당우,127500,130500,3000,2.35,3060,394539500
037560,CJ헬로,10100,10250,150,1.49,248324,2526981200
000590,CS홀딩스,64600,64200,-400,-0.62,203,12990200
012030,DB,954,957,3,0.31,1059239,1012948055
016610,DB금융투자,4890,4910,20,0.41,202371,999561025
005830,DB손해보험,69400,69500,100,0.14,144136,10004119200
000990,DB하이텍,13600,12900,-700,-5.15,840384,11101998250
000995,DB하이텍1우,38400,37550,-850,-2.21,2901,112083300
139130,DGB금융지주,8490,8680,190,2.24,1208277,10439346790
004840,DRB동일,6630,6640,10,0.15,20178,132384720
155660,DSR,4180,4170,-10,-0.24,27766,115921935
069730,DSR제강,4685,4710,25,0.53,71147,335132260
017940,E1,60300,60700,400,0.66,5951,360637900
007700,FF,43850,42550,-1300,-2.96,93068,4004080800
114090,GKL,25900,25750,-150,-0.58,147314,3813935950
078930,GS,53600,54400,800,1.49,177785,9632593800
006360,GS건설,47600,47050,-550,-1.16,417289,19637422000
001250,GS글로벌,2680,2685,5,0.19,332503,893691180
007070,GS리테일,36900,36050,-850,-2.3,366234,13206324150
078935,GS우,35800,36100,300,0.84,1754,62997400
012630,HDC,18900,18650,-250,-1.32,459937,8640667500
039570,HDC아이콘트롤스,10200,10100,-100,-0.98,60381,608329670
089470,HDC현대EP,4835,4830,-5,-0.1,27778,133590020
294870,HDC현대산업개발,50600,49250,-1350,-2.67,312948,15383963300
082740,HSD엔진,6860,5560,-1300,-18.95,5088833,28545544900
003560,IHQ,1840,1890,50,2.72,718000,1342914200
175330,JB금융지주,6030,6210,180,2.99,1305811,8078844340
234080,JW생명과학,22250,22500,250,1.12,43793,974673500
001060,JW중외제약,40050,40400,350,0.87,57271,2306617600
001067,JW중외제약2우B,45500,45850,350,0.77,2883,134732250
001065,JW중외제약우,25700,26050,350,1.36,3055,79718150
096760,JW홀딩스,7070,7170,100,1.41,90677,646229340
105560,KB금융,46650,48050,1400,3.0,2272775,109204235750
002380,KCC,321500,327000,5500,1.71,33218,10852626000
009070,KCTC,3620,3560,-60,-1.66,166471,595935175
009440,KC그린홀딩스,4085,4180,95,2.33,78490,324063015
119650,KC코트렐,5280,5390,110,2.08,244584,1345081730
092220,KEC,1140,1140,0,0.0,542443,617149690
001390,KG케미칼,16750,16750,0,0.0,118057,1981317000
001940,KISCO홀딩스,13600,13850,250,1.84,13565,187751500
025000,KPX케미칼,52900,53000,100,0.19,4555,240887000
092230,KPX홀딩스,59700,59600,-100,-0.17,250,14914700
000040,KR모터스,521,528,7,1.34,154988,81278911
044450,KSS해운,6500,6610,110,1.69,88353,573324650
030200,KT,28900,28600,-300,-1.04,677756,19460982410
033780,KTG,99800,99100,-700,-0.7,384678,38302734600
030210,KTB투자증권,3165,3285,120,3.79,399646,1301727690
058850,KTcs,2620,2620,0,0.0,340453,895208105
093050,LF,24400,24650,250,1.02,56500,1389136600
003550,LG,77200,77700,500,0.65,257040,19969297800
034220,LG디스플레이,19750,18900,-850,-4.3,4145813,79185492150
001120,LG상사,17150,17250,100,0.58,104313,1803677850
051900,LG생활건강,1260000,1265000,5000,0.4,35530,45080634000
051905,LG생활건강우,752000,760000,8000,1.06,2174,1645840000
003555,LG우,42500,42950,450,1.06,5008,213927700
032640,LG유플러스,15000,15100,100,0.67,3930052,58700227500
011070,LG이노텍,98200,97500,-700,-0.71,265734,26152720600
066570,LG전자,67600,66600,-1000,-1.48,903199,60423535800
066575,LG전자우,27650,27050,-600,-2.17,29764,809000300
108670,LG하우시스,68700,70000,1300,1.89,79196,5498070100
108675,LG하우시스우,32600,32500,-100,-0.31,9154,295360200
051910,LG화학,379000,368000,-11000,-2.9,366641,135844833750
051915,LG화학우,211000,202500,-8500,-4.03,23634,4843629750
079550,LIG넥스원,33950,34000,50,0.15,145256,4947976400
006260,LS,55900,57300,1400,2.5,167382,9563436300
000680,LS네트웍스,2830,2835,5,0.18,16939,47989835
010120,LS산전,53100,52400,-700,-1.32,96220,5066859100
229640,LS전선아시아,5950,5960,10,0.17,32811,197135920
023150,MH에탄올,5520,5800,280,5.07,17444,100664980
035420,NAVER,136000,136000,0,0.0,1054276,147213667242
181710,NHN엔터테인먼트,58600,59000,400,0.68,40318,2378535400
005940,NH투자증권,13850,13950,100,0.72,1635746,22993896250
005945,NH투자증권우,8690,8750,60,0.69,51787,455815750
034310,NICE,18100,17900,-200,-1.1,73047,1305740350
008260,NI스틸,2715,2730,15,0.55,138460,376953375
004250,NPC,3910,3880,-30,-0.77,3605,14023310
004255,NPC우,2245,2295,50,2.23,811,1846165
010060,OCI,103000,107000,4000,3.88,274679,29432469500
005490,POSCO,285000,274000,-11000,-3.86,408983,113663885000
100840,STC,12250,12150,-100,-0.82,28730,350722150
064960,ST모티브,34200,34100,-100,-0.29,57065,1942724600
003570,ST중공업,6820,7310,490,7.18,277579,2068632530
036530,ST홀딩스,12950,13050,100,0.77,13433,175804950
010950,S-Oil,103500,104500,1000,0.97,288329,30084842500
010955,S-Oil우,70900,72200,1300,1.83,20736,1494038700
034120,SBS,22650,22900,250,1.1,27333,621699850
101060,SBS미디어홀딩스,2270,2265,-5,-0.22,36217,82875355
004060,SG세계물산,812,816,4,0.49,798603,649197935
001380,SG충방,2710,2600,-110,-4.06,2668134,7160412795
002360,SH에너지화학,1195,1185,-10,-0.84,696030,824775705
009160,SIMPAC,2800,2885,85,3.04,132207,377528555
123700,SJM,3255,3235,-20,-0.61,9181,29607110
025530,SJM홀딩스,3320,3315,-5,-0.15,7389,24347070
034730,SK,266000,263500,-2500,-0.94,106974,28253829000
011790,SKC,39300,38700,-600,-1.53,66135,2568512600
018670,SK가스,80700,82400,1700,2.11,18235,1493800300
001740,SK네트웍스,5820,5930,110,1.89,1537144,9074688410
001745,SK네트웍스우,56800,56900,100,0.18,1080,60571400
006120,SK디스커버리,28650,28950,300,1.05,42520,1228257800
006125,SK디스커버리우,15350,15350,0,0.0,758,11549150
210980,SK디앤디,29000,29600,600,2.07,20283,593687750
03473K,SK우,138000,139000,1000,0.72,964,133059500
096770,SK이노베이션,185500,188500,3000,1.62,317210,59767772500
096775,SK이노베이션우,120000,122500,2500,2.08,7934,967406500
001510,SK증권,726,742,16,2.2,15312478,11620920302
001515,SK증권우,3215,3425,210,6.53,3312927,12546442595
285130,SK케미칼,68000,68500,500,0.74,35501,2432440100
28513K,SK케미칼우,24250,24300,50,0.21,382,9267750
017670,SK텔레콤,258500,258000,-500,-0.19,234773,60570279500
000660,SK하이닉스,75900,73900,-2000,-2.64,4447535,333396826950
005610,SPC삼립,117500,117000,-500,-0.43,12312,1440324000
011810,STX,15750,15750,0,0.0,51425,810848250
077970,STX엔진,7200,7200,0,0.0,19765,141584700
071970,STX중공업,7690,7340,-350,-4.55,838607,6178060970
084870,TBH글로벌,3015,3020,5,0.17,54974,164569430
002710,TCC동양,2170,2180,10,0.46,37802,81260060
024070,WISCOM,2900,2925,25,0.86,8833,25687585
037270,YGPLUS,2015,2050,35,1.74,100376,204176400
000500,가온전선,18450,18450,0,0.0,3077,56845650
000860,강남제비스코,26400,26300,-100,-0.38,3763,98658700
035250,강원랜드,33650,34000,350,1.04,478343,16201582400
011420,갤럭시아에스엠,1915,1915,0,0.0,93841,178449135
002100,경농,19800,21400,1600,8.08,1554427,32379051250
009450,경동나비엔,42850,42600,-250,-0.58,29293,1250001600
267290,경동도시가스,38350,39100,750,1.96,5030,194450850
012320,경동인베스트,44200,44150,-50,-0.11,8762,384925450
000050,경방,10950,11000,50,0.46,9132,100621500
214390,경보제약,10450,10500,50,0.48,58623,610246250
012610,경인양행,6100,6200,100,1.64,268765,1655489820
009140,경인전자,32400,32650,250,0.77,4373,138512400
013580,계룡건설,26000,25750,-250,-0.96,30188,773033900
012200,계양전기,3780,3745,-35,-0.93,25194,94780135
012205,계양전기우,8970,8950,-20,-0.22,39867,356965830
004200,고려개발,5130,5130,0,0.0,25984,132705450
002140,고려산업,2395,2395,0,0.0,70321,168382875
010130,고려아연,436000,440500,4500,1.03,42331,18665785500
002240,고려제강,24700,25550,850,3.44,18419,464560450
001290,골든브릿지증권,2400,2450,50,2.08,210802,517558505
009290,광동제약,7280,7320,40,0.55,78546,570300010
017040,광명전기,3045,3030,-15,-0.49,136911,413327260
017900,광전자,2275,2295,20,0.88,62928,143457305
037710,광주신세계,199500,199000,-500,-0.25,375,74784500
030610,교보증권,9650,9830,180,1.87,135672,1332602320
007690,국도화학,50400,50000,-400,-0.79,13214,659462800
005320,국동,2800,2765,-35,-1.25,98153,269939170
001140,국보,12750,13000,250,1.96,9253,119132800
002720,국제약품,4415,4510,95,2.15,75913,340883075
083420,그린케미칼,3580,3570,-10,-0.28,9532,33984445
014530,극동유화,3470,3475,5,0.14,113499,391338965
014280,금강공업,23000,22650,-350,-1.52,18320,414441250
014285,금강공업우,36950,36700,-250,-0.68,849,31333800
008870,금비,66000,66000,0,0.0,87,5726600
001570,금양,2345,2300,-45,-1.92,130456,300969160
002990,금호산업,13500,13050,-450,-3.33,190695,2518233150
002995,금호산업우,27550,26300,-1250,-4.54,7493,198701350
011780,금호석유,90300,90000,-300,-0.33,142679,12865807500
011785,금호석유우,33150,33500,350,1.06,5475,181936150
214330,금호에이치티,6760,6830,70,1.04,63183,425258460
001210,금호전기,6250,6260,10,0.16,5525,34626070
073240,금호타이어,5130,5080,-50,-0.97,733271,3757803090
092440,기신정기,3760,3765,5,0.13,15560,58464015
000270,기아차,36150,36350,200,0.55,1088374,39634738050
024110,기업은행,14150,14250,100,0.71,1561298,22334598450
013700,까뮤이앤씨,1395,1605,210,15.05,26123676,41728405290
004540,깨끗한나라,3375,3485,110,3.26,401663,1412675855
004545,깨끗한나라우,19800,20350,550,2.78,26277,536171050
074610,나노메딕스,5710,5700,-10,-0.18,298510,1720649710
001260,남광토건,17000,17150,150,0.88,173567,2987703050
008350,남선알미늄,2915,2855,-60,-2.06,15831200,47287874905
008355,남선알미우,29300,28850,-450,-1.54,42767,1266729200
004270,남성,1990,1980,-10,-0.5,563522,1131896570
003920,남양유업,627000,632000,5000,0.8,747,470308000
003925,남양유업우,196500,201500,5000,2.54,94,18787500
002070,남영비비안,6550,6560,10,0.15,2146,13989180
025860,남해화학,14050,14050,0,0.0,277445,3868146800
005720,넥센,5800,5950,150,2.59,46837,275690770
005725,넥센우,3755,3750,-5,-0.13,134,502490
002350,넥센타이어,9790,9870,80,0.82,102796,1009534170
002355,넥센타이어1우B,3855,3880,25,0.65,6657,25631705
003580,넥스트사이언스,6450,6540,90,1.4,156675,1008976340
251270,넷마블,110000,107000,-3000,-2.73,266698,28959088000
090350,노루페인트,9700,9290,-410,-4.23,365102,3445667410
090355,노루페인트우,13950,13150,-800,-5.73,277060,3580172300
000320,노루홀딩스,13950,14000,50,0.36,8511,117939500
000325,노루홀딩스우,19800,18650,-1150,-5.81,17613,331208050
006280,녹십자,132000,137000,5000,3.79,73992,9975623000
005250,녹십자홀딩스,23850,23900,50,0.21,58145,1392444850
005257,녹십자홀딩스2우,16350,16600,250,1.53,257,4255450
004370,농심,278000,279500,1500,0.54,16159,4513568500
072710,농심홀딩스,78700,80600,1900,2.41,3966,314239800
058730,다스코,9230,9800,570,6.18,3026239,29436160360
023590,다우기술,20500,21150,650,3.17,173450,3643822600
019680,대교,6490,6590,100,1.54,73335,480654270
019685,대교우B,4475,4495,20,0.45,934,4182545
006370,대구백화점,12000,12000,0,0.0,70414,839075100
008060,대덕전자,10450,10250,-200,-1.91,542173,5550066500
00806K,대덕전자1우,5850,5850,0,0.0,2592,15175760
000490,대동공업,6450,6460,10,0.16,65932,423908130
008110,대동전자,3460,3450,-10,-0.29,3187,11040850
005750,대림BCo,5010,4970,-40,-0.8,17208,85772725
000210,대림산업,106500,106500,0,0.0,174778,18548919000
000215,대림산업우,40800,40900,100,0.25,1655,67490450
004440,대림씨엔에스,12150,12100,-50,-0.41,19412,235848600
006570,대림통상,4600,4450,-150,-3.26,1661,7465365
001680,대상,24850,25200,350,1.41,138433,3478633350
001685,대상우,12600,12750,150,1.19,1109,14055150
084690,대상홀딩스,8140,8130,-10,-0.12,35691,288939260
084695,대상홀딩스우,6100,5890,-210,-3.44,241,1413700
128820,대성산업,4985,5000,15,0.3,150821,764422975
117580,대성에너지,5300,5310,10,0.19,7109,37691160
016710,대성홀딩스,6480,6490,10,0.15,7278,47180680
003540,대신증권,11400,11600,200,1.75,117046,1353411150
003547,대신증권2우B,8220,8230,10,0.12,11316,93036050
003545,대신증권우,8650,8690,40,0.46,55440,481478520
009190,대양금속,4180,4195,15,0.36,5208,21632360
014160,대영포장,1505,1420,-85,-5.65,5066174,7427176065
047040,대우건설,5240,5180,-60,-1.15,2903404,15143772150
009320,대우부품,2810,2740,-70,-2.49,1361760,3709632285
042660,대우조선해양,36100,37000,900,2.49,7207831,279947094100
003090,대웅,17750,18300,550,3.1,143961,2641169700
069620,대웅제약,185000,193500,8500,4.59,123091,23600607000
000430,대원강업,4380,4400,20,0.46,111578,491807745
006340,대원전선,1920,1915,-5,-0.26,722703,1377373595
006345,대원전선우,4205,4210,5,0.12,37199,155966025
003220,대원제약,16700,17100,400,2.4,108702,1842032250
024890,대원화성,1835,1825,-10,-0.54,88842,161890355
002880,대유에이텍,1235,1205,-30,-2.43,1098631,1337809555
000300,대유플러스,918,900,-18,-1.96,289848,261449054
012800,대창,958,969,11,1.15,224494,216161425
015230,대창단조,44200,44400,200,0.45,3424,151110550
001070,대한방직,13900,13900,0,0.0,2474,34191950
006650,대한유화,172000,169500,-2500,-1.45,29718,5079662500
001440,대한전선,1110,1120,10,0.9,572262,643427745
084010,대한제강,6450,6280,-170,-2.64,120032,760621510
001790,대한제당,20100,20100,0,0.0,1780,35715450
001799,대한제당3우B,23400,23250,-150,-0.64,578,13384900
001795,대한제당우,12100,12050,-50,-0.41,312,3744750
001130,대한제분,183500,183500,0,0.0,1069,196810500
003490,대한항공,36950,36400,-550,-1.49,551554,20161495450
003495,대한항공우,15200,14900,-300,-1.97,10205,152694050
005880,대한해운,23600,24000,400,1.69,62896,1497921300
003830,대한화섬,108000,109000,1000,0.93,574,61779500
016090,대현,2520,2490,-30,-1.19,102294,256215245
069460,대호에이엘,5420,5420,0,0.0,0,0
012510,더존비즈온,40900,41150,250,0.61,258101,10662623150
004830,덕성,3485,3515,30,0.86,33879,118402815
004835,덕성우,4460,4370,-90,-2.02,45631,201907525
024900,덕양산업,1475,1410,-65,-4.41,511539,735177075
145720,덴티움,70000,73100,3100,4.43,53210,3847438000
002150,도화엔지니어링,14300,13500,-800,-5.59,1202817,16530989900
001620,동국실업,1005,999,-6,-0.6,294135,289610304
001230,동국제강,8480,8330,-150,-1.77,590686,5008950550
023450,동남합성,59000,59000,0,0.0,33,1959400
004140,동방,1705,1745,40,2.35,215360,371193030
007590,동방아그로,7790,7890,100,1.28,83149,651617510
005960,동부건설,8670,8670,0,0.0,152747,1322986770
005965,동부건설우,17750,17600,-150,-0.85,2037,35535050
016380,동부제철,9370,9330,-40,-0.43,30811,287191140
016385,동부제철우,45900,46700,800,1.74,3049,139549850
083370,동북아12호,5000,5000,0,0.0,2,10000
083380,동북아13호,5010,4990,-20,-0.4,1,4990
026960,동서,19400,19200,-200,-1.03,118991,2291282800
002210,동성제약,17000,17150,150,0.88,706692,12062522400
102260,동성코퍼레이션,5170,5200,30,0.58,41918,218618260
005190,동성화학,14750,14900,150,1.02,2600,38320900
000640,동아쏘시오홀딩스,104000,105000,1000,0.96,11992,1257074000
170900,동아에스티,100000,101000,1000,1.0,25883,2599415100
028100,동아지질,22900,21550,-1350,-5.9,497152,10919615700
282690,동아타이어,12050,12100,50,0.41,5097,61102500
001520,동양,2025,2020,-5,-0.25,676051,1378106120
001527,동양2우B,11250,11100,-150,-1.33,1333,15057550
001529,동양3우B,32550,31000,-1550,-4.76,4922,154620700
084670,동양고속,28550,28650,100,0.35,798,22843100
030790,동양네트웍스,2485,2390,-95,-3.82,2028164,4922560170
002900,동양물산,2280,2225,-55,-2.41,1679954,3753885925
082640,동양생명,4980,4910,-70,-1.41,124791,619848635
001525,동양우,9090,9050,-40,-0.44,2605,23249320
008970,동양철관,1710,1675,-35,-2.05,1900286,3176484515
092780,동양피스톤,7040,6880,-160,-2.27,458935,3167638590
049770,동원FB,270500,270000,-500,-0.18,5404,1466638500
018500,동원금속,863,867,4,0.46,95992,83075371
006040,동원산업,233000,235000,2000,0.86,3655,853029500
030720,동원수산,9270,9300,30,0.32,43905,407475680
014820,동원시스템즈,29250,29650,400,1.37,16626,491151450
014825,동원시스템즈우,20950,20600,-350,-1.67,479,9872500
163560,동일고무벨트,6350,6420,70,1.1,6566,42059560
001530,동일방직,62600,63500,900,1.44,12521,796291500
004890,동일산업,59000,58800,-200,-0.34,1647,96525500
002690,동일제강,3605,3540,-65,-1.8,134635,480236490
000020,동화약품,9630,9840,210,2.18,52731,513429900
000150,두산,114500,117500,3000,2.62,106243,12479201500
000157,두산2우B,76900,76500,-400,-0.52,84,6357800
011160,두산건설,1820,1910,90,4.95,1398016,2661247440
241560,두산밥캣,33750,33200,-550,-1.63,239921,8068338650
000155,두산우,74900,75300,400,0.53,2308,173206800
042670,두산인프라코어,8670,8660,-10,-0.12,1139152,9928363560
034020,두산중공업,11300,11350,50,0.44,460175,5205105200
016740,두올,3270,3250,-20,-0.61,99860,323403920
024090,디씨엠,10950,10900,-50,-0.46,6080,66804350
003160,디아이,4105,4150,45,1.1,229890,951112180
092200,디아이씨,7460,7340,-120,-1.61,82203,600892750
013570,디와이,6360,6280,-80,-1.26,168865,1064638870
210540,디와이파워,16350,16350,0,0.0,107703,1761582950
007340,디티알오토모티브,30650,30900,250,0.82,850,26348950
026890,디피씨,6570,6400,-170,-2.59,2619604,16962216270
115390,락앤락,19850,19950,100,0.5,113989,2262362800
032350,롯데관광개발,14850,14600,-250,-1.68,638496,9192467400
000400,롯데손해보험,2685,2685,0,0.0,494260,1311806650
023530,롯데쇼핑,195000,196000,1000,0.51,77172,15109347000
004000,롯데정밀화학,45900,45300,-600,-1.31,137514,6250764600
286940,롯데정보통신,38050,38300,250,0.66,61637,2349865900
280360,롯데제과,165000,174000,9000,5.45,3164,542206500
004990,롯데지주,51400,52300,900,1.75,137888,7181268300
00499K,롯데지주우,52200,52300,100,0.19,1787,92899900
005300,롯데칠성,1427000,1435000,8000,0.56,1125,1615427000
005305,롯데칠성우,638000,637000,-1000,-0.16,9,5713000
011170,롯데케미칼,304500,300000,-4500,-1.48,118017,35535933500
002270,롯데푸드,640000,640000,0,0.0,3161,2009718000
071840,롯데하이마트,51700,50600,-1100,-2.13,70156,3576466200
027740,마니커,812,815,3,0.37,1119265,909406986
204320,만도,33200,33950,750,2.26,536293,18251131400
001080,만호제강,19100,19500,400,2.09,10071,193189500
088980,맥쿼리인프라,9850,9880,30,0.3,332808,3278819850
094800,맵스리얼티1,3695,3750,55,1.49,32424,121163375
015540,메디파트너생명공학,7200,7240,40,0.56,10338,74302760
138040,메리츠금융지주,12050,12350,300,2.49,121837,1490233850
008560,메리츠종금증권,4510,4585,75,1.66,2910077,13372737715
000060,메리츠화재,22600,22200,-400,-1.77,243044,5414267950
090370,메타랩스,1780,1795,15,0.84,222952,401666505
017180,명문제약,5510,5670,160,2.9,302214,1703747510
012690,모나리자,3870,3785,-85,-2.2,271756,1034926130
005360,모나미,2890,2865,-25,-0.87,65068,184626875
204210,모두투어리츠,3085,3085,0,0.0,2964,9158005
009680,모토닉,12050,11650,-400,-3.32,373911,4362683300
009580,무림PP,5970,5980,10,0.17,254172,1515747010
009200,무림페이퍼,3000,2985,-15,-0.5,114761,339544810
033920,무학,13450,13750,300,2.23,30790,418390550
008420,문배철강,3650,3600,-50,-1.37,275519,994270170
025560,미래산업,177,177,0,0.0,2066875,366492412
007120,미래아이앤지,468,480,12,2.56,334523,159956828
006800,미래에셋대우,7490,7590,100,1.34,3129768,23874781080
00680K,미래에셋대우2우B,3705,3745,40,1.08,345172,1291779870
006805,미래에셋대우우,4135,4150,15,0.36,50391,210741715
085620,미래에셋생명,4865,4850,-15,-0.31,265378,1288850955
002840,미원상사,249000,249000,0,0.0,330,82091000
268280,미원에스씨,63700,64400,700,1.1,1210,77568600
107590,미원홀딩스,33900,34800,900,2.65,2399,82076150
134380,미원화학,39850,40350,500,1.25,730,29189750
003650,미창석유,77100,77000,-100,-0.13,183,14047700
155900,바다로19호,2870,2900,30,1.05,166,481405
003610,방림,2390,2390,0,0.0,45557,108480145
001340,백광산업,2715,2780,65,2.39,1157064,3220938815
014580,백광소재,3130,3125,-5,-0.16,633555,1984479000
035150,백산,6470,6540,70,1.08,46221,300543900
002410,범양건영,1770,1950,180,10.17,4556667,8998177490
096300,베트남개발1,370,370,0,0.0,112903,41682808
007210,벽산,2660,2665,5,0.19,262886,694330010
002760,보락,2255,2290,35,1.55,331660,756827750
003850,보령제약,9920,9940,20,0.2,237741,2375281740
000890,보해양조,2100,1990,-110,-5.24,40909136,87722161325
003000,부광약품,22750,23250,500,2.2,182983,4217768700
001270,부국증권,20900,20900,0,0.0,1674,35011450
001275,부국증권우,19450,19500,50,0.26,234,4497200
026940,부국철강,3465,3495,30,0.87,283002,986482935
015350,부산가스,39400,39400,0,0.0,3079,121410400
011390,부산산업,183000,180500,-2500,-1.37,22838,4123877000
005030,부산주공,557,558,1,0.18,122514,67727208
100220,비상교육,6950,6990,40,0.58,33268,231346810
005180,빙그레,68300,68500,200,0.29,26996,1850894000
003960,사조대림,24100,24400,300,1.24,10937,262887250
008040,사조동아원,1305,1300,-5,-0.38,168605,219314405
007160,사조산업,59800,61500,1700,2.84,15158,916093700
014710,사조씨푸드,6700,6860,160,2.39,23035,155970940
006090,사조오양,10450,10500,50,0.48,47663,496938750
079660,사조해표,10600,10600,0,0.0,32522,343614050
005090,삼광글라스,34350,34450,100,0.29,9912,343319850
001470,삼부토건,5220,5140,-80,-1.53,275145,1416737200
006400,삼성SDI,228000,223500,-4500,-1.97,369895,83272913000
006405,삼성SDI우,91400,90800,-600,-0.66,1882,171117900
006660,삼성공조,9610,9530,-80,-0.83,6261,59546240
028260,삼성물산,119500,120000,500,0.42,232564,27864962500
02826K,삼성물산우B,73400,73500,100,0.14,388,28463800
207940,삼성바이오로직스,388000,399000,11000,2.84,161333,63954964000
032830,삼성생명,93200,88300,-4900,-5.26,1138071,100747702200
018260,삼성에스디에스,221000,223500,2500,1.13,93229,20811152000
028050,삼성엔지니어링,16800,16750,-50,-0.3,1460051,24440919950
009150,삼성전기,112000,108000,-4000,-3.57,2223925,245638531000
009155,삼성전기우,45700,44700,-1000,-2.19,10950,493937350
005930,삼성전자,46400,46150,-250,-0.54,21621145,1007418016957
005935,삼성전자우,37250,37500,250,0.67,2574883,96489896250
001360,삼성제약,2700,2730,30,1.11,285486,782001190
010140,삼성중공업,8700,9100,400,4.6,22579819,207790882700
010145,삼성중공우,49700,54500,4800,9.66,84226,4741643100
016360,삼성증권,33500,33450,-50,-0.15,289096,9745558950
068290,삼성출판사,18650,17400,-1250,-6.7,827935,14834270300
029780,삼성카드,32450,33350,900,2.77,140419,4637178800
000810,삼성화재,273000,273000,0,0.0,93072,25459322500
000815,삼성화재우,173000,174000,1000,0.58,6494,1130685000
006110,삼아알미늄,4810,4765,-45,-0.94,59158,284686400
145990,삼양사,58700,60400,1700,2.9,13490,808837400
145995,삼양사우,35450,36800,1350,3.81,1460,52906250
003230,삼양식품,63800,68700,4900,7.68,273069,18449850000
002170,삼양통상,43900,44500,600,1.37,6639,294246850
272550,삼양패키징,17500,17650,150,0.86,23157,404973800
000070,삼양홀딩스,83900,83200,-700,-0.83,13573,1132214500
000075,삼양홀딩스우,48100,47750,-350,-0.73,41,1965850
002810,삼영무역,14500,14850,350,2.41,24265,357676000
005680,삼영전자,12450,12400,-50,-0.4,53305,658847000
003720,삼영화학,825,827,2,0.24,44054,36291063
023000,삼원강재,3020,3005,-15,-0.5,5367,15954400
004380,삼익THK,11700,12300,600,5.13,120451,1450915450
002450,삼익악기,1910,1945,35,1.83,939082,1838439680
000520,삼일제약,21750,22550,800,3.68,185679,4167748250
009770,삼정펄프,36350,36950,600,1.65,252,9129000
005500,삼진제약,38200,38250,50,0.13,35683,1376243750
004690,삼천리,98600,100500,1900,1.93,7815,779502700
001880,삼호,15300,15500,200,1.31,3513,55301200
010960,삼호개발,5880,5910,30,0.51,343647,2019168320
004450,삼화왕관,46900,46950,50,0.11,191,8921350
009470,삼화전기,24800,24300,-500,-2.02,163797,4005480750
011230,삼화전자,2960,2925,-35,-1.18,97008,284861575
001820,삼화콘덴서,66300,65300,-1000,-1.51,270134,17902084000
000390,삼화페인트,7000,7110,110,1.57,30405,214334690
041650,상신브레이크,4345,4320,-25,-0.58,20350,88139720
075180,새론오토모티브,5300,5300,0,0.0,6596,34638100
007540,샘표,34400,34500,100,0.29,8202,282983800
248170,샘표식품,29200,29300,100,0.34,5484,160120850
007860,서연,4350,4345,-5,-0.11,22633,97530985
200880,서연이화,5370,5210,-160,-2.98,154033,806672130
017390,서울가스,83700,83600,-100,-0.12,353,29521600
004410,서울식품,182,182,0,0.0,797384,145212796
004415,서울식품우,3910,3910,0,0.0,30088,118172945
021050,서원,1160,1175,15,1.29,36187,42200220
008490,서흥,24800,25550,750,3.02,13714,345046200
007610,선도전기,5530,5450,-80,-1.45,264533,1439431030
136490,선진,11450,11650,200,1.75,29506,337418100
002820,선창산업,5880,5950,70,1.19,13939,82079320
014910,성문전자,3415,3315,-100,-2.93,749362,2525416575
014915,성문전자우,18050,17000,-1050,-5.82,224658,4057473550
003080,성보화학,5600,5570,-30,-0.54,13762,76844800
004980,성신양회,14200,13900,-300,-2.11,1814426,25255342700
004987,성신양회2우B,19300,17000,-2300,-11.92,101766,1788332050
004989,성신양회3우B,12950,11750,-1200,-9.27,17429,204103450
004985,성신양회우,12950,12250,-700,-5.41,388550,4710994100
011300,성안,652,652,0,0.0,91228,58690940
000180,성창기업지주,2130,2195,65,3.05,381104,825847025
002420,세기상사,70600,69600,-1000,-1.42,691,47757100
004360,세방,12650,12550,-100,-0.79,7027,88260050
004365,세방우,6400,6390,-10,-0.16,16,101160
004490,세방전지,37400,37500,100,0.27,18742,699833600
001430,세아베스틸,17350,17750,400,2.31,71686,1256826650
306200,세아제강,66700,66900,200,0.3,5544,365587200
003030,세아제강지주,52400,52500,100,0.19,8737,456655400
019440,세아특수강,14900,15100,200,1.34,4335,65140850
058650,세아홀딩스,96300,96400,100,0.1,757,72906900
013000,세우글로벌,2470,2400,-70,-2.83,5286060,12888848595
091090,세원셀론텍,3645,3690,45,1.23,281116,1035004070
021820,세원정공,7540,7500,-40,-0.53,8520,63596520
067830,세이브존IC,3800,3835,35,0.92,33634,127821400
033530,세종공업,8570,8140,-430,-5.02,870824,7256123960
075580,세진중공업,4000,4400,400,10.0,1802158,7935655685
027970,세하,1485,1500,15,1.01,61817,91231500
145210,세화아이엠씨,2990,2990,0,0.0,0,0
068270,셀트리온,215000,219000,4000,1.86,843225,184416293000
004430,송원산업,22000,22000,0,0.0,174850,3863194100
017550,수산중공업,1980,1930,-50,-2.53,1381073,2690892390
002200,수출포장,19500,19500,0,0.0,13898,270793950
053210,스카이라이프,11200,11300,100,0.89,37603,423716600
134790,시디즈,38150,38200,50,0.13,3762,142279350
016590,신대양제지,67100,67400,300,0.45,25252,1689736400
029530,신도리코,47900,47900,0,0.0,12111,578844600
004970,신라교역,13600,14000,400,2.94,6987,96474200
011930,신성이엔지,1135,1135,0,0.0,532658,605620125
005390,신성통상,963,975,12,1.25,143632,138945292
004170,신세계,266000,264500,-1500,-0.56,70594,18609465000
035510,신세계IC,127500,124000,-3500,-2.75,11380,1420723500
034300,신세계건설,25950,25950,0,0.0,5593,144342850
031430,신세계인터내셔날,205500,216000,10500,5.11,103814,21610750500
031440,신세계푸드,92300,90100,-2200,-2.38,38889,3483847600
006880,신송홀딩스,4660,4675,15,0.32,5028,23394030
005800,신영와코루,131500,135500,4000,3.04,279,36953000
001720,신영증권,58700,59400,700,1.19,2579,151935700
001725,신영증권우,55200,55200,0,0.0,729,40184400
009270,신원,2870,2935,65,2.26,2547449,7375686985
009275,신원우,65400,66000,600,0.92,3443,227523800
002700,신일산업,1430,1435,5,0.35,805937,1144988430
019170,신풍제약,7090,7250,160,2.26,777058,5605024090
019175,신풍제약우,6440,6510,70,1.09,5758,37160610
002870,신풍제지,1455,1395,-60,-4.12,413251,589206115
005450,신한,4730,4650,-80,-1.69,23019,108280045
293940,신한알파리츠,5540,5630,90,1.62,116732,652073560
055550,신한지주,42600,43200,600,1.41,1495426,64628838300
001770,신화실업,22300,21300,-1000,-4.48,10729,228880400
004080,신흥,10100,10100,0,0.0,657,6654150
102280,쌍방울,1085,1095,10,0.92,625905,680602985
003410,쌍용양회,6650,6600,-50,-0.75,1569875,10339640530
003415,쌍용양회우,5860,5690,-170,-2.9,138994,784511690
003620,쌍용차,4885,4960,75,1.54,259882,1283910780
004770,써니전자,2645,2605,-40,-1.51,1820470,4790293180
004920,씨아이테크,528,539,11,2.08,84205,44717637
112610,씨에스윈드,27500,27600,100,0.36,27029,745975600
008700,아남전자,2680,2755,75,2.8,15671529,44517421765
002790,아모레G,65900,68500,2600,3.95,203759,13750903300
002795,아모레G우,28200,29000,800,2.84,9122,262017800
090430,아모레퍼시픽,178500,181500,3000,1.68,404998,73474654000
090435,아모레퍼시픽우,101500,102000,500,0.49,11748,1197667500
002030,아세아,120000,125000,5000,4.17,1583,192639000
183190,아세아시멘트,128500,127500,-1000,-0.78,19061,2397078000
002310,아세아제지,33200,32600,-600,-1.81,25870,847540900
267850,아시아나IDT,13900,13550,-350,-2.52,65562,892062100
020560,아시아나항공,4355,4365,10,0.23,476319,2080875985
122900,아이마켓코리아,8010,8000,-10,-0.12,68375,541518710
010780,아이에스동서,30350,30250,-100,-0.33,38553,1171170250
033660,아주캐피탈,8820,8900,80,0.91,241903,2164792260
101140,아티스,5190,5030,-160,-3.08,378445,1912634305
001780,알루코,3070,3095,25,0.81,157299,488071990
002250,알보젠코리아,28200,28300,100,0.35,7349,208830000
018250,애경산업,40250,40350,100,0.25,297353,11825718050
161000,애경유화,9020,8960,-60,-0.67,125579,1132087800
011090,에넥스,1390,1445,55,3.96,1429297,2118864530
005850,에스엘,20150,20200,50,0.25,57793,1167034050
012750,에스원,104000,103000,-1000,-0.96,70530,7267311500
023960,에쓰씨엔지니어링,1720,1700,-20,-1.16,18890,31998900
298690,에어부산,4625,4575,-50,-1.08,312921,1438647960
140910,에이리츠,5790,5630,-160,-2.76,23129,129758820
078520,에이블씨엔씨,11950,11950,0,0.0,79698,955191100
015260,에이엔피,423,425,2,0.47,297920,125834776
007460,에이프로젠KIC,2930,2935,5,0.17,3654320,10807125530
003060,에이프로젠제약,2430,2440,10,0.41,355999,866849810
036570,엔씨소프트,467500,468500,1000,0.21,124938,58734412500
138250,엔에스쇼핑,13300,13550,250,1.88,17771,236947400
085310,엔케이,2190,2110,-80,-3.65,2751807,5952306090
009810,엔케이물산,801,787,-14,-1.75,1898250,1498162199
900140,엘브이엠씨홀딩스,2725,2715,-10,-0.37,112659,305590315
014440,영보화학,3845,3855,10,0.26,11380,43596720
111770,영원무역,34300,34700,400,1.17,88279,3059320800
009970,영원무역홀딩스,61600,61600,0,0.0,3532,216743400
003520,영진약품,6010,6480,470,7.82,7085906,45719293820
000670,영풍,748000,768000,20000,2.67,1416,1077302000
006740,영풍제지,3545,3560,15,0.42,54149,189973925
012280,영화금속,1475,1485,10,0.68,429979,643492400
012160,영흥철강,1250,1270,20,1.6,278504,349396720
015360,예스코홀딩스,41150,41300,150,0.36,186,7656250
007310,오뚜기,778000,779000,1000,0.13,3716,2889299000
079440,오렌지라이프,28500,29950,1450,5.09,133309,3910403400
002630,오리엔트바이오,571,604,33,5.78,17815248,10830917659
271560,오리온,110500,113500,3000,2.71,78771,8874566500
001800,오리온홀딩스,18500,18850,350,1.89,90701,1701639900
070960,용평리조트,7120,9250,2130,29.92,4277710,39548827570
004720,우리들제약,8140,8550,410,5.04,1014959,8621163730
118000,우리들휴브레인,2510,2895,385,15.34,2137466,5949195290
000030,우리은행,14800,14800,0,0.0,0,0
010050,우리종금,778,787,9,1.16,2722524,2138096217
006980,우성사료,2875,2910,35,1.22,161231,471522315
017370,우신시스템,6540,6560,20,0.31,67792,447780080
105840,우진,5480,5450,-30,-0.55,74458,402492250
010400,우진아이엔에스,10600,10850,250,2.36,143931,1534872550
049800,우진플라임,6770,6740,-30,-0.44,321942,2170307810
016880,웅진,2315,2350,35,1.51,206469,480711060
095720,웅진씽크빅,3130,3320,190,6.07,5654304,18321442225
103130,웅진에너지,1845,1830,-15,-0.81,465088,870930315
005820,원림,18850,18850,0,0.0,994,18733050
010600,웰바이오텍,4885,4860,-25,-0.51,486946,2336644345
008600,윌비스,1450,1450,0,0.0,816197,1189509440
033270,유나이티드제약,23450,23400,-50,-0.21,45302,1062960500
014830,유니드,45400,47150,1750,3.85,20799,974136750
000910,유니온,5140,4995,-145,-2.82,266190,1336456165
047400,유니온머티리얼,2060,2035,-25,-1.21,165907,337316230
011330,유니켐,1740,1730,-10,-0.57,638076,1110861245
077500,유니퀘스트,6680,6800,120,1.8,69532,470978140
002920,유성기업,2865,2880,15,0.52,12236,34990215
000700,유수홀딩스,9340,8970,-370,-3.96,325798,2936841480
003470,유안타증권,3365,3425,60,1.78,462841,1578710740
003475,유안타증권우,2230,2330,100,4.48,44866,102314290
011690,유양디앤유,8240,8220,-20,-0.24,179693,1481783640
072130,유엔젤,3920,3900,-20,-0.51,194932,778060505
000220,유유제약,11450,11600,150,1.31,48162,559293400
000225,유유제약1우,7180,7170,-10,-0.14,7071,50768560
000227,유유제약2우B,18650,18800,150,0.8,2221,41458100
001200,유진투자증권,2750,2785,35,1.27,526479,1475678900
000100,유한양행,237500,238000,500,0.21,48272,11505009500
000105,유한양행우,206500,212000,5500,2.66,841,176056000
003460,유화증권,12750,12650,-100,-0.78,26138,331406350
003465,유화증권우,12450,12550,100,0.8,9120,112319150
008730,율촌화학,14850,14950,100,0.67,284940,4365126650
008250,이건산업,12750,12550,-200,-1.57,271473,3411325500
025820,이구산업,2125,2100,-25,-1.18,214918,452953685
214320,이노션,71700,70500,-1200,-1.67,29207,2064421300
088260,이리츠코크렙,4800,4795,-5,-0.1,28341,135946140
139480,이마트,193000,192000,-1000,-0.52,98913,19078058000
007660,이수페타시스,6140,5940,-200,-3.26,1017007,6084789770
005950,이수화학,10100,10200,100,0.99,28194,286311800
015020,이스타코,685,690,5,0.73,78341,53575882
093230,이아이디,204,200,-4,-1.96,387505,78047010
102460,이연제약,14850,15200,350,2.36,30239,456747750
084680,이월드,2460,2555,95,3.86,4654105,12017834820
000760,이화산업,20050,20200,150,0.75,90,1801350
014990,인디에프,3895,3850,-45,-1.16,1486166,5644546460
006490,인스코비,5550,5650,100,1.8,1149377,6468427540
023800,인지컨트롤스,9270,8710,-560,-6.04,877889,7823007570
034590,인천도시가스,29000,29050,50,0.17,1719,49913750
129260,인터지스,2580,2570,-10,-0.39,51790,133620455
023810,인팩,3490,3525,35,1.0,10905,38161095
249420,일동제약,19700,19900,200,1.02,49406,974992000
000230,일동홀딩스,12350,12400,50,0.4,3652,45193250
013360,일성건설,1750,1885,135,7.71,10238944,20484836845
003120,일성신약,94800,95600,800,0.84,242,23047400
003200,일신방직,96300,96700,400,0.42,1384,133393600
007110,일신석재,2335,2830,495,21.2,39655541,113571973875
007570,일양약품,28850,29150,300,1.04,66546,1953006850
007575,일양약품우,19950,20000,50,0.25,1469,29984500
008500,일정실업,18400,18550,150,0.82,345,6399750
081000,일진다이아,40550,40150,-400,-0.99,636492,25807249400
020760,일진디스플,3605,3850,245,6.8,402391,1518054790
020150,일진머티리얼즈,40500,40550,50,0.12,233285,9487911600
103590,일진전기,3465,3435,-30,-0.87,56262,194774705
015860,일진홀딩스,3680,3650,-30,-0.82,177492,650772390
226320,잇츠한불,26700,26850,150,0.56,55530,1483951700
033240,자화전자,13500,13300,-200,-1.48,116913,1566584600
000950,전방,18600,18350,-250,-1.34,1700,31423150
194370,제이에스코퍼레이션,12350,12350,0,0.0,22040,271127400
025620,제이준코스메틱,10950,10950,0,0.0,352848,3883120000
030000,제일기획,22500,23500,1000,4.44,370013,8590962750
271980,제일약품,43900,45000,1100,2.51,57541,2573486100
001560,제일연마,6520,6650,130,1.99,25045,163244240
002620,제일파마홀딩스,25150,26200,1050,4.17,16464,420835200
006220,제주은행,4790,4855,65,1.36,35987,173614980
089590,제주항공,32600,32750,150,0.46,68037,2218957350
004910,조광페인트,7800,7530,-270,-3.46,37145,280998560
004700,조광피혁,36900,36900,0,0.0,7811,288909850
001550,조비,30250,31400,1150,3.8,232852,7240734600
000480,조선내화,82000,82200,200,0.24,1065,87814500
120030,조선선재,83300,83000,-300,-0.36,1366,112762400
018470,조일알미늄,1015,1020,5,0.49,102224,104595365
002600,조흥,179000,180500,1500,0.84,18,3238500
185750,종근당,108000,106000,-2000,-1.85,18064,1937847000
063160,종근당바이오,21700,21850,150,0.69,4760,103431100
001630,종근당홀딩스,61400,63900,2500,4.07,9404,592386600
044380,주연테크,391,406,15,3.84,875202,354699869
013870,지엠비코리아,9200,8890,-310,-3.37,857963,7683132900
071320,지역난방공사,56300,57600,1300,2.31,8664,495291200
010580,지코,767,762,-5,-0.65,282559,214431111
035000,지투알,7170,7650,480,6.69,317085,2518397460
088790,진도,4900,4840,-60,-1.22,29428,141744245
003780,진양산업,5140,4765,-375,-7.3,1089006,5352183770
010640,진양폴리,2785,2600,-185,-6.64,476546,1258259245
100250,진양홀딩스,2765,2710,-55,-1.99,122563,332673290
051630,진양화학,6980,6350,-630,-9.03,1377006,9082839860
272450,진에어,20850,20900,50,0.24,253170,5236577450
011000,진원생명과학,5280,5270,-10,-0.19,543744,2870588740
002780,진흥기업,2240,2215,-25,-1.12,195771,432535070
002787,진흥기업2우B,12500,12450,-50,-0.4,59589,729176700
002785,진흥기업우B,5260,5120,-140,-2.66,55066,285496830
009310,참엔지니어링,1675,1630,-45,-2.69,112868,185382030
000650,천일고속,77000,76700,-300,-0.39,593,45510300
012600,청호컴넷,2790,2820,30,1.08,6355,17826360
033250,체시스,1015,1035,20,1.97,634017,656148300
035720,카카오,99900,99300,-600,-0.6,546040,54221358100
006380,카프로,5050,5080,30,0.59,162579,817858815
109070,컨버즈,4300,4240,-60,-1.4,154733,657487535
029460,케이씨,13950,13750,-200,-1.43,88668,1230325200
281820,케이씨텍,12100,12150,50,0.41,111820,1369472700
145270,케이탑리츠,1125,1075,-50,-4.44,1306153,1415259925
058860,케이티스,2895,2785,-110,-3.8,485512,1372271210
007815,코리아써우,2690,2705,15,0.56,6159,16633750
007810,코리아써키트,5780,6060,280,4.84,117374,696974240
00781K,코리아써키트2우B,4175,4220,45,1.08,210,885525
152330,코리아오토글라스,13450,13400,-50,-0.37,128117,1709598250
003690,코리안리,9050,8970,-80,-0.88,191764,1729861220
192820,코스맥스,124000,126000,2000,1.61,69320,8712900500
044820,코스맥스비티아이,20350,20600,250,1.23,23345,477072850
005070,코스모신소재,15450,15500,50,0.32,379014,5944005800
005420,코스모화학,15950,15850,-100,-0.63,796495,12397601150
071950,코아스,1535,1510,-25,-1.63,183833,281225260
002020,코오롱,33100,33300,200,0.6,19461,645257800
003070,코오롱글로벌,8130,8280,150,1.85,28296,231981700
003075,코오롱글로벌우,15750,15600,-150,-0.95,9268,147803000
144620,코오롱머티리얼,3855,3660,-195,-5.06,1269202,4740111900
002025,코오롱우,17900,18150,250,1.4,325,5841950
120110,코오롱인더,60300,59300,-1000,-1.66,145708,8647478000
120115,코오롱인더우,25200,25000,-200,-0.79,2290,57364450
138490,코오롱플라스틱,6350,6370,20,0.31,94689,602293900
021240,코웨이,84500,83400,-1100,-1.3,188525,15663408900
031820,콤텍시스템,1555,1530,-25,-1.61,1113678,1712653295
192400,쿠쿠홀딩스,127000,125000,-2000,-1.57,8117,1016015500
284740,쿠쿠홈시스,178500,177000,-1500,-0.84,2898,515568500
015590,큐로,530,528,-2,-0.38,187581,99765322
264900,크라운제과,10700,10650,-50,-0.47,19965,210661850
26490K,크라운제과우,7780,7810,30,0.39,2602,20392210
005740,크라운해태홀딩스,11600,11900,300,2.59,31884,372656250
005745,크라운해태홀딩스우,12650,12700,50,0.4,4664,59001150
020120,키다리스튜디오,2540,2540,0,0.0,30732,77887875
039490,키움증권,88400,86100,-2300,-2.6,130278,11530463400
012170,키위미디어그룹,376,378,2,0.53,1150412,433199134
015890,태경산업,5600,5620,20,0.36,129818,727590070
006890,태경화학,5380,5460,80,1.49,197357,1074878260
003240,태광산업,1365000,1359000,-6000,-0.44,1072,1468335000
011280,태림포장,3940,3955,15,0.38,98436,386519105
004100,태양금속,1510,1645,135,8.94,2579728,4071781805
004105,태양금속우,3595,3590,-5,-0.14,88013,313742220
009410,태영건설,13200,13300,100,0.76,443255,5803561700
009415,태영건설우,6480,6520,40,0.62,58829,380435650
001420,태원물산,6180,6250,70,1.13,69834,431415550
007980,태평양물산,2570,2570,0,0.0,120614,311829775
055490,테이팩스,22700,23050,350,1.54,19436,443009600
078000,텔코웨어,13100,13150,50,0.38,11471,150363550
214420,토니모리,12700,13050,350,2.76,120549,1555347650
140890,트러스제7호,3050,3150,100,3.28,2211,6623425
019180,티에이치엔,2800,2730,-70,-2.5,202536,547108415
091810,티웨이항공,7430,7470,40,0.54,109627,816900130
004870,티웨이홀딩스,2620,2605,-15,-0.57,692128,1823075370
005690,파미셀,17200,17700,500,2.91,3964775,71724144650
036580,팜스코,8100,8360,260,3.21,75555,622781500
028670,팬오션,4650,4525,-125,-2.69,1649846,7549229420
010820,퍼스텍,3185,3130,-55,-1.73,647166,2024623155
016800,퍼시스,30400,30400,0,0.0,1296,39391200
001020,페이퍼코리아,1050,1040,-10,-0.95,239546,248947510
090080,평화산업,2835,2740,-95,-3.35,1133137,3159258975
010770,평화홀딩스,7750,7640,-110,-1.42,240648,1830987900
058430,포스코강판,20450,20750,300,1.47,7415,155322400
047050,포스코대우,19800,20000,200,1.01,330494,6617988200
007630,폴루스바이오팜,4475,4510,35,0.78,593449,2672242595
017810,풀무원,84700,84900,200,0.24,4936,416283000
103140,풍산,29850,30500,650,2.18,107190,3253442900
005810,풍산홀딩스,37500,37850,350,0.93,2137,81121100
033180,필룩스,11850,11900,50,0.42,1432921,17100954750
086790,하나금융지주,38500,39950,1450,3.77,2060088,82143133542
099340,하나니켈1호,1155,1165,10,0.87,26016,30120365
099350,하나니켈2호,1455,1475,20,1.37,11974,17511620
293480,하나제약,22800,23100,300,1.32,66350,1525940850
039130,하나투어,70700,70800,100,0.14,74263,5268385900
172580,하이골드12호,2760,2765,5,0.18,9769,27025085
153360,하이골드3호,1870,1865,-5,-0.27,5129,9499565
159650,하이골드8호,1240,1235,-5,-0.4,8263,10210535
071090,하이스틸,31300,31000,-300,-0.96,7800,240082200
019490,하이트론,3730,3745,15,0.4,1641,6081535
000080,하이트진로,16600,16900,300,1.81,208051,3491836450
000087,하이트진로2우B,14450,14550,100,0.69,86,1249250
000140,하이트진로홀딩스,7810,7770,-40,-0.51,3501,27136040
000145,하이트진로홀딩스우,8090,8030,-60,-0.74,620,4938480
152550,한국ANKOR유전,1750,1750,0,0.0,5587,9729510
036460,한국가스공사,54300,54100,-200,-0.37,158728,8597830900
005430,한국공항,47200,46800,-400,-0.85,3602,169257600
071050,한국금융지주,64000,64300,300,0.47,221570,14291614100
071055,한국금융지주우,35500,35550,50,0.14,3619,129593100
010040,한국내화,9040,9000,-40,-0.44,2636459,23211460010
025540,한국단자,41500,42200,700,1.69,15994,674764150
004090,한국석유,156000,158500,2500,1.6,4321,679938500
002960,한국쉘석유,328500,331000,2500,0.76,1140,374712500
123890,한국자산신탁,4335,4435,100,2.31,94435,416283275
015760,한국전력,33200,34500,1300,3.92,2347829,80548531800
006200,한국전자홀딩스,819,823,4,0.49,65137,53338765
002300,한국제지,18950,19100,150,0.79,11486,217282750
023350,한국종합기술,6800,6720,-80,-1.18,295889,1990884650
025890,한국주강,2310,2320,10,0.43,76880,176548920
000970,한국주철관,9890,9930,40,0.4,35794,355798310
104700,한국철강,5700,5730,30,0.53,46322,265059870
017960,한국카본,7780,7690,-90,-1.16,577796,4479874600
161890,한국콜마,67600,67200,-400,-0.59,89079,6004832100
024720,한국콜마홀딩스,30950,30850,-100,-0.32,53285,1636166800
161390,한국타이어,43500,41800,-1700,-3.91,366622,15445685150
000240,한국타이어월드와이드,15950,16100,150,0.94,80435,1288413200
034830,한국토지신탁,2625,2640,15,0.57,298197,785372325
007280,한국특수형강,2270,2330,60,2.64,160125,368933035
168490,한국패러랠,2450,2450,0,0.0,25810,63212405
010100,한국프랜지,1820,1785,-35,-1.92,53044,94807870
047810,한국항공우주,33950,34100,150,0.44,371054,12650062950
123690,한국화장품,12500,12350,-150,-1.2,368766,4639788350
003350,한국화장품제조,37300,37350,50,0.13,29720,1115602950
011500,한농화성,4340,4240,-100,-2.3,23893,101795125
002390,한독,26100,26600,500,1.92,80472,2138805650
014790,한라,5200,5130,-70,-1.35,526345,2674556200
060980,한라홀딩스,44100,43700,-400,-0.91,30638,1337858100
053690,한미글로벌,12000,12000,0,0.0,105217,1252609900
042700,한미반도체,7660,7980,320,4.18,1069313,8626174330
008930,한미사이언스,72300,73300,1000,1.38,67493,4959703100
128940,한미약품,430500,434000,3500,0.81,31190,13495289500
009240,한샘,71200,71800,600,0.84,136183,9703531300
020000,한섬,36750,37000,250,0.68,77188,2855010300
003680,한성기업,6300,6330,30,0.48,24246,151908560
105630,한세실업,20600,20450,-150,-0.73,125207,2565742550
069640,한세엠케이,7930,8210,280,3.53,26450,212471960
016450,한세예스24홀딩스,8140,8160,20,0.25,76893,622015800
010420,한솔PNS,1465,1435,-30,-2.05,121627,174653780
009180,한솔로지스틱스,1505,1515,10,0.66,156974,236260765
213500,한솔제지,17050,17150,100,0.59,107665,1841947800
014680,한솔케미칼,87100,85000,-2100,-2.41,35074,2991779800
004710,한솔테크닉스,7450,7480,30,0.4,32199,240031060
004150,한솔홀딩스,4970,5010,40,0.8,188764,943915675
025750,한솔홈데코,1595,1590,-5,-0.31,806164,1276091745
004960,한신공영,17550,17700,150,0.85,27790,488893750
011700,한신기계,2485,2450,-35,-1.41,113104,277939930
001750,한양증권,7030,7090,60,0.85,20383,142857330
001755,한양증권우,7860,7860,0,0.0,312,2445720
018880,한온시스템,12550,12800,250,1.99,1104537,14043225200
009420,한올바이오파마,34050,34850,800,2.35,788149,27567957000
014130,한익스프레스,4765,4795,30,0.63,48113,229735660
300720,한일시멘트,140000,142000,2000,1.43,25639,3662805500
002220,한일철강,21150,20300,-850,-4.02,10514,214678150
006390,한일현대시멘트,52900,52100,-800,-1.51,119367,6214444100
003300,한일홀딩스,58200,58000,-200,-0.34,7400,429183100
051600,한전KPS,33800,33950,150,0.44,316935,10679746350
052690,한전기술,25350,26150,800,3.16,198094,5138326500
130660,한전산업,3690,3680,-10,-0.27,31642,116703550
002320,한진,41200,40250,-950,-2.31,184840,7461422300
097230,한진중공업,1240,1245,5,0.4,8415084,10848123495
003480,한진중공업홀딩스,2890,2935,45,1.56,192021,573062620
180640,한진칼,28000,27700,-300,-1.07,1080155,29405836450
18064K,한진칼우,17850,17350,-500,-2.8,17081,297302450
005110,한창,2060,2035,-25,-1.21,2567451,5341945320
009460,한창제지,3600,3380,-220,-6.11,8351800,29190073010
000880,한화,34150,35150,1000,2.93,312430,10881741450
00088K,한화3우B,15200,15350,150,0.99,32415,498526250
027390,한화갤러리아타임월드,29300,29850,550,1.88,16762,493001700
088350,한화생명,4305,4300,-5,-0.12,2230666,9619359130
000370,한화손해보험,5350,5420,70,1.31,189550,1021335110
012450,한화에어로스페이스,31250,31400,150,0.48,186620,5862329200
000885,한화우,21750,21250,-500,-2.3,11699,249169400
009830,한화케미칼,22600,22450,-150,-0.66,890127,20097121150
009835,한화케미칼우,12550,12650,100,0.8,6620,83007400
003530,한화투자증권,2375,2415,40,1.68,721499,1746738515
003535,한화투자증권우,2270,2345,75,3.3,194633,458038610
195870,해성디에스,13150,13450,300,2.28,63346,845063600
101530,해태제과식품,10900,11000,100,0.92,155048,1710970150
143210,핸즈코퍼레이션,6710,6730,20,0.3,15430,104487200
000720,현대건설,61800,62200,400,0.65,537369,33356626800
267270,현대건설기계,54000,55100,1100,2.04,344056,19036769800
000725,현대건설우,176000,174500,-1500,-0.85,1550,272116000
005440,현대그린푸드,13800,13750,-50,-0.36,122016,1683172700
086280,현대글로비스,142000,142000,0,0.0,74981,10586709000
064350,현대로템,26500,26450,-50,-0.19,673701,17867729500
079430,현대리바트,19200,19650,450,2.34,99277,1924824200
012330,현대모비스,224500,225000,500,0.22,263647,59139971000
010620,현대미포조선,66100,62800,-3300,-4.99,1041953,65747193600
069960,현대백화점,94100,95600,1500,1.59,82506,7853091200
004560,현대비앤지스틸,11050,11150,100,0.9,75839,837695650
004565,현대비앤지스틸우,62100,62000,-100,-0.16,1293,79848100
011760,현대상사,31800,31600,-200,-0.63,151497,4738338500
011200,현대상선,4035,4005,-30,-0.74,840810,3381180265
004310,현대약품,4970,5130,160,3.22,534765,2735778090
126560,현대에이치씨엔,4080,4115,35,0.86,74714,305537155
017800,현대엘리베이,111500,111000,-500,-0.45,386702,42654226500
011210,현대위아,43350,43650,300,0.69,161499,7006175000
267260,현대일렉트릭,27150,27750,600,2.21,230177,6429341050
004020,현대제철,51300,51200,-100,-0.19,341607,17458212300
009540,현대중공업,144500,138500,-6000,-4.15,1538515,213985391500
267250,현대중공업지주,375500,359000,-16500,-4.39,224522,79962840000
005380,현대차,129500,129500,0,0.0,509642,66073780500
005387,현대차2우B,83900,84100,200,0.24,55863,4695979100
005389,현대차3우B,71700,71500,-200,-0.28,4703,336493100
005385,현대차우,76900,76900,0,0.0,72431,5552334200
001500,현대차증권,9930,10050,120,1.21,73254,735515420
227840,현대코퍼레이션홀딩스,17500,18000,500,2.86,40950,723478700
001450,현대해상,37550,37350,-200,-0.53,283599,10637327350
057050,현대홈쇼핑,104500,103000,-1500,-1.44,20470,2116937000
093240,형지엘리트,1985,2000,15,0.76,204815,410706880
003010,혜인,7530,7650,120,1.59,341906,2606004470
111110,호전실업,10400,10400,0,0.0,6696,68829750
008770,호텔신라,76200,76600,400,0.52,674121,51568643600
008775,호텔신라우,44900,44800,-100,-0.22,7015,314591700
002460,화성산업,15150,15350,200,1.32,26130,398417300
013520,화승알앤에이,2180,2080,-100,-4.59,89496,189307650
241590,화승엔터프라이즈,9330,9230,-100,-1.07,166954,1538246760
006060,화승인더,6290,6300,10,0.16,375114,2315188450
010690,화신,2745,2730,-15,-0.55,30814,84609020
133820,화인베스틸,3200,3220,20,0.63,1028768,3386738075
010660,화천기계,19900,19800,-100,-0.5,2922,58507200
000850,화천기공,42350,42200,-150,-0.35,1582,66756150
016580,환인제약,18800,19350,550,2.93,18838,360144850
032560,황금에스티,11850,11350,-500,-4.22,370256,4267269400
004800,효성,68600,70000,1400,2.04,343194,23974785900
094280,효성ITX,10550,10900,350,3.32,54102,600690550
298040,효성중공업,46900,45350,-1550,-3.3,79618,3634916400
298050,효성첨단소재,117500,114500,-3000,-2.55,14426,1662907500
298020,효성티앤씨,174500,171500,-3000,-1.72,15905,2744050000
298000,효성화학,144000,141000,-3000,-2.08,15682,2220720500
093370,후성,8310,8260,-50,-0.6,689346,5727736270
081660,휠라코리아,47450,47600,150,0.32,181121,8611448450
005870,휴니드,8410,8350,-60,-0.71,62826,519540890
079980,휴비스,7700,7710,10,0.13,75354,577308310
005010,휴스틸,12950,12950,0,0.0,16626,215821700
069260,휴켐스,22950,23050,100,0.44,70063,1604573000
000540,흥국화재,4840,4905,65,1.34,322332,1558344445
000547,흥국화재2우B,24800,25050,250,1.01,3115,77997200
000545,흥국화재우,5780,5700,-80,-1.38,16673,94387650
003280,흥아해운,436,435,-1,-0.23,422065,183407150
