티커,종목명,시가,종가,변동폭,등락률,거래량,거래대금
095570,AJ네트웍스,5410,5380,-30,-0.55,41327,222760430
068400,AJ렌터카,10450,10400,-50,-0.48,46140,479379550
006840,AK홀딩스,47250,46900,-350,-0.74,18332,861629550
027410,BGF,7240,7350,110,1.52,265736,1951822830
282330,BGF리테일,187500,195000,7500,4.0,31441,6087241248
138930,BNK금융지주,7070,7150,80,1.13,989735,7053599570
001460,BYC,235500,237500,2000,0.85,553,130703500
001465,BYC우,140500,142000,1500,1.07,156,21764500
001040,CJ,101000,102500,1500,1.49,57130,5838829000
079160,CJCGV,36150,35750,-400,-1.11,121745,4375503900
000120,CJ대한통운,156000,154500,-1500,-0.96,46185,7148296000
011150,CJ씨푸드,2835,2850,15,0.53,348443,992817820
011155,CJ씨푸드1우,37300,37500,200,0.54,13190,499774150
001045,CJ우,53000,53500,500,0.94,1702,90781700
097950,CJ제일제당,280000,285000,5000,1.79,22772,6451600000
097955,CJ제일제당우,124500,126500,2000,1.61,2024,253845500
037560,CJ헬로,7200,7230,30,0.42,107960,779219440
000590,CS홀딩스,63000,63400,400,0.63,288,18152600
012030,DB,969,972,3,0.31,1251418,1219418923
016610,DB금융투자,5000,5000,0,0.0,59262,297143505
005830,DB손해보험,60500,62500,2000,3.31,91597,5655984500
000990,DB하이텍,15150,14750,-400,-2.64,514442,7664066700
000995,DB하이텍1우,44400,44450,50,0.11,1200,53227600
139130,DGB금융지주,8300,8340,40,0.48,420078,3502177600
001530,DI동일,86000,84200,-1800,-2.09,7979,676587600
004840,DRB동일,6010,6090,80,1.33,6984,42107510
155660,DSR,5490,5560,70,1.28,829796,4564455260
069730,DSR제강,5010,4985,-25,-0.5,382138,1908484430
017940,E1,57000,55900,-1100,-1.93,47929,2687785100
007700,FF,77700,78800,1100,1.42,214933,17036930300
114090,GKL,20550,20100,-450,-2.19,233630,4708842400
078930,GS,50600,51300,700,1.38,119543,6080656400
006360,GS건설,40550,41500,950,2.34,425856,17576686950
001250,GS글로벌,2665,2740,75,2.81,309434,844881780
007070,GS리테일,35000,35300,300,0.86,97797,3438313250
078935,GS우,36850,37000,150,0.41,3554,130978300
012630,HDC,15500,16000,500,3.23,210185,3328091650
039570,HDC아이콘트롤스,9880,9990,110,1.11,11163,110859950
089470,HDC현대EP,5170,5270,100,1.93,185609,972108190
294870,HDC현대산업개발,43100,45250,2150,4.99,173531,7776660700
082740,HSD엔진,3850,3860,10,0.26,61107,235458355
003560,IHQ,2095,2145,50,2.39,4098607,8831686530
175330,JB금융지주,5740,5790,50,0.87,273301,1575386880
234080,JW생명과학,25550,25100,-450,-1.76,48216,1224423650
001060,JW중외제약,31850,32200,350,1.1,17787,571913650
001067,JW중외제약2우B,46200,46100,-100,-0.22,463,21140400
001065,JW중외제약우,27250,27250,0,0.0,2294,62156550
096760,JW홀딩스,6190,6220,30,0.48,51079,316128630
105560,KB금융,44300,44900,600,1.35,991755,44525655050
002380,KCC,261000,268500,7500,2.87,25628,6834175500
009070,KCTC,3300,3370,70,2.12,102432,343904015
009440,KC그린홀딩스,4525,4540,15,0.33,29467,133643985
119650,KC코트렐,7080,7090,10,0.14,202709,1435919340
092220,KEC,1160,1210,50,4.31,18275393,22562585700
001390,KG케미칼,13200,13300,100,0.76,70689,935645650
001940,KISCO홀딩스,13700,13900,200,1.46,13459,186292950
025000,KPX케미칼,57300,55900,-1400,-2.44,4722,265157900
092230,KPX홀딩스,58000,58000,0,0.0,263,15255300
000040,KR모터스,519,513,-6,-1.16,196961,101727881
044450,KSS해운,6960,7030,70,1.01,23451,163882870
030200,KT,28200,28050,-150,-0.53,670908,18857516350
033780,KTG,101000,101000,0,0.0,253021,25644278000
030210,KTB투자증권,2965,2985,20,0.67,185885,554499550
058850,KTcs,2280,2295,15,0.66,70000,160401690
058860,KTis,2405,2450,45,1.87,46190,112400920
093050,LF,21900,22100,200,0.91,66482,1471713250
003550,LG,74300,75300,1000,1.35,159573,11965136700
034220,LG디스플레이,16650,17150,500,3.0,1320810,22493512200
001120,LG상사,16300,16300,0,0.0,111955,1821592350
051900,LG생활건강,1295000,1322000,27000,2.08,20024,26302509000
051905,LG생활건강우,775000,780000,5000,0.65,2268,1761903000
003555,LG우,45850,46350,500,1.09,5783,265250650
032640,LG유플러스,14150,14350,200,1.41,1038487,14800282700
011070,LG이노텍,94200,95700,1500,1.59,89437,8500239000
066570,LG전자,78300,77900,-400,-0.51,788511,61160764900
066575,LG전자우,32800,32700,-100,-0.3,27413,889140550
108670,LG하우시스,56300,56500,200,0.36,13674,776451000
108675,LG하우시스우,29700,29650,-50,-0.17,1694,50244500
051910,LG화학,330500,337000,6500,1.97,133998,44779280000
051915,LG화학우,188500,190000,1500,0.8,17764,3367823000
079550,LIG넥스원,33300,34300,1000,3.0,79543,2715536750
006260,LS,47300,47300,0,0.0,61936,2929299350
000680,LS네트웍스,3185,3230,45,1.41,13013,41799790
010120,LS산전,49000,48900,-100,-0.2,72719,3561177750
229640,LS전선아시아,7130,7190,60,0.84,68511,491140060
023150,MH에탄올,6600,6650,50,0.76,9228,61134350
035420,NAVER,111000,114000,3000,2.7,464590,52642759500
181710,NHN,74800,78500,3700,4.95,91579,7140336500
005940,NH투자증권,13900,14050,150,1.08,283979,3970739750
005945,NH투자증권우,9140,9170,30,0.33,28733,262878040
034310,NICE,21450,21350,-100,-0.47,57571,1215480650
008260,NI스틸,2785,2815,30,1.08,144469,399103185
004250,NPC,3715,3830,115,3.1,8432,31904360
004255,NPC우,2315,2315,0,0.0,681,1559780
010060,OCI,93000,93200,200,0.22,64490,5984276000
005490,POSCO,234000,237000,3000,1.28,227385,53660602000
100840,STC,12500,12550,50,0.4,7414,92842400
064960,ST모티브,43050,45500,2450,5.69,115306,5194326450
003570,ST중공업,6980,7090,110,1.58,14338,100049240
036530,ST홀딩스,13700,14000,300,2.19,17107,240501450
010950,S-Oil,81700,85000,3300,4.04,442514,37427401512
010955,S-Oil우,59300,59800,500,0.84,23878,1429909600
034120,SBS,22500,22500,0,0.0,104412,2340587000
101060,SBS미디어홀딩스,2210,2235,25,1.13,55212,122494740
004060,SG세계물산,974,984,10,1.03,3432324,3396371586
001380,SG충방,2025,2040,15,0.74,273299,560625305
002360,SH에너지화학,1205,1225,20,1.66,1642481,1996037840
009160,SIMPAC,3170,3335,165,5.21,1874675,6230310285
123700,SJM,3465,3525,60,1.73,20213,71605735
025530,SJM홀딩스,3270,3295,25,0.76,9773,31954795
034730,SK,238000,239000,1000,0.42,59149,14089802000
011790,SKC,31300,31800,500,1.6,131005,4162823350
018670,SK가스,78100,78600,500,0.64,9916,774524000
001740,SK네트웍스,4970,4960,-10,-0.2,476783,2370037700
001745,SK네트웍스우,99000,100000,1000,1.01,14773,1507184000
006120,SK디스커버리,24550,25150,600,2.44,36686,918280050
006125,SK디스커버리우,16600,17050,450,2.71,26737,454096650
210980,SK디앤디,28250,28250,0,0.0,7161,202455250
03473K,SK우,143500,143500,0,0.0,1824,259677500
096770,SK이노베이션,160500,162500,2000,1.25,236212,38323029000
096775,SK이노베이션우,121000,121500,500,0.41,3288,397958000
001510,SK증권,696,704,8,1.15,1481474,1037559838
001515,SK증권우,3420,3425,5,0.15,30027,102924065
285130,SK케미칼,58300,58400,100,0.17,12983,757442000
28513K,SK케미칼우,24000,24150,150,0.63,4433,106917000
017670,SK텔레콤,255000,253500,-1500,-0.59,180966,45670853000
000660,SK하이닉스,65400,66800,1400,2.14,3091757,205706008000
005610,SPC삼립,98400,100000,1600,1.63,10644,1068077600
011810,STX,11450,11500,50,0.44,23093,267421300
077970,STX엔진,7290,7310,20,0.27,18696,136129290
071970,STX중공업,3810,3860,50,1.31,44629,172241325
084870,TBH글로벌,2385,2385,0,0.0,37205,88044495
002710,TCC스틸,2580,2585,5,0.19,63801,165028870
024070,WISCOM,2590,2620,30,1.16,9200,23894210
037270,YGPLUS,1495,1510,15,1.0,129760,194470750
000500,가온전선,18700,18900,200,1.07,1260,23802900
000860,강남제비스코,25150,24950,-200,-0.8,3018,75351100
035250,강원랜드,30850,31500,650,2.11,202817,6355000100
011420,갤럭시아에스엠,1805,1720,-85,-4.71,59059,104130795
002100,경농,16500,16950,450,2.73,803567,13764927250
009450,경동나비엔,44500,45000,500,1.12,28709,1284913550
267290,경동도시가스,30250,30250,0,0.0,10940,331367550
012320,경동인베스트,40300,40100,-200,-0.5,9303,372384700
000050,경방,10500,10700,200,1.9,28667,307490300
214390,경보제약,9600,9720,120,1.25,45762,443613310
012610,경인양행,6660,6620,-40,-0.6,260787,1727121960
009140,경인전자,32850,32700,-150,-0.46,4907,158161850
013580,계룡건설,27100,26500,-600,-2.21,18455,487222900
012200,계양전기,3465,3500,35,1.01,30466,106419905
012205,계양전기우,8740,8750,10,0.11,24947,217045680
004200,고려개발,4830,4775,-55,-1.14,2921,14005865
002140,고려산업,2310,2315,5,0.22,91525,210654970
010130,고려아연,449000,457500,8500,1.89,21308,9668703500
002240,고려제강,23800,24150,350,1.47,4958,120971500
009290,광동제약,7090,7110,20,0.28,34881,247559560
017040,광명전기,2485,2505,20,0.8,358023,898312235
017900,광전자,2500,2540,40,1.6,127213,320751910
037710,광주신세계,183000,183500,500,0.27,289,52552000
030610,교보증권,10600,10750,150,1.42,74485,795513950
007690,국도화학,46600,47600,1000,2.15,4122,194779500
005320,국동,1660,1635,-25,-1.51,164588,271224875
001140,국보,2435,2115,-320,-13.14,2935764,6419668200
002720,국제약품,4585,4635,50,1.09,77355,359754910
083420,그린케미칼,3710,3710,0,0.0,27518,101607060
014530,극동유화,3465,3500,35,1.01,54855,192048405
014280,금강공업,4385,4420,35,0.8,66448,292045435
014285,금강공업우,10800,10750,-50,-0.46,10088,108988600
008870,금비,68100,67800,-300,-0.44,449,30385600
001570,금양,2265,2275,10,0.44,48880,110094680
002990,금호산업,14250,14300,50,0.35,155655,2222642600
002995,금호산업우,58100,58700,600,1.03,63268,3826599000
011780,금호석유,93900,98300,4400,4.69,108300,10479607400
011785,금호석유우,36100,37350,1250,3.46,21134,777706600
214330,금호에이치티,5540,5560,20,0.36,81000,446773850
001210,금호전기,3440,3660,220,6.4,150426,541752160
073240,금호타이어,3840,3905,65,1.69,268502,1038451725
092440,기신정기,3985,4010,25,0.63,41034,164190530
000270,기아차,41150,43000,1850,4.5,1357541,58074022800
024110,기업은행,13850,13950,100,0.72,378464,5269878950
013700,까뮤이앤씨,1280,1295,15,1.17,192138,248024445
004540,깨끗한나라,2500,2500,0,0.0,0,0
004545,깨끗한나라우,16300,16300,0,0.0,0,0
074610,나노메딕스,7190,6900,-290,-4.03,2335257,16279211980
001260,남광토건,11300,12200,900,7.96,51840,611238650
008350,남선알미늄,4310,4310,0,0.0,6658754,28845364945
008355,남선알미우,42250,42000,-250,-0.59,15857,669891400
004270,남성,3150,3220,70,2.22,4764737,15452268575
003920,남양유업,563000,565000,2000,0.36,329,186429000
003925,남양유업우,210000,212500,2500,1.19,108,22793500
002070,남영비비안,6480,6640,160,2.47,1159,7500290
025860,남해화학,10150,10300,150,1.48,167342,1720943600
005720,넥센,6400,6400,0,0.0,30722,195907170
005725,넥센우,3790,3860,70,1.85,2469,9534335
002350,넥센타이어,9850,9980,130,1.32,104104,1036010800
002355,넥센타이어1우B,4170,4200,30,0.72,1237,5178825
003580,넥스트사이언스,5200,5850,650,12.5,452553,2561624790
251270,넷마블,119000,122500,3500,2.94,332187,40431381500
090350,노루페인트,7770,7830,60,0.77,32559,253467630
090355,노루페인트우,12550,12750,200,1.59,15654,201063650
000320,노루홀딩스,12500,12450,-50,-0.4,1854,23088700
000325,노루홀딩스우,20200,20150,-50,-0.25,434,8688650
006280,녹십자,120000,121500,1500,1.25,31079,3771498500
005250,녹십자홀딩스,21450,22300,850,3.96,50051,1110322600
005257,녹십자홀딩스2우,17000,17250,250,1.47,3655,62590300
004370,농심,242500,246000,3500,1.44,8260,2032427000
072710,농심홀딩스,83800,86000,2200,2.63,1884,161286100
058730,다스코,6690,6690,0,0.0,25059,168048820
023590,다우기술,21100,21100,0,0.0,73570,1554807150
019680,대교,6050,6070,20,0.33,16744,101730100
019685,대교우B,4630,4635,5,0.11,4415,20489765
006370,대구백화점,6720,6900,180,2.68,15294,105016820
008060,대덕전자,12350,12650,300,2.43,1395770,17583354450
00806K,대덕전자1우,6600,6630,30,0.45,16529,109574540
000490,대동공업,6010,6010,0,0.0,31467,190251450
008110,대동전자,4065,4085,20,0.49,22510,90745165
005750,대림BCo,4520,4585,65,1.44,3892,17747060
000210,대림산업,117500,118000,500,0.43,145944,17034893500
000215,대림산업우,46500,46500,0,0.0,10338,475907500
004440,대림씨엔에스,9600,9630,30,0.31,14804,140917040
006570,대림통상,4300,4345,45,1.05,1319,5685990
001680,대상,25050,25400,350,1.4,46422,1175563750
001685,대상우,13300,13350,50,0.38,2715,35886150
084690,대상홀딩스,7380,7530,150,2.03,18036,135490820
084695,대상홀딩스우,6070,6040,-30,-0.49,725,4334080
128820,대성산업,5000,5080,80,1.6,50438,256102595
117580,대성에너지,5400,5450,50,0.93,8682,46989020
016710,대성홀딩스,7960,7930,-30,-0.38,10360,82569920
003540,대신증권,13700,13750,50,0.36,222029,3056111650
003547,대신증권2우B,8610,8630,20,0.23,9716,83920370
003545,대신증권우,9280,9280,0,0.0,65890,611904440
009190,대양금속,8280,8290,10,0.12,14979,123782500
014160,대영포장,1280,1335,55,4.3,6387202,8469088065
047040,대우건설,4915,4950,35,0.71,482080,2375415120
009320,대우부품,2270,2285,15,0.66,154331,351696990
042660,대우조선해양,29400,30150,750,2.55,197782,5921799400
003090,대웅,18100,18100,0,0.0,37736,684688350
069620,대웅제약,157000,159000,2000,1.27,29126,4622568000
000430,대원강업,4360,4465,105,2.41,52220,231560680
006340,대원전선,1295,1350,55,4.25,674656,909606470
006345,대원전선우,3285,3350,65,1.98,9847,32960420
003220,대원제약,16050,16000,-50,-0.31,28013,447909800
024890,대원화성,1890,1890,0,0.0,360065,675852320
002880,대유에이텍,1115,1140,25,2.24,645627,730446270
000300,대유플러스,920,934,14,1.52,271936,251615088
012800,대창,1425,1490,65,4.56,13625075,20411579205
015230,대창단조,40450,40500,50,0.12,1543,62304300
001070,대한방직,20450,20750,300,1.47,85947,1769030200
006650,대한유화,135000,136500,1500,1.11,20851,2844092500
001440,대한전선,778,774,-4,-0.51,2052491,1586935820
084010,대한제강,7810,8300,490,6.27,242919,1983033440
001790,대한제당,20100,20150,50,0.25,1694,34210550
001799,대한제당3우B,24100,23950,-150,-0.62,2627,62765450
001795,대한제당우,12900,12800,-100,-0.78,6589,84118500
001130,대한제분,204000,205000,1000,0.49,2315,475642000
003490,대한항공,32500,32500,0,0.0,252102,8181967000
003495,대한항공우,23750,22900,-850,-3.58,127224,2928253350
005880,대한해운,24000,24300,300,1.25,55853,1357846600
003830,대한화섬,106000,105500,-500,-0.47,434,45710500
016090,대현,2420,2410,-10,-0.41,42729,103573385
069460,대호에이엘,3600,3800,200,5.56,392268,1474662870
192080,더블유게임즈,66100,68400,2300,3.48,118555,8044997900
012510,더존비즈온,66200,69000,2800,4.23,147145,9945564400
004830,덕성,2940,2985,45,1.53,11827,35252245
004835,덕성우,3890,3895,5,0.13,8940,34737810
024900,덕양산업,1420,1440,20,1.41,336433,479245905
145720,덴티움,71400,71900,500,0.7,22876,1633947500
002150,도화엔지니어링,10150,10250,100,0.99,204127,2089214550
001230,동국제강,6380,6450,70,1.1,156052,1004442270
023450,동남합성,23650,24000,350,1.48,1584,37498300
004140,동방,1875,1870,-5,-0.27,197264,369757620
007590,동방아그로,7130,7130,0,0.0,18047,128803880
005960,동부건설,7950,8000,50,0.63,23888,189533040
005965,동부건설우,16900,17000,100,0.59,1844,31386850
016380,동부제철,7680,7580,-100,-1.3,62352,465652790
016385,동부제철우,37800,37800,0,0.0,4199,158213750
083370,동북아12호,5010,5010,0,0.0,0,0
083380,동북아13호,5010,5010,0,0.0,0,0
026960,동서,18750,18900,150,0.8,42344,802122100
002210,동성제약,18000,18050,50,0.28,600032,10964379250
102260,동성코퍼레이션,5790,5830,40,0.69,28776,167858930
005190,동성화학,17050,16950,-100,-0.59,12052,204189400
000640,동아쏘시오홀딩스,97400,97600,200,0.21,4602,449837500
170900,동아에스티,99500,100000,500,0.5,12323,1228597200
028100,동아지질,20750,20700,-50,-0.24,137526,2843533050
282690,동아타이어,13450,13550,100,0.74,6053,81469700
001520,동양,1735,1730,-5,-0.29,79759,138050290
001527,동양2우B,10250,10300,50,0.49,59,609550
001529,동양3우B,30750,30700,-50,-0.16,2035,62521250
084670,동양고속,26400,26400,0,0.0,1171,30765250
030790,동양네트웍스,1900,1985,85,4.47,3247436,6348326140
002900,동양물산,1710,1760,50,2.92,627039,1094178810
082640,동양생명,3910,3890,-20,-0.51,175416,683513250
001525,동양우,8420,8480,60,0.71,349,2940340
008970,동양철관,1215,1225,10,0.82,792920,972519270
092780,동양피스톤,5190,5240,50,0.96,62234,327578830
049770,동원FB,281000,287000,6000,2.14,9672,2747177500
018500,동원금속,812,829,17,2.09,136807,112814870
006040,동원산업,246500,247000,500,0.2,2508,618315000
030720,동원수산,8940,8880,-60,-0.67,72659,643525190
014820,동원시스템즈,39450,39500,50,0.13,56758,2239607150
014825,동원시스템즈우,30550,30500,-50,-0.16,3097,94108250
163560,동일고무벨트,6630,6630,0,0.0,6139,40563940
004890,동일산업,64200,65500,1300,2.02,7610,496473300
002690,동일제강,2885,2905,20,0.69,38241,110833975
000020,동화약품,9220,9220,0,0.0,37730,347569770
000150,두산,92700,93200,500,0.54,46161,4306953500
000157,두산2우B,75600,74800,-800,-1.06,134,10015500
011160,두산건설,1140,1155,15,1.32,83885,96159125
241560,두산밥캣,33250,34250,1000,3.01,130780,4451427650
000155,두산우,73400,73200,-200,-0.27,1819,133440400
042670,두산인프라코어,6500,6440,-60,-0.92,1307242,8447375010
034020,두산중공업,6310,6320,10,0.16,711044,4496606360
016740,두올,3325,3450,125,3.76,110594,377931110
192650,드림텍,11000,10350,-650,-5.91,1475036,15572837100
024090,디씨엠,12300,12400,100,0.81,3994,48964850
003160,디아이,3995,4250,255,6.38,1606670,6787687315
092200,디아이씨,3265,3245,-20,-0.61,724090,2332519265
013570,디와이,5620,5720,100,1.78,67832,384939000
210540,디와이파워,13900,13800,-100,-0.72,152887,2121384000
007340,디티알오토모티브,33900,34000,100,0.29,2835,97252600
026890,디피씨,6150,5940,-210,-3.41,2091202,12558422640
115390,락앤락,15300,15650,350,2.29,145117,2288289100
032350,롯데관광개발,12650,12400,-250,-1.98,71970,898592450
000400,롯데손해보험,2385,2410,25,1.05,129617,310600545
023530,롯데쇼핑,159000,161000,2000,1.26,44935,7217241000
004000,롯데정밀화학,47550,47450,-100,-0.21,73343,3474121850
286940,롯데정보통신,43350,44450,1100,2.54,39430,1735127500
280360,롯데제과,159500,159000,-500,-0.31,4717,747967000
004990,롯데지주,42700,43150,450,1.05,77855,3344327500
00499K,롯데지주우,52100,52100,0,0.0,1731,90503900
005300,롯데칠성,166500,170000,3500,2.1,21885,3708239000
005305,롯데칠성우,76400,77300,900,1.18,1045,80278900
011170,롯데케미칼,256000,258000,2000,0.78,89574,23069773000
002270,롯데푸드,548000,562000,14000,2.55,1445,806245000
071840,롯데하이마트,43500,43300,-200,-0.46,47324,2064158400
027740,마니커,1245,1220,-25,-2.01,6217652,7686959180
204320,만도,29350,30350,1000,3.41,337676,10208329950
001080,만호제강,19100,19100,0,0.0,3896,73807000
088980,맥쿼리인프라,11750,11900,150,1.28,556187,6547441450
094800,맵스리얼티1,4490,4475,-15,-0.33,58171,260048220
015540,메디파트너생명공학,6980,7070,90,1.29,21527,150510240
138040,메리츠금융지주,14400,14400,0,0.0,54222,783100100
008560,메리츠종금증권,5040,5110,70,1.39,1968061,10021802420
000060,메리츠화재,21000,21350,350,1.67,296590,6266893050
090370,메타랩스,2030,2000,-30,-1.48,650230,1296953020
017180,명문제약,5210,5220,10,0.19,184006,962876330
012690,모나리자,3520,3550,30,0.85,71025,251835185
005360,모나미,2550,2570,20,0.78,20560,52597535
204210,모두투어리츠,3000,3000,0,0.0,213,639000
009680,모토닉,11100,11550,450,4.05,138805,1567470700
009580,무림PP,5260,5450,190,3.61,274331,1484736050
009200,무림페이퍼,3135,3195,60,1.91,128352,406681635
033920,무학,10900,10900,0,0.0,79504,866490250
008420,문배철강,3035,3060,25,0.82,73254,223625480
025560,미래산업,151,153,2,1.32,3233794,493424322
007120,미래아이앤지,318,318,0,0.0,196856,62455488
006800,미래에셋대우,7600,7690,90,1.18,1424244,10906930000
00680K,미래에셋대우2우B,3800,3810,10,0.26,207058,790128875
006805,미래에셋대우우,4425,4415,-10,-0.23,12514,55291585
085620,미래에셋생명,4655,4655,0,0.0,50168,233824600
002840,미원상사,42600,43550,950,2.23,2166,93430700
268280,미원에스씨,73000,73100,100,0.14,830,60494900
107590,미원홀딩스,43100,43150,50,0.12,316,13633050
134380,미원화학,41400,41450,50,0.12,486,20028050
003650,미창석유,78000,78100,100,0.13,2456,192888200
155900,바다로19호,3000,2995,-5,-0.17,3342,9974555
003610,방림,2280,2230,-50,-2.19,6861,15403825
001340,백광산업,3100,3010,-90,-2.9,1637317,4993813000
014580,백광소재,5400,5410,10,0.19,24046873,138159376510
035150,백산,9930,10250,320,3.22,538245,5550929840
002410,범양건영,1710,1725,15,0.88,84186,144344795
096300,베트남개발1,426,427,1,0.23,116723,49816743
007210,벽산,2375,2390,15,0.63,56782,135540790
002760,보락,2430,2520,90,3.7,796151,1977568850
003850,보령제약,11900,11750,-150,-1.26,167466,1976381650
000890,보해양조,1260,1300,40,3.17,9581211,12561305525
003000,부광약품,19500,20050,550,2.82,573813,11413340750
001270,부국증권,20500,20400,-100,-0.49,6556,133351600
001275,부국증권우,19200,19250,50,0.26,1422,27279250
026940,부국철강,3670,3680,10,0.27,241828,897344465
015350,부산가스,37700,37300,-400,-1.06,1148,43042550
011390,부산산업,121000,123500,2500,2.07,16740,2060308000
005030,부산주공,611,614,3,0.49,238470,145678448
100220,비상교육,8760,8880,120,1.37,48133,424259150
101140,비티원,3745,3740,-5,-0.13,58865,219997535
005180,빙그레,71600,72300,700,0.98,17311,1248969700
003960,사조대림,21550,21800,250,1.16,7517,162578050
008040,사조동아원,1315,1325,10,0.76,1297234,1720254605
007160,사조산업,54400,54800,400,0.74,4084,223633800
014710,사조씨푸드,6220,6220,0,0.0,17877,110401260
006090,사조오양,8220,8170,-50,-0.61,11632,95010360
079660,사조해표,8380,8380,0,0.0,0,0
005090,삼광글라스,38200,38250,50,0.13,5079,193266150
001470,삼부토건,834,868,34,4.08,364034,309918708
006400,삼성SDI,230000,235000,5000,2.17,242648,56578836000
006405,삼성SDI우,89200,90400,1200,1.35,7459,670869900
006660,삼성공조,10300,10450,150,1.46,4573,47664400
028260,삼성물산,92800,93100,300,0.32,263512,24444030700
02826K,삼성물산우B,69100,69100,0,0.0,4498,308565100
207940,삼성바이오로직스,305500,305500,0,0.0,46051,14101601500
032830,삼성생명,81400,82700,1300,1.6,110985,9121715000
018260,삼성에스디에스,207000,211500,4500,2.17,83525,17534574000
028050,삼성엔지니어링,15850,16000,150,0.95,773008,12249782900
009150,삼성전기,95500,95500,0,0.0,890986,84879406600
009155,삼성전기우,41850,42000,150,0.36,4087,171065900
005930,삼성전자,44200,44800,600,1.36,8792182,391890812549
005935,삼성전자우,36250,36800,550,1.52,1279168,46685475975
001360,삼성제약,2580,2635,55,2.13,290148,755472655
010140,삼성중공업,7780,7800,20,0.26,1946708,15118067450
010145,삼성중공우,62000,62400,400,0.65,2444,152266900
016360,삼성증권,35000,35200,200,0.57,140730,4936002250
068290,삼성출판사,16750,16900,150,0.9,115849,1940894050
029780,삼성카드,37300,37800,500,1.34,65135,2446076550
000810,삼성화재,271500,277000,5500,2.03,65715,18089532000
000815,삼성화재우,188500,191000,2500,1.33,8547,1623151000
006110,삼아알미늄,5240,5340,100,1.91,101777,543175080
145990,삼양사,53000,53000,0,0.0,4638,245110700
145995,삼양사우,37300,37200,-100,-0.27,90,3345600
003230,삼양식품,71100,71100,0,0.0,47512,3374304200
002170,삼양통상,65000,70200,5200,8.0,52628,3609878100
272550,삼양패키징,17300,17400,100,0.58,23911,411645150
000070,삼양홀딩스,71800,72200,400,0.56,6426,464511500
000075,삼양홀딩스우,48700,48200,-500,-1.03,50,2416950
002810,삼영무역,16600,16750,150,0.9,13421,223181700
005680,삼영전자,11600,11650,50,0.43,13087,151799550
003720,삼영화학,1020,1015,-5,-0.49,42408,42880720
023000,삼원강재,3030,3040,10,0.33,9929,30185910
004380,삼익THK,11250,11300,50,0.44,25237,284083850
002450,삼익악기,1940,1965,25,1.29,229701,448123510
000520,삼일제약,25950,25900,-50,-0.19,24120,628007150
009770,삼정펄프,34750,35150,400,1.15,247,8563050
005500,삼진제약,31900,32150,250,0.78,25608,817701100
004690,삼천리,93100,93300,200,0.21,3234,301180300
001880,삼호,24700,24450,-250,-1.01,28247,691212350
010960,삼호개발,4780,4875,95,1.99,79522,385196155
004450,삼화왕관,45900,45900,0,0.0,96,4403400
009470,삼화전기,17650,17450,-200,-1.13,20923,366969300
011230,삼화전자,2930,2945,15,0.51,60266,178670745
001820,삼화콘덴서,54200,54100,-100,-0.18,95813,5165593100
000390,삼화페인트,5460,5450,-10,-0.18,3225,17617030
001290,상상인증권,2385,2405,20,0.84,407684,1024462195
041650,상신브레이크,3980,4070,90,2.26,36891,148331320
075180,새론오토모티브,5380,5410,30,0.56,6629,35673950
007540,샘표,44200,46050,1850,4.19,94518,4305137750
248170,샘표식품,30100,30300,200,0.66,19648,591673950
007860,서연,4210,4315,105,2.49,18791,81282925
200880,서연이화,6240,6680,440,7.05,226760,1506220350
017390,서울가스,78000,78600,600,0.77,127,10023100
004410,서울식품,190,194,4,2.11,1832313,353935208
004415,서울식품우,4230,4270,40,0.95,35005,148936175
021050,서원,1290,1325,35,2.71,2283873,3022971280
008490,서흥,34950,35400,450,1.29,69261,2437014000
007610,선도전기,3595,3705,110,3.06,117251,430710015
136490,선진,12250,12200,-50,-0.41,15265,186053550
002820,선창산업,4995,5030,35,0.7,3050,15278445
014910,성문전자,2720,2770,50,1.84,140626,391419565
014915,성문전자우,14500,15100,600,4.14,106836,1645358000
003080,성보화학,5010,5030,20,0.4,8581,43024885
004980,성신양회,8950,9060,110,1.23,274085,2485524780
004985,성신양회우,11600,11550,-50,-0.43,42709,493680850
011300,성안,573,579,6,1.05,47997,27627209
000180,성창기업지주,1990,1990,0,0.0,17632,35089920
002420,세기상사,69400,70000,600,0.86,2181,150446900
004360,세방,13750,13950,200,1.45,37968,522072150
004365,세방우,6970,6990,20,0.29,1541,10760420
004490,세방전지,41850,42450,600,1.43,7055,299700400
001430,세아베스틸,16800,17200,400,2.38,50657,863896950
306200,세아제강,64900,64700,-200,-0.31,2764,178146600
003030,세아제강지주,54900,54900,0,0.0,3045,167651600
019440,세아특수강,14900,14900,0,0.0,27339,402474500
058650,세아홀딩스,91000,91000,0,0.0,485,44214800
013000,세우글로벌,1940,1980,40,2.06,1076986,2109983925
091090,세원셀론텍,3430,3495,65,1.9,165310,572554040
021820,세원정공,8670,9380,710,8.19,76300,699015400
067830,세이브존IC,3820,3850,30,0.79,39123,149448860
033530,세종공업,6170,6270,100,1.62,130818,819391140
075580,세진중공업,4775,5050,275,5.76,125736,620448275
027970,세하,1375,1370,-5,-0.36,28928,39678665
145210,세화아이엠씨,2990,2990,0,0.0,0,0
068270,셀트리온,196500,198500,2000,1.02,297463,58857880000
004430,송원산업,21850,21750,-100,-0.46,117586,2574731600
017550,수산중공업,1720,1795,75,4.36,1525370,2679327870
002200,수출포장,20750,21300,550,2.65,8807,185852750
053210,스카이라이프,10650,10700,50,0.47,17522,187296150
134790,시디즈,45600,44400,-1200,-2.63,9146,419354250
016590,신대양제지,80000,81900,1900,2.38,26094,2129870700
029530,신도리코,46850,47300,450,0.96,4851,227838500
004970,신라교역,14350,14450,100,0.7,7863,113256550
011930,신성이엔지,1175,1200,25,2.13,673484,800238660
005390,신성통상,964,987,23,2.39,400136,391209840
004170,신세계,293500,296000,2500,0.85,33221,9881889000
035510,신세계IC,123500,124000,500,0.4,3879,483042500
034300,신세계건설,31600,31700,100,0.32,16295,512597650
031430,신세계인터내셔날,247500,243000,-4500,-1.82,99949,24113023000
031440,신세계푸드,90600,90400,-200,-0.22,7350,667233000
006880,신송홀딩스,4780,4820,40,0.84,31859,152248305
005800,신영와코루,119000,119000,0,0.0,20,2363500
001720,신영증권,56900,57100,200,0.35,8433,478814400
001725,신영증권우,51600,51900,300,0.58,9170,467993500
009270,신원,2080,2105,25,1.2,1120102,2345626405
009275,신원우,55000,54800,-200,-0.36,3550,194452600
002700,신일산업,2525,2590,65,2.57,12072488,31304286875
019170,신풍제약,7040,7100,60,0.85,175980,1245062370
019175,신풍제약우,6400,6510,110,1.72,21938,140555410
002870,신풍제지,1300,1290,-10,-0.77,38423,49725860
005450,신한,4945,4945,0,0.0,0,0
293940,신한알파리츠,6380,6410,30,0.47,58244,372745080
055550,신한지주,44900,45500,600,1.34,986201,44723316914
001770,신화실업,23200,23450,250,1.08,2556,59344600
004080,신흥,10050,10000,-50,-0.5,6688,66611260
102280,쌍방울,1020,1050,30,2.94,2208382,2288328775
003410,쌍용양회,6080,6070,-10,-0.16,384294,2336786790
003415,쌍용양회우,6410,6400,-10,-0.16,33423,213689130
003620,쌍용차,4145,4155,10,0.24,98495,408071610
004770,써니전자,3290,3330,40,1.22,1162759,3868931230
004920,씨아이테크,486,487,1,0.21,85299,41286353
112610,씨에스윈드,40400,39950,-450,-1.11,159283,6489930100
008700,아남전자,3130,3160,30,0.96,2087850,6596068150
002790,아모레G,64000,63500,-500,-0.78,67543,4275220300
002795,아모레G우,26600,26200,-400,-1.5,12790,335340450
090430,아모레퍼시픽,180000,177000,-3000,-1.67,156067,27621092000
090435,아모레퍼시픽우,95200,94300,-900,-0.95,10520,991496500
002030,아세아,111500,112000,500,0.45,1061,118710000
183190,아세아시멘트,89500,90400,900,1.01,8000,720392400
002310,아세아제지,37650,38700,1050,2.79,52639,2032678200
267850,아시아나IDT,22700,23050,350,1.54,1741200,41862798900
020560,아시아나항공,6010,6030,20,0.33,2762508,16796801930
122900,아이마켓코리아,10200,10400,200,1.96,124526,1284984750
010780,아이에스동서,37300,38100,800,2.14,86110,3265956300
033660,아주캐피탈,10750,10700,-50,-0.47,15348,163797050
001780,알루코,2945,2925,-20,-0.68,288085,850464690
018250,애경산업,44200,44400,200,0.45,133678,5924406900
161000,애경유화,7970,8140,170,2.13,435747,3538557050
011090,에넥스,1375,1385,10,0.73,349396,483312500
005850,에스엘,22200,23750,1550,6.98,233600,5533605500
012750,에스원,96600,97700,1100,1.14,32158,3129052200
023960,에쓰씨엔지니어링,1610,1620,10,0.62,12828,20698930
298690,에어부산,6920,6900,-20,-0.29,1567211,11032751090
140910,에이리츠,6000,6030,30,0.5,12264,73747110
078520,에이블씨엔씨,11800,11650,-150,-1.27,86310,1005051650
015260,에이엔피,455,461,6,1.32,174518,80260014
007460,에이프로젠KIC,3090,3125,35,1.13,2261038,7015563600
003060,에이프로젠제약,1420,1410,-10,-0.7,844514,1187987695
036570,엔씨소프트,459500,474000,14500,3.16,69962,32869986000
138250,엔에스쇼핑,12750,12550,-200,-1.57,63720,798048500
085310,엔케이,1390,1380,-10,-0.72,299847,410908680
009810,엔케이물산,1010,1015,5,0.5,5531462,5414310390
900140,엘브이엠씨홀딩스,2460,2490,30,1.22,36437,90499135
014440,영보화학,3990,3990,0,0.0,10537,41805900
111770,영원무역,38900,40150,1250,3.21,122474,4896849650
009970,영원무역홀딩스,61600,61500,-100,-0.16,3136,194965800
003520,영진약품,5500,5530,30,0.55,446684,2474592000
000670,영풍,719000,730000,11000,1.53,782,570512000
006740,영풍제지,3460,3510,50,1.45,20899,73196740
012280,영화금속,1405,1440,35,2.49,149654,212953670
012160,영흥철강,1320,1410,90,6.82,1175390,1614369850
015360,예스코홀딩스,41050,41850,800,1.95,854,35195000
007310,오뚜기,694000,705000,11000,1.59,2319,1620713000
079440,오렌지라이프,33450,33900,450,1.35,48164,1618267900
002630,오리엔트바이오,544,546,2,0.37,1666784,906754529
271560,오리온,83300,85800,2500,3.0,191454,16337213200
001800,오리온홀딩스,16050,16200,150,0.93,48945,796212000
070960,용평리조트,6750,6880,130,1.93,215072,1479575880
316140,우리금융지주,13750,13850,100,0.73,1407551,19455315100
004720,우리들제약,6950,6980,30,0.43,23984,167634090
118000,우리들휴브레인,2220,2260,40,1.8,69308,155931920
010050,우리종금,754,790,36,4.77,9847117,7698817558
006980,우성사료,4030,3905,-125,-3.1,3299392,13147620765
017370,우신시스템,5900,5830,-70,-1.19,12515,72968410
105840,우진,6100,6200,100,1.64,211589,1298435780
010400,우진아이엔에스,10050,10100,50,0.5,11658,116817420
049800,우진플라임,4850,4895,45,0.93,16501,81231670
016880,웅진,2110,2100,-10,-0.47,128413,271613925
095720,웅진씽크빅,2785,2845,60,2.15,1273879,3657961850
103130,웅진에너지,914,914,0,0.0,0,0
021240,웅진코웨이,79900,81300,1400,1.75,109230,8823677900
005820,원림,18400,18400,0,0.0,1111,20141700
010600,웰바이오텍,2640,2750,110,4.17,482831,1314004745
008600,윌비스,1215,1220,5,0.41,178959,218473135
033270,유나이티드제약,23800,23850,50,0.21,19179,454190450
014830,유니드,49850,49350,-500,-1.0,8274,408292300
000910,유니온,5900,6090,190,3.22,3055455,18499594950
047400,유니온머티리얼,2765,2965,200,7.23,11572217,33752442800
011330,유니켐,2405,2530,125,5.2,2936350,7368725095
077500,유니퀘스트,7180,7230,50,0.7,189043,1381814530
002920,유성기업,3105,3170,65,2.09,64462,202384895
000700,유수홀딩스,8100,8050,-50,-0.62,21015,169880240
003470,유안타증권,3145,3110,-35,-1.11,454928,1416616195
003475,유안타증권우,2175,2170,-5,-0.23,5461,11833405
011690,유양디앤유,7580,7630,50,0.66,117247,900810850
072130,유엔젤,4610,4980,370,8.03,608644,2941108865
000220,유유제약,11550,11700,150,1.3,27081,316254200
000225,유유제약1우,7280,7390,110,1.51,3943,28880130
000227,유유제약2우B,19450,19350,-100,-0.51,517,9930150
001200,유진투자증권,2610,2610,0,0.0,305273,794438880
000100,유한양행,247500,250500,3000,1.21,27571,6885148000
000105,유한양행우,212500,212500,0,0.0,49,10382000
003460,유화증권,12700,12650,-50,-0.39,7225,91735200
003465,유화증권우,12650,12700,50,0.4,97,1230000
008730,율촌화학,13450,13800,350,2.6,24955,341133550
008250,이건산업,9220,9450,230,2.49,57485,540221720
025820,이구산업,2200,2190,-10,-0.45,1041377,2293754950
214320,이노션,68700,68900,200,0.29,19398,1333466100
088260,이리츠코크렙,5670,5800,130,2.29,107770,614095610
139480,이마트,146000,147000,1000,0.68,73807,10853914500
007660,이수페타시스,4915,5100,185,3.76,1336848,6832153855
005950,이수화학,9460,9480,20,0.21,9888,93357460
015020,이스타코,676,685,9,1.33,35322,24002146
093230,이아이디,230,299,69,30.0,84324944,24109972995
102460,이연제약,16500,16650,150,0.91,7972,132951350
084680,이월드,2910,3110,200,6.87,3911961,11971676355
000760,이화산업,17000,17300,300,1.76,619,10480550
014990,인디에프,2580,2580,0,0.0,1821495,4686476015
006490,인스코비,3160,3160,0,0.0,2165252,7064246605
023800,인지컨트롤스,6590,6610,20,0.3,131581,871571840
034590,인천도시가스,29400,29400,0,0.0,1731,50945100
129260,인터지스,2500,2515,15,0.6,81524,203893730
023810,인팩,3980,4030,50,1.26,21115,84768040
249420,일동제약,19600,19650,50,0.26,13632,268604750
000230,일동홀딩스,13100,13150,50,0.38,5938,78187500
013360,일성건설,1300,1305,5,0.38,280555,363730070
003120,일성신약,89500,88700,-800,-0.89,261,23070300
003200,일신방직,96100,97200,1100,1.14,312,29950900
007110,일신석재,2455,2480,25,1.02,2445018,6109529815
007570,일양약품,25550,26150,600,2.35,25269,659264550
007575,일양약품우,19250,19250,0,0.0,3364,65276150
008500,일정실업,19750,20200,450,2.28,103,2060600
081000,일진다이아,29750,30200,450,1.51,117094,3545456700
020760,일진디스플,4890,4855,-35,-0.72,282500,1371337465
020150,일진머티리얼즈,36950,36600,-350,-0.95,242167,8882670450
103590,일진전기,3235,3265,30,0.93,31672,102759005
015860,일진홀딩스,3440,3495,55,1.6,86852,301215185
226320,잇츠한불,24800,24250,-550,-2.22,34937,844206500
033240,자화전자,12400,12750,350,2.82,86148,1092463500
000950,전방,16750,17200,450,2.69,1863,31525300
194370,제이에스코퍼레이션,17900,19000,1100,6.15,166415,3152723700
025620,제이준코스메틱,6460,6430,-30,-0.46,251541,1614993250
030000,제일기획,27450,28000,550,2.0,245421,6816959450
271980,제일약품,36050,35900,-150,-0.42,21751,780345350
001560,제일연마,6570,6610,40,0.61,3426,22581620
002620,제일파마홀딩스,21100,21450,350,1.66,3874,82183100
006220,제주은행,4705,4770,65,1.38,10583,50275125
089590,제주항공,36800,35800,-1000,-2.72,75325,2708066450
004910,조광페인트,6310,6390,80,1.27,12760,80841090
004700,조광피혁,37350,38600,1250,3.35,2438,91712050
001550,조비,26350,26450,100,0.38,293635,7834151700
000480,조선내화,96500,95800,-700,-0.73,13100,1244290300
120030,조선선재,82900,83800,900,1.09,942,78748600
018470,조일알미늄,912,919,7,0.77,40128,36784325
002600,조흥,173000,172500,-500,-0.29,56,9721500
185750,종근당,93000,92800,-200,-0.22,23251,2154526800
063160,종근당바이오,25550,25850,300,1.17,44442,1147075200
001630,종근당홀딩스,129000,124000,-5000,-3.88,64731,8248481000
044380,주연테크,469,488,19,4.05,1210612,583186939
013870,지엠비코리아,7820,7930,110,1.41,220167,1735304660
071320,지역난방공사,54200,54200,0,0.0,4217,228392200
010580,지코,821,842,21,2.56,917165,772804054
035000,지투알,8230,8190,-40,-0.49,7567,62393620
088790,진도,3945,3955,10,0.25,9479,37647045
003780,진양산업,3525,3590,65,1.84,92114,331011130
010640,진양폴리,2325,2360,35,1.51,39427,92794560
100250,진양홀딩스,2545,2555,10,0.39,36876,93543870
051630,진양화학,4900,4840,-60,-1.22,372204,1814334790
272450,진에어,20500,20300,-200,-0.98,196622,4023689100
011000,진원생명과학,4780,4795,15,0.31,186580,896907315
002780,진흥기업,2280,2275,-5,-0.22,189710,431228455
002787,진흥기업2우B,14000,14300,300,2.14,16733,239091850
002785,진흥기업우B,4780,4820,40,0.84,13814,66477165
009310,참엔지니어링,1360,1365,5,0.37,85489,116067060
000650,천일고속,73900,73900,0,0.0,120,8863800
012600,청호컴넷,4015,4030,15,0.37,40152,159902585
033250,체시스,2845,2610,-235,-8.26,2262606,6046162640
035720,카카오,120000,124000,4000,3.33,506951,62188303000
006380,카프로,4020,4105,85,2.11,101739,414233840
109070,컨버즈,3260,3260,0,0.0,0,0
001620,케이비아이동국실업,832,947,115,13.82,3739802,3612559181
029460,케이씨,13900,13900,0,0.0,70231,972224500
281820,케이씨텍,13150,13150,0,0.0,104822,1374114300
145270,케이탑리츠,900,900,0,0.0,119626,107429686
007815,코리아써우,2760,2895,135,4.89,1979,5781420
007810,코리아써키트,5600,5590,-10,-0.18,18159,100805900
00781K,코리아써키트2우B,4675,4625,-50,-1.07,266,1207945
152330,코리아오토글라스,20300,21150,850,4.19,195069,4125013750
003690,코리안리,8510,8740,230,2.7,164050,1425070590
192820,코스맥스,113000,112500,-500,-0.44,30873,3475380500
044820,코스맥스비티아이,18500,18550,50,0.27,11943,219239850
005070,코스모신소재,15000,14850,-150,-1.0,200679,2973322300
005420,코스모화학,13250,13100,-150,-1.13,160626,2116343550
071950,코아스,1455,1460,5,0.34,136220,199562270
002020,코오롱,18800,18550,-250,-1.33,44514,829469300
003070,코오롱글로벌,9610,10100,490,5.1,77912,776575580
003075,코오롱글로벌우,16650,16700,50,0.3,1098,18164800
144620,코오롱머티리얼,1965,2025,60,3.05,96892,192826595
002025,코오롱우,11500,11450,-50,-0.43,2253,25567600
120110,코오롱인더,41850,42050,200,0.48,73658,3095834650
120115,코오롱인더우,20500,20600,100,0.49,4622,94289250
138490,코오롱플라스틱,5100,5180,80,1.57,29759,152915250
031820,콤텍시스템,1615,1665,50,3.1,745364,1229929730
192400,쿠쿠홀딩스,139000,142000,3000,2.16,8009,1134228000
284740,쿠쿠홈시스,51900,51900,0,0.0,22031,1141725000
015590,큐로,890,903,13,1.46,361777,326140703
264900,크라운제과,9750,9790,40,0.41,7101,69483030
26490K,크라운제과우,7930,7930,0,0.0,7328,58072460
005740,크라운해태홀딩스,10600,10850,250,2.36,27990,302060200
005745,크라운해태홀딩스우,13550,13550,0,0.0,5388,72181250
020120,키다리스튜디오,2905,2935,30,1.03,51592,149358390
039490,키움증권,81500,82600,1100,1.35,64327,5275923000
012170,키위미디어그룹,150,156,6,4.0,3845476,589082819
015890,태경산업,6440,6310,-130,-2.02,756513,4828233170
006890,태경화학,6240,6040,-200,-3.21,343376,2095400140
003240,태광산업,1299000,1329000,30000,2.31,943,1245886000
011280,태림포장,8370,8670,300,3.58,2787686,23793801210
004100,태양금속,1225,1240,15,1.22,165153,204090660
004105,태양금속우,3275,3285,10,0.31,8690,28460665
009410,태영건설,14150,14400,250,1.77,360770,5135759000
009415,태영건설우,7740,7910,170,2.2,174959,1364338450
001420,태원물산,4935,4935,0,0.0,8362,41178505
007980,태평양물산,3090,3090,0,0.0,97801,302037800
055490,테이팩스,22200,22350,150,0.68,13270,292060950
078000,텔코웨어,17100,17300,200,1.17,48713,836023700
214420,토니모리,10600,10250,-350,-3.3,110363,1127130750
019180,티에이치엔,3750,4290,540,14.4,1453161,5951760440
091810,티웨이항공,7030,7000,-30,-0.43,71601,501830750
004870,티웨이홀딩스,2115,2130,15,0.71,136592,290958405
005690,파미셀,8920,8900,-20,-0.22,310249,2762093270
036580,팜스코,6770,6810,40,0.59,93254,632180570
028670,팬오션,4320,4345,25,0.58,534946,2314194825
010820,퍼스텍,2565,2575,10,0.39,146525,376956095
016800,퍼시스,33350,33600,250,0.75,1934,64904450
001020,페이퍼코리아,858,870,12,1.4,80216,69723859
090080,평화산업,1525,1600,75,4.92,2092154,3467963405
010770,평화홀딩스,4140,4305,165,3.99,613125,2776483365
058430,포스코강판,19400,19500,100,0.52,1266,24484700
047050,포스코인터내셔널,17100,17200,100,0.58,103390,1778955900
003670,포스코케미칼,57400,55400,-2000,-3.48,440679,24610908400
007630,폴루스바이오팜,2210,2125,-85,-3.85,722717,1531808685
017810,풀무원,11300,11600,300,2.65,76820,881098100
103140,풍산,25750,25850,100,0.39,51492,1322297250
005810,풍산홀딩스,39900,40250,350,0.88,1529,61147900
033180,필룩스,6410,6570,160,2.5,3370923,22293918180
086790,하나금융지주,37500,37750,250,0.67,854691,32378618600
099340,하나니켈1호,810,818,8,0.99,202248,162963127
099350,하나니켈2호,1595,1620,25,1.57,525979,833820430
293480,하나제약,24250,24450,200,0.82,75584,1836307200
039130,하나투어,57300,57500,200,0.35,91903,5300675600
172580,하이골드12호,2850,2845,-5,-0.18,10544,30043725
153360,하이골드3호,1835,1835,0,0.0,22658,41574930
159650,하이골드8호,1745,1765,20,1.15,3266,5707610
071090,하이스틸,20950,21150,200,0.95,3973,83222150
019490,하이트론,4305,4225,-80,-1.86,8879,37946520
000080,하이트진로,21400,21500,100,0.47,295560,6333355250
000087,하이트진로2우B,16650,16600,-50,-0.3,567,9394500
000140,하이트진로홀딩스,9300,9320,20,0.22,4843,45081120
000145,하이트진로홀딩스우,9970,10000,30,0.3,11304,114286730
152550,한국ANKOR유전,1755,1760,5,0.28,63077,110429785
036460,한국가스공사,41400,41650,250,0.6,137270,5698290400
005430,한국공항,47950,48350,400,0.83,8405,403209600
071050,한국금융지주,74500,74600,100,0.13,100978,7480372500
071055,한국금융지주우,43900,43800,-100,-0.23,5041,221378400
010040,한국내화,5470,5590,120,2.19,278752,1550396080
025540,한국단자,63500,66200,2700,4.25,18426,1214074200
004090,한국석유,110500,113500,3000,2.71,1701,191631500
002960,한국쉘석유,325500,329500,4000,1.23,1043,341046500
123890,한국자산신탁,4160,4235,75,1.8,56269,236665265
015760,한국전력,25700,25350,-350,-1.36,1522660,38638389432
006200,한국전자홀딩스,786,798,12,1.53,105692,84570933
002300,한국제지,18400,18350,-50,-0.27,4118,75754200
023350,한국종합기술,4240,4340,100,2.36,38548,166146275
025890,한국주강,1790,1800,10,0.56,20781,37393035
000970,한국주철관,9910,9880,-30,-0.3,9654,95183660
104700,한국철강,6450,6540,90,1.4,68521,446431100
017960,한국카본,7900,8300,400,5.06,566491,4618137360
161890,한국콜마,63500,64000,500,0.79,111616,7105607500
024720,한국콜마홀딩스,30250,29800,-450,-1.49,61704,1843288550
161390,한국타이어앤테크놀로지,35750,36850,1100,3.08,232181,8506188950
000240,한국테크놀로지그룹,16450,16800,350,2.13,39557,662574950
034830,한국토지신탁,2395,2345,-50,-2.09,742834,1752847860
007280,한국특수형강,1700,1715,15,0.88,40535,69066590
168490,한국패러랠,2290,2280,-10,-0.44,35723,81448470
010100,한국프랜지,2105,2070,-35,-1.66,958166,1972811215
047810,한국항공우주,34450,34750,300,0.87,212245,7360598900
123690,한국화장품,10400,10500,100,0.96,68390,711787800
003350,한국화장품제조,30200,29650,-550,-1.82,16770,498716000
011500,한농화성,4205,4215,10,0.24,7609,31834050
002390,한독,26450,26500,50,0.19,34505,909587200
014790,한라,3670,3720,50,1.36,97475,361495855
060980,한라홀딩스,40200,40900,700,1.74,11301,460664150
053690,한미글로벌,10950,10950,0,0.0,64921,711224250
042700,한미반도체,7280,7400,120,1.65,216866,1594414980
008930,한미사이언스,67500,68300,800,1.19,20500,1398958200
128940,한미약품,407500,411500,4000,0.98,12151,4989113500
009240,한샘,83300,77300,-6000,-7.2,398950,31389038600
020000,한섬,40250,40450,200,0.5,47723,1926597600
003680,한성기업,6440,6540,100,1.55,43220,280046400
105630,한세실업,22900,23150,250,1.09,87526,2033689200
069640,한세엠케이,5700,5610,-90,-1.58,22355,126113120
016450,한세예스24홀딩스,8660,8720,60,0.69,43897,381909070
010420,한솔PNS,1435,1705,270,18.82,6410195,10943485085
009180,한솔로지스틱스,1380,1420,40,2.9,179579,251481600
213500,한솔제지,14050,14200,150,1.07,41614,589130300
014680,한솔케미칼,80400,80000,-400,-0.5,27147,2176265900
004710,한솔테크닉스,7850,8070,220,2.8,637031,5066010930
004150,한솔홀딩스,4640,4660,20,0.43,91271,427435965
025750,한솔홈데코,1360,1375,15,1.1,401913,551092835
004960,한신공영,18150,18150,0,0.0,20058,363344700
011700,한신기계,2015,2025,10,0.5,47842,97079720
001750,한양증권,7430,7500,70,0.94,22770,170322020
001755,한양증권우,8550,8550,0,0.0,467,3990620
018880,한온시스템,11550,12050,500,4.33,683434,8139721650
009420,한올바이오파마,27500,27350,-150,-0.55,142841,3921123550
014130,한익스프레스,7050,7070,20,0.28,221023,1565365870
300720,한일시멘트,133000,131500,-1500,-1.13,3064,403503500
002220,한일철강,2045,2065,20,0.98,53077,107812720
006390,한일현대시멘트,33000,33350,350,1.06,27855,926623950
003300,한일홀딩스,52400,53500,1100,2.1,7173,380210800
051600,한전KPS,31400,32050,650,2.07,106136,3377561250
052690,한전기술,21150,21350,200,0.95,59018,1262177750
130660,한전산업,3465,3500,35,1.01,24721,86601955
002320,한진,46950,45700,-1250,-2.66,118206,5410858500
097230,한진중공업,7150,7000,-150,-2.1,258170,1818035580
003480,한진중공업홀딩스,3460,3420,-40,-1.16,32209,109636205
180640,한진칼,45000,43400,-1600,-3.56,1792117,78078488450
18064K,한진칼우,64300,62000,-2300,-3.58,220712,13918725300
005110,한창,3230,3250,20,0.62,2063259,6717593625
009460,한창제지,3485,3610,125,3.59,6288840,22812478170
000880,한화,25800,26250,450,1.74,87982,2302550100
00088K,한화3우B,13600,13750,150,1.1,24913,341002350
027390,한화갤러리아타임월드,23550,23600,50,0.21,10275,240753800
088350,한화생명,3215,3210,-5,-0.16,1211179,3884496490
000370,한화손해보험,4150,4160,10,0.24,104366,435869880
012450,한화에어로스페이스,31400,32600,1200,3.82,326837,10605618150
000885,한화우,34500,34350,-150,-0.43,65464,2289246150
009830,한화케미칼,21350,21350,0,0.0,318655,6787750600
009835,한화케미칼우,13500,13550,50,0.37,26637,360185550
003530,한화투자증권,2365,2370,5,0.21,308688,731648310
003535,한화투자증권우,2455,2400,-55,-2.24,50347,121418820
195870,해성디에스,15450,15700,250,1.62,41652,648158550
101530,해태제과식품,9500,9720,220,2.32,33411,323163090
143210,핸즈코퍼레이션,6460,6530,70,1.08,18137,117823410
000720,현대건설,52000,53800,1800,3.46,890998,47853663400
267270,현대건설기계,40850,40400,-450,-1.1,112603,4551576700
000725,현대건설우,163500,166000,2500,1.53,372,61651500
005440,현대그린푸드,12400,12550,150,1.21,73417,922159050
086280,현대글로비스,161000,166500,5500,3.42,162825,26949455500
064350,현대로템,19300,20150,850,4.4,771690,15378265150
079430,현대리바트,18300,18450,150,0.82,50516,928954000
012330,현대모비스,220000,225500,5500,2.5,176237,39542076000
010620,현대미포조선,49750,50100,350,0.7,87938,4399622200
069960,현대백화점,84400,84200,-200,-0.24,37384,3143249800
004560,현대비앤지스틸,8760,8840,80,0.91,31804,279398950
004565,현대비앤지스틸우,66300,66700,400,0.6,350,23299300
011760,현대상사,21900,22200,300,1.37,84809,1882597800
011200,현대상선,3365,3450,85,2.53,614371,2113810495
004310,현대약품,4635,4660,25,0.54,107370,499345395
126560,현대에이치씨엔,3970,4000,30,0.76,15250,60643565
017800,현대엘리베이,83700,87900,4200,5.02,422009,36615849000
307950,현대오토에버,61600,65300,3700,6.01,47809,3065701000
011210,현대위아,42650,45200,2550,5.98,258965,11621188150
267260,현대일렉트릭,18200,17950,-250,-1.37,76311,1371718350
004020,현대제철,40100,40850,750,1.87,292974,11880244900
009540,현대중공업,116500,117000,500,0.43,132620,15409707000
267250,현대중공업지주,309500,312000,2500,0.81,22685,7062647500
005380,현대차,140000,143000,3000,2.14,468996,66627155500
005387,현대차2우B,87200,87700,500,0.57,51502,4516010500
005389,현대차3우B,75000,75900,900,1.2,8061,610698800
005385,현대차우,79600,81100,1500,1.88,43179,3474646100
001500,현대차증권,10100,10100,0,0.0,49632,498007390
227840,현대코퍼레이션홀딩스,14200,14400,200,1.41,40075,574191500
001450,현대해상,29850,30650,800,2.68,320329,9705388300
057050,현대홈쇼핑,91200,91600,400,0.44,23611,2165895000
093240,형지엘리트,1910,1870,-40,-2.09,1023960,1937866040
003010,혜인,5270,5490,220,4.17,839083,4573942800
111110,호전실업,13450,13500,50,0.37,2631,35411850
008770,호텔신라,93500,94100,600,0.64,223663,20991285300
008775,호텔신라우,55000,54600,-400,-0.73,2452,133938500
002460,화성산업,13450,13500,50,0.37,32964,441280300
013520,화승알앤에이,2055,2145,90,4.38,77533,164124365
241590,화승엔터프라이즈,15450,15700,250,1.62,145087,2288049800
006060,화승인더,10300,10250,-50,-0.49,152000,1572900600
010690,화신,2975,2950,-25,-0.84,45132,132405145
133820,화인베스틸,3640,3635,-5,-0.14,728731,2645131995
010660,화천기계,2380,2490,110,4.62,339638,835600055
000850,화천기공,42000,42250,250,0.6,1416,59686700
016580,환인제약,18250,18450,200,1.1,44797,822944300
032560,황금에스티,8210,8350,140,1.71,53655,444682000
004800,효성,75100,75400,300,0.4,42250,3172917500
094280,효성ITX,10350,10500,150,1.45,12888,133387500
298040,효성중공업,34100,33950,-150,-0.44,20305,689183200
298050,효성첨단소재,111500,110500,-1000,-0.9,12098,1338254000
298020,효성티앤씨,140500,141500,1000,0.71,2491,350886500
298000,효성화학,150000,151500,1500,1.0,10949,1656232000
093370,후성,7420,7440,20,0.27,359637,2675122300
081660,휠라코리아,78500,78700,200,0.25,449975,35368398400
005870,휴니드,8230,8210,-20,-0.24,39283,322755300
079980,휴비스,7230,7270,40,0.55,49905,361601080
005010,휴스틸,11550,11500,-50,-0.43,8353,96541200
069260,휴켐스,21150,21400,250,1.18,68644,1467523600
000540,흥국화재,4635,4635,0,0.0,11255,52198745
000547,흥국화재2우B,24000,23800,-200,-0.83,444,10531500
000545,흥국화재우,5940,5860,-80,-1.35,2310,13518950
003280,흥아해운,354,354,0,0.0,0,0
