티커,종목명,시가,종가,변동폭,등락률,거래량,거래대금
095570,AJ네트웍스,4650,4540,-110,-2.37,34971,158312685
068400,AJ렌터카,10500,10100,-400,-3.81,88723,902998750
006840,AK홀딩스,34450,32750,-1700,-4.93,21743,718824500
027410,BGF,5820,5670,-150,-2.58,255858,1435394720
282330,BGF리테일,195500,199000,3500,1.79,29794,5898225000
138930,BNK금융지주,6520,6460,-60,-0.92,452305,2920633500
001460,BYC,229000,228000,-1000,-0.44,978,222372000
001465,BYC우,131000,128000,-3000,-2.29,771,99907000
001040,CJ,80100,78000,-2100,-2.62,50205,3923814000
079160,CJCGV,34250,33400,-850,-2.48,72619,2429772500
00104K,CJ4우전환,56100,54700,-1400,-2.5,15880,873304200
000120,CJ대한통운,143000,141000,-2000,-1.4,14665,2069084000
011150,CJ씨푸드,3380,3425,45,1.33,7141238,24815803005
011155,CJ씨푸드1우,35850,34800,-1050,-2.93,131751,4975591400
001045,CJ우,41500,40550,-950,-2.29,5962,242162300
097950,CJ제일제당,229500,225000,-4500,-1.96,37768,8481975500
097955,CJ제일제당우,105500,103000,-2500,-2.37,7961,819272500
037560,CJ헬로,5440,6150,710,13.05,9351762,60451251140
000590,CS홀딩스,59000,58300,-700,-1.19,163,9429900
012030,DB,773,761,-12,-1.55,550579,419193703
016610,DB금융투자,4350,4225,-125,-2.87,69717,294775850
005830,DB손해보험,47850,47600,-250,-0.52,128892,6135217000
000990,DB하이텍,14800,14250,-550,-3.72,484590,6909311600
000995,DB하이텍1우,36400,34700,-1700,-4.67,910,31731850
139130,DGB금융지주,6870,6770,-100,-1.46,425186,2884382250
001530,DI동일,79500,76700,-2800,-3.52,4375,339489700
004840,DRB동일,5230,5200,-30,-0.57,3785,19429680
155660,DSR,4050,3950,-100,-2.47,34620,136324530
069730,DSR제강,4265,4100,-165,-3.87,46605,191235805
017940,E1,49000,48400,-600,-1.22,4205,203230250
007700,FF,81700,78500,-3200,-3.92,99628,7851460200
114090,GKL,19100,19100,0,0.0,86861,1645509500
078930,GS,46750,45850,-900,-1.93,115011,5262460400
006360,GS건설,31650,31000,-650,-2.05,167197,5223927000
001250,GS글로벌,2465,2395,-70,-2.84,255376,610482020
007070,GS리테일,38050,38000,-50,-0.13,145514,5510419000
078935,GS우,35000,34900,-100,-0.29,3520,122620800
012630,HDC,12500,12250,-250,-2.0,172111,2112898900
039570,HDC아이콘트롤스,9400,9160,-240,-2.55,7240,66300700
089470,HDC현대EP,4900,4800,-100,-2.04,69870,327758645
294870,HDC현대산업개발,35600,34750,-850,-2.39,47999,1684063550
082740,HSD엔진,3265,3135,-130,-3.98,112365,353815015
003560,IHQ,1785,1720,-65,-3.64,1020624,1776236675
175330,JB금융지주,5460,5350,-110,-2.01,312867,1679347310
234080,JW생명과학,22900,22300,-600,-2.62,56026,1248160800
001060,JW중외제약,26450,26100,-350,-1.32,40824,1064735200
001067,JW중외제약2우B,37850,37450,-400,-1.06,30,1125250
001065,JW중외제약우,25600,24600,-1000,-3.91,81,2021250
096760,JW홀딩스,5900,5890,-10,-0.17,152019,892252840
105560,KB금융,39000,38500,-500,-1.28,754117,29057080350
002380,KCC,219500,213000,-6500,-2.96,13147,2819947500
009070,KCTC,2925,2835,-90,-3.08,45792,130135665
009440,KC그린홀딩스,3940,3745,-195,-4.95,62994,238620290
119650,KC코트렐,6290,6130,-160,-2.54,70531,433534590
092220,KEC,1135,1095,-40,-3.52,819608,903626885
001390,KG케미칼,10850,10400,-450,-4.15,49348,518550800
001940,KISCO홀딩스,12300,12250,-50,-0.41,16811,202332550
025000,KPX케미칼,54600,54700,100,0.18,2983,162571600
092230,KPX홀딩스,54000,53600,-400,-0.74,1081,57982900
000040,KR모터스,500,491,-9,-1.8,372134,182560889
044450,KSS해운,6750,6630,-120,-1.78,23098,152909730
030200,KT,27000,27000,0,0.0,353729,9540834950
033780,KTG,101500,101000,-500,-0.49,206719,21057720500
030210,KTB투자증권,2450,2350,-100,-4.08,180023,425405300
058850,KTcs,2055,2010,-45,-2.19,31233,62628565
058860,KTis,2180,2135,-45,-2.06,51098,108279465
093050,LF,20200,19550,-650,-3.22,136525,2661809550
003550,LG,70200,69800,-400,-0.57,95146,6654624600
034220,LG디스플레이,12850,12500,-350,-2.72,1378767,17354991700
001120,LG상사,17050,16650,-400,-2.35,95190,1592307550
051900,LG생활건강,1150000,1137000,-13000,-1.13,18797,21278180000
051905,LG생활건강우,700000,691000,-9000,-1.29,1639,1127159000
003555,LG우,44550,44400,-150,-0.34,1032,45646050
032640,LG유플러스,12350,12300,-50,-0.4,1072602,13242154950
011070,LG이노텍,100500,94400,-6100,-6.07,418067,39362910100
066570,LG전자,60700,59500,-1200,-1.98,385090,22996888400
066575,LG전자우,25450,24700,-750,-2.95,25868,642639850
108670,LG하우시스,59600,58500,-1100,-1.85,14069,828089200
108675,LG하우시스우,28950,28800,-150,-0.52,112,3215950
051910,LG화학,329500,323500,-6000,-1.82,179599,58513947073
051915,LG화학우,165500,162500,-3000,-1.81,11299,1853150000
079550,LIG넥스원,31250,31200,-50,-0.16,94158,2935367600
006260,LS,44300,44300,0,0.0,61940,2732505900
000680,LS네트웍스,2460,2370,-90,-3.66,132625,311563390
010120,LS산전,44450,44400,-50,-0.11,38791,1703480150
229640,LS전선아시아,7500,7200,-300,-4.0,76217,549819770
023150,MH에탄올,6160,6050,-110,-1.79,8915,53528920
035420,NAVER,148500,143500,-5000,-3.37,423695,61239210000
181710,NHN,61000,59500,-1500,-2.46,57371,3461612200
005940,NH투자증권,12200,11950,-250,-2.05,572422,6854400900
005945,NH투자증권우,8570,8470,-100,-1.17,73040,618666020
034310,NICE,19500,19500,0,0.0,42410,821050500
008260,NI스틸,2230,2155,-75,-3.36,87847,189575625
004250,NPC,4010,3960,-50,-1.25,37246,145219500
004255,NPC우,2340,2310,-30,-1.28,5898,13450080
010060,OCI,68100,66100,-2000,-2.94,87770,5841373300
005490,POSCO,207500,203500,-4000,-1.93,198328,40391359500
100840,STC,17150,16900,-250,-1.46,28788,492793850
064960,ST모티브,51900,51300,-600,-1.16,30707,1574862850
003570,ST중공업,6110,6020,-90,-1.47,8619,51516640
036530,ST홀딩스,15550,15100,-450,-2.89,3483,52993950
010950,S-Oil,92700,91200,-1500,-1.62,162091,14704405800
010955,S-Oil우,54900,54400,-500,-0.91,3442,185226900
034120,SBS,16300,16050,-250,-1.53,38728,622313750
101060,SBS미디어홀딩스,2100,2045,-55,-2.62,16905,34614535
004060,SG세계물산,1005,961,-44,-4.38,1425167,1389644768
001380,SG충방,1865,1760,-105,-5.63,179529,320171565
002360,SH에너지화학,1045,1010,-35,-3.35,605489,615274770
009160,SIMPAC,2805,2620,-185,-6.6,206976,553479350
123700,SJM,2980,2920,-60,-2.01,6330,18592370
025530,SJM홀딩스,3015,2940,-75,-2.49,4891,14535865
034730,SK,197000,194500,-2500,-1.27,120075,23354701500
011790,SKC,44750,44650,-100,-0.22,239192,10688601700
018670,SK가스,74900,73300,-1600,-2.14,13911,1024129700
001740,SK네트웍스,5290,5210,-80,-1.51,497368,2575367020
001745,SK네트웍스우,94000,91600,-2400,-2.55,4628,428695300
006120,SK디스커버리,22550,22100,-450,-2.0,15449,341489500
006125,SK디스커버리우,14550,14100,-450,-3.09,7424,104670450
210980,SK디앤디,27900,27900,0,0.0,15467,430424750
03473K,SK우,132500,130000,-2500,-1.89,729,94757500
096770,SK이노베이션,161500,159000,-2500,-1.55,108358,17221690000
096775,SK이노베이션우,116000,113000,-3000,-2.59,4788,545188000
001510,SK증권,613,604,-9,-1.47,824539,496594937
001515,SK증권우,2685,2630,-55,-2.05,10874,28498285
285130,SK케미칼,44150,43400,-750,-1.7,27558,1196371400
28513K,SK케미칼우,19950,19200,-750,-3.76,12972,251425200
017670,SK텔레콤,237000,235500,-1500,-0.63,96680,22728977500
000660,SK하이닉스,74400,71800,-2600,-3.49,2645491,190587825900
005610,SPC삼립,87100,86300,-800,-0.92,2927,252507500
011810,STX,8230,8040,-190,-2.31,59641,475389370
077970,STX엔진,7380,7080,-300,-4.07,125154,895654390
071970,STX중공업,3150,2725,-425,-13.49,1033033,2951882660
084870,TBH글로벌,3265,3310,45,1.38,732495,2380984760
002710,TCC스틸,2550,2650,100,3.92,274435,714109570
024070,WISCOM,2630,2560,-70,-2.66,9160,23733985
037270,YGPLUS,1120,1070,-50,-4.46,153018,164973925
000500,가온전선,16900,16850,-50,-0.3,7270,122350050
000860,강남제비스코,23300,22700,-600,-2.58,4650,105891850
035250,강원랜드,28200,28100,-100,-0.35,181548,5084423000
011420,갤럭시아에스엠,2425,2370,-55,-2.27,375003,886421210
002100,경농,13650,13000,-650,-4.76,151854,1989286900
009450,경동나비엔,40150,38700,-1450,-3.61,57456,2233125900
267290,경동도시가스,26000,25500,-500,-1.92,4691,119561400
012320,경동인베스트,33000,31750,-1250,-3.79,3281,104375750
000050,경방,9800,9650,-150,-1.53,9896,95733830
214390,경보제약,8470,8230,-240,-2.83,33411,277020490
012610,경인양행,8220,8080,-140,-1.7,1496642,12247999740
009140,경인전자,20200,19750,-450,-2.23,2038,40180550
013580,계룡건설,22850,22550,-300,-1.31,3037,68652350
012200,계양전기,2950,2840,-110,-3.73,43522,123818975
012205,계양전기우,7590,7280,-310,-4.08,12099,88642690
004200,고려개발,4200,4200,0,0.0,0,0
002140,고려산업,3205,3005,-200,-6.24,863580,2663294085
010130,고려아연,432000,427500,-4500,-1.04,17137,7357235500
002240,고려제강,22900,22900,0,0.0,4330,99361700
009290,광동제약,7240,7060,-180,-2.49,190728,1352317650
017040,광명전기,2040,1990,-50,-2.45,164042,327178010
017900,광전자,2160,2095,-65,-3.01,200047,418366715
037710,광주신세계,165000,165000,0,0.0,1224,200123500
030610,교보증권,9570,9400,-170,-1.78,35151,330025080
007690,국도화학,43650,43200,-450,-1.03,4726,204488550
005320,국동,1570,1490,-80,-5.1,488631,737855800
002720,국제약품,3975,3840,-135,-3.4,90035,346194440
083420,그린케미칼,3370,3305,-65,-1.93,9805,32367440
014530,극동유화,3375,3305,-70,-2.07,36234,120189820
014280,금강공업,4010,3875,-135,-3.37,260824,1013819535
014285,금강공업우,8860,8670,-190,-2.14,11279,96485460
008870,금비,63800,62800,-1000,-1.57,322,20236500
001570,금양,2170,2170,0,0.0,30780,65863615
002990,금호산업,12800,12000,-800,-6.25,128146,1577348050
002995,금호산업우,54700,53000,-1700,-3.11,21209,1135867100
011780,금호석유,71800,68600,-3200,-4.46,178761,12329065700
011785,금호석유우,29650,28750,-900,-3.04,14708,426018850
214330,금호에이치티,3715,3520,-195,-5.25,60214,214284650
001210,금호전기,2300,2125,-175,-7.61,161778,343711210
073240,금호타이어,4160,4100,-60,-1.44,348242,1419768155
092440,기신정기,3635,3480,-155,-4.26,46738,163078580
000270,기아차,42350,42100,-250,-0.59,556090,23386976600
024110,기업은행,12150,11950,-200,-1.65,981235,11755911950
013700,까뮤이앤씨,1245,1225,-20,-1.61,119444,145058690
004540,깨끗한나라,2475,2355,-120,-4.85,456923,1084336545
004545,깨끗한나라우,19300,18200,-1100,-5.7,55369,1030425400
074610,나노메딕스,8120,8190,70,0.86,3349605,27323955290
001260,남광토건,11050,10450,-600,-5.43,18875,200570850
008350,남선알미늄,3530,3505,-25,-0.71,2525556,8822918815
008355,남선알미우,38000,37650,-350,-0.92,8144,306772200
004270,남성,3945,3670,-275,-6.97,1670871,6329768900
003920,남양유업,536000,531000,-5000,-0.93,235,124954000
003925,남양유업우,183000,181500,-1500,-0.82,7,1271500
002070,남영비비안,19500,18200,-1300,-6.67,281296,5416010850
025860,남해화학,8810,8650,-160,-1.82,48030,416781280
005720,넥센,5820,5750,-70,-1.2,24163,138519210
005725,넥센우,3590,3615,25,0.7,94,342020
002350,넥센타이어,9120,9160,40,0.44,75214,687517440
002355,넥센타이어1우B,3985,3985,0,0.0,445,1770045
003580,넥스트사이언스,3410,3350,-60,-1.76,110003,366260465
251270,넷마블,94200,92600,-1600,-1.7,122911,11379357200
090350,노루페인트,7200,7030,-170,-2.36,46078,324842560
090355,노루페인트우,11350,11050,-300,-2.64,2575,28750150
000320,노루홀딩스,10900,10700,-200,-1.83,3195,34472350
000325,노루홀딩스우,17300,17250,-50,-0.29,583,10024050
006280,녹십자,108000,106000,-2000,-1.85,14051,1491991000
005250,녹십자홀딩스,19050,18650,-400,-2.1,42847,802273000
005257,녹십자홀딩스2우,15800,15700,-100,-0.63,148,2316900
004370,농심,229500,225500,-4000,-1.74,6853,1548600000
072710,농심홀딩스,76200,77400,1200,1.57,1608,123363100
058730,다스코,5980,5820,-160,-2.68,44995,258310910
023590,다우기술,20150,19550,-600,-2.98,34159,675295900
019680,대교,6060,6110,50,0.83,39021,236887990
019685,대교우B,4185,4185,0,0.0,1652,6913555
006370,대구백화점,5500,5330,-170,-3.09,3237,17399140
008060,대덕전자,9530,9230,-300,-3.15,506514,4685529980
00806K,대덕전자1우,6100,6010,-90,-1.48,1094,6584620
000490,대동공업,5950,5790,-160,-2.69,244425,1398680130
008110,대동전자,3935,4050,115,2.92,10843,42565810
005750,대림BCo,3975,3860,-115,-2.89,9268,36022480
000210,대림산업,97000,94900,-2100,-2.16,51694,4940717400
000215,대림산업우,39200,38850,-350,-0.89,5327,208183350
004440,대림씨엔에스,7300,7110,-190,-2.6,4962,35445040
006570,대림통상,4000,3965,-35,-0.88,1552,6043880
001680,대상,21350,21000,-350,-1.64,83207,1751655500
001685,대상우,12400,12200,-200,-1.61,4515,54986150
084690,대상홀딩스,6700,6470,-230,-3.43,21297,138492680
084695,대상홀딩스우,6370,6210,-160,-2.51,32305,201881970
128820,대성산업,3965,3885,-80,-2.02,71179,277706400
117580,대성에너지,5220,5210,-10,-0.19,8659,45205870
016710,대성홀딩스,7690,7700,10,0.13,4354,33230600
003540,대신증권,11900,11500,-400,-3.36,98447,1139886100
003547,대신증권2우B,8220,8140,-80,-0.97,27507,222553390
003545,대신증권우,9000,8900,-100,-1.11,26811,238709070
009190,대양금속,11100,10500,-600,-5.41,67643,713354950
014160,대영포장,1170,1120,-50,-4.27,844230,955204735
047040,대우건설,4060,3945,-115,-2.83,455376,1811661920
009320,대우부품,2000,1930,-70,-3.5,370398,721328720
042660,대우조선해양,26650,25600,-1050,-3.94,193759,4959123000
003090,대웅,15700,15250,-450,-2.87,31688,487250050
069620,대웅제약,162500,157000,-5500,-3.38,16347,2589748000
000430,대원강업,3870,3825,-45,-1.16,20946,80947060
006340,대원전선,1145,1080,-65,-5.68,339348,371961255
006345,대원전선우,2870,2725,-145,-5.05,5533,15221455
003220,대원제약,14700,14600,-100,-0.68,14524,209756900
024890,대원화성,1380,1350,-30,-2.17,22700,30402675
002880,대유에이텍,928,908,-20,-2.16,176771,160255193
000300,대유플러스,832,801,-31,-3.73,192990,156053063
012800,대창,1200,1225,25,2.08,4260709,5136100180
015230,대창단조,38200,38950,750,1.96,4163,157532850
001070,대한방직,20500,20050,-450,-2.2,3883,78003500
006650,대한유화,115500,109500,-6000,-5.19,48772,5389957000
001440,대한전선,597,572,-25,-4.19,707938,406839422
084010,대한제강,6730,6610,-120,-1.78,41748,275664130
001790,대한제당,18250,18200,-50,-0.27,2169,39656200
001799,대한제당3우B,21300,21300,0,0.0,361,7600700
001795,대한제당우,12450,12350,-100,-0.8,235,2887650
001130,대한제분,179000,179000,0,0.0,1389,248445000
003490,대한항공,22850,22100,-750,-3.28,383963,8555395800
003495,대한항공우,14050,13700,-350,-2.49,17208,235344350
005880,대한해운,22100,21250,-850,-3.85,113919,2435178550
003830,대한화섬,94100,92400,-1700,-1.81,162,14962900
016090,대현,2570,2475,-95,-3.7,67999,169898650
069460,대호에이엘,4555,4245,-310,-6.81,212227,908151925
192080,더블유게임즈,56500,55200,-1300,-2.3,69003,3766930900
012510,더존비즈온,56800,54600,-2200,-3.87,149068,8221103800
004830,덕성,3450,3140,-310,-8.99,409245,1332183170
004835,덕성우,3845,3730,-115,-2.99,18307,68482790
024900,덕양산업,1180,1135,-45,-3.81,93788,106966935
145720,덴티움,71100,67800,-3300,-4.64,35994,2469788100
002150,도화엔지니어링,10150,10150,0,0.0,280105,2839530830
001230,동국제강,6140,5850,-290,-4.72,504765,2965881820
023450,동남합성,24050,24050,0,0.0,517,12421100
004140,동방,1680,1605,-75,-4.46,234970,380327340
007590,동방아그로,6400,6270,-130,-2.03,22170,139378960
005960,동부건설,8980,8800,-180,-2.0,19077,167211210
005965,동부건설우,19750,19900,150,0.76,513,10071400
016380,동부제철,5920,5930,10,0.17,10022,59027250
016385,동부제철우,27400,27250,-150,-0.55,1524,41436800
083370,동북아12호,4990,4990,0,0.0,0,0
083380,동북아13호,4970,4905,-65,-1.31,1,4905
026960,동서,17800,17750,-50,-0.28,45831,816485200
002210,동성제약,16800,16100,-700,-4.17,432659,7084792550
102260,동성코퍼레이션,5500,5470,-30,-0.55,50879,275663660
005190,동성화학,16650,16300,-350,-2.1,27843,449599100
000640,동아쏘시오홀딩스,87500,88000,500,0.57,8064,705233600
170900,동아에스티,83300,82000,-1300,-1.56,16500,1346262400
028100,동아지질,23350,21850,-1500,-6.42,206068,4559675600
282690,동아타이어,12350,12350,0,0.0,2524,30973750
001520,동양,1585,1565,-20,-1.26,93095,144666620
001527,동양2우B,9830,9800,-30,-0.31,18,176870
001529,동양3우B,28050,27350,-700,-2.5,345,9490150
084670,동양고속,26050,26100,50,0.19,1045,27051250
030790,동양네트웍스,1505,1420,-85,-5.65,609102,877393890
002900,동양물산,1365,1315,-50,-3.66,264788,347058810
082640,동양생명,3635,3585,-50,-1.38,56246,202564225
001525,동양우,7710,7700,-10,-0.13,236,1813000
008970,동양철관,1130,1095,-35,-3.1,761237,832309610
092780,동양피스톤,4500,4405,-95,-2.11,30028,131245355
049770,동원FB,215000,210000,-5000,-2.33,9584,2014965500
018500,동원금속,830,828,-2,-0.24,40244,32639499
006040,동원산업,224500,224500,0,0.0,2502,554979500
030720,동원수산,9610,9300,-310,-3.23,721643,6929171130
014820,동원시스템즈,34300,34550,250,0.73,31708,1093295700
014825,동원시스템즈우,27000,27050,50,0.19,134,3619450
163560,동일고무벨트,5350,5190,-160,-2.99,10795,56355250
004890,동일산업,57700,57200,-500,-0.87,1987,113257900
002690,동일제강,2685,2595,-90,-3.35,36628,95751165
000020,동화약품,8860,8930,70,0.79,30632,268427970
000150,두산,100500,98700,-1800,-1.79,34497,3411869300
000157,두산2우B,76400,74100,-2300,-3.01,220,15576000
011160,두산건설,1280,1265,-15,-1.17,132859,166933645
241560,두산밥캣,35800,35300,-500,-1.4,91187,3215750750
000155,두산우,74900,74300,-600,-0.8,1365,101313400
042670,두산인프라코어,6120,6040,-80,-1.31,850757,5145093220
034020,두산중공업,5890,5740,-150,-2.55,754581,4341782290
016740,두올,2895,2835,-60,-2.07,114046,323266575
192650,드림텍,6440,6040,-400,-6.21,276257,1687027120
024090,디씨엠,11550,11550,0,0.0,3633,41567600
003160,디아이,3110,2970,-140,-4.5,128266,382635935
092200,디아이씨,2695,2425,-270,-10.02,2150828,5300044020
013570,디와이,4860,4700,-160,-3.29,68563,324457965
210540,디와이파워,10850,10050,-800,-7.37,142941,1458519200
007340,디티알오토모티브,30450,30500,50,0.16,2690,81388550
026890,디피씨,4605,4355,-250,-5.43,476807,2110314550
115390,락앤락,12550,11550,-1000,-7.97,474047,5528326400
032350,롯데관광개발,12450,12950,500,4.02,357786,4609931750
000400,롯데손해보험,1820,1775,-45,-2.47,609160,1086086065
023530,롯데쇼핑,133000,132000,-1000,-0.75,99121,13134656000
004000,롯데정밀화학,43500,41900,-1600,-3.68,67754,2851463700
286940,롯데정보통신,41950,40750,-1200,-2.86,32993,1368237700
280360,롯데제과,150000,155000,5000,3.33,3293,510690000
004990,롯데지주,32600,32250,-350,-1.07,102523,3309372050
00499K,롯데지주우,46650,46150,-500,-1.07,3500,161608050
005300,롯데칠성,131000,127000,-4000,-3.05,19762,2518838000
005305,롯데칠성우,71200,70200,-1000,-1.4,200,13994100
011170,롯데케미칼,227500,217000,-10500,-4.62,123804,27151644000
002270,롯데푸드,432500,423500,-9000,-2.08,988,417888000
071840,롯데하이마트,31150,30400,-750,-2.41,49954,1519141000
027740,마니커,843,804,-39,-4.63,3778799,3064974004
204320,만도,32900,32350,-550,-1.67,195212,6317877950
001080,만호제강,16900,16750,-150,-0.89,1461,24221950
088980,맥쿼리인프라,11450,11400,-50,-0.44,190376,2178606550
094800,맵스리얼티1,4520,4490,-30,-0.66,82326,370031375
015540,메디파트너생명공학,9450,8980,-470,-4.97,133726,1217460850
138040,메리츠금융지주,12750,12750,0,0.0,31307,395674400
008560,메리츠종금증권,4775,4655,-120,-2.51,1123916,5239170735
000060,메리츠화재,18450,18100,-350,-1.9,135003,2450794550
090370,메타랩스,1390,1330,-60,-4.32,437378,577765275
017180,명문제약,4150,3950,-200,-4.82,139495,558764425
012690,모나리자,3750,3730,-20,-0.53,2036373,7833508895
005360,모나미,6930,6860,-70,-1.01,12404859,88797081740
204210,모두투어리츠,3000,2915,-85,-2.83,10954,31966625
009680,모토닉,8870,8660,-210,-2.37,24112,207871490
009580,무림PP,4485,4305,-180,-4.01,220481,964443275
009200,무림페이퍼,2695,2630,-65,-2.41,51463,135359775
033920,무학,9210,9040,-170,-1.85,118707,1072977590
008420,문배철강,2670,2570,-100,-3.75,62823,161553445
025560,미래산업,212,205,-7,-3.3,21504574,4439858278
007120,미래아이앤지,297,290,-7,-2.36,236193,67357191
006800,미래에셋대우,7340,7220,-120,-1.63,1074041,7743030810
00680K,미래에셋대우2우B,4000,3930,-70,-1.75,123070,486145760
006805,미래에셋대우우,4580,4490,-90,-1.97,14148,63873940
085620,미래에셋생명,3900,3820,-80,-2.05,35811,137077145
002840,미원상사,47000,50200,3200,6.81,39249,1925676350
268280,미원에스씨,71700,72000,300,0.42,2085,149289100
107590,미원홀딩스,38900,38550,-350,-0.9,1014,39161400
134380,미원화학,39800,39550,-250,-0.63,1105,43585050
003650,미창석유,79500,78600,-900,-1.13,408,31823100
155900,바다로19호,2940,2925,-15,-0.51,4368,12773580
003610,방림,2170,2115,-55,-2.53,1842,3918165
001340,백광산업,2620,2475,-145,-5.53,243884,610486345
014580,백광소재,3695,3610,-85,-2.3,1608381,5988981820
035150,백산,5840,5640,-200,-3.42,301803,1712153570
002410,범양건영,1480,1455,-25,-1.69,44442,64340020
096300,베트남개발1,422,422,0,0.0,236208,99659630
007210,벽산,1690,1610,-80,-4.73,416507,672209130
002760,보락,1920,1825,-95,-4.95,370227,684344035
003850,보령제약,12400,12500,100,0.81,472338,5855985350
000890,보해양조,1130,1095,-35,-3.1,3023196,3317080090
003000,부광약품,13900,13350,-550,-3.96,133274,1794736400
001270,부국증권,19100,18850,-250,-1.31,3339,62937650
001275,부국증권우,18350,18300,-50,-0.27,127,2322350
026940,부국철강,3580,3545,-35,-0.98,74852,263826540
015350,부산가스,34700,34850,150,0.43,984,34205950
011390,부산산업,101500,96500,-5000,-4.93,8513,830621000
005030,부산주공,550,527,-23,-4.18,185045,98925947
100220,비상교육,7890,7800,-90,-1.14,8322,65112870
101140,비티원,3180,3040,-140,-4.4,168370,512815780
005180,빙그레,57600,56000,-1600,-2.78,27880,1563688900
003960,사조대림,17150,16600,-550,-3.21,18012,302902800
008040,사조동아원,1130,1070,-60,-5.31,617550,674179030
007160,사조산업,41450,40300,-1150,-2.77,7356,297889300
014710,사조씨푸드,5280,5160,-120,-2.27,192755,1012904580
006090,사조오양,8350,7950,-400,-4.79,567562,4663002450
005090,삼광글라스,33450,32050,-1400,-4.19,14888,480829150
001470,삼부토건,674,652,-22,-3.26,216578,141251016
006400,삼성SDI,246500,242500,-4000,-1.62,189786,46084790000
006405,삼성SDI우,93400,92500,-900,-0.96,2313,212944600
006660,삼성공조,8910,8850,-60,-0.67,4344,38113700
028260,삼성물산,91200,90100,-1100,-1.21,274336,24747840700
02826K,삼성물산우B,68000,66800,-1200,-1.76,1922,128358000
207940,삼성바이오로직스,283500,271500,-12000,-4.23,92053,25388695500
032830,삼성생명,66300,65800,-500,-0.75,135600,8897519500
018260,삼성에스디에스,196000,192500,-3500,-1.79,47991,9258744500
028050,삼성엔지니어링,15150,15100,-50,-0.33,446936,6740107050
009150,삼성전기,88300,84600,-3700,-4.19,1105933,94296955300
009155,삼성전기우,36400,35450,-950,-2.61,5416,191979900
005930,삼성전자,43950,43600,-350,-0.8,7954949,344832138542
005935,삼성전자우,36350,35900,-450,-1.24,1431303,51403827350
001360,삼성제약,2010,2610,600,29.85,1785431,4517733235
010140,삼성중공업,7480,7360,-120,-1.6,2264237,16616415090
010145,삼성중공우,55300,53100,-2200,-3.98,2797,150779900
016360,삼성증권,34900,34100,-800,-2.29,130606,4467295700
068290,삼성출판사,13600,12900,-700,-5.15,69825,925644350
029780,삼성카드,32150,32150,0,0.0,66834,2137535950
000810,삼성화재,227500,226000,-1500,-0.66,74384,16813485500
000815,삼성화재우,162000,159500,-2500,-1.54,6313,1009618000
006110,삼아알미늄,4345,4230,-115,-2.65,17893,75807430
145990,삼양사,49550,49100,-450,-0.91,4377,214343900
145995,삼양사우,34650,34500,-150,-0.43,41,1414500
003230,삼양식품,73300,72300,-1000,-1.36,31283,2245083900
002170,삼양통상,61600,61000,-600,-0.97,4550,276521700
272550,삼양패키징,16850,16350,-500,-2.97,10826,177510900
000070,삼양홀딩스,59000,57900,-1100,-1.86,10286,595600100
000075,삼양홀딩스우,43050,41150,-1900,-4.41,635,26719600
002810,삼영무역,15950,15900,-50,-0.31,19616,312203650
005680,삼영전자,9630,9370,-260,-2.7,26110,244918610
003720,삼영화학,1005,1000,-5,-0.5,82760,83108407
023000,삼원강재,2760,2705,-55,-1.99,12011,32759935
004380,삼익THK,12000,11900,-100,-0.83,52373,624639200
002450,삼익악기,1820,1795,-25,-1.37,1587337,2862521325
000520,삼일제약,20900,19950,-950,-4.55,46711,931710300
009770,삼정펄프,33050,32800,-250,-0.76,823,27222750
005500,삼진제약,26650,26250,-400,-1.5,32294,846094650
004690,삼천리,83800,82000,-1800,-2.15,5048,414863400
001880,삼호,19600,19400,-200,-1.02,12604,242746300
010960,삼호개발,4510,4365,-145,-3.22,88487,386093570
004450,삼화왕관,46500,46050,-450,-0.97,264,12177750
009470,삼화전기,15300,14700,-600,-3.92,62823,926858400
011230,삼화전자,2795,2690,-105,-3.76,51774,138867720
001820,삼화콘덴서,40050,37500,-2550,-6.37,223965,8582822950
000390,삼화페인트,5450,5320,-130,-2.39,55626,298153180
001290,상상인증권,1535,1455,-80,-5.21,157621,232302565
041650,상신브레이크,3680,3620,-60,-1.63,17258,62230250
075180,새론오토모티브,4565,4630,65,1.42,12596,56740700
007540,샘표,42650,45000,2350,5.51,639480,29620398800
248170,샘표식품,31800,30700,-1100,-3.46,95193,3022675600
007860,서연,3455,3350,-105,-3.04,40056,136756670
200880,서연이화,5360,5050,-310,-5.78,110701,562087260
017390,서울가스,71600,70500,-1100,-1.54,85,6001000
004410,서울식품,191,184,-7,-3.66,2701600,499599491
004415,서울식품우,3815,3765,-50,-1.31,37417,140613730
021050,서원,1100,1080,-20,-1.82,482569,520316360
008490,서흥,31200,30650,-550,-1.76,12830,394494500
007610,선도전기,3175,3040,-135,-4.25,56481,172701260
136490,선진,10050,10100,50,0.5,13970,139810430
002820,선창산업,4620,4475,-145,-3.14,5421,24476635
014910,성문전자,2070,2000,-70,-3.38,96100,191649890
014915,성문전자우,11750,11100,-650,-5.53,8379,93073150
003080,성보화학,4735,4665,-70,-1.48,5651,26231485
004980,성신양회,7840,7530,-310,-3.95,186338,1421958670
004985,성신양회우,9890,9770,-120,-1.21,21268,209166960
011300,성안,498,476,-22,-4.42,154369,73085420
000180,성창기업지주,1815,1765,-50,-2.75,97815,171213645
002420,세기상사,56900,55400,-1500,-2.64,429,23690600
004360,세방,11900,11550,-350,-2.94,13103,151459550
004365,세방우,6790,6800,10,0.15,626,4249370
004490,세방전지,38300,38050,-250,-0.65,12802,485456800
001430,세아베스틸,15800,15850,50,0.32,21702,341851250
306200,세아제강,62200,61000,-1200,-1.93,3497,214522400
003030,세아제강지주,49350,48950,-400,-0.81,2590,126589450
019440,세아특수강,13150,13050,-100,-0.76,4761,61949550
058650,세아홀딩스,80800,80200,-600,-0.74,203,16292900
013000,세우글로벌,1660,1560,-100,-6.02,379527,606324550
091090,세원셀론텍,2710,2595,-115,-4.24,155329,407215910
021820,세원정공,8090,8090,0,0.0,0,0
067830,세이브존IC,3425,3420,-5,-0.15,19763,66946080
033530,세종공업,4465,4290,-175,-3.92,73624,318837110
075580,세진중공업,4735,4600,-135,-2.85,111040,506200940
027970,세하,1470,1450,-20,-1.36,15812,22912125
145210,세화아이엠씨,2990,2990,0,0.0,0,0
068270,셀트리온,151500,141500,-10000,-6.6,1170629,169109406000
004430,송원산업,18300,17550,-750,-4.1,157103,2787131700
017550,수산중공업,1370,1330,-40,-2.92,244610,326075865
002200,수출포장,18900,18400,-500,-2.65,9167,170153900
053210,스카이라이프,9370,9290,-80,-0.85,27615,257818540
134790,시디즈,37350,37350,0,0.0,1306,48442850
016590,신대양제지,68400,65800,-2600,-3.8,14628,968499300
029530,신도리코,40700,40300,-400,-0.98,5300,213186900
004970,신라교역,12650,12600,-50,-0.4,16791,209703700
011930,신성이엔지,1110,1080,-30,-2.7,368267,397058320
005390,신성통상,2230,2165,-65,-2.91,10238570,22430241775
004170,신세계,226000,219500,-6500,-2.88,25620,5647073000
035510,신세계IC,109500,102000,-7500,-6.85,25990,2698471000
034300,신세계건설,25550,24700,-850,-3.33,2685,67113850
031430,신세계인터내셔날,183500,168000,-15500,-8.45,63747,10978951500
031440,신세계푸드,78600,78000,-600,-0.76,5857,454094900
006880,신송홀딩스,4460,4415,-45,-1.01,146790,658527720
005800,신영와코루,108500,108500,0,0.0,29,3103000
001720,신영증권,56100,56100,0,0.0,4925,277394800
001725,신영증권우,52200,51900,-300,-0.57,1320,68656400
009270,신원,2115,2035,-80,-3.78,1451189,2958058895
009275,신원우,54400,53100,-1300,-2.39,821,43122000
002700,신일산업,1605,1515,-90,-5.61,1996055,3075647200
019170,신풍제약,5670,5380,-290,-5.11,132853,723017000
019175,신풍제약우,5330,5060,-270,-5.07,3347,17205690
002870,신풍제지,1230,1200,-30,-2.44,39137,46630145
005450,신한,4945,4945,0,0.0,0,0
293940,신한알파리츠,7390,7390,0,0.0,77530,573865030
055550,신한지주,40350,39700,-650,-1.61,948017,37673361750
001770,신화실업,21250,20400,-850,-4.0,2661,54731500
004080,신흥,9590,9520,-70,-0.73,1335,12829410
102280,쌍방울,1120,1100,-20,-1.79,3716802,4135962450
003410,쌍용양회,5760,5790,30,0.52,766717,4445389530
003415,쌍용양회우,6280,6200,-80,-1.27,12436,77307020
003620,쌍용차,3030,2945,-85,-2.81,225387,668246235
004770,써니전자,3330,3295,-35,-1.05,2261362,7532644755
004920,씨아이테크,417,412,-5,-1.2,115860,47962562
112610,씨에스윈드,31300,29700,-1600,-5.11,44963,1349962600
008700,아남전자,2375,2250,-125,-5.26,626885,1432102405
002790,아모레G,55200,52100,-3100,-5.62,72436,3814785100
002795,아모레G우,22900,22150,-750,-3.28,2186,48548250
090430,아모레퍼시픽,124000,120500,-3500,-2.82,151020,18211206000
090435,아모레퍼시픽우,70000,67700,-2300,-3.29,10969,736491800
002030,아세아,111500,110500,-1000,-0.9,2411,266209000
183190,아세아시멘트,85500,85100,-400,-0.47,6027,518696100
002310,아세아제지,30850,29950,-900,-2.92,44949,1355753850
267850,아시아나IDT,20300,19300,-1000,-4.93,191760,3788701100
020560,아시아나항공,5510,5390,-120,-2.18,1470624,8052903100
122900,아이마켓코리아,11650,11250,-400,-3.43,68204,773745650
010780,아이에스동서,30000,28950,-1050,-3.5,77473,2273732150
033660,아주캐피탈,10600,10450,-150,-1.42,24921,259893100
001780,알루코,2410,2340,-70,-2.9,151558,354093070
018250,애경산업,31500,30650,-850,-2.7,108391,3331395300
161000,애경유화,7240,7020,-220,-3.04,138292,975723290
011090,에넥스,1090,1015,-75,-6.88,550210,570488460
005850,에스엘,21600,21300,-300,-1.39,55564,1180993800
012750,에스원,99500,101000,1500,1.51,39562,3974712600
023960,에쓰씨엔지니어링,1415,1395,-20,-1.41,72427,99517885
298690,에어부산,6960,6640,-320,-4.6,2814241,19494205870
140910,에이리츠,6380,6310,-70,-1.1,18445,116506560
078520,에이블씨엔씨,10350,9940,-410,-3.96,40431,406137180
015260,에이엔피,376,370,-6,-1.6,62496,23138014
007460,에이프로젠KIC,2225,2000,-225,-10.11,3076179,6415140305
003060,에이프로젠제약,793,748,-45,-5.67,2439950,1847838290
036570,엔씨소프트,531000,531000,0,0.0,45583,24165915000
138250,엔에스쇼핑,10250,9900,-350,-3.41,13793,138008680
085310,엔케이,1120,1075,-45,-4.02,239536,258568365
009810,엔케이물산,838,872,34,4.06,2415772,2118688750
900140,엘브이엠씨홀딩스,2990,2990,0,0.0,133635,399890475
014440,영보화학,3370,3205,-165,-4.9,83576,269689630
111770,영원무역,35550,36350,800,2.25,112148,4040099500
009970,영원무역홀딩스,50400,51000,600,1.19,3190,159755150
003520,영진약품,4240,4080,-160,-3.77,499549,2050579685
000670,영풍,592000,587000,-5000,-0.84,699,408841000
006740,영풍제지,3065,2895,-170,-5.55,66906,195233705
012280,영화금속,1375,1320,-55,-4.0,454079,602405905
012160,영흥철강,1145,1090,-55,-4.8,266825,293113860
015360,예스코홀딩스,36000,35750,-250,-0.69,903,32264100
007310,오뚜기,569000,559000,-10000,-1.76,2603,1459205000
079440,오렌지라이프,24850,24750,-100,-0.4,165993,4138078600
002630,오리엔트바이오,425,408,-17,-4.0,679885,280487281
271560,오리온,87100,85300,-1800,-2.07,72746,6193159000
001800,오리온홀딩스,15600,15500,-100,-0.64,25303,391215450
070960,용평리조트,6570,6250,-320,-4.87,259043,1638837840
316140,우리금융지주,11550,11550,0,0.0,673615,7749753100
004720,우리들제약,5850,5680,-170,-2.91,45071,255390020
118000,우리들휴브레인,1980,1925,-55,-2.78,50952,98412445
010050,우리종금,660,641,-19,-2.88,2384945,1539093989
006980,우성사료,2960,2850,-110,-3.72,501656,1468662790
017370,우신시스템,5010,4850,-160,-3.19,14072,68297235
105840,우진,6080,6300,220,3.62,3148147,19170920180
010400,우진아이엔에스,8120,7810,-310,-3.82,41998,331408490
049800,우진플라임,3650,3650,0,0.0,14083,50800215
016880,웅진,1275,1250,-25,-1.96,178340,221295835
095720,웅진씽크빅,2065,1995,-70,-3.39,720183,1445640710
103130,웅진에너지,914,914,0,0.0,0,0
021240,웅진코웨이,80800,80300,-500,-0.62,104461,8367656000
005820,원림,18100,17500,-600,-3.31,2394,42394400
010600,웰바이오텍,3000,3060,60,2.0,741544,2323844660
008600,윌비스,1045,1025,-20,-1.91,328114,329702669
033270,유나이티드제약,19550,18900,-650,-3.32,32855,622288400
014830,유니드,44700,43850,-850,-1.9,23966,1058879650
000910,유니온,4845,5300,455,9.39,7078365,37629868155
047400,유니온머티리얼,2930,3070,140,4.78,10790428,33520076830
011330,유니켐,1730,1685,-45,-2.6,798623,1347248140
077500,유니퀘스트,6530,6390,-140,-2.14,101190,643157220
002920,유성기업,2690,2615,-75,-2.79,23286,61175690
000700,유수홀딩스,7040,6800,-240,-3.41,106718,727055730
003470,유안타증권,2655,2615,-40,-1.51,212093,550454950
003475,유안타증권우,1930,1885,-45,-2.33,9577,18066140
011690,유양디앤유,5720,5800,80,1.4,570617,3264602380
072130,유엔젤,3530,3335,-195,-5.52,29364,99917965
000220,유유제약,10200,9830,-370,-3.63,14510,144644260
000225,유유제약1우,6200,6080,-120,-1.94,4769,29011300
000227,유유제약2우B,17600,17450,-150,-0.85,111,1926150
001200,유진투자증권,2195,2120,-75,-3.42,128125,271177315
000100,유한양행,221000,216000,-5000,-2.26,23481,5115727500
000105,유한양행우,200500,198000,-2500,-1.25,24,4772000
003460,유화증권,11800,11800,0,0.0,4027,47200600
003465,유화증권우,12400,12300,-100,-0.81,131,1608300
008730,율촌화학,14600,14600,0,0.0,347451,5111729200
008250,이건산업,7740,7460,-280,-3.62,29796,223217400
025820,이구산업,1710,1645,-65,-3.8,93093,154810925
214320,이노션,68400,66800,-1600,-2.34,30700,2071824400
088260,이리츠코크렙,6180,6180,0,0.0,34592,213127530
139480,이마트,115500,115500,0,0.0,134900,15626763500
007660,이수페타시스,4130,3890,-240,-5.81,560404,2214078750
005950,이수화학,9820,9690,-130,-1.32,25490,245051790
015020,이스타코,597,580,-17,-2.85,17734,10303355
093230,이아이디,310,303,-7,-2.26,15293958,4749247437
102460,이연제약,13650,13200,-450,-3.3,22942,302364450
084680,이월드,3335,3125,-210,-6.3,1461872,4674779085
000760,이화산업,16150,15900,-250,-1.55,41,649800
014990,인디에프,3255,3075,-180,-5.53,2010659,6279726385
006490,인스코비,3190,3000,-190,-5.96,3273867,9787402170
023800,인지컨트롤스,4950,4755,-195,-3.94,69714,333316615
034590,인천도시가스,29050,29000,-50,-0.17,93,2702800
129260,인터지스,2120,2010,-110,-5.19,27876,56458140
023810,인팩,3940,3875,-65,-1.65,5808,22292615
249420,일동제약,16000,15500,-500,-3.13,50180,780372250
000230,일동홀딩스,11000,10450,-550,-5.0,14286,151391400
013360,일성건설,1205,1155,-50,-4.15,168757,194327585
003120,일성신약,82800,81700,-1100,-1.33,279,22850200
003200,일신방직,82100,82000,-100,-0.12,744,60400400
007110,일신석재,2930,2810,-120,-4.1,2577599,7301837385
007570,일양약품,20250,19500,-750,-3.7,48310,945840900
007575,일양약품우,16550,15900,-650,-3.93,1173,18780100
008500,일정실업,18400,18900,500,2.72,872,15984100
081000,일진다이아,33700,34750,1050,3.12,953166,32953986100
020760,일진디스플,3805,3680,-125,-3.29,88563,326543225
020150,일진머티리얼즈,42600,42200,-400,-0.94,535148,22687610600
103590,일진전기,2840,2785,-55,-1.94,70232,191352035
015860,일진홀딩스,3230,3170,-60,-1.86,114413,363920180
226320,잇츠한불,18500,17700,-800,-4.32,22728,404292150
033240,자화전자,9100,8640,-460,-5.05,96940,845704000
000950,전방,15400,14900,-500,-3.25,689,10330400
194370,제이에스코퍼레이션,14600,14150,-450,-3.08,22854,322976300
025620,제이준코스메틱,4325,4055,-270,-6.24,206370,850208700
030000,제일기획,25900,25650,-250,-0.97,152784,3936558550
271980,제일약품,30000,29100,-900,-3.0,14479,423743500
001560,제일연마,6090,5900,-190,-3.12,8810,52184700
002620,제일파마홀딩스,15950,15400,-550,-3.45,7586,115907650
006220,제주은행,4185,4120,-65,-1.55,15748,64877540
089590,제주항공,23750,23050,-700,-2.95,43540,1007313650
004910,조광페인트,5630,5520,-110,-1.95,5097,28121190
004700,조광피혁,36900,36900,0,0.0,2579,92918700
001550,조비,17950,17050,-900,-5.01,34483,592749350
000480,조선내화,85900,85200,-700,-0.81,2024,173174600
120030,조선선재,83200,81400,-1800,-2.16,1820,148853700
018470,조일알미늄,750,730,-20,-2.67,59906,43518089
002600,조흥,148500,149000,500,0.34,18,2670000
185750,종근당,81900,80700,-1200,-1.47,11651,942620700
063160,종근당바이오,27500,26950,-550,-2.0,23654,634361750
001630,종근당홀딩스,85000,80900,-4100,-4.82,43131,3512663100
044380,주연테크,385,362,-23,-5.97,477199,177048629
013870,지엠비코리아,5100,4880,-220,-4.31,58724,287264495
071320,지역난방공사,50100,50300,200,0.4,5354,267311400
010580,지코,817,822,5,0.61,508835,414557615
035000,지투알,6990,6820,-170,-2.43,4699,32324540
088790,진도,3495,3430,-65,-1.86,4579,15990910
003780,진양산업,3235,3145,-90,-2.78,60388,190211490
010640,진양폴리,2455,2375,-80,-3.26,74530,178375630
100250,진양홀딩스,2440,2405,-35,-1.43,23749,56920430
051630,진양화학,4615,4395,-220,-4.77,174389,767283330
272450,진에어,14500,13700,-800,-5.52,154389,2136316450
011000,진원생명과학,3890,3795,-95,-2.44,99047,377084105
002780,진흥기업,2020,1935,-85,-4.21,105146,205264530
002787,진흥기업2우B,12650,12300,-350,-2.77,5290,64900500
002785,진흥기업우B,5100,4970,-130,-2.55,3889,19458715
009310,참엔지니어링,1180,1110,-70,-5.93,147811,165719310
000650,천일고속,71200,70600,-600,-0.84,526,37171200
012600,청호컴넷,2755,2550,-205,-7.44,57999,149911435
033250,체시스,1645,1585,-60,-3.65,205824,327368765
001140,카리스국보,5700,5570,-130,-2.28,1973846,11404351150
035720,카카오,133000,132500,-500,-0.38,374958,49331259500
006380,카프로,3460,3340,-120,-3.47,75611,252001075
109070,컨버즈,3260,3260,0,0.0,0,0
001620,케이비아이동국실업,789,786,-3,-0.38,34355,27432132
029460,케이씨,12500,12200,-300,-2.4,43238,522768750
281820,케이씨텍,16300,15900,-400,-2.45,125831,1975130050
145270,케이탑리츠,890,875,-15,-1.69,67716,58738710
007815,코리아써우,2420,2415,-5,-0.21,349,837965
007810,코리아써키트,4990,4885,-105,-2.1,8240,40298575
00781K,코리아써키트2우B,4130,4000,-130,-3.15,295,1166935
152330,코리아오토글라스,17300,17050,-250,-1.45,81540,1377397300
003690,코리안리,7780,7770,-10,-0.13,179940,1391118110
192820,코스맥스,71300,68600,-2700,-3.79,156824,10764525000
044820,코스맥스비티아이,13300,12650,-650,-4.89,28053,354106700
005070,코스모신소재,12550,9900,-2650,-21.12,2211880,22786408530
005420,코스모화학,9430,6710,-2720,-28.84,2215930,16062346320
071950,코아스,1340,1265,-75,-5.6,313058,401035510
002020,코오롱,16050,15700,-350,-2.18,695827,11182907200
003070,코오롱글로벌,8620,8350,-270,-3.13,30661,257953510
003075,코오롱글로벌우,16800,16150,-650,-3.87,8967,149275200
144620,코오롱머티리얼,1575,1480,-95,-6.03,109139,163371665
002025,코오롱우,10850,11250,400,3.69,613364,7118020100
120110,코오롱인더,40750,39650,-1100,-2.7,52806,2103007100
120115,코오롱인더우,19750,19200,-550,-2.78,4457,85612300
138490,코오롱플라스틱,5380,5180,-200,-3.72,254715,1329584550
031820,콤텍시스템,1440,1395,-45,-3.13,1042763,1469450310
192400,쿠쿠홀딩스,107500,103500,-4000,-3.72,4954,511802500
284740,쿠쿠홈시스,39650,38950,-700,-1.77,32933,1301793750
015590,큐로,731,711,-20,-2.74,176707,127374154
264900,크라운제과,8270,8290,20,0.24,34236,284275250
26490K,크라운제과우,9050,8920,-130,-1.44,43066,382665350
005740,크라운해태홀딩스,10850,10550,-300,-2.76,52331,554435750
005745,크라운해태홀딩스우,14300,13500,-800,-5.59,47252,646797400
020120,키다리스튜디오,3635,3660,25,0.69,107890,394576050
039490,키움증권,65900,63200,-2700,-4.1,109180,6937516300
012170,키위미디어그룹,150,150,0,0.0,0,0
015890,태경산업,5570,5450,-120,-2.15,41998,228991560
006890,태경화학,5090,4930,-160,-3.14,203845,1005786935
003240,태광산업,1035000,1015000,-20000,-1.93,550,557597000
011280,태림포장,7290,6950,-340,-4.66,2852414,20320565980
004100,태양금속,1040,1015,-25,-2.4,176645,188852180
004105,태양금속우,2915,2890,-25,-0.86,47613,148383150
009410,태영건설,12550,12150,-400,-3.19,157924,1935491350
009415,태영건설우,7350,7140,-210,-2.86,14954,105904810
001420,태원물산,3980,3930,-50,-1.26,34632,133925315
007980,태평양물산,2895,2815,-80,-2.76,133019,372630550
055490,테이팩스,22600,22350,-250,-1.11,21699,480989500
078000,텔코웨어,13700,13200,-500,-3.65,22927,304731150
214420,토니모리,9310,8750,-560,-6.02,115198,1022506550
019180,티에이치엔,3900,3840,-60,-1.54,233041,881852725
091810,티웨이항공,4950,4680,-270,-5.45,261999,1246141880
004870,티웨이홀딩스,1935,1855,-80,-4.13,3478989,6378065890
005690,파미셀,7600,7110,-490,-6.45,1018034,7336345610
036580,팜스코,4770,4675,-95,-1.99,44599,208293610
028670,팬오션,4500,4465,-35,-0.78,796753,3549953985
010820,퍼스텍,1995,1895,-100,-5.01,125631,243446175
016800,퍼시스,30550,30700,150,0.49,878,26793600
001020,페이퍼코리아,682,663,-19,-2.79,47302,31521285
090080,평화산업,1200,1145,-55,-4.58,224904,258339230
010770,평화홀딩스,3880,3780,-100,-2.58,10767,40728475
058430,포스코강판,16350,16200,-150,-0.92,3798,61382450
047050,포스코인터내셔널,17850,17600,-250,-1.4,131130,2294105450
003670,포스코케미칼,50600,48750,-1850,-3.66,396808,19455118000
007630,폴루스바이오팜,1225,1225,0,0.0,0,0
017810,풀무원,9060,8950,-110,-1.21,42804,383098680
103140,풍산,21850,21650,-200,-0.92,56549,1214330100
005810,풍산홀딩스,34100,33800,-300,-0.88,4197,140793700
033180,필룩스,4315,4045,-270,-6.26,1508312,6219483925
086790,하나금융지주,32100,32100,0,0.0,1126122,36031726825
099340,하나니켈1호,870,870,0,0.0,994861,873382319
099350,하나니켈2호,1630,1570,-60,-3.68,1854788,3084824090
293480,하나제약,23850,23350,-500,-2.1,55300,1287133400
039130,하나투어,41950,40100,-1850,-4.41,197615,7946433900
172580,하이골드12호,2700,2695,-5,-0.19,70807,190868865
153360,하이골드3호,1745,1745,0,0.0,25193,44000000
159650,하이골드8호,1715,1715,0,0.0,8214,14029975
071090,하이스틸,19750,19000,-750,-3.8,3316,63292900
019490,하이트론,3765,3650,-115,-3.05,2441,9002385
000080,하이트진로,22000,21700,-300,-1.36,183628,4006009800
000087,하이트진로2우B,16500,16050,-450,-2.73,2172,34923400
000140,하이트진로홀딩스,10600,10300,-300,-2.83,513641,5385435050
000145,하이트진로홀딩스우,27600,29550,1950,7.07,738300,22223640300
152550,한국ANKOR유전,1770,1770,0,0.0,1861,3308760
036460,한국가스공사,38300,38000,-300,-0.78,87919,3336204950
005430,한국공항,42600,41900,-700,-1.64,1997,84391850
071050,한국금융지주,71300,69900,-1400,-1.96,168778,11715960500
071055,한국금융지주우,42950,41900,-1050,-2.44,11251,468528700
010040,한국내화,4925,4850,-75,-1.52,153178,736936065
025540,한국단자,47800,45100,-2700,-5.65,57755,2609311350
004090,한국석유,97400,97000,-400,-0.41,3196,302059800
002960,한국쉘석유,322000,321500,-500,-0.16,791,253828500
123890,한국자산신탁,3385,3355,-30,-0.89,77897,259809635
015760,한국전력,25600,25200,-400,-1.56,547325,13802768900
006200,한국전자홀딩스,737,732,-5,-0.68,33064,23917234
002300,한국제지,18150,17950,-200,-1.1,5025,89340700
009540,한국조선해양,108500,105500,-3000,-2.76,194070,20379286500
023350,한국종합기술,3925,3795,-130,-3.31,26991,102838300
025890,한국주강,1605,1610,5,0.31,26039,41332555
000970,한국주철관,11100,10600,-500,-4.5,86414,923766800
104700,한국철강,4970,4885,-85,-1.71,19591,95138215
017960,한국카본,7230,6860,-370,-5.12,308846,2130246060
161890,한국콜마,43550,42100,-1450,-3.33,271050,11415209700
024720,한국콜마홀딩스,20800,19800,-1000,-4.81,101735,2035720100
161390,한국타이어앤테크놀로지,28950,28400,-550,-1.9,130777,3714879550
000240,한국테크놀로지그룹,14650,14750,100,0.68,24129,352923200
034830,한국토지신탁,2070,2065,-5,-0.24,257429,526256935
007280,한국특수형강,1395,1360,-35,-2.51,25639,34852660
168490,한국패러랠,2190,2185,-5,-0.23,6744,14761535
010100,한국프랜지,1725,1655,-70,-4.06,59191,97441270
047810,한국항공우주,38900,38900,0,0.0,415464,16131591500
123690,한국화장품,7990,7500,-490,-6.13,89618,686621830
003350,한국화장품제조,26650,25100,-1550,-5.82,50171,1281717350
011500,한농화성,3880,3780,-100,-2.58,15565,58731335
002390,한독,21300,19900,-1400,-6.57,112590,2292019000
014790,한라,2975,2865,-110,-3.7,54205,154992195
060980,한라홀딩스,40500,40600,100,0.25,9011,364575800
053690,한미글로벌,8490,8100,-390,-4.59,39533,322410140
042700,한미반도체,5670,5350,-320,-5.64,186272,1008703550
008930,한미사이언스,41750,40250,-1500,-3.59,56422,2297402000
128940,한미약품,283000,275500,-7500,-2.65,26168,7270397500
009240,한샘,63400,63000,-400,-0.63,61048,3840922500
020000,한섬,29800,29150,-650,-2.18,52118,1515968600
003680,한성기업,5880,5790,-90,-1.53,182561,1104134810
105630,한세실업,18050,18700,650,3.6,278885,5138790100
069640,한세엠케이,4475,4285,-190,-4.25,54757,236903035
016450,한세예스24홀딩스,7210,7120,-90,-1.25,23809,168512410
010420,한솔PNS,1590,1585,-5,-0.31,220152,346624000
009180,한솔로지스틱스,1245,1195,-50,-4.02,122723,148063030
213500,한솔제지,14600,14350,-250,-1.71,72919,1050220850
014680,한솔케미칼,80200,79000,-1200,-1.5,21235,1673908200
004710,한솔테크닉스,7290,7130,-160,-2.19,312445,2223627280
004150,한솔홀딩스,4460,4275,-185,-4.15,61067,262506765
025750,한솔홈데코,1195,1160,-35,-2.93,301566,350123030
004960,한신공영,15650,15400,-250,-1.6,8108,124906000
011700,한신기계,1670,1605,-65,-3.89,295505,475208020
001750,한양증권,7260,7100,-160,-2.2,22422,159607150
001755,한양증권우,8300,8100,-200,-2.41,126,1021620
018880,한온시스템,11150,11200,50,0.45,413556,4619151500
009420,한올바이오파마,25700,24900,-800,-3.11,178341,4505523450
014130,한익스프레스,6060,5950,-110,-1.82,101840,605015110
300720,한일시멘트,100000,98000,-2000,-2.0,1094,107524400
002220,한일철강,2105,2105,0,0.0,19111,40020460
006390,한일현대시멘트,32200,31400,-800,-2.48,13917,437221900
003300,한일홀딩스,48450,47650,-800,-1.65,3427,163934150
051600,한전KPS,31350,30600,-750,-2.39,98252,3018656350
052690,한전기술,17650,17500,-150,-0.85,29652,519438250
130660,한전산업,3340,3240,-100,-2.99,30391,99099780
002320,한진,28950,28300,-650,-2.25,33296,946701200
097230,한진중공업,5050,4790,-260,-5.15,112975,552406565
003480,한진중공업홀딩스,2940,2880,-60,-2.04,8035,23043005
180640,한진칼,29500,29050,-450,-1.53,292645,8527852750
18064K,한진칼우,35500,34150,-1350,-3.8,14416,497767750
005110,한창,2750,2645,-105,-3.82,897844,2384125645
009460,한창제지,2835,2715,-120,-4.23,1216091,3328367045
000880,한화,23650,23400,-250,-1.06,196763,4619884250
00088K,한화3우B,13850,13650,-200,-1.44,99001,1358502200
027390,한화갤러리아타임월드,17400,17200,-200,-1.15,5746,97639950
088350,한화생명,2440,2350,-90,-3.69,1385280,3282372930
000370,한화손해보험,3265,3165,-100,-3.06,122065,388225820
012450,한화에어로스페이스,38500,38600,100,0.26,312611,12064673650
000885,한화우,28500,26650,-1850,-6.49,24793,682258400
009830,한화케미칼,17450,16800,-650,-3.72,726109,12278295450
009835,한화케미칼우,11200,11000,-200,-1.79,5028,55063100
003530,한화투자증권,2060,2015,-45,-2.18,171237,344596795
003535,한화투자증권우,2060,2025,-35,-1.7,7657,15352530
195870,해성디에스,12100,11450,-650,-5.37,95853,1103796350
101530,해태제과식품,7920,7710,-210,-2.65,19616,152098610
143210,핸즈코퍼레이션,6520,6450,-70,-1.07,7057,45507000
000720,현대건설,40500,39500,-1000,-2.47,506786,20106043500
267270,현대건설기계,29050,28150,-900,-3.1,68714,1940384850
000725,현대건설우,158500,152500,-6000,-3.79,335,51129500
005440,현대그린푸드,11300,11350,50,0.44,77549,869857850
086280,현대글로비스,156500,155500,-1000,-0.64,33356,5166912500
064350,현대로템,16550,16300,-250,-1.51,321301,5223702150
079430,현대리바트,13800,13450,-350,-2.54,24384,329016400
012330,현대모비스,241500,239000,-2500,-1.04,161530,38602923000
010620,현대미포조선,41000,39300,-1700,-4.15,171878,6743310400
069960,현대백화점,70900,69400,-1500,-2.12,44477,3100834400
004560,현대비앤지스틸,8780,8380,-400,-4.56,23175,197362200
004565,현대비앤지스틸우,57400,56100,-1300,-2.26,236,13281500
011760,현대상사,18550,17800,-750,-4.04,44580,798431000
011200,현대상선,3315,3260,-55,-1.66,583732,1897352670
004310,현대약품,4700,4550,-150,-3.19,1399735,6376158135
126560,현대에이치씨엔,3685,3620,-65,-1.76,8900,32366355
017800,현대엘리베이,77900,75300,-2600,-3.34,284594,21515847100
307950,현대오토에버,57400,54500,-2900,-5.05,490999,25664239000
011210,현대위아,42200,41400,-800,-1.9,80490,3315311150
267260,현대일렉트릭,12350,12200,-150,-1.21,42960,523252050
004020,현대제철,36750,36100,-650,-1.77,147519,5331153300
267250,현대중공업지주,322500,322500,0,0.0,23559,7546584000
005380,현대차,126000,124500,-1500,-1.19,391828,49020949000
005387,현대차2우B,81300,81300,0,0.0,77367,6301820800
005389,현대차3우B,70600,70600,0,0.0,2320,163201800
005385,현대차우,71300,72100,800,1.12,25636,1842053500
001500,현대차증권,10000,9890,-110,-1.1,51913,509175370
227840,현대코퍼레이션홀딩스,11700,11250,-450,-3.85,18920,213025000
001450,현대해상,23300,23400,100,0.43,263286,6132460250
057050,현대홈쇼핑,93200,92600,-600,-0.64,8001,738626200
093240,형지엘리트,1410,1345,-65,-4.61,98972,132893595
003010,혜인,4555,4415,-140,-3.07,238126,1076272915
111110,호전실업,12300,12100,-200,-1.63,787,9521650
008770,호텔신라,78900,76300,-2600,-3.3,287288,21978021600
008775,호텔신라우,48350,47950,-400,-0.83,12018,575103450
002460,화성산업,12050,11950,-100,-0.83,17995,213877900
013520,화승알앤에이,1885,1810,-75,-3.98,80077,145127035
241590,화승엔터프라이즈,12950,12750,-200,-1.54,83565,1044617350
006060,화승인더,9000,8760,-240,-2.67,98709,864894920
010690,화신,2720,2660,-60,-2.21,14782,39235210
133820,화인베스틸,3120,3000,-120,-3.85,205694,620475050
010660,화천기계,3175,3235,60,1.89,7897345,25939061445
000850,화천기공,40600,40000,-600,-1.48,4565,182502550
016580,환인제약,15350,14900,-450,-2.93,21990,329029200
032560,황금에스티,7780,7470,-310,-3.98,95741,716600610
004800,효성,87100,85400,-1700,-1.95,56870,4889541600
094280,효성ITX,9870,9640,-230,-2.33,4575,44417930
298040,효성중공업,36950,35950,-1000,-2.71,23834,855990150
298050,효성첨단소재,137000,142000,5000,3.65,414165,59194696000
298020,효성티앤씨,157000,154000,-3000,-1.91,19169,2930217000
298000,효성화학,160000,154500,-5500,-3.44,22618,3484209000
093370,후성,9580,9660,80,0.84,7304461,71028703160
081660,휠라코리아,55000,52300,-2700,-4.91,856511,45069021254
005870,휴니드,7290,6840,-450,-6.17,123802,865612610
079980,휴비스,6280,6150,-130,-2.07,34938,215278540
005010,휴스틸,10250,9910,-340,-3.32,27037,269519290
069260,휴켐스,21350,20850,-500,-2.34,83425,1745759850
000540,흥국화재,3590,3480,-110,-3.06,24269,84746640
000547,흥국화재2우B,19450,18700,-750,-3.86,550,10562900
000545,흥국화재우,4830,4790,-40,-0.83,891,4263510
003280,흥아해운,466,443,-23,-4.94,230125,102534478
