티커,종목명,시가,종가,변동폭,등락률,거래량,거래대금
095570,AJ네트웍스,5010,5010,0,0.0,23490,117087850
068400,AJ렌터카,11950,11900,-50,-0.42,114639,1360336900
006840,AK홀딩스,54200,54400,200,0.37,9486,518103200
027410,BGF,8180,8240,60,0.73,142391,1170003140
282330,BGF리테일,194000,201000,7000,3.61,16656,3311198500
138930,BNK금융지주,7340,7350,10,0.14,423304,3113574200
001460,BYC,241000,240000,-1000,-0.41,505,121372500
001465,BYC우,110000,110000,0,0.0,141,15441500
001040,CJ,124000,125000,1000,0.81,36414,4531294000
079160,CJCGV,40150,42000,1850,4.61,275628,11351205550
000120,CJ대한통운,179000,177000,-2000,-1.12,54513,9555710500
011150,CJ씨푸드,2485,2510,25,1.01,125973,314678305
011155,CJ씨푸드1우,28550,28700,150,0.53,955,27215800
001045,CJ우,54400,54800,400,0.74,1121,61216100
097950,CJ제일제당,336500,335500,-1000,-0.3,36448,12232269000
097955,CJ제일제당우,129500,129500,0,0.0,3824,495029000
037560,CJ헬로,9800,9550,-250,-2.55,1138333,10969080360
000590,CS홀딩스,65200,64500,-700,-1.07,682,44112200
012030,DB,896,882,-14,-1.56,1051555,929283183
016610,DB금융투자,4875,4910,35,0.72,33600,164828465
005830,DB손해보험,71100,71900,800,1.13,89714,6432726700
000990,DB하이텍,12800,13000,200,1.56,387606,5046553600
000995,DB하이텍1우,36300,36150,-150,-0.41,154,5548550
139130,DGB금융지주,8790,8730,-60,-0.68,229624,2011803330
004840,DRB동일,6690,6680,-10,-0.15,27069,179551090
155660,DSR,5230,6370,1140,21.8,10992179,69066303820
069730,DSR제강,6450,6760,310,4.81,1363434,9280416160
017940,E1,58400,58400,0,0.0,3566,207929200
007700,FF,64700,64700,0,0.0,418950,27879539900
114090,GKL,23000,23450,450,1.96,277916,6476505350
078930,GS,53800,54000,200,0.37,118312,6409435700
006360,GS건설,46350,46000,-350,-0.76,272557,12534839150
001250,GS글로벌,2850,2850,0,0.0,200922,576387250
007070,GS리테일,36350,36500,150,0.41,94528,3434173200
078935,GS우,36550,36600,50,0.14,3367,123259800
012630,HDC,18700,19350,650,3.48,620873,12004068200
039570,HDC아이콘트롤스,10650,10950,300,2.82,61634,670901350
089470,HDC현대EP,4890,4860,-30,-0.61,84015,408946980
294870,HDC현대산업개발,50200,50400,200,0.4,86565,4350171600
082740,HSD엔진,4600,4615,15,0.33,435047,1995794085
003560,IHQ,2190,2255,65,2.97,5148924,11704219495
175330,JB금융지주,6150,6180,30,0.49,244976,1510472990
234080,JW생명과학,22700,23800,1100,4.85,160566,3755564400
001060,JW중외제약,41700,41750,50,0.12,35353,1477152500
001067,JW중외제약2우B,45000,44950,-50,-0.11,264,11777200
001065,JW중외제약우,25550,26100,550,2.15,495,12893900
096760,JW홀딩스,7390,7470,80,1.08,86089,641685410
105560,KB금융,46000,46100,100,0.22,1069309,49400642600
002380,KCC,320000,321500,1500,0.47,19500,6218054500
009070,KCTC,4240,4180,-60,-1.42,258847,1083344710
009440,KC그린홀딩스,4180,4200,20,0.48,17966,75082875
119650,KC코트렐,5150,5200,50,0.97,118329,613504880
092220,KEC,1235,1240,5,0.4,932451,1154507355
001390,KG케미칼,18100,18900,800,4.42,293412,5471252850
001940,KISCO홀딩스,13650,13650,0,0.0,3742,50845950
025000,KPX케미칼,56200,56500,300,0.53,2236,126063500
092230,KPX홀딩스,60800,60400,-400,-0.66,938,56694600
000040,KR모터스,529,528,-1,-0.19,162559,84843981
044450,KSS해운,6770,6850,80,1.18,35644,244024580
030200,KT,28550,28500,-50,-0.18,545759,15540802000
033780,KTG,99300,99700,400,0.4,173780,17287102000
030210,KTB투자증권,3270,3285,15,0.46,223964,736007255
058850,KTcs,2555,2560,5,0.2,147387,377428830
093050,LF,24700,25850,1150,4.66,67082,1709724000
003550,LG,75700,78400,2700,3.57,340909,26194670000
034220,LG디스플레이,19350,19850,500,2.58,2149692,42518713400
001120,LG상사,17100,17600,500,2.92,244201,4272839300
051900,LG생활건강,1224000,1251000,27000,2.21,32979,41096170000
051905,LG생활건강우,697000,712000,15000,2.15,817,583820000
003555,LG우,43900,44100,200,0.46,3256,143199700
032640,LG유플러스,15000,14950,-50,-0.33,1894161,28375610750
011070,LG이노텍,105000,106500,1500,1.43,155089,16452212500
066570,LG전자,72000,72000,0,0.0,585460,42175363000
066575,LG전자우,28900,29200,300,1.04,41771,1216253150
108670,LG하우시스,68400,69900,1500,2.19,28923,2000192900
108675,LG하우시스우,31600,32050,450,1.42,1809,57691850
051910,LG화학,380000,391000,11000,2.89,391159,152931701000
051915,LG화학우,209500,213500,4000,1.91,14226,3058831000
079550,LIG넥스원,36900,38400,1500,4.07,229142,8698545050
006260,LS,53900,55300,1400,2.6,127373,6993305500
000680,LS네트웍스,2900,2900,0,0.0,14296,41493500
010120,LS산전,51400,51800,400,0.78,124619,6421770400
229640,LS전선아시아,6250,6190,-60,-0.96,37329,230385630
023150,MH에탄올,6230,6300,70,1.12,6456,40957860
035420,NAVER,127500,127000,-500,-0.39,533191,68077751000
181710,NHN엔터테인먼트,72200,74500,2300,3.19,176508,12912710400
005940,NH투자증권,13200,13300,100,0.76,479848,6410682550
005945,NH투자증권우,8670,8730,60,0.69,11121,96994690
034310,NICE,18450,18500,50,0.27,39580,731395550
008260,NI스틸,2770,2765,-5,-0.18,46467,128073800
004250,NPC,4000,4010,10,0.25,6818,27263900
004255,NPC우,2260,2235,-25,-1.11,14432,32262250
010060,OCI,96300,99200,2900,3.01,179709,17701733400
005490,POSCO,265500,262500,-3000,-1.13,268580,70722802000
100840,STC,13500,13350,-150,-1.11,4349,58690050
064960,ST모티브,34500,34000,-500,-1.45,36875,1246718100
003570,ST중공업,7200,7070,-130,-1.81,6945,49404720
036530,ST홀딩스,13050,13000,-50,-0.38,2020,26242200
010950,S-Oil,105500,109000,3500,3.32,638492,70036097000
010955,S-Oil우,69200,70700,1500,2.17,17731,1261375700
034120,SBS,23700,23800,100,0.42,33607,797716400
101060,SBS미디어홀딩스,2355,2365,10,0.42,57967,136692150
004060,SG세계물산,822,816,-6,-0.73,381337,313699536
001380,SG충방,2865,2890,25,0.87,1789590,5180108685
002360,SH에너지화학,1190,1200,10,0.84,794638,948675750
009160,SIMPAC,2835,2840,5,0.18,47065,134288975
123700,SJM,3335,3345,10,0.3,14191,46891565
025530,SJM홀딩스,3365,3340,-25,-0.74,7318,24523200
034730,SK,280000,279500,-500,-0.18,145899,40839395500
011790,SKC,41250,42100,850,2.06,196810,8359282450
018670,SK가스,80900,82400,1500,1.85,20767,1709444600
001740,SK네트웍스,6120,6060,-60,-0.98,810322,4928215240
001745,SK네트웍스우,55700,55600,-100,-0.18,503,27839300
006120,SK디스커버리,29000,29700,700,2.41,40108,1193314700
006125,SK디스커버리우,15800,16050,250,1.58,3978,63579450
210980,SK디앤디,29750,30100,350,1.18,13650,412470700
03473K,SK우,142500,142500,0,0.0,2302,325118000
096770,SK이노베이션,182000,186500,4500,2.47,335660,63075260000
096775,SK이노베이션우,121000,123500,2500,2.07,4122,510325500
001510,SK증권,735,741,6,0.82,1879778,1398197169
001515,SK증권우,3745,3770,25,0.67,221528,841778540
285130,SK케미칼,74900,75100,200,0.27,28257,2112855200
28513K,SK케미칼우,26000,26150,150,0.58,1489,38731700
017670,SK텔레콤,255000,259500,4500,1.76,195513,50558528500
000660,SK하이닉스,73800,74700,900,1.22,1772434,132308894800
005610,SPC삼립,116000,117000,1000,0.86,6748,786510500
011810,STX,16650,15900,-750,-4.5,92028,1484089100
077970,STX엔진,7870,7710,-160,-2.03,26816,207528770
071970,STX중공업,6550,6560,10,0.15,76889,508906880
084870,TBH글로벌,2775,2775,0,0.0,101185,279620245
002710,TCC동양,2240,2260,20,0.89,50328,113058915
024070,WISCOM,2970,2985,15,0.51,5645,16835375
037270,YGPLUS,2125,2105,-20,-0.94,101044,213269360
000500,가온전선,19350,19200,-150,-0.78,1017,19548450
000860,강남제비스코,27550,27300,-250,-0.91,6576,181353550
035250,강원랜드,32050,32350,300,0.94,477737,15406275700
011420,갤럭시아에스엠,1930,1930,0,0.0,59022,112249245
002100,경농,20000,19900,-100,-0.5,366717,7297735650
009450,경동나비엔,50600,51000,400,0.79,79225,4020674300
267290,경동도시가스,37850,37850,0,0.0,3850,144907300
012320,경동인베스트,48250,48300,50,0.1,12492,602700100
000050,경방,11200,11250,50,0.45,18437,209014750
214390,경보제약,10500,10950,450,4.29,164478,1790366200
012610,경인양행,6890,6750,-140,-2.03,329727,2239730180
009140,경인전자,30000,30650,650,2.17,3632,110405700
013580,계룡건설,25550,25350,-200,-0.78,14355,366295800
012200,계양전기,3810,3820,10,0.26,22871,87232675
012205,계양전기우,9870,11400,1530,15.5,482628,5283877330
004200,고려개발,5070,5040,-30,-0.59,4231,21263980
002140,고려산업,2575,2615,40,1.55,88815,229799080
010130,고려아연,433000,434500,1500,0.35,30677,13277144500
002240,고려제강,27150,27300,150,0.55,7580,206636250
001290,골든브릿지증권,2550,2730,180,7.06,516273,1398562710
009290,광동제약,7380,7370,-10,-0.14,65783,485532480
017040,광명전기,3215,3275,60,1.87,378919,1235024505
017900,광전자,2330,2405,75,3.22,765074,1870032835
037710,광주신세계,205500,203500,-2000,-0.97,194,39705000
030610,교보증권,9540,9500,-40,-0.42,76592,728624240
007690,국도화학,49250,49500,250,0.51,8295,406286350
005320,국동,2975,2935,-40,-1.34,159554,472001895
001140,국보,13550,13500,-50,-0.37,20830,278465050
002720,국제약품,4580,4645,65,1.42,99899,462017220
083420,그린케미칼,3640,3705,65,1.79,21170,77645945
014530,극동유화,3505,3560,55,1.57,66853,237424710
014280,금강공업,23500,23550,50,0.21,9496,224358700
014285,금강공업우,35500,35800,300,0.85,30,1074750
008870,금비,67100,67900,800,1.19,906,61326700
001570,금양,2330,2310,-20,-0.86,25891,59767400
002990,금호산업,12350,12450,100,0.81,142657,1806860300
002995,금호산업우,26650,27100,450,1.69,4172,112323700
011780,금호석유,85600,87700,2100,2.45,230875,20187235184
011785,금호석유우,32050,32250,200,0.62,7153,230212150
214330,금호에이치티,6560,6690,130,1.98,80946,537190840
001210,금호전기,6200,6220,20,0.32,16064,99478450
073240,금호타이어,5020,5050,30,0.6,298934,1507655690
092440,기신정기,3800,3825,25,0.66,8098,30813920
000270,기아차,35900,35600,-300,-0.84,729565,25742310250
024110,기업은행,14000,14250,250,1.79,1025110,14557550500
013700,까뮤이앤씨,1470,1530,60,4.08,1109304,1695409180
004540,깨끗한나라,3410,3375,-35,-1.03,53965,182112520
004545,깨끗한나라우,20750,20550,-200,-0.96,3136,64316500
074610,나노메딕스,6700,6690,-10,-0.15,302107,2027618210
001260,남광토건,17650,17800,150,0.85,46042,814350250
008350,남선알미늄,2705,2725,20,0.74,2011110,5410964590
008355,남선알미우,27000,27100,100,0.37,5432,147327650
004270,남성,2040,2010,-30,-1.47,370050,754533540
003920,남양유업,623000,629000,6000,0.96,409,256316000
003925,남양유업우,207000,208000,1000,0.48,5,1036000
002070,남영비비안,6590,6550,-40,-0.61,3223,21026700
025860,남해화학,13800,13600,-200,-1.45,499372,6794781250
005720,넥센,5980,5950,-30,-0.5,22347,133212610
005725,넥센우,3735,3730,-5,-0.13,3,11165
002350,넥센타이어,9670,9500,-170,-1.76,176416,1681574920
002355,넥센타이어1우B,3880,3855,-25,-0.64,157,602475
003580,넥스트사이언스,6750,7050,300,4.44,427287,2997631640
251270,넷마블,119000,119500,500,0.42,140160,16679340500
090350,노루페인트,9000,8940,-60,-0.67,118656,1068707170
090355,노루페인트우,12050,12900,850,7.05,194625,2436501200
000320,노루홀딩스,13950,13750,-200,-1.43,2013,27825500
000325,노루홀딩스우,19300,19350,50,0.26,733,14128850
006280,녹십자,146500,147500,1000,0.68,25120,3704997500
005250,녹십자홀딩스,25950,26200,250,0.96,35981,941872050
005257,녹십자홀딩스2우,18100,18150,50,0.28,209,3782600
004370,농심,277500,277000,-500,-0.18,15182,4203662000
072710,농심홀딩스,82400,83000,600,0.73,4686,387769500
058730,다스코,10050,9930,-120,-1.19,461413,4594020460
023590,다우기술,21600,21550,-50,-0.23,129339,2810221150
019680,대교,6540,6510,-30,-0.46,38415,249948260
019685,대교우B,4455,4455,0,0.0,3257,14507620
006370,대구백화점,10550,10300,-250,-2.37,43349,447761700
008060,대덕전자,10450,10600,150,1.44,345879,3658071750
00806K,대덕전자1우,5740,5750,10,0.17,2184,12524690
000490,대동공업,6760,6640,-120,-1.78,79264,526447100
008110,대동전자,3590,3655,65,1.81,14561,52894790
005750,대림BCo,5250,5190,-60,-1.14,29940,155639060
000210,대림산업,99200,98000,-1200,-1.21,117170,11448338700
000215,대림산업우,38550,38250,-300,-0.78,7557,287572350
004440,대림씨엔에스,11700,12200,500,4.27,59307,720174100
006570,대림통상,4700,4520,-180,-3.83,1471,6769570
001680,대상,26800,26900,100,0.37,99026,2659253700
001685,대상우,13200,13200,0,0.0,5801,76917600
084690,대상홀딩스,8250,8210,-40,-0.48,29290,240368560
084695,대상홀딩스우,5770,5760,-10,-0.17,1504,8769330
128820,대성산업,5240,5230,-10,-0.19,66172,345174750
117580,대성에너지,5380,5380,0,0.0,9338,50367040
016710,대성홀딩스,6500,6490,-10,-0.15,2465,16042470
003540,대신증권,11400,11400,0,0.0,84534,967534350
003547,대신증권2우B,8210,8220,10,0.12,2946,24191260
003545,대신증권우,8690,8700,10,0.12,23613,205385170
009190,대양금속,4640,4600,-40,-0.86,7718,35599580
014160,대영포장,1380,1365,-15,-1.09,1320812,1805927100
047040,대우건설,5130,5160,30,0.58,907591,4674441310
009320,대우부품,2675,2600,-75,-2.8,699253,1824806825
042660,대우조선해양,31150,32100,950,3.05,534796,17054009700
003090,대웅,20000,19650,-350,-1.75,85373,1686807100
069620,대웅제약,202500,203000,500,0.25,33912,6869818000
000430,대원강업,5010,4920,-90,-1.8,283165,1395626005
006340,대원전선,1980,1995,15,0.76,737401,1476555595
006345,대원전선우,4200,4365,165,3.93,28460,123381060
003220,대원제약,17150,17000,-150,-0.87,32404,553969850
024890,대원화성,1945,1965,20,1.03,157573,307544010
002880,대유에이텍,1200,1200,0,0.0,421924,507323450
000300,대유플러스,941,980,39,4.14,396919,383953834
012800,대창,970,976,6,0.62,237674,232310031
015230,대창단조,42600,42850,250,0.59,928,39737050
001070,대한방직,13700,14200,500,3.65,50617,713859400
006650,대한유화,169500,178000,8500,5.01,64778,11448288000
001440,대한전선,1175,1200,25,2.13,667334,790522255
084010,대한제강,6800,6650,-150,-2.21,81225,544377750
001790,대한제당,19550,19900,350,1.79,2832,55840550
001799,대한제당3우B,23550,23650,100,0.42,284,6706300
001795,대한제당우,12000,12000,0,0.0,2545,30567350
001130,대한제분,187500,184000,-3500,-1.87,776,143368500
003490,대한항공,36200,35250,-950,-2.62,502728,17769635750
003495,대한항공우,14950,14700,-250,-1.67,9749,144111350
005880,대한해운,23100,23500,400,1.73,63350,1479143250
003830,대한화섬,109500,110500,1000,0.91,966,106172000
016090,대현,2650,2705,55,2.08,490769,1319339575
069460,대호에이엘,5420,5420,0,0.0,0,0
012510,더존비즈온,42350,42450,100,0.24,119391,5065773350
004830,덕성,3480,3470,-10,-0.29,52734,183597465
004835,덕성우,4365,4460,95,2.18,37219,163307725
024900,덕양산업,1395,1385,-10,-0.72,184823,256433735
145720,덴티움,78100,72500,-5600,-7.17,149530,11062776600
002150,도화엔지니어링,13150,13150,0,0.0,190795,2504743450
001620,동국실업,935,940,5,0.53,99274,93445658
001230,동국제강,8070,8430,360,4.46,435430,3636026040
023450,동남합성,69600,69500,-100,-0.14,3181,221562500
004140,동방,1980,1980,0,0.0,827688,1636579430
007590,동방아그로,7680,7610,-70,-0.91,44433,335474730
005960,동부건설,8540,8620,80,0.94,30490,262029690
005965,동부건설우,17300,17550,250,1.45,2604,45877650
016380,동부제철,10350,10000,-350,-3.38,74873,757370780
016385,동부제철우,45200,44700,-500,-1.11,5761,256673350
083370,동북아12호,5000,5000,0,0.0,0,0
083380,동북아13호,5020,5010,-10,-0.2,100,501000
026960,동서,19050,19000,-50,-0.26,67490,1285270850
002210,동성제약,17750,17950,200,1.13,311661,5592575200
102260,동성코퍼레이션,5310,5310,0,0.0,59723,317587430
005190,동성화학,14500,14800,300,2.07,4686,69763550
000640,동아쏘시오홀딩스,106000,104500,-1500,-1.42,12420,1304267000
170900,동아에스티,102000,103000,1000,0.98,15696,1616364500
028100,동아지질,19150,19150,0,0.0,121738,2324662400
282690,동아타이어,11950,11950,0,0.0,3595,42765550
001520,동양,2000,2005,5,0.25,268415,539506925
001527,동양2우B,11100,11150,50,0.45,413,4617850
001529,동양3우B,31700,31550,-150,-0.47,1041,33525250
084670,동양고속,27500,27500,0,0.0,767,21226700
030790,동양네트웍스,2070,2085,15,0.72,554029,1143782240
002900,동양물산,2270,2295,25,1.1,776071,1779676240
082640,동양생명,5030,5130,100,1.99,252308,1285076050
001525,동양우,9600,9620,20,0.21,887,8529030
008970,동양철관,1835,1810,-25,-1.36,1365005,2486472080
092780,동양피스톤,6390,6390,0,0.0,213282,1352022660
049770,동원FB,278500,277500,-1000,-0.36,3435,954951500
018500,동원금속,892,909,17,1.91,176539,159755502
006040,동원산업,230500,227000,-3500,-1.52,1213,276561500
030720,동원수산,9390,9540,150,1.6,43358,410178990
014820,동원시스템즈,30450,30450,0,0.0,15518,471280900
014825,동원시스템즈우,20750,20900,150,0.72,303,6283400
163560,동일고무벨트,6790,6820,30,0.44,6590,45102980
001530,동일방직,65000,63600,-1400,-2.15,14169,902005000
004890,동일산업,58900,59300,400,0.68,1660,98017100
002690,동일제강,3710,3680,-30,-0.81,61295,225637410
000020,동화약품,9880,9850,-30,-0.3,18197,180637170
000150,두산,97200,98000,800,0.82,104869,10265807400
000157,두산2우B,72500,73000,500,0.69,73,5286800
011160,두산건설,1535,1500,-35,-2.28,863815,1300100050
241560,두산밥캣,30750,31500,750,2.44,698771,21796499800
000155,두산우,71700,72100,400,0.56,2920,209932000
042670,두산인프라코어,7430,7570,140,1.88,2974985,22504997710
034020,두산중공업,9430,9080,-350,-3.71,3678935,33472755300
016740,두올,3155,3190,35,1.11,109740,349428080
024090,디씨엠,11000,10950,-50,-0.45,5172,56496650
003160,디아이,4515,4470,-45,-1.0,182111,811020055
092200,디아이씨,7170,7100,-70,-0.98,70536,503298290
013570,디와이,6050,5830,-220,-3.64,299497,1770951870
210540,디와이파워,15200,15100,-100,-0.66,71474,1085806300
007340,디티알오토모티브,31550,31750,200,0.63,2235,71190550
026890,디피씨,6380,6510,130,2.04,1981399,12847195620
115390,락앤락,19350,19600,250,1.29,102198,1998430050
032350,롯데관광개발,14250,14300,50,0.35,104024,1487867350
000400,롯데손해보험,2720,2700,-20,-0.74,318124,858023330
023530,롯데쇼핑,190000,189500,-500,-0.26,63828,12124476500
004000,롯데정밀화학,48000,49950,1950,4.06,214556,10648223600
286940,롯데정보통신,39300,39750,450,1.15,87578,3470046650
280360,롯데제과,172500,170500,-2000,-1.16,319,54464500
004990,롯데지주,52100,51400,-700,-1.34,163699,8442868700
00499K,롯데지주우,52100,51900,-200,-0.38,1078,55967200
005300,롯데칠성,1462000,1468000,6000,0.41,747,1098229000
005305,롯데칠성우,620000,635000,15000,2.42,145,90383000
011170,롯데케미칼,296500,312500,16000,5.4,291907,90612268500
002270,롯데푸드,640000,642000,2000,0.31,2034,1300332000
071840,롯데하이마트,47200,47800,600,1.27,75976,3604923700
027740,마니커,827,845,18,2.18,1784227,1493466819
204320,만도,31700,31250,-450,-1.42,434986,13542932050
001080,만호제강,19000,19250,250,1.32,2221,42436850
088980,맥쿼리인프라,10000,9970,-30,-0.3,562939,5617535160
094800,맵스리얼티1,3750,3745,-5,-0.13,66242,248535125
015540,메디파트너생명공학,7320,7190,-130,-1.78,20319,146072600
138040,메리츠금융지주,12550,12550,0,0.0,60921,762604800
008560,메리츠종금증권,4715,4725,10,0.21,854618,4043573670
000060,메리츠화재,23300,23050,-250,-1.07,84907,1977683850
090370,메타랩스,1765,1755,-10,-0.57,190539,335493465
017180,명문제약,5590,5620,30,0.54,139270,781910970
012690,모나리자,4045,4025,-20,-0.49,273683,1100884490
005360,모나미,2840,2845,5,0.18,75077,212675510
204210,모두투어리츠,3085,3085,0,0.0,1586,4902425
009680,모토닉,11000,10800,-200,-1.82,102789,1113491800
009580,무림PP,6090,6210,120,1.97,303750,1870923960
009200,무림페이퍼,2995,3090,95,3.17,118093,362353730
033920,무학,14500,14850,350,2.41,27218,402302050
008420,문배철강,3770,3800,30,0.8,593373,2270946600
025560,미래산업,178,179,1,0.56,1475074,264383605
007120,미래아이앤지,524,527,3,0.57,171574,90997868
006800,미래에셋대우,7400,7470,70,0.95,1336313,10017613290
00680K,미래에셋대우2우B,3675,3725,50,1.36,172974,641917095
006805,미래에셋대우우,4110,4135,25,0.61,24216,99581070
085620,미래에셋생명,5030,5020,-10,-0.2,128353,645673450
002840,미원상사,250000,252000,2000,0.8,294,73941500
268280,미원에스씨,67400,68200,800,1.19,6145,416964800
107590,미원홀딩스,39450,37950,-1500,-3.8,5673,217356450
134380,미원화학,41050,40950,-100,-0.24,617,25174300
003650,미창석유,77800,77800,0,0.0,406,31678300
155900,바다로19호,2905,2920,15,0.52,3242,9444880
003610,방림,2385,2410,25,1.05,14677,35202050
001340,백광산업,2865,2865,0,0.0,449187,1292217615
014580,백광소재,3190,3225,35,1.1,126227,404475780
035150,백산,6900,7530,630,9.13,669659,4879414290
002410,범양건영,1915,1925,10,0.52,105932,203988100
096300,베트남개발1,364,370,6,1.65,367400,135056010
007210,벽산,2725,2715,-10,-0.37,157090,428406965
002760,보락,2390,2395,5,0.21,428026,1026473755
003850,보령제약,10050,10200,150,1.49,239886,2442091730
000890,보해양조,1965,1980,15,0.76,4019833,7958186855
003000,부광약품,24500,24450,-50,-0.2,117099,2863964700
001270,부국증권,20950,20900,-50,-0.24,2173,45479000
001275,부국증권우,19350,19400,50,0.26,408,7901850
026940,부국철강,3265,3270,5,0.15,152054,498469310
015350,부산가스,39750,39650,-100,-0.25,1455,57956600
011390,부산산업,178500,180500,2000,1.12,13177,2363305000
005030,부산주공,555,600,45,8.11,5653160,3510858744
100220,비상교육,7440,7590,150,2.02,38586,291820110
005180,빙그레,69200,69100,-100,-0.14,12477,863010100
003960,사조대림,22950,23000,50,0.22,7888,181176450
008040,사조동아원,1310,1305,-5,-0.38,80434,104994825
007160,사조산업,58400,58500,100,0.17,4091,239457400
014710,사조씨푸드,6980,6890,-90,-1.29,47865,331907430
006090,사조오양,9710,9740,30,0.31,27669,268912370
079660,사조해표,10250,10350,100,0.98,40140,413935100
005090,삼광글라스,37700,37800,100,0.27,13967,528927500
001470,삼부토건,5130,5210,80,1.56,100125,518474440
006400,삼성SDI,236000,245000,9000,3.81,448850,108242373000
006405,삼성SDI우,95100,96700,1600,1.68,3488,335189800
006660,삼성공조,9720,9780,60,0.62,4679,45599070
028260,삼성물산,116000,116500,500,0.43,176452,20508685000
02826K,삼성물산우B,72400,72400,0,0.0,1021,73916400
207940,삼성바이오로직스,380000,379000,-1000,-0.26,65096,24677560000
032830,삼성생명,90200,90300,100,0.11,131052,11852671400
018260,삼성에스디에스,228000,228000,0,0.0,53007,12048135500
028050,삼성엔지니어링,15700,15700,0,0.0,2137104,33518982950
009150,삼성전기,110500,112500,2000,1.81,919274,103201537000
009155,삼성전기우,45050,45500,450,1.0,4073,185119750
005930,삼성전자,46050,46200,150,0.33,8183728,379385585300
005935,삼성전자우,36850,36900,50,0.14,1041468,38605392200
001360,삼성제약,2790,2835,45,1.61,176360,499967965
010140,삼성중공업,8760,8830,70,0.8,3180122,27898987740
010145,삼성중공우,49200,49100,-100,-0.2,2614,127398600
016360,삼성증권,33300,34000,700,2.1,276898,9422213100
068290,삼성출판사,16350,16700,350,2.14,210534,3520140050
029780,삼성카드,33600,33700,100,0.3,44379,1492318250
000810,삼성화재,289500,293000,3500,1.21,50216,14653413000
000815,삼성화재우,179500,179500,0,0.0,18108,3273665500
006110,삼아알미늄,4765,4760,-5,-0.1,24926,118797260
145990,삼양사,62800,64700,1900,3.03,20593,1324305100
145995,삼양사우,38050,38800,750,1.97,193,7440500
003230,삼양식품,71000,69600,-1400,-1.97,69663,4868658100
002170,삼양통상,44200,44200,0,0.0,1905,84228350
272550,삼양패키징,19700,19350,-350,-1.78,29772,579611800
000070,삼양홀딩스,87500,86800,-700,-0.8,12325,1070686500
000075,삼양홀딩스우,47850,47700,-150,-0.31,298,14222900
002810,삼영무역,15250,15850,600,3.93,49105,770323750
005680,삼영전자,12900,12900,0,0.0,46634,604736000
003720,삼영화학,818,819,1,0.12,79921,65354345
023000,삼원강재,3035,3000,-35,-1.15,6537,19662585
004380,삼익THK,13650,13950,300,2.2,42249,586774100
002450,삼익악기,1890,1930,40,2.12,295948,566970960
000520,삼일제약,21350,21650,300,1.41,41874,899554600
009770,삼정펄프,36600,35400,-1200,-3.28,218,7794700
005500,삼진제약,40300,40200,-100,-0.25,63842,2580663350
004690,삼천리,99200,98700,-500,-0.5,2220,219224500
001880,삼호,16000,15550,-450,-2.81,4678,73456250
010960,삼호개발,5680,5740,60,1.06,134813,766717070
004450,삼화왕관,46800,46650,-150,-0.32,942,43988600
009470,삼화전기,23200,23000,-200,-0.86,94121,2155492300
011230,삼화전자,3000,2995,-5,-0.17,66284,198973780
001820,삼화콘덴서,66800,66800,0,0.0,161293,10740043400
000390,삼화페인트,6750,6740,-10,-0.15,12566,85002570
041650,상신브레이크,4350,4320,-30,-0.69,34065,146555450
075180,새론오토모티브,5360,5340,-20,-0.37,1529,8112710
007540,샘표,36800,37350,550,1.49,12531,464115700
248170,샘표식품,31150,31600,450,1.44,6745,212515850
007860,서연,4320,4265,-55,-1.27,8509,36230270
200880,서연이화,5010,4965,-45,-0.9,99589,494876065
017390,서울가스,83800,83600,-200,-0.24,280,23426900
004410,서울식품,201,203,2,1.0,6447001,1292429462
004415,서울식품우,4225,4220,-5,-0.12,197602,826835265
021050,서원,1190,1190,0,0.0,62922,74409140
008490,서흥,25600,26450,850,3.32,38752,1020079650
007610,선도전기,5560,5920,360,6.47,1628242,9544348460
136490,선진,11400,11300,-100,-0.88,22410,256521650
002820,선창산업,6120,6010,-110,-1.8,15665,94509270
014910,성문전자,3385,3300,-85,-2.51,570771,1898449095
014915,성문전자우,16050,15700,-350,-2.18,119563,1971464550
003080,성보화학,5680,5730,50,0.88,9527,54427620
004980,성신양회,13950,13700,-250,-1.79,418653,5772347800
004987,성신양회2우B,18150,18450,300,1.65,9811,179838450
004989,성신양회3우B,12500,12350,-150,-1.2,331,4124600
004985,성신양회우,14750,15250,500,3.39,119984,1774589000
011300,성안,678,675,-3,-0.44,192766,128028820
000180,성창기업지주,2185,2190,5,0.23,116579,255080020
002420,세기상사,71600,71600,0,0.0,515,36884500
004360,세방,13250,13300,50,0.38,64907,863997200
004365,세방우,6600,6530,-70,-1.06,124,814840
004490,세방전지,39050,39200,150,0.38,20061,788813950
001430,세아베스틸,17850,18250,400,2.24,49539,896753750
306200,세아제강,66600,67100,500,0.75,6466,432396900
003030,세아제강지주,54600,54800,200,0.37,5023,274448600
019440,세아특수강,14950,14850,-100,-0.67,112282,1661230650
058650,세아홀딩스,96200,95800,-400,-0.42,961,91658600
013000,세우글로벌,1960,1965,5,0.26,1905254,3754553635
091090,세원셀론텍,3995,3985,-10,-0.25,395091,1591888590
021820,세원정공,7560,7590,30,0.4,4644,35203410
067830,세이브존IC,3940,3875,-65,-1.65,50105,194891640
033530,세종공업,7100,6970,-130,-1.83,405619,2844840890
075580,세진중공업,4565,4565,0,0.0,201433,918997510
027970,세하,1535,1565,30,1.95,216570,337300400
145210,세화아이엠씨,2990,2990,0,0.0,0,0
068270,셀트리온,209500,212000,2500,1.19,304258,64512173000
004430,송원산업,21100,21950,850,4.03,251800,5481697150
017550,수산중공업,2015,2005,-10,-0.5,481120,960692770
002200,수출포장,20550,20700,150,0.73,5590,115473400
053210,스카이라이프,11400,11350,-50,-0.44,44887,511431650
134790,시디즈,38700,40600,1900,4.91,8538,346140300
016590,신대양제지,66900,66200,-700,-1.05,29407,1940816300
029530,신도리코,49700,50000,300,0.6,5588,280154000
004970,신라교역,14050,14000,-50,-0.36,13046,183264250
011930,신성이엔지,1165,1160,-5,-0.43,1278625,1492308625
005390,신성통상,991,995,4,0.4,217110,214961216
004170,신세계,266000,270000,4000,1.5,82116,22170121500
035510,신세계IC,143000,140500,-2500,-1.75,12038,1688685500
034300,신세계건설,27650,27850,200,0.72,16697,460319550
031430,신세계인터내셔날,206500,208500,2000,0.97,51027,10536087000
031440,신세계푸드,92500,92700,200,0.22,7204,662146500
006880,신송홀딩스,4605,4655,50,1.09,8587,39751205
005800,신영와코루,143500,141000,-2500,-1.74,645,90296000
001720,신영증권,59300,59200,-100,-0.17,2973,176685700
001725,신영증권우,55700,55800,100,0.18,624,34735800
009270,신원,2815,2835,20,0.71,1551919,4411137570
009275,신원우,65000,67400,2400,3.69,2550,169758300
002700,신일산업,1515,1530,15,0.99,568035,865595730
019170,신풍제약,8060,8340,280,3.47,1119750,9224673310
019175,신풍제약우,6730,6810,80,1.19,4613,31237190
002870,신풍제지,1385,1390,5,0.36,65591,90637205
005450,신한,4945,4945,0,0.0,0,0
293940,신한알파리츠,5620,5680,60,1.07,45632,258092650
055550,신한지주,43700,43600,-100,-0.23,844561,36963376150
001770,신화실업,22150,22450,300,1.35,1721,38858600
004080,신흥,10200,11000,800,7.84,4766,50821600
102280,쌍방울,1155,1160,5,0.43,392189,454912235
003410,쌍용양회,6930,6990,60,0.87,970170,6779293230
003415,쌍용양회우,6640,6980,340,5.12,162682,1111154170
003620,쌍용차,5190,5190,0,0.0,121257,627809740
004770,써니전자,3095,2890,-205,-6.62,3492325,10324875930
004920,씨아이테크,563,558,-5,-0.89,227220,127097541
112610,씨에스윈드,30400,30650,250,0.82,29596,899174250
008700,아남전자,2775,2800,25,0.9,1562097,4390317510
002790,아모레G,64800,66400,1600,2.47,146523,9705974700
002795,아모레G우,28600,29200,600,2.1,8708,253715050
090430,아모레퍼시픽,179500,185000,5500,3.06,268841,49648369500
090435,아모레퍼시픽우,100500,102500,2000,1.99,9685,988070500
002030,아세아,131500,131000,-500,-0.38,654,86490500
183190,아세아시멘트,137500,138500,1000,0.73,21865,2975333000
002310,아세아제지,33600,33250,-350,-1.04,29242,974450650
267850,아시아나IDT,15500,16400,900,5.81,227576,3679896800
020560,아시아나항공,4410,4260,-150,-3.4,1384041,5967432880
122900,아이마켓코리아,8750,8750,0,0.0,147972,1303229610
010780,아이에스동서,33050,33550,500,1.51,85532,2867367350
033660,아주캐피탈,8690,8750,60,0.69,32945,288438240
101140,아티스,4760,4710,-50,-1.05,103204,483414440
001780,알루코,3085,3100,15,0.49,84532,261642630
002250,알보젠코리아,28700,28600,-100,-0.35,86313,2469038450
018250,애경산업,39900,40700,800,2.01,301496,12195228300
161000,애경유화,9980,10100,120,1.2,233918,2362336800
011090,에넥스,1465,1470,5,0.34,845774,1243187790
005850,에스엘,19800,20000,200,1.01,42552,854987200
012750,에스원,102500,103000,500,0.49,32970,3422585500
023960,에쓰씨엔지니어링,1720,1750,30,1.74,37518,65277240
298690,에어부산,4600,4555,-45,-0.98,197306,901631530
140910,에이리츠,5720,5810,90,1.57,35893,208787410
078520,에이블씨엔씨,12350,12350,0,0.0,233423,2908428100
015260,에이엔피,548,560,12,2.19,3746561,2050628858
007460,에이프로젠KIC,2715,2710,-5,-0.18,5512193,15298560010
003060,에이프로젠제약,2460,2505,45,1.83,275096,687146425
036570,엔씨소프트,445500,447000,1500,0.34,84523,37792934000
138250,엔에스쇼핑,13200,13200,0,0.0,17972,238597750
085310,엔케이,2130,2110,-20,-0.94,1424580,3009493650
009810,엔케이물산,778,770,-8,-1.03,888463,684243158
900140,엘브이엠씨홀딩스,2965,2940,-25,-0.84,125036,367768175
014440,영보화학,3945,3945,0,0.0,14610,57850070
111770,영원무역,36450,36800,350,0.96,82656,3041173500
009970,영원무역홀딩스,62500,62900,400,0.64,2719,169846100
003520,영진약품,6500,6570,70,1.08,697066,4596193460
000670,영풍,760000,765000,5000,0.66,640,489304000
006740,영풍제지,3565,3580,15,0.42,18521,66039050
012280,영화금속,1620,1590,-30,-1.85,990375,1584823915
012160,영흥철강,1615,1730,115,7.12,17352858,30498834595
015360,예스코홀딩스,41600,41500,-100,-0.24,1255,52161650
007310,오뚜기,792000,776000,-16000,-2.02,6427,4997322000
079440,오렌지라이프,34200,34000,-200,-0.58,125164,4261746200
002630,오리엔트바이오,519,529,10,1.93,5111791,2687369439
271560,오리온,112500,114000,1500,1.33,55576,6311642000
001800,오리온홀딩스,19300,19550,250,1.3,36796,716720900
070960,용평리조트,11000,11650,650,5.91,2928205,33292171700
316140,우리금융지주,15650,15750,100,0.64,1034314,16278082700
004720,우리들제약,8290,8450,160,1.93,137540,1154179170
118000,우리들휴브레인,2865,2840,-25,-0.87,138500,395791760
010050,우리종금,786,786,0,0.0,1569456,1236289986
006980,우성사료,2905,2870,-35,-1.2,117371,337888340
017370,우신시스템,6680,6690,10,0.15,38931,261456900
105840,우진,6620,6810,190,2.87,1569922,10628963720
010400,우진아이엔에스,11050,11600,550,4.98,347824,3976359550
049800,우진플라임,6870,6530,-340,-4.95,166467,1095784650
016880,웅진,2410,2490,80,3.32,1097562,2738045240
095720,웅진씽크빅,3445,3540,95,2.76,2161224,7597465950
103130,웅진에너지,1700,1745,45,2.65,131328,225926065
005820,원림,18850,18800,-50,-0.27,1341,25279100
010600,웰바이오텍,4980,4865,-115,-2.31,255763,1249911340
008600,윌비스,1420,1445,25,1.76,499235,716822475
033270,유나이티드제약,24150,24700,550,2.28,67233,1662579800
014830,유니드,45900,46150,250,0.54,18047,828832200
000910,유니온,4835,4895,60,1.24,209592,1021753670
047400,유니온머티리얼,2010,2015,5,0.25,99479,199597365
011330,유니켐,1820,1775,-45,-2.47,1023670,1823784120
077500,유니퀘스트,7500,7500,0,0.0,43299,325915200
002920,유성기업,2845,2875,30,1.05,5646,16216530
000700,유수홀딩스,7530,7630,100,1.33,42343,323746900
003470,유안타증권,3340,3340,0,0.0,238249,798102160
003475,유안타증권우,2280,2280,0,0.0,6316,14390025
011690,유양디앤유,8470,8670,200,2.36,284500,2463529410
072130,유엔젤,4385,4730,345,7.87,858635,4037281895
000220,유유제약,11850,12000,150,1.27,42713,515498400
000225,유유제약1우,7300,7290,-10,-0.14,2376,17390140
000227,유유제약2우B,18800,18850,50,0.27,260,4898800
001200,유진투자증권,2765,2775,10,0.36,84597,235142620
000100,유한양행,242000,247000,5000,2.07,59435,14638756000
000105,유한양행우,212500,214500,2000,0.94,50,10700500
003460,유화증권,12950,12850,-100,-0.77,1652,21348500
003465,유화증권우,12550,12450,-100,-0.8,381,4811600
008730,율촌화학,15100,15300,200,1.32,58273,882820350
008250,이건산업,12600,12650,50,0.4,93977,1186960450
025820,이구산업,2125,2115,-10,-0.47,55625,117792710
214320,이노션,71600,71700,100,0.14,41700,2986465300
088260,이리츠코크렙,4810,4795,-15,-0.31,49545,237713250
139480,이마트,177000,179500,2500,1.41,133261,23721626596
007660,이수페타시스,6080,6390,310,5.1,1860228,11925992700
005950,이수화학,10000,10200,200,2.0,39453,399052280
015020,이스타코,713,716,3,0.42,192806,139314447
093230,이아이디,200,201,1,0.5,484851,97323470
102460,이연제약,16350,16400,50,0.31,26061,425978400
084680,이월드,2565,2570,5,0.19,1370015,3566268085
000760,이화산업,21000,21050,50,0.24,1909,40785250
014990,인디에프,3150,3085,-65,-2.06,2160855,6729935075
006490,인스코비,6010,5910,-100,-1.66,757766,4526026160
023800,인지컨트롤스,8070,7910,-160,-1.98,239870,1910371520
034590,인천도시가스,29150,29150,0,0.0,809,23550550
129260,인터지스,2780,2785,5,0.18,80415,222465910
023810,인팩,4490,4420,-70,-1.56,97099,431875860
249420,일동제약,19950,20600,650,3.26,158401,3215350200
000230,일동홀딩스,12600,12550,-50,-0.4,4794,60290150
013360,일성건설,2150,2190,40,1.86,2454366,5486252335
003120,일성신약,95300,94900,-400,-0.42,345,32793900
003200,일신방직,98000,98400,400,0.41,599,58812300
007110,일신석재,3715,3860,145,3.9,21381777,82727189590
007570,일양약품,29500,29700,200,0.68,29657,880233700
007575,일양약품우,19500,19950,450,2.31,2091,41060900
008500,일정실업,21550,21750,200,0.93,1576,34017650
081000,일진다이아,37950,37350,-600,-1.58,184821,6942621950
020760,일진디스플,4210,4115,-95,-2.26,362982,1523996565
020150,일진머티리얼즈,42700,43750,1050,2.46,381017,16529884500
103590,일진전기,3695,3690,-5,-0.14,56952,210818465
015860,일진홀딩스,3980,3970,-10,-0.25,106197,420637095
226320,잇츠한불,30050,29450,-600,-2.0,224908,6693236350
033240,자화전자,13850,14450,600,4.33,391577,5649180300
000950,전방,19050,19100,50,0.26,1224,23416350
194370,제이에스코퍼레이션,12800,13250,450,3.52,78207,1031669650
025620,제이준코스메틱,10700,10750,50,0.47,493691,5336189250
030000,제일기획,25650,25650,0,0.0,205721,5273861750
271980,제일약품,46000,46100,100,0.22,48588,2252865900
001560,제일연마,6660,6780,120,1.8,14076,95169400
002620,제일파마홀딩스,25500,25500,0,0.0,7738,196556100
006220,제주은행,4900,4925,25,0.51,34166,167666065
089590,제주항공,33500,33800,300,0.9,66534,2247080450
004910,조광페인트,7490,7490,0,0.0,19924,149545830
004700,조광피혁,37600,36950,-650,-1.73,2850,106529050
001550,조비,29650,29600,-50,-0.17,31115,921713250
000480,조선내화,85000,84200,-800,-0.94,897,76017100
120030,조선선재,92100,92500,400,0.43,1064,97390500
018470,조일알미늄,1035,1040,5,0.48,69301,72132135
002600,조흥,205000,203000,-2000,-0.98,705,145040000
185750,종근당,104500,105500,1000,0.96,11296,1190371500
063160,종근당바이오,22600,23200,600,2.65,30839,707545450
001630,종근당홀딩스,66900,67200,300,0.45,5553,374469700
044380,주연테크,445,468,23,5.17,9084829,4220617084
013870,지엠비코리아,8500,8280,-220,-2.59,231186,1933329520
071320,지역난방공사,57500,58300,800,1.39,16045,925097100
010580,지코,803,830,27,3.36,564768,460802249
035000,지투알,7910,7920,10,0.13,12504,98759490
088790,진도,4705,4695,-10,-0.21,13389,62661130
003780,진양산업,4080,4055,-25,-0.61,249987,1019493045
010640,진양폴리,2405,2405,0,0.0,30299,72603690
100250,진양홀딩스,2675,2680,5,0.19,24141,64784385
051630,진양화학,5900,5590,-310,-5.25,420404,2394975750
272450,진에어,20650,20500,-150,-0.73,73992,1519832300
011000,진원생명과학,4955,5020,65,1.31,115652,577921615
002780,진흥기업,2045,2040,-5,-0.24,92163,186387215
002787,진흥기업2우B,11950,11750,-200,-1.67,24440,285173600
002785,진흥기업우B,4790,4785,-5,-0.1,11141,53350905
009310,참엔지니어링,1745,1735,-10,-0.57,83881,145858640
000650,천일고속,75800,76400,600,0.79,722,54985100
012600,청호컴넷,2770,2780,10,0.36,6586,18206265
033250,체시스,1005,996,-9,-0.9,211606,211123270
035720,카카오,101500,102000,500,0.49,355745,36138672500
006380,카프로,5080,5340,260,5.12,380919,1996845680
109070,컨버즈,3770,3960,190,5.04,240487,930968340
029460,케이씨,15300,16150,850,5.56,354967,5642063900
281820,케이씨텍,15400,15800,400,2.6,231317,3666035850
145270,케이탑리츠,1050,1035,-15,-1.43,850702,872712200
058860,케이티스,2865,2830,-35,-1.22,246120,695566960
007815,코리아써우,2805,2820,15,0.53,1648,4574330
007810,코리아써키트,6500,6520,20,0.31,49819,324283850
00781K,코리아써키트2우B,4450,4360,-90,-2.02,520,2257710
152330,코리아오토글라스,13600,13600,0,0.0,65101,882310350
003690,코리안리,8770,8740,-30,-0.34,173559,1522548620
192820,코스맥스,142000,142000,0,0.0,81988,11608228000
044820,코스맥스비티아이,22350,22000,-350,-1.57,67405,1490726300
005070,코스모신소재,16000,16450,450,2.81,380412,6202035950
005420,코스모화학,16600,17400,800,4.82,364216,6264522750
071950,코아스,1955,1905,-50,-2.56,1340526,2567032835
002020,코오롱,33850,34100,250,0.74,12197,414357900
003070,코오롱글로벌,8140,8060,-80,-0.98,37578,304000190
003075,코오롱글로벌우,14700,14850,150,1.02,3274,48239500
144620,코오롱머티리얼,3245,3245,0,0.0,307754,987177300
002025,코오롱우,18000,18150,150,0.83,461,8325300
120110,코오롱인더,59600,61300,1700,2.85,188737,11522784300
120115,코오롱인더우,25000,25550,550,2.2,9527,241938700
138490,코오롱플라스틱,6580,6560,-20,-0.3,42594,278502360
021240,코웨이,88600,88100,-500,-0.56,119998,10571181600
031820,콤텍시스템,1585,1585,0,0.0,1036225,1645507325
192400,쿠쿠홀딩스,138500,136500,-2000,-1.44,3590,494375500
284740,쿠쿠홈시스,172000,181500,9500,5.52,9211,1659989500
015590,큐로,547,550,3,0.55,162114,88839500
264900,크라운제과,11000,11000,0,0.0,15874,174783950
26490K,크라운제과우,8090,8080,-10,-0.12,1597,12909500
005740,크라운해태홀딩스,14500,14700,200,1.38,114767,1690427300
005745,크라운해태홀딩스우,14000,14250,250,1.79,13768,194423100
020120,키다리스튜디오,2650,2845,195,7.36,273506,773559330
039490,키움증권,80800,81900,1100,1.36,124559,10248354700
012170,키위미디어그룹,350,362,12,3.43,1798581,643957963
015890,태경산업,5840,5900,60,1.03,41596,243992840
006890,태경화학,5400,5450,50,0.93,95267,517136880
003240,태광산업,1494000,1488000,-6000,-0.4,846,1258969000
011280,태림포장,4640,4590,-50,-1.08,276478,1274722710
004100,태양금속,1545,1545,0,0.0,223761,345959675
004105,태양금속우,3550,3560,10,0.28,33232,117578330
009410,태영건설,12700,12400,-300,-2.36,255301,3192751350
009415,태영건설우,6340,6270,-70,-1.1,8647,54102390
001420,태원물산,6490,6480,-10,-0.15,20702,133619690
007980,태평양물산,2900,2940,40,1.38,460012,1336078515
055490,테이팩스,22600,22600,0,0.0,17529,394281750
078000,텔코웨어,14200,14000,-200,-1.41,25309,354836000
214420,토니모리,13200,13050,-150,-1.14,199226,2598398150
140890,트러스제7호,3080,3090,10,0.32,2928,8873650
019180,티에이치엔,2685,2600,-85,-3.17,122198,317629840
091810,티웨이항공,7400,7390,-10,-0.14,161166,1201798630
004870,티웨이홀딩스,2745,2810,65,2.37,509413,1413890850
005690,파미셀,12050,12000,-50,-0.41,1447740,17388466650
036580,팜스코,8020,8050,30,0.37,41726,334985620
028670,팬오션,4280,4335,55,1.29,1213649,5240242285
010820,퍼스텍,3440,3430,-10,-0.29,435269,1488797395
016800,퍼시스,31150,31000,-150,-0.48,418,12991700
001020,페이퍼코리아,1020,1060,40,3.92,3133938,3506468810
090080,평화산업,2595,2560,-35,-1.35,398276,1025385130
010770,평화홀딩스,7010,6760,-250,-3.57,124533,855828060
058430,포스코강판,20450,20450,0,0.0,2721,55644350
047050,포스코대우,19000,19350,350,1.84,218548,4210241700
007630,폴루스바이오팜,4330,4230,-100,-2.31,639665,2735991865
017810,풀무원,82300,83700,1400,1.7,7558,628154100
103140,풍산,28750,29100,350,1.22,73680,2128249350
005810,풍산홀딩스,38150,38100,-50,-0.13,3710,141332300
033180,필룩스,11850,12250,400,3.38,1853459,22491000500
086790,하나금융지주,39700,39800,100,0.25,750676,29835920500
099340,하나니켈1호,1165,1160,-5,-0.43,8472,9806610
099350,하나니켈2호,1500,1495,-5,-0.33,5257,7782220
293480,하나제약,26350,26950,600,2.28,349675,9470989250
039130,하나투어,65600,66900,1300,1.98,167879,11185835800
172580,하이골드12호,2900,2895,-5,-0.17,10205,29454635
153360,하이골드3호,1865,1855,-10,-0.54,57041,105768875
159650,하이골드8호,1405,1385,-20,-1.42,44836,62220925
071090,하이스틸,31000,30700,-300,-0.97,19379,594702250
019490,하이트론,3830,3840,10,0.26,7424,28471935
000080,하이트진로,17500,17600,100,0.57,138740,2439896050
000087,하이트진로2우B,14650,14700,50,0.34,482,7040250
000140,하이트진로홀딩스,7820,7940,120,1.53,8256,65118100
000145,하이트진로홀딩스우,8100,8140,40,0.49,75,606220
152550,한국ANKOR유전,1735,1730,-5,-0.29,59501,102871325
036460,한국가스공사,54300,53800,-500,-0.92,127195,6861367200
005430,한국공항,47250,47550,300,0.63,4004,190533200
071050,한국금융지주,60800,62000,1200,1.97,223516,13824012950
071055,한국금융지주우,35800,36150,350,0.98,3741,134977500
010040,한국내화,9720,9450,-270,-2.78,1590313,15209552840
025540,한국단자,49950,50000,50,0.1,18437,920811850
004090,한국석유,157500,158500,1000,0.63,1778,280972000
002960,한국쉘석유,332500,334000,1500,0.45,680,226909000
123890,한국자산신탁,4415,4400,-15,-0.34,50426,222030765
015760,한국전력,33500,33050,-450,-1.34,1146918,38019126450
006200,한국전자홀딩스,828,829,1,0.12,135801,112045822
002300,한국제지,19550,19400,-150,-0.77,4934,95800700
023350,한국종합기술,6460,6650,190,2.94,131543,865434970
025890,한국주강,2280,2270,-10,-0.44,36528,83020225
000970,한국주철관,10600,10600,0,0.0,57473,613251300
104700,한국철강,5720,5720,0,0.0,30526,174105630
017960,한국카본,8130,8150,20,0.25,209976,1704673450
161890,한국콜마,76700,75900,-800,-1.04,186822,14197845700
024720,한국콜마홀딩스,34500,35750,1250,3.62,147228,5194564450
161390,한국타이어,41150,41150,0,0.0,245927,10100891050
000240,한국타이어월드와이드,16050,16050,0,0.0,41750,668521500
034830,한국토지신탁,2585,2610,25,0.97,181958,474886380
007280,한국특수형강,2230,2230,0,0.0,59332,132246755
168490,한국패러랠,2455,2450,-5,-0.2,29584,72109585
010100,한국프랜지,1730,1725,-5,-0.29,59942,103838765
047810,한국항공우주,35300,36100,800,2.27,730462,26257818900
123690,한국화장품,12500,12400,-100,-0.8,183822,2277910150
003350,한국화장품제조,38600,38400,-200,-0.52,50571,1949759650
011500,한농화성,4325,4360,35,0.81,19000,82323715
002390,한독,28300,28100,-200,-0.71,28773,806561700
014790,한라,4995,5080,85,1.7,131682,662381770
060980,한라홀딩스,42850,42950,100,0.23,18846,804823500
053690,한미글로벌,13600,13350,-250,-1.84,294642,3945977250
042700,한미반도체,8730,8760,30,0.34,159891,1404534010
008930,한미사이언스,77000,77300,300,0.39,40249,3101818100
128940,한미약품,460000,464000,4000,0.87,20076,9330234500
009240,한샘,82900,88000,5100,6.15,290666,25310776200
020000,한섬,36950,37050,100,0.27,32884,1215466050
003680,한성기업,6350,6380,30,0.47,5955,37870110
105630,한세실업,23600,24500,900,3.81,450927,11107433350
069640,한세엠케이,7990,7990,0,0.0,7700,61309920
016450,한세예스24홀딩스,8790,9180,390,4.44,118822,1065452100
010420,한솔PNS,1540,1610,70,4.55,254718,405965085
009180,한솔로지스틱스,1580,1575,-5,-0.32,148799,234384385
213500,한솔제지,16800,17050,250,1.49,169518,2882520750
014680,한솔케미칼,88800,89800,1000,1.13,75426,6843455100
004710,한솔테크닉스,8160,8100,-60,-0.74,105508,855109740
004150,한솔홀딩스,4895,4940,45,0.92,56866,279969980
025750,한솔홈데코,1600,1590,-10,-0.63,733886,1169060185
004960,한신공영,18950,19050,100,0.53,39021,741831600
011700,한신기계,2610,2595,-15,-0.57,197913,514991405
001750,한양증권,6980,7070,90,1.29,11486,80258520
001755,한양증권우,7730,7740,10,0.13,33,255730
018880,한온시스템,12300,12450,150,1.22,493783,6133968850
009420,한올바이오파마,37050,37400,350,0.94,295929,11090417500
014130,한익스프레스,5130,5130,0,0.0,32103,165225700
300720,한일시멘트,142000,142000,0,0.0,3656,521403000
002220,한일철강,21950,22200,250,1.14,2323,51404650
006390,한일현대시멘트,52800,52900,100,0.19,36945,1951954300
003300,한일홀딩스,61800,62500,700,1.13,3874,241719600
051600,한전KPS,33550,35650,2100,6.26,649765,22813579350
052690,한전기술,26050,26400,350,1.34,72758,1921428800
130660,한전산업,4135,4130,-5,-0.12,54075,223389070
002320,한진,43950,43900,-50,-0.11,152056,6504916800
097230,한진중공업,1190,1190,0,0.0,0,0
003480,한진중공업홀딩스,3350,3370,20,0.6,280769,930444905
180640,한진칼,26900,25750,-1150,-4.28,1025801,26578274700
18064K,한진칼우,17500,17150,-350,-2.0,28375,488091050
005110,한창,2275,2200,-75,-3.3,1558731,3503113405
009460,한창제지,3265,3270,5,0.15,2545527,8230589235
000880,한화,33050,33550,500,1.51,118965,3985307000
00088K,한화3우B,15100,15200,100,0.66,30478,461314300
027390,한화갤러리아타임월드,30300,30400,100,0.33,20903,635409700
088350,한화생명,4250,4285,35,0.82,1280462,5500045105
000370,한화손해보험,5450,5460,10,0.18,391360,2137225440
012450,한화에어로스페이스,32350,33150,800,2.47,196439,6485693800
000885,한화우,21050,21150,100,0.48,2984,62746300
009830,한화케미칼,21200,21650,450,2.12,729962,15743683050
009835,한화케미칼우,12000,12150,150,1.25,4046,48723950
003530,한화투자증권,2390,2405,15,0.63,111817,270059340
003535,한화투자증권우,2350,2340,-10,-0.43,25825,60273115
195870,해성디에스,13900,13850,-50,-0.36,61594,852606750
101530,해태제과식품,11250,11450,200,1.78,37852,429522300
143210,핸즈코퍼레이션,6870,6830,-40,-0.58,28456,194234840
000720,현대건설,62500,62800,300,0.48,324790,20419324400
267270,현대건설기계,53300,55800,2500,4.69,179367,9884832000
000725,현대건설우,207000,269000,62000,29.95,15757,3971296000
005440,현대그린푸드,13900,13750,-150,-1.08,172215,2374463550
086280,현대글로비스,138000,138500,500,0.36,64989,8927125000
064350,현대로템,28100,28300,200,0.71,530152,14980034950
079430,현대리바트,19500,21000,1500,7.69,321187,6571270500
012330,현대모비스,214000,210000,-4000,-1.87,272761,57157497500
010620,현대미포조선,60700,61000,300,0.49,163691,9923551000
069960,현대백화점,94100,95000,900,0.96,52678,5017332000
004560,현대비앤지스틸,10350,10700,350,3.38,52545,551151300
004565,현대비앤지스틸우,64900,84300,19400,29.89,55008,4186592900
011760,현대상사,32450,32600,150,0.46,106867,3485215100
011200,현대상선,4330,4430,100,2.31,1235425,5441132145
004310,현대약품,5150,5170,20,0.39,149314,774007730
126560,현대에이치씨엔,4280,4320,40,0.93,175285,747358175
017800,현대엘리베이,122000,122000,0,0.0,315619,38520402500
011210,현대위아,40750,40650,-100,-0.25,137262,5541647850
267260,현대일렉트릭,31350,31550,200,0.64,137992,4399988950
004020,현대제철,49300,49900,600,1.22,209191,10428021800
009540,현대중공업,126000,128500,2500,1.98,256443,32598422000
267250,현대중공업지주,345000,350500,5500,1.59,32956,11495819000
005380,현대차,121000,120500,-500,-0.41,557734,67044519500
005387,현대차2우B,80000,79800,-200,-0.25,44079,3543103100
005389,현대차3우B,69700,69300,-400,-0.57,4522,313413600
005385,현대차우,72300,72700,400,0.55,12773,929253200
001500,현대차증권,9810,9800,-10,-0.1,13370,131183860
227840,현대코퍼레이션홀딩스,17600,17600,0,0.0,41041,717535850
001450,현대해상,38050,38200,150,0.39,166396,6346584150
057050,현대홈쇼핑,105000,105000,0,0.0,12380,1298417000
093240,형지엘리트,2240,2230,-10,-0.45,403581,900503625
003010,혜인,7320,7360,40,0.55,198010,1453077500
111110,호전실업,11450,11400,-50,-0.44,20742,235699450
008770,호텔신라,76900,78900,2000,2.6,1014088,79272924900
008775,호텔신라우,44200,45350,1150,2.6,13245,595601900
002460,화성산업,14900,14950,50,0.34,37674,567018600
013520,화승알앤에이,2060,2055,-5,-0.24,22824,46856820
241590,화승엔터프라이즈,10400,10600,200,1.92,226642,2408294950
006060,화승인더,7200,7470,270,3.75,342524,2541989050
010690,화신,2630,2610,-20,-0.76,24804,64645050
133820,화인베스틸,3250,3350,100,3.08,2201623,7201353325
010660,화천기계,21200,21600,400,1.89,5127,109263700
000850,화천기공,43000,43650,650,1.51,2397,103933150
016580,환인제약,18850,19000,150,0.8,16009,305943500
032560,황금에스티,11200,11500,300,2.68,107492,1223353600
004800,효성,69300,70800,1500,2.16,226415,15869196400
094280,효성ITX,11050,10950,-100,-0.9,23224,255855750
298040,효성중공업,45900,45600,-300,-0.65,42827,1958016950
298050,효성첨단소재,124500,123000,-1500,-1.2,17830,2226883000
298020,효성티앤씨,171500,172000,500,0.29,4111,704764000
298000,효성화학,147500,154000,6500,4.41,27060,4150274500
093370,후성,8340,8460,120,1.44,826056,6972224920
081660,휠라코리아,47500,48950,1450,3.05,559613,27401442700
005870,휴니드,9200,9200,0,0.0,160702,1510498670
079980,휴비스,7870,8350,480,6.1,521504,4289219860
005010,휴스틸,14050,13900,-150,-1.07,55808,780986250
069260,휴켐스,21900,21950,50,0.23,60079,1322320000
000540,흥국화재,4890,4890,0,0.0,51229,250895645
000547,흥국화재2우B,25350,25200,-150,-0.59,549,13747550
000545,흥국화재우,5840,5710,-130,-2.23,4022,23208950
003280,흥아해운,409,412,3,0.73,385673,158445387
