티커,종목명,시가,종가,변동폭,등락률,거래량,거래대금
095570,AJ네트웍스,4600,4695,95,2.07,23671,109471940
068400,AJ렌터카,9770,10100,330,3.38,105708,1053163170
006840,AK홀딩스,35300,36250,950,2.69,34517,1234062900
027410,BGF,5740,5870,130,2.26,291716,1704675540
282330,BGF리테일,208500,213500,5000,2.4,34342,7417969000
138930,BNK금융지주,6640,6690,50,0.75,953426,6400579090
001460,BYC,244500,237000,-7500,-3.07,3538,839257500
001465,BYC우,147500,137500,-10000,-6.78,6543,899042500
001040,CJ,85900,86200,300,0.35,168368,14561349200
079160,CJCGV,32900,34250,1350,4.1,176061,5940951950
000120,CJ대한통운,131000,137000,6000,4.58,129505,17896284500
011150,CJ씨푸드,2880,3035,155,5.38,8507735,24040152730
011155,CJ씨푸드1우,36700,36900,200,0.54,110674,3726114950
001045,CJ우,48550,49150,600,1.24,4525,220923500
097950,CJ제일제당,266000,272000,6000,2.26,38716,10513287500
097955,CJ제일제당우,112500,116000,3500,3.11,2190,250217000
037560,CJ헬로,5350,5550,200,3.74,138648,760702890
000590,CS홀딩스,58700,58100,-600,-1.02,427,25048400
012030,DB,765,774,9,1.18,511830,393798711
016610,DB금융투자,4060,4200,140,3.45,80398,336150320
005830,DB손해보험,51400,53200,1800,3.5,142234,7486656400
000990,DB하이텍,12950,13200,250,1.93,477140,6330552750
000995,DB하이텍1우,33600,34900,1300,3.87,2931,103704850
139130,DGB금융지주,6900,6900,0,0.0,1399301,9661629720
001530,DI동일,70500,71700,1200,1.7,1106,79074200
004840,DRB동일,5100,5130,30,0.59,10662,54740060
155660,DSR,3570,3690,120,3.36,63016,232550240
069730,DSR제강,3740,3855,115,3.07,108189,416215080
017940,E1,50000,50800,800,1.6,10966,553558250
007700,FF,67100,72500,5400,8.05,140168,10076117300
114090,GKL,17800,18800,1000,5.62,338163,6297453000
078930,GS,48400,47800,-600,-1.24,202436,9717149350
006360,GS건설,31000,32350,1350,4.35,490484,15796734750
001250,GS글로벌,2230,2275,45,2.02,263519,598530895
007070,GS리테일,38650,39800,1150,2.98,425698,16878876500
078935,GS우,35400,35600,200,0.56,3056,108325400
012630,HDC,12100,12950,850,7.02,418949,5342606600
039570,HDC아이콘트롤스,8890,9060,170,1.91,8091,73051220
089470,HDC현대EP,4500,4710,210,4.67,28208,130248910
294870,HDC현대산업개발,33800,35450,1650,4.88,174508,6062578550
082740,HSD엔진,2800,2860,60,2.14,82501,234585390
003560,IHQ,1650,1745,95,5.76,1032442,1780468935
175330,JB금융지주,5540,5560,20,0.36,259544,1439239380
234080,JW생명과학,21050,21450,400,1.9,27774,590761100
001060,JW중외제약,24100,24850,750,3.11,94082,2314704200
001067,JW중외제약2우B,36250,36400,150,0.41,596,21668200
001065,JW중외제약우,24800,24750,-50,-0.2,1354,33683600
096760,JW홀딩스,4825,5070,245,5.08,253888,1273146745
105560,KB금융,39550,39250,-300,-0.76,2080415,82136463050
002380,KCC,223000,221500,-1500,-0.67,31747,7076713500
009070,KCTC,2700,2790,90,3.33,44391,124197850
009440,KC그린홀딩스,3520,3605,85,2.41,36476,130432840
119650,KC코트렐,5550,5720,170,3.06,97652,555345410
092220,KEC,1005,1045,40,3.98,1236623,1281604200
001390,KG케미칼,10050,10300,250,2.49,73620,756845100
001940,KISCO홀딩스,11800,12050,250,2.12,5018,59713300
025000,KPX케미칼,55600,57000,1400,2.52,3224,181451900
092230,KPX홀딩스,54500,53500,-1000,-1.83,2465,132465300
000040,KR모터스,506,505,-1,-0.2,823661,408833328
044450,KSS해운,7030,7050,20,0.28,28076,196941520
030200,KT,27250,26900,-350,-1.28,1432350,38730785800
033780,KTG,96400,97700,1300,1.35,648919,63597125800
030210,KTB투자증권,2320,2405,85,3.66,101919,243191285
058850,KTcs,1985,1980,-5,-0.25,65689,130164600
058860,KTis,2075,2105,30,1.45,55308,116501085
093050,LF,22900,23350,450,1.97,90322,2081329700
003550,LG,68100,68600,500,0.73,299636,20673424800
034220,LG디스플레이,12650,13000,350,2.77,2283759,29570480550
001120,LG상사,16150,16150,0,0.0,188170,3038985650
051900,LG생활건강,1161000,1160000,-1000,-0.09,61809,71778742000
051905,LG생활건강우,716000,731000,15000,2.09,1341,980400000
003555,LG우,43600,43800,200,0.46,2209,97002750
032640,LG유플러스,12800,12450,-350,-2.73,2769821,34564238050
011070,LG이노텍,96400,99700,3300,3.42,165411,16282024000
066570,LG전자,59600,59600,0,0.0,864002,51751285600
066575,LG전자우,25200,26000,800,3.17,29342,754601200
108670,LG하우시스,57400,57400,0,0.0,44869,2568072000
108675,LG하우시스우,27700,27950,250,0.9,790,22061100
051910,LG화학,315500,318000,2500,0.79,182984,58096094000
051915,LG화학우,162000,163500,1500,0.93,20436,3359360100
079550,LIG넥스원,27100,27300,200,0.74,141850,3856293800
006260,LS,41500,41950,450,1.08,75117,3130345300
000680,LS네트웍스,2785,2845,60,2.15,26585,73551075
010120,LS산전,43100,43550,450,1.04,68214,2961682600
229640,LS전선아시아,7110,7200,90,1.27,59980,431273860
023150,MH에탄올,6240,6370,130,2.08,9784,61826870
035420,NAVER,137500,140000,2500,1.82,496443,69336961500
181710,NHN,60200,63400,3200,5.32,114026,7098583800
005940,NH투자증권,12000,12200,200,1.67,1152739,14143560700
005945,NH투자증권우,8440,8560,120,1.42,54644,466765960
034310,NICE,19900,20450,550,2.76,20901,420327350
008260,NI스틸,2230,2280,50,2.24,83275,187699455
004250,NPC,3725,3750,25,0.67,29269,110094260
004255,NPC우,2270,2280,10,0.44,1044,2362150
010060,OCI,68000,68600,600,0.88,192506,13205483800
005490,POSCO,205500,205000,-500,-0.24,442263,91039212500
100840,STC,15750,15500,-250,-1.59,24393,379942500
064960,ST모티브,48000,48900,900,1.88,48173,2332353900
003570,ST중공업,6200,6190,-10,-0.16,15392,94592110
036530,ST홀딩스,14900,15100,200,1.34,9683,147089500
010950,S-Oil,88700,89900,1200,1.35,334968,29931740500
010955,S-Oil우,54800,55300,500,0.91,14717,805621600
034120,SBS,15900,16600,700,4.4,82959,1369595850
101060,SBS미디어홀딩스,2020,2030,10,0.5,28081,57129965
004060,SG세계물산,959,983,24,2.5,1969760,1930338059
001380,SG충방,1655,1735,80,4.83,233392,399186850
002360,SH에너지화학,981,1015,34,3.47,1303541,1316321917
009160,SIMPAC,2525,2645,120,4.75,122706,321001310
123700,SJM,2940,2935,-5,-0.17,6455,19083170
025530,SJM홀딩스,3035,2995,-40,-1.32,4459,13455050
034730,SK,200000,201000,1000,0.5,386126,76706965000
011790,SKC,42500,43850,1350,3.18,396097,17137233150
018670,SK가스,76300,75600,-700,-0.92,10967,826224500
001740,SK네트웍스,5100,5020,-80,-1.57,1191220,6023070470
001745,SK네트웍스우,90300,91100,800,0.89,6092,560681200
006120,SK디스커버리,21550,21850,300,1.39,44011,957023000
006125,SK디스커버리우,13950,14150,200,1.43,10441,146384500
210980,SK디앤디,24500,24500,0,0.0,9333,227770700
03473K,SK우,129000,130000,1000,0.78,1559,200765500
096770,SK이노베이션,163000,159000,-4000,-2.45,287387,46273749000
096775,SK이노베이션우,113500,115000,1500,1.32,2634,300280000
001510,SK증권,579,601,22,3.8,1819915,1086923189
001515,SK증권우,2535,2605,70,2.76,20990,54574615
285130,SK케미칼,41750,42650,900,2.16,50512,2124830800
28513K,SK케미칼우,20450,20500,50,0.24,1520,31116550
017670,SK텔레콤,244500,240500,-4000,-1.64,297802,71995928000
000660,SK하이닉스,73300,72300,-1000,-1.36,2943206,215237652800
005610,SPC삼립,81200,83900,2700,3.33,13127,1086967000
011810,STX,8720,8730,10,0.11,35703,311205890
077970,STX엔진,6370,6560,190,2.98,11442,74597990
071970,STX중공업,2470,2530,60,2.43,61772,154475695
084870,TBH글로벌,3430,3450,20,0.58,1644716,5499689625
002710,TCC스틸,2255,2310,55,2.44,25675,58951865
024070,WISCOM,2515,2640,125,4.97,27050,71193140
037270,YGPLUS,1000,1010,10,1.0,217819,220581974
000500,가온전선,16000,16850,850,5.31,17515,280158600
000860,강남제비스코,22600,22700,100,0.44,11939,268431700
035250,강원랜드,29000,29650,650,2.24,448959,13306957350
011420,갤럭시아에스엠,3150,3345,195,6.19,2101698,6984842245
002100,경농,12100,13000,900,7.44,213531,2742381750
009450,경동나비엔,33000,34800,1800,5.45,106825,3649681150
267290,경동도시가스,25300,26050,750,2.96,11356,292689850
012320,경동인베스트,31300,32000,700,2.24,2116,67612050
000050,경방,9600,9720,120,1.25,4342,41886960
214390,경보제약,7690,7890,200,2.6,31591,249887000
012610,경인양행,9800,9310,-490,-5.0,13733776,127754235620
009140,경인전자,20350,20450,100,0.49,6270,128804750
013580,계룡건설,22950,23200,250,1.09,5492,127266600
012200,계양전기,2870,2930,60,2.09,298193,871718465
012205,계양전기우,7880,7880,0,0.0,78685,626225850
004200,고려개발,4010,4175,165,4.11,8745,35442645
002140,고려산업,2730,2840,110,4.03,459790,1295945155
010130,고려아연,425500,447000,21500,5.05,57033,25155743000
002240,고려제강,23550,23950,400,1.7,13311,317383900
009290,광동제약,6180,6350,170,2.75,188932,1188826340
017040,광명전기,1805,1905,100,5.54,278258,525726745
017900,광전자,1890,1975,85,4.5,132581,258308135
037710,광주신세계,166000,166000,0,0.0,713,117579500
030610,교보증권,9140,9350,210,2.3,59349,551145950
007690,국도화학,44400,45800,1400,3.15,9865,448484050
005320,국동,1410,1500,90,6.38,834345,1245189445
002720,국제약품,3560,3715,155,4.35,105400,387889405
083420,그린케미칼,3480,3490,10,0.29,14907,51900475
014530,극동유화,3300,3370,70,2.12,58157,193785945
014280,금강공업,3775,3980,205,5.43,125370,491418720
014285,금강공업우,8380,8550,170,2.03,4995,42515480
008870,금비,61400,61800,400,0.65,292,17966700
001570,금양,2145,2165,20,0.93,70030,150368055
002990,금호산업,11700,12200,500,4.27,52572,631655400
002995,금호산업우,44000,45900,1900,4.32,10587,494470150
011780,금호석유,70000,72500,2500,3.57,482254,35551357500
011785,금호석유우,29950,30350,400,1.34,191534,6056819600
214330,금호에이치티,3480,3610,130,3.74,66965,239474085
001210,금호전기,2360,2395,35,1.48,38721,92611790
073240,금호타이어,4160,4160,0,0.0,471033,1934981725
092440,기신정기,3705,3810,105,2.83,14454,54942275
000270,기아차,42050,43050,1000,2.38,1306470,56440278450
024110,기업은행,12600,12400,-200,-1.59,1168693,14615318900
013700,까뮤이앤씨,1180,1175,-5,-0.42,472503,549894440
004540,깨끗한나라,3180,2880,-300,-9.43,3343860,9493588580
004545,깨끗한나라우,28200,23350,-4850,-17.2,326983,7727686150
074610,나노메딕스,5530,7180,1650,29.84,5303228,35271795480
001260,남광토건,9970,10350,380,3.81,23164,238503900
008350,남선알미늄,3130,3235,105,3.35,9135306,29578063070
008355,남선알미우,33800,34900,1100,3.25,32012,1117854800
004270,남성,2960,3035,75,2.53,1801653,5467405960
003920,남양유업,533000,545000,12000,2.25,879,473799000
003925,남양유업우,190000,191500,1500,0.79,49,9326500
002070,남영비비안,22800,23600,800,3.51,685524,15480953850
025860,남해화학,8140,8380,240,2.95,101985,853387440
005720,넥센,5510,5550,40,0.73,12745,70692090
005725,넥센우,3495,3590,95,2.72,95,336085
002350,넥센타이어,7970,7970,0,0.0,115695,925942130
002355,넥센타이어1우B,3940,3980,40,1.02,309,1224385
003580,넥스트사이언스,2795,3135,340,12.16,215621,650437615
251270,넷마블,88600,89800,1200,1.35,202785,18254343600
090350,노루페인트,6370,6580,210,3.3,69590,454331660
090355,노루페인트우,11350,11400,50,0.44,9175,103999400
000320,노루홀딩스,10600,10600,0,0.0,8193,86669550
000325,노루홀딩스우,17650,17850,200,1.13,9572,171113650
006280,녹십자,100000,102500,2500,2.5,24690,2512340600
005250,녹십자홀딩스,18250,18900,650,3.56,52133,970509350
005257,녹십자홀딩스2우,15850,15900,50,0.32,189,3043350
004370,농심,227000,230000,3000,1.32,13139,3014767500
072710,농심홀딩스,73400,74800,1400,1.91,1314,97278600
058730,다스코,5460,5710,250,4.58,75830,425149090
023590,다우기술,19550,20000,450,2.3,60211,1192912600
019680,대교,6000,6370,370,6.17,75695,469480520
019685,대교우B,4260,4235,-25,-0.59,2155,9108645
006370,대구백화점,5280,5400,120,2.27,13590,72823960
008060,대덕전자,9560,9660,100,1.05,375669,3632613840
00806K,대덕전자1우,5980,6030,50,0.84,2152,13012360
000490,대동공업,4585,5080,495,10.8,226838,1114207785
008110,대동전자,4380,4400,20,0.46,62189,264748885
005750,대림BCo,3750,3880,130,3.47,22660,86988405
000210,대림산업,95600,97300,1700,1.78,150061,14669509300
000215,대림산업우,39200,40150,950,2.42,17135,678579150
004440,대림씨엔에스,7000,7200,200,2.86,14447,102802010
006570,대림통상,4060,4280,220,5.42,7309,30106595
001680,대상,21900,22500,600,2.74,164882,3684188900
001685,대상우,12700,12850,150,1.18,152456,2098262450
084690,대상홀딩스,6180,6320,140,2.27,1802258,12608725810
084695,대상홀딩스우,6600,6860,260,3.94,1079254,8441824490
128820,대성산업,3660,3780,120,3.28,85616,323513930
117580,대성에너지,5250,5230,-20,-0.38,23790,124021470
016710,대성홀딩스,7650,7760,110,1.44,8220,63443210
003540,대신증권,11000,11350,350,3.18,136461,1533822250
003547,대신증권2우B,7950,8050,100,1.26,24071,193268030
003545,대신증권우,8750,8880,130,1.49,68978,609311330
009190,대양금속,9500,10500,1000,10.53,1072889,11064784070
014160,대영포장,1085,1160,75,6.91,2313611,2636201925
047040,대우건설,3865,3910,45,1.16,832973,3264921955
009320,대우부품,1825,1905,80,4.38,514993,971984320
042660,대우조선해양,24000,24200,200,0.83,217629,5302906350
003090,대웅,14500,15300,800,5.52,47172,708531000
069620,대웅제약,143000,153000,10000,6.99,55206,8334280500
000430,대원강업,3680,3775,95,2.58,15451,58564110
006340,대원전선,999,1065,66,6.61,487531,506535190
006345,대원전선우,2685,2765,80,2.98,9398,25602530
003220,대원제약,13750,14200,450,3.27,28671,403408800
024890,대원화성,1265,1350,85,6.72,113022,148579005
002880,대유에이텍,810,860,50,6.17,631416,538821316
000300,대유플러스,712,744,32,4.49,430298,318489718
012800,대창,1140,1155,15,1.32,3333864,3830243395
015230,대창단조,36400,36300,-100,-0.27,1795,65114000
001070,대한방직,19500,19750,250,1.28,15358,297092500
006650,대한유화,112500,116500,4000,3.56,30532,3540770500
001440,대한전선,551,572,21,3.81,1130274,642816404
084010,대한제강,6180,6600,420,6.8,31144,200717830
001790,대한제당,17800,17800,0,0.0,5107,90952400
001799,대한제당3우B,20650,21850,1200,5.81,7132,161706100
001795,대한제당우,12350,12600,250,2.02,2260,28607050
001130,대한제분,180500,181500,1000,0.55,2349,423287500
003490,대한항공,23150,23600,450,1.94,703551,16682911400
003495,대한항공우,13350,13850,500,3.75,18162,250349900
005880,대한해운,22550,23100,550,2.44,85357,1951874400
003830,대한화섬,90300,91700,1400,1.55,969,88437200
016090,대현,2390,2435,45,1.88,71204,171174640
069460,대호에이엘,3675,3705,30,0.82,150259,561623860
192080,더블유게임즈,54100,56600,2500,4.62,74899,4195738500
012510,더존비즈온,68600,70600,2000,2.92,148371,10449471600
004830,덕성,3200,3415,215,6.72,357141,1192886650
004835,덕성우,3750,3865,115,3.07,49679,190032570
024900,덕양산업,1090,1125,35,3.21,153883,173175215
145720,덴티움,75700,75000,-700,-0.92,69433,5167846900
002150,도화엔지니어링,8200,8450,250,3.05,141322,1191512640
001230,동국제강,5750,5930,180,3.13,276523,1613021870
023450,동남합성,24900,24900,0,0.0,0,0
004140,동방,1540,1610,70,4.55,237235,377200625
007590,동방아그로,6410,6610,200,3.12,6903,45109300
005960,동부건설,8250,8280,30,0.36,49594,410548990
005965,동부건설우,18450,18350,-100,-0.54,2407,44098700
016380,동부제철,5950,5900,-50,-0.84,10406,61617290
016385,동부제철우,27400,28250,850,3.1,1229,34092850
083370,동북아12호,5010,5010,0,0.0,187,936870
083380,동북아13호,5100,5100,0,0.0,0,0
026960,동서,17300,17400,100,0.58,104238,1809100600
002210,동성제약,14050,14750,700,4.98,769488,11211589200
102260,동성코퍼레이션,5270,5320,50,0.95,67039,352652710
005190,동성화학,16350,16350,0,0.0,6862,111598950
000640,동아쏘시오홀딩스,78500,80900,2400,3.06,20053,1594569600
170900,동아에스티,82200,82900,700,0.85,20678,1704356700
028100,동아지질,19650,20650,1000,5.09,172627,3540245600
282690,동아타이어,12500,12650,150,1.2,1001,12503700
001520,동양,1480,1575,95,6.42,588741,906149670
001527,동양2우B,10800,10050,-750,-6.94,1528,15674650
001529,동양3우B,27100,27600,500,1.85,282,7829200
084670,동양고속,25750,25850,100,0.39,791,20351600
030790,동양네트웍스,1495,1510,15,1.0,829319,1251328900
002900,동양물산,1300,1325,25,1.92,1476256,1931320555
082640,동양생명,3400,3545,145,4.26,136439,476598745
001525,동양우,7550,8280,730,9.67,3594,26653570
008970,동양철관,1065,1110,45,4.23,1109483,1224777980
092780,동양피스톤,4140,4340,200,4.83,54171,233128450
049770,동원FB,232500,230000,-2500,-1.08,11964,2745301500
018500,동원금속,734,781,47,6.4,95514,71670039
006040,동원산업,229500,231500,2000,0.87,2668,600119500
030720,동원수산,8690,8840,150,1.73,974811,8470768110
014820,동원시스템즈,34800,35100,300,0.86,41668,1468326700
014825,동원시스템즈우,26900,26000,-900,-3.35,1135,29550800
163560,동일고무벨트,5360,5440,80,1.49,8279,44946080
004890,동일산업,57600,57900,300,0.52,3653,209995700
002690,동일제강,2510,2575,65,2.59,93096,240090645
000020,동화약품,8600,9000,400,4.65,89314,789913260
000150,두산,91800,93400,1600,1.74,52483,4860097400
000157,두산2우B,74100,74900,800,1.08,9,673100
011160,두산건설,1305,1360,55,4.21,160493,215707720
241560,두산밥캣,34600,34150,-450,-1.3,218766,7532231800
000155,두산우,72200,72800,600,0.83,2319,168697700
042670,두산인프라코어,5630,5670,40,0.71,1108032,6330117360
034020,두산중공업,5260,5300,40,0.76,1063171,5650242700
016740,두올,2815,2970,155,5.51,172631,506285485
192650,드림텍,6620,6890,270,4.08,321464,2195569250
024090,디씨엠,11450,11700,250,2.18,4485,51094800
003160,디아이,2950,3115,165,5.59,186349,573886890
092200,디아이씨,2615,2615,0,0.0,131171,339679645
013570,디와이,4580,4720,140,3.06,81557,379720535
210540,디와이파워,10350,10750,400,3.86,37287,398743350
007340,디티알오토모티브,30000,31000,1000,3.33,8109,245600600
026890,디피씨,4035,4310,275,6.82,887580,3787171145
115390,락앤락,13550,14050,500,3.69,90538,1267122250
032350,롯데관광개발,10850,11250,400,3.69,57631,640096400
000400,롯데손해보험,1825,1900,75,4.11,151658,284356730
023530,롯데쇼핑,122500,124500,2000,1.63,119213,15004017500
004000,롯데정밀화학,45000,45800,800,1.78,99024,4510866750
286940,롯데정보통신,38450,39500,1050,2.73,65015,2610898250
280360,롯데제과,149500,149000,-500,-0.33,4823,717561000
004990,롯데지주,31200,31900,700,2.24,187694,5983952800
00499K,롯데지주우,40750,43100,2350,5.77,32388,1435151500
005300,롯데칠성,136500,138500,2000,1.47,11175,1540640500
005305,롯데칠성우,72700,73100,400,0.55,140,10125700
011170,롯데케미칼,221000,222000,1000,0.45,116288,25876125500
002270,롯데푸드,437500,439000,1500,0.34,2669,1168482000
071840,롯데하이마트,33600,34050,450,1.34,85340,2864648300
027740,마니커,791,823,32,4.05,10573947,8879947159
204320,만도,33200,34600,1400,4.22,535852,18400517250
001080,만호제강,16950,18000,1050,6.19,1377,23770650
088980,맥쿼리인프라,11250,11350,100,0.89,521753,5909165400
094800,맵스리얼티1,4400,4405,5,0.11,35288,155330870
015540,메디파트너생명공학,6980,7350,370,5.3,130485,952292400
138040,메리츠금융지주,13000,13350,350,2.69,29733,391578650
008560,메리츠종금증권,4515,4665,150,3.32,1844794,8602539115
000060,메리츠화재,18750,19450,700,3.73,98273,1875739800
090370,메타랩스,1250,1280,30,2.4,995987,1269816050
017180,명문제약,3870,4010,140,3.62,143309,570643305
012690,모나리자,4455,4065,-390,-8.75,5126850,21273828600
005360,모나미,7890,7250,-640,-8.11,10353405,74914802190
204210,모두투어리츠,2810,2820,10,0.36,49449,138318525
009680,모토닉,8740,8950,210,2.4,38199,340722040
009580,무림PP,4050,4175,125,3.09,172295,711715955
009200,무림페이퍼,2535,2590,55,2.17,82471,213607600
033920,무학,11600,11500,-100,-0.86,651662,7572129700
008420,문배철강,2350,2500,150,6.38,174680,425312235
025560,미래산업,204,189,-15,-7.35,194508858,39151257205
007120,미래아이앤지,294,293,-1,-0.34,321078,93250198
006800,미래에셋대우,6980,7050,70,1.0,2548264,18109593640
00680K,미래에셋대우2우B,3680,3775,95,2.58,216598,811716220
006805,미래에셋대우우,4330,4440,110,2.54,27839,122841410
085620,미래에셋생명,4030,4085,55,1.36,72498,292069415
002840,미원상사,45400,45400,0,0.0,0,0
268280,미원에스씨,73400,73300,-100,-0.14,252,18520800
107590,미원홀딩스,41150,41350,200,0.49,2366,96853650
134380,미원화학,39750,39950,200,0.5,54,2155350
003650,미창석유,75900,75100,-800,-1.05,413,31264800
155900,바다로19호,2940,2935,-5,-0.17,8341,24399355
003610,방림,1955,1975,20,1.02,17501,34009715
001340,백광산업,2455,2565,110,4.48,151489,381481815
014580,백광소재,3210,3335,125,3.89,407628,1352643920
035150,백산,6700,6790,90,1.34,96535,654436390
002410,범양건영,1400,1435,35,2.5,74528,106492695
096300,베트남개발1,416,415,-1,-0.24,148007,61351843
007210,벽산,1670,1735,65,3.89,277667,480512335
002760,보락,1770,1860,90,5.08,552787,1028628605
003850,보령제약,10550,10750,200,1.9,224054,2409874250
000890,보해양조,1010,1025,15,1.49,5093404,5173953052
003000,부광약품,13150,13700,550,4.18,284927,3867912700
001270,부국증권,18900,19250,350,1.85,18317,344993250
001275,부국증권우,18050,18400,350,1.94,107,1955300
026940,부국철강,3220,3280,60,1.86,92420,304049175
015350,부산가스,33950,34200,250,0.74,8301,277386500
011390,부산산업,88700,93100,4400,4.96,15325,1429595900
005030,부산주공,466,464,-2,-0.43,84319,39424810
100220,비상교육,7210,7700,490,6.8,21540,162991760
101140,비티원,3435,3490,55,1.6,834130,2977063590
005180,빙그레,60500,60500,0,0.0,20063,1209710600
003960,사조대림,15350,15600,250,1.63,38512,597427900
008040,사조동아원,1095,1130,35,3.2,783031,876229950
007160,사조산업,42900,43450,550,1.28,3852,166742450
014710,사조씨푸드,5370,5300,-70,-1.3,114329,602482820
006090,사조오양,6610,6700,90,1.36,173560,1154283430
005090,삼광글라스,34050,34050,0,0.0,12426,423588650
001470,삼부토건,642,644,2,0.31,469097,304435523
006400,삼성SDI,235500,236000,500,0.21,339418,80904076500
006405,삼성SDI우,87200,89200,2000,2.29,2920,259987700
006660,삼성공조,9000,9050,50,0.56,7528,67581710
028260,삼성물산,84500,84400,-100,-0.12,423563,35862009900
02826K,삼성물산우B,63500,63900,400,0.63,3282,208765300
207940,삼성바이오로직스,249500,249500,0,0.0,169676,42293327500
032830,삼성생명,69600,68800,-800,-1.15,391785,27201831100
018260,삼성에스디에스,195000,199000,4000,2.05,103578,20623924000
028050,삼성엔지니어링,15100,15150,50,0.33,546593,8330624900
009150,삼성전기,85100,85100,0,0.0,909336,77413688600
009155,삼성전기우,34500,34550,50,0.14,15580,537576250
005930,삼성전자,43200,42650,-550,-1.27,16926881,728073989762
005935,삼성전자우,35550,35400,-150,-0.42,1276726,45371679050
001360,삼성제약,1850,1960,110,5.95,218722,419699755
010140,삼성중공업,6520,6610,90,1.38,2032434,13461547980
010145,삼성중공우,50400,51500,1100,2.18,1013,52015600
016360,삼성증권,34300,35750,1450,4.23,387890,13816146100
068290,삼성출판사,12900,13300,400,3.1,154344,2088340950
029780,삼성카드,34450,34300,-150,-0.44,153243,5286656350
000810,삼성화재,242500,250000,7500,3.09,143202,35654478750
000815,삼성화재우,172500,174500,2000,1.16,8641,1501424000
006110,삼아알미늄,3955,4225,270,6.83,30193,122671880
145990,삼양사,48500,49800,1300,2.68,11579,573839950
145995,삼양사우,33050,33850,800,2.42,173,5675400
003230,삼양식품,61200,62300,1100,1.8,16687,1029648000
002170,삼양통상,54700,57000,2300,4.2,3796,214191600
272550,삼양패키징,16850,16950,100,0.59,12411,209406050
000070,삼양홀딩스,60100,61700,1600,2.66,15997,974484200
000075,삼양홀딩스우,45000,44500,-500,-1.11,1492,68498650
002810,삼영무역,15500,16000,500,3.23,10446,166130150
005680,삼영전자,9650,9820,170,1.76,24158,236112000
003720,삼영화학,970,1000,30,3.09,132959,132953203
023000,삼원강재,2710,2755,45,1.66,15755,42482765
004380,삼익THK,10500,11000,500,4.76,54447,593914700
002450,삼익악기,1940,1815,-125,-6.44,4237232,7792688125
000520,삼일제약,16800,18850,2050,12.2,79997,1437811850
009770,삼정펄프,32100,32800,700,2.18,409,13344350
005500,삼진제약,24700,25250,550,2.23,35224,884236550
004690,삼천리,85200,84900,-300,-0.35,4041,342601200
001880,삼호,18150,18400,250,1.38,4985,91678800
010960,삼호개발,4190,4310,120,2.86,80183,342699215
004450,삼화왕관,44900,45350,450,1.0,708,32029250
009470,삼화전기,14100,14800,700,4.96,167768,2425400200
011230,삼화전자,2490,2615,125,5.02,43933,116024015
001820,삼화콘덴서,38600,39650,1050,2.72,132349,5233782700
000390,삼화페인트,4940,5170,230,4.66,134215,691267325
001290,상상인증권,1200,1380,180,15.0,4908439,6319488160
041650,상신브레이크,3340,3515,175,5.24,79381,274122980
075180,새론오토모티브,4765,4875,110,2.31,5412,26117130
007540,샘표,46000,43200,-2800,-6.09,182365,7962173750
248170,샘표식품,27300,27450,150,0.55,32209,881220300
007860,서연,3040,3150,110,3.62,45781,143878350
200880,서연이화,4490,4695,205,4.57,58990,275355305
017390,서울가스,70200,72500,2300,3.28,169,12205900
004410,서울식품,172,175,3,1.74,3719697,659971530
004415,서울식품우,3600,3625,25,0.69,206981,775086190
021050,서원,1030,1070,40,3.88,369569,390340590
008490,서흥,30100,30600,500,1.66,15588,471145200
007610,선도전기,2700,2890,190,7.04,159514,453243480
136490,선진,9700,10150,450,4.64,26799,264209980
002820,선창산업,4540,4650,110,2.42,8395,38294035
014910,성문전자,1815,1910,95,5.23,154407,290088960
014915,성문전자우,10200,10550,350,3.43,28607,306232450
003080,성보화학,4535,4645,110,2.43,3288,15112030
004980,성신양회,6660,7040,380,5.71,221202,1533460480
004985,성신양회우,8510,8900,390,4.58,11046,96671050
011300,성안,470,495,25,5.32,147989,71781504
000180,성창기업지주,1645,1700,55,3.34,103835,173867445
002420,세기상사,53600,55300,1700,3.17,1654,90135800
004360,세방,11350,11600,250,2.2,7082,81058250
004365,세방우,6290,6390,100,1.59,359,2290440
004490,세방전지,38150,38400,250,0.66,20300,777356800
001430,세아베스틸,15550,16100,550,3.54,46455,733036400
306200,세아제강,63100,63400,300,0.48,6714,426771700
003030,세아제강지주,49000,49800,800,1.63,1480,73210300
019440,세아특수강,12600,12800,200,1.59,7287,92387600
058650,세아홀딩스,80100,80900,800,1.0,489,39241100
013000,세우글로벌,1430,1540,110,7.69,713064,1078390540
091090,세원셀론텍,2465,2540,75,3.04,278864,716438660
021820,세원정공,8090,8090,0,0.0,0,0
067830,세이브존IC,3575,3575,0,0.0,3972,14148120
033530,세종공업,3910,4125,215,5.5,120310,493504955
075580,세진중공업,4160,4375,215,5.17,64750,276888510
027970,세하,1350,1395,45,3.33,78231,108045515
145210,세화아이엠씨,2990,2990,0,0.0,0,0
068270,셀트리온,148500,154000,5500,3.7,1077964,164119202500
004430,송원산업,17050,17650,600,3.52,230474,4036672300
017550,수산중공업,1260,1330,70,5.56,229793,300858660
002200,수출포장,17850,18150,300,1.68,29899,530369300
053210,스카이라이프,9320,9380,60,0.64,48324,452950500
134790,시디즈,38850,40000,1150,2.96,1054,41745500
016590,신대양제지,64000,67000,3000,4.69,20355,1351902600
029530,신도리코,39400,39650,250,0.63,5350,211740850
004970,신라교역,12450,12450,0,0.0,13533,168002750
011930,신성이엔지,1010,1055,45,4.46,581821,602538505
005390,신성통상,2495,2510,15,0.6,45590589,106416898640
004170,신세계,226500,232000,5500,2.43,89048,20776048000
035510,신세계IC,116000,118000,2000,1.72,11341,1338709000
034300,신세계건설,25000,26100,1100,4.4,2943,75936050
031430,신세계인터내셔날,155000,173500,18500,11.94,68087,11472196500
031440,신세계푸드,68300,68200,-100,-0.15,15836,1077904500
006880,신송홀딩스,4900,4895,-5,-0.1,191976,941041285
005800,신영와코루,109000,112000,3000,2.75,604,66006500
001720,신영증권,57100,57300,200,0.35,3063,174725400
001725,신영증권우,52300,52200,-100,-0.19,2590,135248000
009270,신원,1875,2000,125,6.67,2372777,4695418345
009275,신원우,51700,52700,1000,1.93,1735,91400600
002700,신일산업,1575,1615,40,2.54,3338321,5377931830
019170,신풍제약,5240,5440,200,3.82,218345,1183273280
019175,신풍제약우,5020,5160,140,2.79,17212,87355380
002870,신풍제지,1095,1155,60,5.48,115314,129863755
005450,신한,4945,4945,0,0.0,0,0
293940,신한알파리츠,6980,6960,-20,-0.29,68882,481974360
055550,신한지주,42100,41200,-900,-2.14,1857731,77187690500
001770,신화실업,19900,21050,1150,5.78,5697,119112150
004080,신흥,9700,9600,-100,-1.03,5028,48403530
102280,쌍방울,1285,1225,-60,-4.67,19316064,23284992065
003410,쌍용양회,5460,5530,70,1.28,1003669,5537841690
003415,쌍용양회우,6160,6330,170,2.76,82491,516143160
003620,쌍용차,3000,3155,155,5.17,244620,762486635
004770,써니전자,2755,3015,260,9.44,2475500,7292315365
004920,씨아이테크,455,452,-3,-0.66,340572,154205803
112610,씨에스윈드,29350,29450,100,0.34,75894,2266870800
008700,아남전자,2150,2210,60,2.79,1584098,3552560340
002790,아모레G,52300,54300,2000,3.82,238666,12915655000
002795,아모레G우,22550,23100,550,2.44,25075,591963550
090430,아모레퍼시픽,123000,125000,2000,1.63,563433,70961569000
090435,아모레퍼시픽우,70600,71200,600,0.85,255337,19102738300
002030,아세아,105500,108500,3000,2.84,1480,156181000
183190,아세아시멘트,76100,80300,4200,5.52,4402,346270400
002310,아세아제지,31050,32500,1450,4.67,28040,903020950
267850,아시아나IDT,18800,19750,950,5.05,232755,4562244700
020560,아시아나항공,5150,5260,110,2.14,1589677,8328404300
122900,아이마켓코리아,11150,11200,50,0.45,118077,1324277150
010780,아이에스동서,30350,30550,200,0.66,55259,1686520300
033660,아주캐피탈,9970,10100,130,1.3,42803,432199830
001780,알루코,2080,2225,145,6.97,165463,359242470
018250,애경산업,27850,27950,100,0.36,480816,13336904000
161000,애경유화,6840,6960,120,1.75,109150,754151530
011090,에넥스,985,1045,60,6.09,244811,252739815
005850,에스엘,21700,22350,650,3.0,141736,3188688400
012750,에스원,107000,107000,0,0.0,69404,7375607500
023960,에쓰씨엔지니어링,1325,1370,45,3.4,2074720,3184912020
298690,에어부산,5630,5880,250,4.44,804778,4679296460
140910,에이리츠,5970,6010,40,0.67,2454,14731880
078520,에이블씨엔씨,8580,9590,1010,11.77,1003266,9659997580
015260,에이엔피,334,350,16,4.79,540500,186814354
007460,에이프로젠KIC,1950,2065,115,5.9,2480813,5059878790
003060,에이프로젠제약,775,811,36,4.65,709839,568173258
036570,엔씨소프트,511000,520000,9000,1.76,95530,49437041000
138250,엔에스쇼핑,9700,9910,210,2.16,20501,201867640
085310,엔케이,1000,1060,60,6.0,511569,534539685
009810,엔케이물산,1170,1190,20,1.71,2267086,2753362215
900140,엘브이엠씨홀딩스,2560,2595,35,1.37,81208,210399715
014440,영보화학,3335,3370,35,1.05,13421,45021250
111770,영원무역,33200,33650,450,1.36,106724,3593390200
009970,영원무역홀딩스,51700,55700,4000,7.74,2042,109540600
003520,영진약품,3890,3990,100,2.57,804451,3184642090
000670,영풍,603000,615000,12000,1.99,1779,1077902000
006740,영풍제지,2915,2970,55,1.89,65366,189376130
012280,영화금속,1250,1300,50,4.0,170686,220682170
012160,영흥철강,1085,1120,35,3.23,325889,360613040
015360,예스코홀딩스,37000,36200,-800,-2.16,11259,410447600
007310,오뚜기,610000,614000,4000,0.66,3265,2006834000
079440,오렌지라이프,26000,26150,150,0.58,83810,2206133350
002630,오리엔트바이오,393,417,24,6.11,1513327,619839875
271560,오리온,78500,81000,2500,3.18,193735,15172544600
001800,오리온홀딩스,15500,15900,400,2.58,79991,1268149800
070960,용평리조트,5820,6130,310,5.33,330295,2006558110
316140,우리금융지주,12100,12100,0,0.0,1534108,18662589550
004720,우리들제약,5240,5480,240,4.58,48590,263658550
118000,우리들휴브레인,1815,1955,140,7.71,107797,203440295
010050,우리종금,653,671,18,2.76,1623274,1080218009
006980,우성사료,2700,2855,155,5.74,356182,1001665735
017370,우신시스템,5300,5450,150,2.83,13189,70625410
105840,우진,4100,4380,280,6.83,131085,566589020
010400,우진아이엔에스,7860,8090,230,2.93,21437,172773730
049800,우진플라임,3445,3570,125,3.63,15831,55953585
016880,웅진,1285,1310,25,1.95,149103,194140720
095720,웅진씽크빅,2100,2165,65,3.1,357499,762179445
103130,웅진에너지,914,914,0,0.0,0,0
021240,웅진코웨이,81500,82600,1100,1.35,198855,16415199900
005820,원림,18000,18800,800,4.44,2120,39020000
010600,웰바이오텍,3570,3600,30,0.84,336572,1221602125
008600,윌비스,977,1000,23,2.35,131646,131616097
033270,유나이티드제약,18250,18550,300,1.64,27604,510764750
014830,유니드,46150,45950,-200,-0.43,20201,923757650
000910,유니온,4395,4670,275,6.26,7130643,35920030695
047400,유니온머티리얼,2920,2995,75,2.57,14120343,43121204265
011330,유니켐,1695,1790,95,5.6,645329,1146820110
077500,유니퀘스트,5650,5960,310,5.49,76209,442622190
002920,유성기업,2560,2620,60,2.34,23631,61323025
000700,유수홀딩스,6740,6900,160,2.37,35537,245198660
003470,유안타증권,2485,2540,55,2.21,263816,665511480
003475,유안타증권우,1855,1850,-5,-0.27,24552,45664045
011690,유양디앤유,4340,4750,410,9.45,3659777,16975869665
072130,유엔젤,3300,3525,225,6.82,33303,115709000
000220,유유제약,8700,9090,390,4.48,16979,151984020
000225,유유제약1우,5870,5990,120,2.04,1513,9044810
000227,유유제약2우B,18100,18450,350,1.93,45,828100
001200,유진투자증권,2035,2100,65,3.19,265851,553103230
000100,유한양행,210500,214500,4000,1.9,47942,10285939500
000105,유한양행우,198000,202000,4000,2.02,183,35929500
003460,유화증권,11400,11650,250,2.19,2393,27640450
003465,유화증권우,12200,12200,0,0.0,240,2959000
008730,율촌화학,15150,14800,-350,-2.31,1032315,15315209200
008250,이건산업,6570,7160,590,8.98,209671,1502492630
025820,이구산업,1570,1620,50,3.18,104682,168378555
214320,이노션,70100,71500,1400,2.0,45520,3219537600
088260,이리츠코크렙,5830,5940,110,1.89,31731,187128370
139480,이마트,110500,110500,0,0.0,215766,24099512500
007660,이수페타시스,3870,3995,125,3.23,645144,2565851195
005950,이수화학,9100,9430,330,3.63,126691,1184727730
015020,이스타코,535,565,30,5.61,131632,71744412
093230,이아이디,262,278,16,6.11,36527010,9999242724
102460,이연제약,11750,12200,450,3.83,29381,355304900
084680,이월드,3690,3425,-265,-7.18,11936920,40562552775
000760,이화산업,15600,15900,300,1.92,68,1077950
014990,인디에프,2780,3010,230,8.27,5845618,17533213630
006490,인스코비,2100,2255,155,7.38,874687,1936733790
023800,인지컨트롤스,4745,4890,145,3.06,85016,415612305
034590,인천도시가스,28750,29100,350,1.22,1033,29715200
129260,인터지스,1980,2030,50,2.53,37099,74801040
023810,인팩,3475,3795,320,9.21,6313,23228595
249420,일동제약,15250,15950,700,4.59,168049,2785256700
000230,일동홀딩스,10400,11050,650,6.25,43893,482930400
013360,일성건설,1020,1080,60,5.88,278607,299736045
003120,일성신약,83200,84000,800,0.96,619,51755300
003200,일신방직,86000,86700,700,0.81,2323,199605000
007110,일신석재,2380,2500,120,5.04,3994066,10038219810
007570,일양약품,19450,19950,500,2.57,65174,1294654350
007575,일양약품우,15900,16250,350,2.2,1971,31981000
008500,일정실업,16600,16950,350,2.11,910,15252550
081000,일진다이아,28650,30500,1850,6.46,368926,11146028750
020760,일진디스플,3470,3620,150,4.32,132325,476421520
020150,일진머티리얼즈,35650,37800,2150,6.03,408375,15199848100
103590,일진전기,2380,2545,165,6.93,84664,208430330
015860,일진홀딩스,2475,2625,150,6.06,97780,253305230
226320,잇츠한불,16300,17650,1350,8.28,454613,8337268950
033240,자화전자,8500,8960,460,5.41,99583,883079210
000950,전방,15050,15800,750,4.98,338,5187150
194370,제이에스코퍼레이션,13600,14000,400,2.94,68330,949332250
025620,제이준코스메틱,3980,4390,410,10.3,3981102,18456119650
030000,제일기획,25700,25850,150,0.58,327962,8509040650
271980,제일약품,27250,28100,850,3.12,39007,1092909750
001560,제일연마,6250,6360,110,1.76,23661,149055310
002620,제일파마홀딩스,14400,15200,800,5.56,12349,184693550
006220,제주은행,4220,4265,45,1.07,23852,100846035
089590,제주항공,23350,24000,650,2.78,88147,2128394450
004910,조광페인트,5440,5680,240,4.41,18707,105305110
004700,조광피혁,35200,35200,0,0.0,1586,56135750
001550,조비,16150,17450,1300,8.05,46670,797898950
000480,조선내화,84100,85400,1300,1.55,4125,350492800
120030,조선선재,80900,81700,800,0.99,907,73585000
018470,조일알미늄,698,723,25,3.58,83848,59789153
002600,조흥,152500,153500,1000,0.66,20,3083000
185750,종근당,80400,79800,-600,-0.75,38640,3084675700
063160,종근당바이오,27150,28300,1150,4.24,55815,1566872500
001630,종근당홀딩스,93100,95500,2400,2.58,30737,2890531900
044380,주연테크,348,362,14,4.02,525796,187752906
013870,지엠비코리아,4620,4830,210,4.55,103970,495925520
071320,지역난방공사,51100,51700,600,1.17,3900,200401200
010580,지코,859,878,19,2.21,1232894,1079773252
035000,지투알,6880,6820,-60,-0.87,6867,46946040
088790,진도,3560,3510,-50,-1.4,4823,17218060
003780,진양산업,3015,3120,105,3.48,53328,165191005
010640,진양폴리,2265,2420,155,6.84,81658,192450245
100250,진양홀딩스,2400,2455,55,2.29,26453,64211715
051630,진양화학,4120,4315,195,4.73,448618,1915556085
272450,진에어,13400,14300,900,6.72,227066,3211376250
011000,진원생명과학,3570,3630,60,1.68,57360,209970715
002780,진흥기업,1955,1970,15,0.77,104454,206232240
002787,진흥기업2우B,12800,13150,350,2.73,6768,88702550
002785,진흥기업우B,4890,5070,180,3.68,13267,66783315
009310,참엔지니어링,1115,1120,5,0.45,263478,293417290
000650,천일고속,62200,63800,1600,2.57,314,19929400
012600,청호컴넷,2400,2440,40,1.67,16424,40129165
033250,체시스,1535,1610,75,4.89,318332,504728460
001140,카리스국보,6090,6240,150,2.46,1221571,7488412550
035720,카카오,123500,127000,3500,2.83,956084,121295114500
006380,카프로,3105,3255,150,4.83,109970,355546105
109070,컨버즈,3260,3260,0,0.0,0,0
001620,케이비아이동국실업,750,774,24,3.2,32105,24278193
029460,케이씨,11300,11900,600,5.31,57287,675492650
281820,케이씨텍,15600,15900,300,1.92,125634,1970846200
145270,케이탑리츠,821,825,4,0.49,105466,86387265
007815,코리아써우,2345,2450,105,4.48,258,617950
007810,코리아써키트,4255,4450,195,4.58,18741,82964480
00781K,코리아써키트2우B,3855,3990,135,3.5,863,3308370
152330,코리아오토글라스,16800,17050,250,1.49,79939,1351167850
003690,코리안리,7460,7630,170,2.28,321681,2425047240
192820,코스맥스,87700,93500,5800,6.61,122572,11205224100
044820,코스맥스비티아이,15200,15650,450,2.96,30542,483099350
005070,코스모신소재,10500,11200,700,6.67,296536,3264121900
005420,코스모화학,8620,8850,230,2.67,395701,3492120950
071950,코아스,1140,1230,90,7.89,296640,357310930
002020,코오롱,14150,14750,600,4.24,38335,555182250
003070,코오롱글로벌,8260,8600,340,4.12,60975,520841460
003075,코오롱글로벌우,16250,16350,100,0.62,9860,165731900
144620,코오롱머티리얼,1375,1425,50,3.64,84146,119124880
002025,코오롱우,9950,10100,150,1.51,591,5988500
120110,코오롱인더,37000,37650,650,1.76,103378,3859296250
120115,코오롱인더우,18450,18700,250,1.36,6361,117974400
138490,코오롱플라스틱,5530,5690,160,2.89,873767,4878764590
031820,콤텍시스템,1580,1630,50,3.16,552424,901743935
192400,쿠쿠홀딩스,114500,123500,9000,7.86,10487,1262911000
284740,쿠쿠홈시스,43750,44850,1100,2.51,13782,609564400
015590,큐로,726,745,19,2.62,934704,699673166
264900,크라운제과,8340,8340,0,0.0,79358,659437630
26490K,크라운제과우,10900,9920,-980,-8.99,378450,3695447160
005740,크라운해태홀딩스,10500,10450,-50,-0.48,174137,1822274050
005745,크라운해태홀딩스우,16300,15450,-850,-5.21,165436,2454398150
020120,키다리스튜디오,3600,3615,15,0.42,193404,686193580
039490,키움증권,66400,69100,2700,4.07,87112,5982055900
012170,키위미디어그룹,157,156,-1,-0.64,11740000,1854302345
015890,태경산업,5370,5430,60,1.12,67073,363050570
006890,태경화학,4830,5000,170,3.52,352272,1735958870
003240,태광산업,1057000,1097000,40000,3.78,1439,1555743000
011280,태림포장,5800,6120,320,5.52,1834365,11479592180
004100,태양금속,952,988,36,3.78,128748,125992797
004105,태양금속우,2885,2930,45,1.56,56775,163024410
009410,태영건설,12650,13150,500,3.95,154130,2003579650
009415,태영건설우,7060,7230,170,2.41,12243,88831220
001420,태원물산,3610,3745,135,3.74,29350,108070905
007980,태평양물산,2710,2740,30,1.11,98094,270076815
055490,테이팩스,19600,20100,500,2.55,19753,394045000
078000,텔코웨어,13650,13900,250,1.83,22877,316805150
214420,토니모리,8080,8700,620,7.67,1965100,18923153460
019180,티에이치엔,3550,3715,165,4.65,140888,514826705
091810,티웨이항공,4620,4940,320,6.93,199315,975449045
004870,티웨이홀딩스,1270,1345,75,5.91,744832,977594840
005690,파미셀,7010,7330,320,4.56,1649578,11948271310
036580,팜스코,4630,5070,440,9.5,182986,901454870
028670,팬오션,4250,4260,10,0.24,1229954,5258503200
010820,퍼스텍,1715,1845,130,7.58,450545,829149020
016800,퍼시스,30250,30750,500,1.65,1650,49769350
001020,페이퍼코리아,666,695,29,4.35,60248,41435070
090080,평화산업,1200,1250,50,4.17,136387,168552660
010770,평화홀딩스,3550,3760,210,5.92,34363,126928020
058430,포스코강판,15800,16400,600,3.8,4756,77250700
047050,포스코인터내셔널,17150,17600,450,2.62,225255,3935791800
003670,포스코케미칼,45900,48100,2200,4.79,404593,19312285250
007630,폴루스바이오팜,1280,1335,55,4.3,507382,673742835
017810,풀무원,9730,10100,370,3.8,65542,655615270
103140,풍산,21100,21300,200,0.95,122990,2599908250
005810,풍산홀딩스,35300,35150,-150,-0.42,2411,85033600
033180,필룩스,3885,4230,345,8.88,6779140,28262560045
086790,하나금융지주,32750,32800,50,0.15,1760401,57885907075
099340,하나니켈1호,825,833,8,0.97,369132,308261964
099350,하나니켈2호,1440,1485,45,3.13,399263,592313085
293480,하나제약,21800,22800,1000,4.59,68168,1541987800
039130,하나투어,39200,40800,1600,4.08,144790,5903089500
172580,하이골드12호,2710,2740,30,1.11,20912,57036325
153360,하이골드3호,1740,1750,10,0.57,52,90500
159650,하이골드8호,1745,1800,55,3.15,6238,11145645
071090,하이스틸,16300,17000,700,4.29,6430,107355100
019490,하이트론,3740,3830,90,2.41,1816,6813810
000080,하이트진로,20500,20500,0,0.0,477598,9731944700
000087,하이트진로2우B,15850,15900,50,0.32,2571,40218800
000140,하이트진로홀딩스,11550,10950,-600,-5.19,1110817,11952392300
000145,하이트진로홀딩스우,36900,31250,-5650,-15.31,676799,21162246050
152550,한국ANKOR유전,1755,1735,-20,-1.14,43522,74593780
036460,한국가스공사,39900,38850,-1050,-2.63,493060,19274212150
005430,한국공항,38600,40000,1400,3.63,1683,66088150
071050,한국금융지주,70000,70600,600,0.86,310809,22057706700
071055,한국금융지주우,43050,43950,900,2.09,4093,179418000
010040,한국내화,4055,4385,330,8.14,203725,876026260
025540,한국단자,63000,64700,1700,2.7,19370,1238696300
004090,한국석유,94300,97200,2900,3.08,2765,265147000
002960,한국쉘석유,319000,320000,1000,0.31,1530,487471500
123890,한국자산신탁,3615,3665,50,1.38,50846,184112670
015760,한국전력,26400,25450,-950,-3.6,2586610,66158594000
006200,한국전자홀딩스,709,722,13,1.83,32020,22844851
002300,한국제지,16550,16700,150,0.91,8326,138496850
009540,한국조선해양,93900,94400,500,0.53,311356,29516298200
023350,한국종합기술,3565,3740,175,4.91,50899,186894275
025890,한국주강,1525,1615,90,5.9,37539,60335410
000970,한국주철관,11050,11250,200,1.81,110065,1235092650
104700,한국철강,4740,4935,195,4.11,20932,102463260
017960,한국카본,6620,6900,280,4.23,397675,2714941650
161890,한국콜마,48150,50200,2050,4.26,211229,10612149950
024720,한국콜마홀딩스,21350,22200,850,3.98,86897,1927451650
161390,한국타이어앤테크놀로지,28550,28650,100,0.35,385805,11127517450
000240,한국테크놀로지그룹,15050,15250,200,1.33,59711,904303550
034830,한국토지신탁,2035,2110,75,3.69,717498,1487281565
007280,한국특수형강,1290,1270,-20,-1.55,145419,185313270
168490,한국패러랠,2195,2200,5,0.23,18226,39898070
010100,한국프랜지,1460,1520,60,4.11,52618,79125695
047810,한국항공우주,35500,37100,1600,4.51,826625,30409094750
123690,한국화장품,6840,8120,1280,18.71,3630974,30471786510
003350,한국화장품제조,19900,25850,5950,29.9,485307,12263909350
011500,한농화성,3730,3770,40,1.07,12307,46962215
002390,한독,20500,21200,700,3.41,51443,1082345200
014790,한라,2700,2875,175,6.48,61228,171574390
060980,한라홀딩스,41400,41550,150,0.36,25669,1063364600
053690,한미글로벌,8010,8270,260,3.25,40341,331353860
042700,한미반도체,5640,5730,90,1.6,367665,2122633190
008930,한미사이언스,41350,41300,-50,-0.12,170564,7061546600
128940,한미약품,267500,268000,500,0.19,64064,17195127000
009240,한샘,60600,62700,2100,3.47,113365,7067676000
020000,한섬,33000,32200,-800,-2.42,134719,4272773300
003680,한성기업,5830,5950,120,2.06,213078,1274816470
105630,한세실업,18550,18450,-100,-0.54,139889,2605414100
069640,한세엠케이,4905,4675,-230,-4.69,544824,2547396100
016450,한세예스24홀딩스,7300,7280,-20,-0.27,15691,115360220
010420,한솔PNS,1420,1500,80,5.63,274840,404611035
009180,한솔로지스틱스,1150,1180,30,2.61,118147,138638380
213500,한솔제지,14300,14650,350,2.45,111833,1627596450
014680,한솔케미칼,77000,78800,1800,2.34,40507,3137936000
004710,한솔테크닉스,5790,5980,190,3.28,246395,1459706830
004150,한솔홀딩스,3860,4085,225,5.83,91086,358892175
025750,한솔홈데코,1075,1120,45,4.19,446246,494411995
004960,한신공영,15250,15800,550,3.61,14134,218971900
011700,한신기계,1585,1640,55,3.47,898622,1485411495
001750,한양증권,6740,6810,70,1.04,28392,192152430
001755,한양증권우,8000,8100,100,1.25,299,2399280
018880,한온시스템,11600,11500,-100,-0.86,1019279,11851046450
009420,한올바이오파마,22300,23300,1000,4.48,460695,10583672150
014130,한익스프레스,5540,6170,630,11.37,320324,1935112070
300720,한일시멘트,100000,105000,5000,5.0,1535,158739500
002220,한일철강,1990,2050,60,3.02,25816,51805475
006390,한일현대시멘트,26000,27100,1100,4.23,31773,852523400
003300,한일홀딩스,45650,47400,1750,3.83,7968,374202000
051600,한전KPS,30500,30600,100,0.33,124022,3779269000
052690,한전기술,17250,17650,400,2.32,45711,800617250
130660,한전산업,3195,3230,35,1.1,34153,110040720
002320,한진,28350,31150,2800,9.88,101344,3092017250
097230,한진중공업,4255,4385,130,3.06,110832,481876880
003480,한진중공업홀딩스,3030,3030,0,0.0,27954,83733095
180640,한진칼,29550,30650,1100,3.72,691594,20852441800
18064K,한진칼우,38100,39450,1350,3.54,29397,1143595300
005110,한창,2470,2640,170,6.88,1428635,3746837420
009460,한창제지,2410,2610,200,8.3,2945522,7586067100
000880,한화,21450,21850,400,1.86,239861,5236293600
00088K,한화3우B,12650,12850,200,1.58,38316,489247750
027390,한화갤러리아타임월드,15800,16800,1000,6.33,27495,459312050
088350,한화생명,2335,2345,10,0.43,2471154,5805253300
000370,한화손해보험,3165,3275,110,3.48,144038,458682685
012450,한화에어로스페이스,28750,29400,650,2.26,185532,5436267500
000885,한화우,26450,27250,800,3.02,30403,830277100
009830,한화케미칼,17050,17350,300,1.76,948872,16500178050
009835,한화케미칼우,10650,11000,350,3.29,9027,98238300
003530,한화투자증권,1940,2005,65,3.35,339097,672691845
003535,한화투자증권우,1930,2000,70,3.63,25341,50602840
195870,해성디에스,11300,11650,350,3.1,41239,476116950
101530,해태제과식품,7600,7700,100,1.32,40324,308738890
143210,핸즈코퍼레이션,5780,5980,200,3.46,11363,67140340
000720,현대건설,38800,40000,1200,3.09,887083,35290966900
267270,현대건설기계,26550,28150,1600,6.03,153607,4274107300
000725,현대건설우,149000,148000,-1000,-0.67,475,71112000
005440,현대그린푸드,11450,11650,200,1.75,220462,2532741100
086280,현대글로비스,151000,154000,3000,1.99,104944,16296639000
064350,현대로템,15050,15500,450,2.99,534555,8294037600
079430,현대리바트,13500,14150,650,4.81,42254,591093550
012330,현대모비스,238000,236500,-1500,-0.63,309661,73405758500
010620,현대미포조선,37500,37750,250,0.67,200245,7550397550
069960,현대백화점,69300,71100,1800,2.6,96154,6808894000
004560,현대비앤지스틸,7720,8150,430,5.57,20328,163594650
004565,현대비앤지스틸우,54400,55300,900,1.65,355,19623600
011760,현대상사,16950,18050,1100,6.49,128320,2295832550
011200,현대상선,2905,3080,175,6.02,731369,2201964675
004310,현대약품,3890,3995,105,2.7,214844,860796355
126560,현대에이치씨엔,3585,3695,110,3.07,35369,127927855
017800,현대엘리베이,70900,73600,2700,3.81,398262,29265800200
307950,현대오토에버,52500,53900,1400,2.67,50875,2747295300
011210,현대위아,40600,41850,1250,3.08,209752,8845945600
267260,현대일렉트릭,11700,12300,600,5.13,60650,736207850
004020,현대제철,36700,36450,-250,-0.68,632135,23032585250
267250,현대중공업지주,302000,305500,3500,1.16,27115,8282051000
005380,현대차,127000,130000,3000,2.36,1303906,169851534500
005387,현대차2우B,79900,82300,2400,3.0,58249,4760913700
005389,현대차3우B,69100,70600,1500,2.17,4390,310157200
005385,현대차우,70300,72000,1700,2.42,37977,2746255500
001500,현대차증권,9590,9800,210,2.19,43248,423317970
227840,현대코퍼레이션홀딩스,10200,10900,700,6.86,39587,420461900
001450,현대해상,24400,25400,1000,4.1,387762,9770202550
057050,현대홈쇼핑,87800,89000,1200,1.37,24432,2167524100
093240,형지엘리트,1230,1300,70,5.69,565921,740282835
003010,혜인,3960,4200,240,6.06,202821,845441855
111110,호전실업,11400,11550,150,1.32,349,4049500
008770,호텔신라,74700,78600,3900,5.22,538608,41855530100
008775,호텔신라우,42950,45250,2300,5.36,8074,360854150
002460,화성산업,12100,12250,150,1.24,20300,247885400
013520,화승알앤에이,1880,1880,0,0.0,41330,77905695
241590,화승엔터프라이즈,12350,12550,200,1.62,145474,1804145700
006060,화승인더,8590,8680,90,1.05,233049,1968489600
010690,화신,2075,2185,110,5.3,55104,116307940
133820,화인베스틸,2870,2970,100,3.48,161923,475764335
010660,화천기계,3910,3990,80,2.05,21450262,86728326135
000850,화천기공,40250,40450,200,0.5,6882,278714600
016580,환인제약,14950,15050,100,0.67,14615,219578050
032560,황금에스티,6750,7090,340,5.04,110797,775851720
004800,효성,84100,84200,100,0.12,85059,7163163000
094280,효성ITX,9380,9470,90,0.96,2684,25284080
298040,효성중공업,32900,33400,500,1.52,52247,1740547900
298050,효성첨단소재,115000,117500,2500,2.17,47021,5525360500
298020,효성티앤씨,147000,150500,3500,2.38,16703,2472973500
298000,효성화학,155000,156500,1500,0.97,8550,1332638500
093370,후성,9110,11350,2240,24.59,66484212,724203420700
081660,휠라코리아,62400,63600,1200,1.92,637313,40570418200
005870,휴니드,6500,6640,140,2.15,17478,115375690
079980,휴비스,6170,6260,90,1.46,49895,309990130
005010,휴스틸,10050,10250,200,1.99,10117,102597350
069260,휴켐스,22450,22550,100,0.45,107211,2389591650
000540,흥국화재,3895,3930,35,0.9,8887,34700565
000547,흥국화재2우B,19000,18800,-200,-1.05,442,8373950
000545,흥국화재우,4835,4790,-45,-0.93,1398,6785370
003280,흥아해운,449,467,18,4.01,539105,249762690
