티커,종목명,시가,종가,변동폭,등락률,거래량,거래대금
095570,AJ네트웍스,4930,5030,100,2.03,335879,1671533345
068400,AJ렌터카,11100,11000,-100,-0.9,126863,1406590500
006840,AK홀딩스,34500,34900,400,1.16,38907,1353256250
027410,BGF,5530,5580,50,0.9,84588,469894010
282330,BGF리테일,165500,165500,0,0.0,13635,2255747500
138930,BNK금융지주,7850,7770,-80,-1.02,974131,7585789570
001460,BYC,233500,235500,2000,0.86,339,79392000
001465,BYC우,124000,124000,0,0.0,281,34643000
001040,CJ,96000,97000,1000,1.04,65885,6354619400
079160,CJCGV,34100,33800,-300,-0.88,71866,2424647850
00104K,CJ4우전환,71200,72000,800,1.12,14636,1043148500
000120,CJ대한통운,150000,150000,0,0.0,24767,3715799500
011150,CJ씨푸드,2540,2560,20,0.79,138266,352815570
011155,CJ씨푸드1우,31350,31300,-50,-0.16,1636,51876400
001045,CJ우,46500,46750,250,0.54,7810,364204700
097950,CJ제일제당,242000,243000,1000,0.41,32651,7940415500
097955,CJ제일제당우,106500,107500,1000,0.94,6084,654896500
037560,CJ헬로,6040,6000,-40,-0.66,141466,848694510
000590,CS홀딩스,57500,57800,300,0.52,430,24732800
012030,DB,852,854,2,0.23,307552,261209302
016610,DB금융투자,4400,4440,40,0.91,206797,911963930
005830,DB손해보험,54500,54500,0,0.0,91984,4987342600
000990,DB하이텍,26650,26650,0,0.0,669247,17925038750
000995,DB하이텍1우,70200,71200,1000,1.42,83384,6261162000
139130,DGB금융지주,7390,7460,70,0.95,1389292,10316200110
001530,DI동일,74900,75400,500,0.67,4458,333912300
004840,DRB동일,5350,5350,0,0.0,10794,57431370
155660,DSR,4370,4545,175,4.0,131361,585774360
069730,DSR제강,4490,4550,60,1.34,56762,256431410
017940,E1,48800,49300,500,1.02,14119,695059800
007700,FF,106000,108500,2500,2.36,90396,9609203000
114090,GKL,19600,19750,150,0.77,108153,2129110900
078930,GS,53200,53200,0,0.0,155293,8239847800
006360,GS건설,31650,31900,250,0.79,207228,6575707500
001250,GS글로벌,2195,2190,-5,-0.23,232256,509331010
007070,GS리테일,39450,39550,100,0.25,79177,3113659650
078935,GS우,38750,38700,-50,-0.13,11086,428956850
012630,HDC,10850,11050,200,1.84,185057,2034644250
039570,HDC아이콘트롤스,11050,11250,200,1.81,152593,1705980400
089470,HDC현대EP,4930,5060,130,2.64,102465,512510920
294870,HDC현대산업개발,25850,26000,150,0.58,193631,5031861450
082740,HSD엔진,4285,4330,45,1.05,200709,874767045
003560,IHQ,1700,1715,15,0.88,590273,1018305710
175330,JB금융지주,5700,5730,30,0.53,551469,3144662710
234080,JW생명과학,19500,20000,500,2.56,70578,1400301300
001060,JW중외제약,28850,29400,550,1.91,69531,2024457750
001067,JW중외제약2우B,42200,41500,-700,-1.66,1763,73120000
001065,JW중외제약우,27750,27900,150,0.54,1057,29115800
096760,JW홀딩스,6270,6440,170,2.71,110187,703290700
105560,KB금융,49450,49400,-50,-0.1,717331,35326084350
002380,KCC,233000,233500,500,0.21,86219,20235425000
009070,KCTC,2795,2810,15,0.54,22758,63558585
009440,KC그린홀딩스,4785,4815,30,0.63,35560,171570230
119650,KC코트렐,6690,6660,-30,-0.45,95562,637988110
092220,KEC,1000,1005,5,0.5,187432,189271805
001390,KG케미칼,11800,11900,100,0.85,52985,630201600
001940,KISCO홀딩스,13050,13050,0,0.0,43361,568437500
025000,KPX케미칼,58200,57300,-900,-1.55,2039,118114400
092230,KPX홀딩스,55700,56000,300,0.54,1097,61388500
000040,KR모터스,266,270,4,1.5,491963,131130151
044450,KSS해운,7640,7950,310,4.06,108374,847039210
030200,KT,27300,27400,100,0.37,1514054,41470215150
033780,KTG,97400,97600,200,0.21,639027,62194178900
030210,KTB투자증권,2385,2390,5,0.21,65914,157259125
058850,KTcs,2305,2330,25,1.08,760982,1761244200
058860,KTis,2330,2380,50,2.15,283629,671096805
093050,LF,18400,18650,250,1.36,56654,1051786550
003550,LG,74900,74900,0,0.0,127191,9497678400
034220,LG디스플레이,15650,15850,200,1.28,1107830,17496868850
001120,LG상사,14700,14900,200,1.36,144930,2140075700
051900,LG생활건강,1259000,1257000,-2000,-0.16,13947,17506127000
051905,LG생활건강우,777000,776000,-1000,-0.13,2093,1621891000
003555,LG우,49900,49900,0,0.0,6036,301014650
032640,LG유플러스,14350,14350,0,0.0,1137343,16235028650
011070,LG이노텍,135500,134500,-1000,-0.74,76395,10247118000
066570,LG전자,71900,71300,-600,-0.83,372424,26629458600
066575,LG전자우,28850,29050,200,0.69,34747,1009598600
108670,LG하우시스,55000,55300,300,0.55,18679,1032592800
108675,LG하우시스우,27600,27650,50,0.18,1245,34481400
051910,LG화학,312500,308000,-4500,-1.44,166208,51468947500
051915,LG화학우,172500,173000,500,0.29,14992,2596627500
079550,LIG넥스원,31950,31350,-600,-1.88,108196,3405286100
006260,LS,47650,47800,150,0.31,56292,2690104350
000680,LS네트웍스,2255,2270,15,0.67,47855,108427530
010120,LS산전,54500,54500,0,0.0,37982,2056915500
229640,LS전선아시아,7940,8010,70,0.88,82210,655027270
023150,MH에탄올,6270,6300,30,0.48,25954,162552910
035420,NAVER,182000,180500,-1500,-0.82,173426,31417897000
181710,NHN,64500,64400,-100,-0.16,40485,2611844500
005940,NH투자증권,13100,13300,200,1.53,1643554,21708098600
005945,NH투자증권우,9350,9370,20,0.21,313661,2930155540
338100,NH프라임리츠,5990,6000,10,0.17,237831,1423201580
034310,NICE,20450,20300,-150,-0.73,19096,388685100
008260,NI스틸,2215,2260,45,2.03,31096,69684285
004250,NPC,3870,3860,-10,-0.26,5257,20329760
004255,NPC우,2320,2340,20,0.86,3854,9005420
010060,OCI,61800,61800,0,0.0,81738,5051376000
005490,POSCO,240000,243000,3000,1.25,158756,38460893500
100840,STC,19200,19850,650,3.39,57939,1141083650
064960,ST모티브,42350,43000,650,1.53,43281,1830445800
003570,ST중공업,6720,6670,-50,-0.74,39322,263021180
036530,ST홀딩스,15700,15900,200,1.27,20472,322607100
010950,S-Oil,97200,95200,-2000,-2.06,223577,21285151300
010955,S-Oil우,55800,55500,-300,-0.54,11984,660630000
034120,SBS,20050,19950,-100,-0.5,71588,1424449800
101060,SBS미디어홀딩스,2000,2050,50,2.5,305685,622224595
004060,SG세계물산,864,865,1,0.12,634227,549063410
001380,SG충방,1675,1690,15,0.9,116409,195969940
002360,SH에너지화학,1000,1005,5,0.5,450628,452144944
009160,SIMPAC,2875,2910,35,1.22,72601,209671045
123700,SJM,3975,3940,-35,-0.88,12138,47942760
025530,SJM홀딩스,3340,3385,45,1.35,24173,81129730
034730,SK,262000,262500,500,0.19,412790,108342734500
011790,SKC,49900,49750,-150,-0.3,160917,7941459250
018670,SK가스,87200,88400,1200,1.38,12578,1102639200
001740,SK네트웍스,6040,6040,0,0.0,703714,4233254630
001745,SK네트웍스우,77600,76800,-800,-1.03,1007,77536200
006120,SK디스커버리,25100,25400,300,1.2,52314,1324232200
006125,SK디스커버리우,16700,16700,0,0.0,22132,368836800
210980,SK디앤디,29050,29000,-50,-0.17,14625,424428150
03473K,SK우,186000,184000,-2000,-1.08,23105,4286614500
096770,SK이노베이션,154000,155000,1000,0.65,243416,37643643500
096775,SK이노베이션우,117000,119000,2000,1.71,21826,2573372500
001510,SK증권,600,607,7,1.17,916462,551862120
001515,SK증권우,2795,2790,-5,-0.18,25049,69313340
285130,SK케미칼,63100,62200,-900,-1.43,162680,10129206800
28513K,SK케미칼우,28900,28550,-350,-1.21,46764,1330130200
017670,SK텔레콤,242500,244500,2000,0.82,254431,61944051000
000660,SK하이닉스,93800,94800,1000,1.07,1559839,147464169900
005610,SPC삼립,85500,86700,1200,1.4,7374,634906800
011810,STX,7970,7990,20,0.25,15940,127021040
077970,STX엔진,6580,6650,70,1.06,7837,51835480
071970,STX중공업,3000,2955,-45,-1.5,119895,359063660
084870,TBH글로벌,2840,2780,-60,-2.11,164911,460825460
002710,TCC스틸,2790,2795,5,0.18,10826,30149900
024070,WISCOM,2745,2700,-45,-1.64,64384,174800480
037270,YGPLUS,1255,1275,20,1.59,226536,290438825
000500,가온전선,24800,24250,-550,-2.22,10790,263019300
000860,강남제비스코,20150,20450,300,1.49,4346,88096200
035250,강원랜드,30300,30600,300,0.99,176187,5379251850
011420,갤럭시아에스엠,1510,1525,15,0.99,46170,69333345
002100,경농,11150,11450,300,2.69,60799,689497000
009450,경동나비엔,46450,46600,150,0.32,49081,2282661950
267290,경동도시가스,21250,21550,300,1.41,33847,719958550
012320,경동인베스트,36200,36100,-100,-0.28,3065,111456450
000050,경방,9470,9560,90,0.95,49685,472105660
214390,경보제약,8290,8200,-90,-1.09,50830,417960160
012610,경인양행,7470,7500,30,0.4,429431,3234269960
009140,경인전자,20400,20400,0,0.0,1165,23773350
013580,계룡건설,19400,19950,550,2.84,7731,151684700
012200,계양전기,2765,2845,80,2.89,150508,424140715
012205,계양전기우,6600,6550,-50,-0.76,8381,55037190
004200,고려개발,8330,8390,60,0.72,1499,12518210
002140,고려산업,3155,3200,45,1.43,115179,368243480
010130,고려아연,429500,427500,-2000,-0.47,17149,7351537500
002240,고려제강,20350,20550,200,0.98,11612,237486200
009290,광동제약,6500,6580,80,1.23,86477,564478970
017040,광명전기,2270,2310,40,1.76,234870,539176890
017900,광전자,2125,2150,25,1.18,38267,81972295
037710,광주신세계,165000,164500,-500,-0.3,2759,455457500
030610,교보증권,9420,9530,110,1.17,81772,776397680
007690,국도화학,47500,47700,200,0.42,10974,523435700
005320,국동,1200,1205,5,0.42,171168,205260140
002720,국제약품,4410,4470,60,1.36,79760,354200235
083420,그린케미칼,3510,3510,0,0.0,141177,492703130
014530,극동유화,3605,3605,0,0.0,148801,536315345
014280,금강공업,3795,3815,20,0.53,46449,176286250
014285,금강공업우,8330,8290,-40,-0.48,845,6974200
008870,금비,63300,63400,100,0.16,426,26968900
001570,금양,2315,2290,-25,-1.08,130703,300944270
002990,금호산업,11450,12000,550,4.8,337342,3994311350
002995,금호산업우,39150,40200,1050,2.68,36422,1483489800
011780,금호석유,77400,78000,600,0.78,42643,3319474200
011785,금호석유우,33700,33250,-450,-1.34,11096,370994700
214330,금호에이치티,4555,4730,175,3.84,341887,1674665965
001210,금호전기,4190,4250,60,1.43,330803,1416094795
073240,금호타이어,3970,3985,15,0.38,460477,1821721470
092440,기신정기,3740,3720,-20,-0.53,35216,131417985
000270,기아차,44700,45100,400,0.89,439661,19772712800
024110,기업은행,12400,12500,100,0.81,3311160,41250946250
013700,까뮤이앤씨,1235,1245,10,0.81,928856,1158969475
004540,깨끗한나라,2340,2365,25,1.07,65138,153090620
004545,깨끗한나라우,17800,17650,-150,-0.84,3565,62705550
074610,나노메딕스,7080,7310,230,3.25,676338,4903841250
001260,남광토건,10900,11050,150,1.38,24598,272854450
008350,남선알미늄,3040,3110,70,2.3,8796267,27676467060
008355,남선알미우,24450,27300,2850,11.66,280410,7875644650
004270,남성,2915,2950,35,1.2,188342,559465450
003920,남양유업,436000,433000,-3000,-0.69,555,240336000
003925,남양유업우,150000,146500,-3500,-2.33,78,11647500
002070,남영비비안,20750,21100,350,1.69,87372,1826299550
025860,남해화학,8120,8230,110,1.35,73361,600010900
005720,넥센,5990,6000,10,0.17,17142,102740810
005725,넥센우,3420,3445,25,0.73,2374,8277900
002350,넥센타이어,9090,9100,10,0.11,69649,632718450
002355,넥센타이어1우B,3460,3460,0,0.0,6783,23458590
003580,넥스트사이언스,7840,7980,140,1.79,1552098,12212358460
251270,넷마블,91700,90400,-1300,-1.42,136918,12364137400
090350,노루페인트,8290,8370,80,0.97,53413,444461330
090355,노루페인트우,12550,12700,150,1.2,23334,297805350
000320,노루홀딩스,12400,12500,100,0.81,22145,276628200
000325,노루홀딩스우,19950,19800,-150,-0.75,14792,295871200
006280,녹십자,127500,131000,3500,2.75,83719,10988391000
005250,녹십자홀딩스,21250,22250,1000,4.71,60278,1316300050
005257,녹십자홀딩스2우,18350,18250,-100,-0.54,6067,109225850
004370,농심,233000,237000,4000,1.72,13960,3290048000
072710,농심홀딩스,77500,78200,700,0.9,763,59262800
058730,다스코,6670,6860,190,2.85,276661,1879352850
023590,다우기술,19100,19100,0,0.0,83517,1593222450
019680,대교,6140,6210,70,1.14,22101,136833280
019685,대교우B,4225,4240,15,0.36,5202,22009930
006370,대구백화점,6020,5990,-30,-0.5,3958,23579550
008060,대덕전자,10400,10650,250,2.4,422679,4472349050
00806K,대덕전자1우,6450,6570,120,1.86,31025,202394840
000490,대동공업,5720,5680,-40,-0.7,204631,1162948220
008110,대동전자,3625,3650,25,0.69,1725,6309680
005750,대림BCo,4160,4220,60,1.44,31049,129722295
000210,대림산업,91000,90800,-200,-0.22,68707,6239877400
000215,대림산업우,41450,41850,400,0.97,8699,363135500
004440,대림씨엔에스,7600,7590,-10,-0.13,10879,81900230
006570,대림통상,4035,4035,0,0.0,423,1702080
001680,대상,23350,23300,-50,-0.21,64107,1488356900
001685,대상우,13450,13500,50,0.37,6531,87728600
084690,대상홀딩스,6840,6940,100,1.46,25627,177087180
084695,대상홀딩스우,6140,6110,-30,-0.49,11060,67940300
128820,대성산업,3500,3515,15,0.43,39776,138948345
117580,대성에너지,5380,5400,20,0.37,26858,145242460
016710,대성홀딩스,8480,8330,-150,-1.77,100053,833201410
003540,대신증권,12300,12350,50,0.41,260656,3210426500
003547,대신증권2우B,8800,8810,10,0.11,85171,748334200
003545,대신증권우,9500,9500,0,0.0,239458,2272789670
009190,대양금속,16000,15600,-400,-2.5,53607,839837850
014160,대영포장,1100,1105,5,0.45,739751,820955580
047040,대우건설,4590,4575,-15,-0.33,455011,2090854310
009320,대우부품,2010,2015,5,0.25,228951,461307845
042660,대우조선해양,27600,27400,-200,-0.72,86711,2387124050
003090,대웅,12750,12750,0,0.0,63994,815417800
069620,대웅제약,132500,134000,1500,1.13,13823,1843405500
000430,대원강업,3400,3435,35,1.03,14381,49292710
006340,대원전선,1125,1150,25,2.22,167169,189500895
006345,대원전선우,2855,2855,0,0.0,6513,18659150
003220,대원제약,17050,16900,-150,-0.88,63649,1076374250
024890,대원화성,1390,1390,0,0.0,19256,26794480
002880,대유에이텍,865,871,6,0.69,229196,199253587
000300,대유플러스,762,755,-7,-0.92,161933,121684021
012800,대창,1360,1390,30,2.21,3898776,5432499430
015230,대창단조,29350,29400,50,0.17,2991,87665250
001070,대한방직,20050,20300,250,1.25,6874,137604950
006650,대한유화,121000,121500,500,0.41,18477,2224914000
001440,대한전선,592,599,7,1.18,643364,385451945
084010,대한제강,6100,6110,10,0.16,96174,592321980
001790,대한제당,19950,20150,200,1.0,6575,131478750
001799,대한제당3우B,26100,26200,100,0.38,1891,49098600
001795,대한제당우,13300,13400,100,0.75,3010,40059800
001130,대한제분,142000,145500,3500,2.46,2670,385912500
003490,대한항공,28000,27900,-100,-0.36,352610,9839187350
003495,대한항공우,24000,18600,-5400,-22.5,565000,11225656600
005880,대한해운,23050,22900,-150,-0.65,53020,1214085650
003830,대한화섬,88500,88600,100,0.11,446,39599600
016090,대현,2465,2525,60,2.43,183793,462322065
069460,대호에이엘,3350,3330,-20,-0.6,995933,3303606145
192080,더블유게임즈,48050,48250,200,0.42,53764,2587864550
012510,더존비즈온,77200,79200,2000,2.59,111010,8719578300
004830,덕성,2895,2900,5,0.17,37949,109474015
004835,덕성우,3380,3420,40,1.18,15203,51635075
024900,덕양산업,1230,1220,-10,-0.81,112359,137584005
145720,덴티움,52800,52900,100,0.19,30423,1611210100
002150,도화엔지니어링,8870,9070,200,2.25,150775,1348101450
001230,동국제강,5950,5910,-40,-0.67,122270,725733010
023450,동남합성,24950,25100,150,0.6,638,16005000
004140,동방,1530,1520,-10,-0.65,208010,316838340
007590,동방아그로,6900,6940,40,0.58,7247,50249130
005960,동부건설,8570,8590,20,0.23,253425,2181613880
005965,동부건설우,21900,21250,-650,-2.97,2695,57697850
016380,동부제철,7340,7340,0,0.0,24657,181237740
016385,동부제철우,71400,70800,-600,-0.84,111,7816600
083370,동북아12호,5020,5030,10,0.2,10,50300
083380,동북아13호,4950,4950,0,0.0,0,0
026960,동서,18150,18350,200,1.1,68772,1253401900
002210,동성제약,15450,15350,-100,-0.65,262140,4038343650
102260,동성코퍼레이션,5270,5300,30,0.57,113425,600055370
005190,동성화학,18050,18100,50,0.28,24376,440384400
000640,동아쏘시오홀딩스,108500,109000,500,0.46,9627,1035481500
170900,동아에스티,116500,117000,500,0.43,13663,1590257000
028100,동아지질,18450,18700,250,1.36,70661,1319530600
282690,동아타이어,12300,12350,50,0.41,1663,20487350
001520,동양,1425,1450,25,1.75,231186,334284095
001527,동양2우B,9200,9230,30,0.33,118,1089080
001529,동양3우B,28450,28150,-300,-1.05,947,26673450
084670,동양고속,28650,28300,-350,-1.22,14875,424274700
030790,동양네트웍스,492,503,11,2.24,931925,465313916
002900,동양물산,1090,1090,0,0.0,5005765,5431316615
082640,동양생명,4435,4460,25,0.56,263429,1160463840
001525,동양우,6130,6150,20,0.33,438,2691200
008970,동양철관,1025,1025,0,0.0,222717,229644125
092780,동양피스톤,4780,4765,-15,-0.31,32588,155124955
049770,동원FB,224000,227000,3000,1.34,2494,562812000
018500,동원금속,879,878,-1,-0.11,119707,104398553
006040,동원산업,208000,210000,2000,0.96,1233,258070000
030720,동원수산,11000,10850,-150,-1.36,95305,1049824900
014820,동원시스템즈,29000,29500,500,1.72,22765,670726250
014825,동원시스템즈우,29000,29300,300,1.03,548,16159800
163560,동일고무벨트,5570,5620,50,0.9,16558,92541960
004890,동일산업,57600,57800,200,0.35,891,51539800
002690,동일제강,2500,2520,20,0.8,70516,174552795
000020,동화약품,8150,8000,-150,-1.84,318154,2563066660
000150,두산,71000,72000,1000,1.41,146108,10461013400
000157,두산2우B,62900,63300,400,0.64,2859,180622000
011160,두산건설,1400,1385,-15,-1.07,317912,442921330
241560,두산밥캣,35350,35500,150,0.42,73022,2581024050
336370,두산솔루스,18000,19050,1050,5.83,390355,7211375400
33637K,두산솔루스1우,6900,6970,70,1.01,92059,640894130
33637L,두산솔루스2우B,23900,24750,850,3.56,769718,19910336850
000155,두산우,63000,63700,700,1.11,25229,1597828700
042670,두산인프라코어,5490,5470,-20,-0.36,384428,2102357350
034020,두산중공업,5700,5690,-10,-0.18,651388,3706901910
336260,두산퓨얼셀,8230,8250,20,0.24,882711,7327619420
33626K,두산퓨얼셀1우,4285,4320,35,0.82,68842,296668000
33626L,두산퓨얼셀2우B,12150,11950,-200,-1.65,705928,8693413600
016740,두올,3145,3150,5,0.16,120465,375377810
192650,드림텍,6210,6390,180,2.9,892894,5699642730
024090,디씨엠,12350,12500,150,1.21,3668,45407000
003160,디아이,3075,3125,50,1.63,94548,296254200
092200,디아이씨,2140,2160,20,0.93,157326,332967415
013570,디와이,5740,5740,0,0.0,97111,555517440
210540,디와이파워,9880,10050,170,1.72,71732,714545310
007340,디티알오토모티브,29500,29600,100,0.34,21990,649527050
026890,디피씨,4825,4980,155,3.21,428209,2118821545
115390,락앤락,13950,13800,-150,-1.08,102309,1420433950
032350,롯데관광개발,13200,13250,50,0.38,252849,3342108050
330590,롯데리츠,6240,6240,0,0.0,870457,5423007570
000400,롯데손해보험,2035,2040,5,0.25,171352,348878650
023530,롯데쇼핑,137000,136500,-500,-0.36,60237,8202843500
004000,롯데정밀화학,45350,46300,950,2.09,93717,4300419750
286940,롯데정보통신,40300,41050,750,1.86,44849,1842191350
280360,롯데제과,146500,149000,2500,1.71,2045,303740000
004990,롯데지주,38750,39000,250,0.65,98407,3826331400
00499K,롯데지주우,62900,63000,100,0.16,58665,3677035400
005300,롯데칠성,141000,144000,3000,2.13,9740,1392766500
005305,롯데칠성우,73800,73500,-300,-0.41,1321,97177900
011170,롯데케미칼,232000,230500,-1500,-0.65,97614,22545867000
002270,롯데푸드,413500,422000,8500,2.06,3161,1321916500
071840,롯데하이마트,31650,31850,200,0.63,82796,2622726700
027740,마니커,791,796,5,0.63,1236617,981831808
204320,만도,34800,34700,-100,-0.29,131841,4563173900
001080,만호제강,15850,15850,0,0.0,798,12569700
088980,맥쿼리인프라,11900,11900,0,0.0,1540087,18301308400
094800,맵스리얼티1,4985,4950,-35,-0.7,306718,1525684470
015540,메디파트너생명공학,5650,5520,-130,-2.3,91244,506120000
138040,메리츠금융지주,11950,11950,0,0.0,66502,793855400
008560,메리츠종금증권,3995,4060,65,1.63,3989555,16105244400
000060,메리츠화재,18450,18600,150,0.81,186493,3460488550
090370,메타랩스,1290,1290,0,0.0,399345,515934785
017180,명문제약,4680,4650,-30,-0.64,191736,896268065
012690,모나리자,3515,3565,50,1.42,87289,309967060
005360,모나미,3550,3645,95,2.68,312276,1139880660
204210,모두투어리츠,3180,3165,-15,-0.47,8011,25224120
009680,모토닉,8750,8900,150,1.71,39961,353404100
009580,무림PP,4325,4400,75,1.73,284565,1248270000
009200,무림페이퍼,2475,2495,20,0.81,54700,136054590
033920,무학,8410,8550,140,1.66,24765,210179210
008420,문배철강,2530,2600,70,2.77,75145,192964770
025560,미래산업,126,128,2,1.59,30334281,3858029617
007120,미래아이앤지,321,316,-5,-1.56,483162,152439798
006800,미래에셋대우,7700,7780,80,1.04,1844153,14283141220
00680K,미래에셋대우2우B,4290,4300,10,0.23,759351,3267115310
006805,미래에셋대우우,4800,4835,35,0.73,47020,226278630
085620,미래에셋생명,4240,4295,55,1.3,83928,359185975
002840,미원상사,57400,57400,0,0.0,2016,115916300
268280,미원에스씨,74200,73000,-1200,-1.62,2351,172823300
107590,미원홀딩스,41250,41200,-50,-0.12,1481,60789050
134380,미원화학,45550,45900,350,0.77,86,3926500
003650,미창석유,79400,79300,-100,-0.13,185,14686000
155900,바다로19호,2930,2925,-5,-0.17,6514,19062260
003610,방림,2165,2165,0,0.0,40035,84995450
001340,백광산업,2420,2425,5,0.21,74791,180887025
014580,백광소재,4195,4240,45,1.07,301742,1286056095
035150,백산,8620,8740,120,1.39,147996,1284696370
002410,범양건영,3150,3185,35,1.11,1214304,3863033355
096300,베트남개발1,355,356,1,0.28,128874,45779450
007210,벽산,1875,1915,40,2.13,203697,387398265
002760,보락,1995,2010,15,0.75,273804,549445640
003850,보령제약,15400,15300,-100,-0.65,316582,4845618400
000890,보해양조,1100,1125,25,2.27,15980621,18381052915
003000,부광약품,14600,14950,350,2.4,328784,4866035750
001270,부국증권,21850,22000,150,0.69,9998,218704100
001275,부국증권우,19350,19400,50,0.26,4865,94513600
026940,부국철강,4890,5110,220,4.5,455482,2285828535
015350,부산가스,35900,35850,-50,-0.14,3293,118243300
011390,부산산업,143500,147500,4000,2.79,21226,3134920000
005030,부산주공,457,476,19,4.16,1113920,532377788
100220,비상교육,7800,7970,170,2.18,26898,210699640
101140,비티원,3000,2985,-15,-0.5,68800,206661680
005180,빙그레,55600,55700,100,0.18,10591,588755200
003960,사조대림,16000,16000,0,0.0,19940,320034000
008040,사조동아원,999,999,0,0.0,146869,146276823
007160,사조산업,37100,38000,900,2.43,13871,520505950
014710,사조씨푸드,5270,5280,10,0.19,16589,87283780
006090,사조오양,7560,7560,0,0.0,18379,138336710
005090,삼광글라스,30250,30500,250,0.83,3067,93693750
001470,삼부토건,684,697,13,1.9,803156,556839962
006400,삼성SDI,225000,222500,-2500,-1.11,256886,57456085500
006405,삼성SDI우,89800,89600,-200,-0.22,7876,705661100
006660,삼성공조,8010,8000,-10,-0.12,8556,67946060
028260,삼성물산,108000,106500,-1500,-1.39,449185,48031476000
02826K,삼성물산우B,77100,75600,-1500,-1.95,6828,521153400
207940,삼성바이오로직스,417000,413500,-3500,-0.84,139723,58075939500
032830,삼성생명,76300,76600,300,0.39,121824,9305525700
018260,삼성에스디에스,195000,194500,-500,-0.26,61437,11923094500
028050,삼성엔지니어링,19100,18950,-150,-0.79,607141,11537206550
009150,삼성전기,121000,123000,2000,1.65,825014,101117605000
009155,삼성전기우,48700,49450,750,1.54,17689,872245450
005930,삼성전자,55000,55400,400,0.73,9645034,530104740900
005935,삼성전자우,44900,45300,400,0.89,1119201,50483269650
001360,삼성제약,4015,4070,55,1.37,2381184,9688945705
010140,삼성중공업,7110,7030,-80,-1.13,1970740,13870604600
010145,삼성중공우,61700,61800,100,0.16,804,49203200
016360,삼성증권,39450,39600,150,0.38,244242,9643822950
068290,삼성출판사,25300,24100,-1200,-4.74,1021095,24708058350
029780,삼성카드,40350,39650,-700,-1.73,91775,3645821800
000810,삼성화재,249500,247000,-2500,-1.0,80369,19858262000
000815,삼성화재우,176000,176000,0,0.0,16545,2905773500
006110,삼아알미늄,4410,4385,-25,-0.57,20641,90892785
145990,삼양사,50800,51000,200,0.39,9043,458984500
145995,삼양사우,37800,37900,100,0.26,387,14603150
003230,삼양식품,90400,90600,200,0.22,33812,3070034500
002170,삼양통상,58200,58200,0,0.0,9546,556055200
272550,삼양패키징,15750,15950,200,1.27,65089,1039152900
000070,삼양홀딩스,65700,66500,800,1.22,9078,597973800
000075,삼양홀딩스우,44900,45600,700,1.56,686,30963500
002810,삼영무역,16600,16650,50,0.3,16294,271195000
005680,삼영전자,9040,9110,70,0.77,15828,143995930
003720,삼영화학,990,998,8,0.81,145433,144658870
023000,삼원강재,3055,3060,5,0.16,21095,64259025
004380,삼익THK,11350,11500,150,1.32,28385,324611800
002450,삼익악기,1860,1900,40,2.15,783350,1481445410
000520,삼일제약,20600,20800,200,0.97,114643,2371145550
009770,삼정펄프,32250,32350,100,0.31,155,4999650
005500,삼진제약,25200,25750,550,2.18,58296,1489301950
004690,삼천리,86300,86500,200,0.23,3987,344271600
001880,삼호,20350,20000,-350,-1.72,42736,860928350
010960,삼호개발,4535,4630,95,2.09,127001,583426410
004450,삼화왕관,45700,45700,0,0.0,939,42919450
009470,삼화전기,14500,14450,-50,-0.34,43766,631962350
011230,삼화전자,2515,2610,95,3.78,66382,172884445
001820,삼화콘덴서,47650,48600,950,1.99,104974,5105357100
000390,삼화페인트,5050,5100,50,0.99,13645,69035760
001290,상상인증권,1200,1235,35,2.92,504042,602172255
041650,상신브레이크,3545,3560,15,0.42,45586,161268745
075180,새론오토모티브,4580,4590,10,0.22,14784,67433750
007540,샘표,40800,40900,100,0.25,11868,484311450
248170,샘표식품,34250,33850,-400,-1.17,13930,474513150
007860,서연,2930,2960,30,1.02,9506,28024755
200880,서연이화,4830,4890,60,1.24,28302,136977250
017390,서울가스,71200,71300,100,0.14,228,16206500
004410,서울식품,175,176,1,0.57,1475773,259133800
004415,서울식품우,3485,3455,-30,-0.86,8388,28876900
021050,서원,2550,2700,150,5.88,12920578,35029807225
008490,서흥,35000,35000,0,0.0,16233,572869950
007610,선도전기,2975,3000,25,0.84,36183,107873540
136490,선진,9400,9400,0,0.0,16559,155697870
002820,선창산업,4330,4430,100,2.31,195316,846044015
014910,성문전자,2075,2075,0,0.0,79180,165608595
014915,성문전자우,11250,10900,-350,-3.11,37297,412446150
003080,성보화학,4490,4530,40,0.89,23557,106545280
004980,성신양회,6830,6990,160,2.34,129676,900802720
004985,성신양회우,9640,9760,120,1.24,3133,30245550
011300,성안,603,608,5,0.83,2743563,1673924795
000180,성창기업지주,1585,1595,10,0.63,94033,148531540
002420,세기상사,58700,57300,-1400,-2.39,506,29318700
004360,세방,11350,11300,-50,-0.44,58485,654587000
004365,세방우,6480,6610,130,2.01,194,1275480
004490,세방전지,37000,37450,450,1.22,12218,454095850
001430,세아베스틸,15950,16400,450,2.82,80392,1304886000
306200,세아제강,62000,61900,-100,-0.16,3694,229092400
003030,세아제강지주,47350,47950,600,1.27,3571,170747000
019440,세아특수강,14250,14350,100,0.7,17961,256976150
058650,세아홀딩스,78400,78800,400,0.51,991,78154200
013000,세우글로벌,1935,1935,0,0.0,512124,996250895
091090,세원셀론텍,2765,2760,-5,-0.18,151343,418124745
021820,세원정공,8090,8090,0,0.0,0,0
067830,세이브존IC,3235,3225,-10,-0.31,9266,29797100
033530,세종공업,4270,4310,40,0.94,39348,169128280
075580,세진중공업,4545,4580,35,0.77,248970,1128659885
027970,세하,2370,2360,-10,-0.42,86448,205447820
145210,세화아이엠씨,2990,2990,0,0.0,0,0
308170,센트랄모텍,14950,15300,350,2.34,620801,9476717800
068270,셀트리온,185000,189500,4500,2.43,2138836,402474943000
004430,송원산업,15150,15200,50,0.33,88194,1332664400
017550,수산중공업,2025,2310,285,14.07,38360320,89165193815
002200,수출포장,20150,20250,100,0.5,3023,60813800
053210,스카이라이프,8970,8970,0,0.0,83923,748636350
134790,시디즈,42300,42450,150,0.35,724,30780800
016590,신대양제지,59000,60100,1100,1.86,8425,504526700
029530,신도리코,37750,38200,450,1.19,5829,221404050
004970,신라교역,12050,12050,0,0.0,20037,242046950
011930,신성이엔지,921,923,2,0.22,246077,226064990
005390,신성통상,1505,1505,0,0.0,2037674,3058113920
004170,신세계,277500,277500,0,0.0,21863,6061899000
035510,신세계IC,107000,106000,-1000,-0.93,6531,693780500
034300,신세계건설,26900,26950,50,0.19,2199,59279250
031430,신세계인터내셔날,213500,209500,-4000,-1.87,48484,10168088500
031440,신세계푸드,69600,69400,-200,-0.29,5382,373196000
006880,신송홀딩스,4010,3975,-35,-0.87,14876,59104125
005800,신영와코루,101000,100500,-500,-0.5,135,13560600
001720,신영증권,54500,54400,-100,-0.18,5538,300832500
001725,신영증권우,52600,53000,400,0.76,2631,139067900
009270,신원,1805,1820,15,0.83,781411,1423306415
009275,신원우,46300,47650,1350,2.92,57,2686500
002700,신일산업,1820,1820,0,0.0,1212942,2206793090
019170,신풍제약,6720,6740,20,0.3,338890,2288062940
019175,신풍제약우,5840,5840,0,0.0,3081,17863180
002870,신풍제지,1555,1555,0,0.0,253952,392825845
005450,신한,4945,4945,0,0.0,0,0
293940,신한알파리츠,7510,7650,140,1.86,139370,1057573750
055550,신한지주,45550,45750,200,0.44,550143,25140023500
001770,신화실업,20800,21100,300,1.44,1580,33006500
004080,신흥,9700,9600,-100,-1.03,570,5460230
102280,쌍방울,1075,1075,0,0.0,1092576,1171367450
003410,쌍용양회,5750,5910,160,2.78,2442611,14336482600
003415,쌍용양회우,11100,11450,350,3.15,9200,104042600
003620,쌍용차,2030,2020,-10,-0.49,389363,780731835
004770,써니전자,3670,3845,175,4.77,3766131,14420721325
004920,씨아이테크,435,456,21,4.83,579779,265024242
112610,씨에스윈드,38300,38100,-200,-0.52,43653,1653459150
008700,아남전자,1940,1945,5,0.26,146073,283275245
002790,아모레G,83000,81000,-2000,-2.41,235802,18876716600
00279K,아모레G3우전환,52400,54100,1700,3.24,798766,42027451100
002795,아모레G우,35600,32500,-3100,-8.71,140994,4658752250
090430,아모레퍼시픽,198000,196500,-1500,-0.76,158943,31076058500
090435,아모레퍼시픽우,91100,89500,-1600,-1.76,8052,721325600
002030,아세아,104000,104000,0,0.0,1473,152510000
183190,아세아시멘트,76100,76400,300,0.39,2102,160399700
002310,아세아제지,30000,30450,450,1.5,15561,469594150
267850,아시아나IDT,23500,24350,850,3.62,1053376,26243845000
020560,아시아나항공,5470,5620,150,2.74,2359731,13256984410
122900,아이마켓코리아,10650,11000,350,3.29,90742,987751150
010780,아이에스동서,31050,31750,700,2.25,56473,1784359850
033660,아주캐피탈,13350,12800,-550,-4.12,57325,742433050
001780,알루코,2600,2705,105,4.04,4660229,12984440900
018250,애경산업,28200,28400,200,0.71,172050,4857953200
161000,애경유화,8190,8300,110,1.34,950627,7704696940
011090,에넥스,1095,1105,10,0.91,176748,194835020
005850,에스엘,17600,17950,350,1.99,33921,606188400
012750,에스원,94900,95000,100,0.11,36552,3464704800
023960,에쓰씨엔지니어링,1390,1420,30,2.16,28285,39566095
298690,에어부산,6140,6150,10,0.16,823326,5161671570
140910,에이리츠,7100,7220,120,1.69,48006,346543920
078520,에이블씨엔씨,9940,10300,360,3.62,124859,1279158950
015260,에이엔피,332,335,3,0.9,230136,76409507
007460,에이프로젠KIC,2530,2590,60,2.37,6543712,17056643180
003060,에이프로젠제약,1270,1300,30,2.36,3461243,4457709885
036570,엔씨소프트,533000,537000,4000,0.75,43562,23228236000
138250,엔에스쇼핑,9150,9280,130,1.42,59552,552372040
085310,엔케이,1125,1105,-20,-1.78,277547,309065725
009810,엔케이물산,1045,842,-203,-19.43,48641515,42012751536
900140,엘브이엠씨홀딩스,4030,4205,175,4.34,129226,538079255
014440,영보화학,3435,3470,35,1.02,17214,59486585
111770,영원무역,34500,33800,-700,-2.03,122903,4152310100
009970,영원무역홀딩스,49900,48550,-1350,-2.71,9116,444046000
003520,영진약품,6430,6350,-80,-1.24,857088,5436481210
000670,영풍,639000,631000,-8000,-1.25,1087,685449000
006740,영풍제지,3105,3110,5,0.16,441286,1370766560
012280,영화금속,1605,1605,0,0.0,396632,632329025
012160,영흥철강,1120,1125,5,0.45,163200,182233180
015360,예스코홀딩스,37950,37950,0,0.0,2746,104272400
007310,오뚜기,549000,555000,6000,1.09,1777,983245000
079440,오렌지라이프,29600,30000,400,1.35,317527,9480452600
002630,오리엔트바이오,282,293,11,3.9,2381604,690474923
271560,오리온,108000,106000,-2000,-1.85,53204,5648608000
001800,오리온홀딩스,17400,17700,300,1.72,77399,1358459050
070960,용평리조트,5900,5960,60,1.02,195429,1163630810
316140,우리금융지주,12050,12250,200,1.66,2046748,24886842150
004720,우리들제약,6170,6110,-60,-0.97,44861,274879000
118000,우리들휴브레인,3185,3225,40,1.26,369364,1204592255
010050,우리종금,620,619,-1,-0.16,794905,492561046
006980,우성사료,2855,2820,-35,-1.23,437915,1246524300
017370,우신시스템,5020,5000,-20,-0.4,8716,43612180
105840,우진,4035,4050,15,0.37,98083,399150025
010400,우진아이엔에스,8390,8450,60,0.72,18522,156257450
049800,우진플라임,3470,3470,0,0.0,10366,35596635
016880,웅진,1305,1300,-5,-0.38,257029,333753935
095720,웅진씽크빅,2495,2625,130,5.21,1473986,3790644420
103130,웅진에너지,914,914,0,0.0,0,0
021240,웅진코웨이,91300,92100,800,0.88,69563,6398130100
005820,원림,17150,17450,300,1.75,1175,20376700
010600,웰바이오텍,2265,2230,-35,-1.55,564957,1275313755
008600,윌비스,1345,1385,40,2.97,925808,1277660690
033270,유나이티드제약,18300,18500,200,1.09,62710,1161448800
014830,유니드,47600,47050,-550,-1.16,14896,700762000
000910,유니온,3920,4000,80,2.04,93879,372268550
047400,유니온머티리얼,2230,2280,50,2.24,582501,1325024370
011330,유니켐,1795,1800,5,0.28,161314,291255395
077500,유니퀘스트,6340,6490,150,2.37,108774,696698520
002920,유성기업,2705,2755,50,1.85,30929,84459955
000700,유수홀딩스,6700,6670,-30,-0.45,17013,112550680
003470,유안타증권,2825,2840,15,0.53,86386,244507365
003475,유안타증권우,2145,2100,-45,-2.1,49149,104002185
011690,유양디앤유,4615,4685,70,1.52,417367,1918549450
072130,유엔젤,5040,5010,-30,-0.6,376477,1902349795
000220,유유제약,11100,11000,-100,-0.9,28690,317460850
000225,유유제약1우,7060,7110,50,0.71,4844,34378210
000227,유유제약2우B,18650,18950,300,1.61,3895,72688350
001200,유진투자증권,2295,2320,25,1.09,510764,1181252830
000100,유한양행,242000,246000,4000,1.65,27837,6816203500
000105,유한양행우,223000,225500,2500,1.12,226,50558500
003460,유화증권,12800,12950,150,1.17,9990,129574850
003465,유화증권우,13200,13150,-50,-0.38,438,5772800
008730,율촌화학,14300,14450,150,1.05,126320,1822297200
008250,이건산업,7150,7290,140,1.96,29777,216170920
025820,이구산업,1745,1770,25,1.43,7318435,13550393485
214320,이노션,70000,70100,100,0.14,23085,1616960500
088260,이리츠코크렙,6860,6940,80,1.17,172558,1194376850
139480,이마트,129000,126000,-3000,-2.33,171932,21718068000
007660,이수페타시스,3855,4055,200,5.19,744425,2987564340
005950,이수화학,10650,10850,200,1.88,85870,928257500
015020,이스타코,700,671,-29,-4.14,2105398,1394981048
093230,이아이디,219,241,22,10.05,142464622,35294244561
102460,이연제약,15300,15700,400,2.61,51320,799639750
084680,이월드,4930,5050,120,2.43,1112200,5587887345
000760,이화산업,15300,15450,150,0.98,2285,35222800
014990,인디에프,2290,2385,95,4.15,614453,1455354070
006490,인스코비,2830,2880,50,1.77,1230583,3549228145
023800,인지컨트롤스,4780,4795,15,0.31,38739,185215615
034590,인천도시가스,29850,29600,-250,-0.84,2904,86037550
129260,인터지스,2285,2325,40,1.75,4308,9879105
023810,인팩,3765,3800,35,0.93,7507,28387085
249420,일동제약,16350,16500,150,0.92,46701,765796200
000230,일동홀딩스,10950,11050,100,0.91,15666,172630850
013360,일성건설,1250,1295,45,3.6,114704,146361445
003120,일성신약,81600,82100,500,0.61,141,11514300
003200,일신방직,72100,72200,100,0.14,1302,93555000
007110,일신석재,2335,2385,50,2.14,1070536,2551613190
007570,일양약품,21750,22000,250,1.15,41500,903974600
007575,일양약품우,17550,17700,150,0.85,1114,19539100
008500,일정실업,18100,18050,-50,-0.28,99,1802950
081000,일진다이아,26200,26400,200,0.76,63540,1676327800
020760,일진디스플,3340,3445,105,3.14,101303,345290680
020150,일진머티리얼즈,39450,40250,800,2.03,203945,8129854000
103590,일진전기,2945,2960,15,0.51,58910,173649195
015860,일진홀딩스,4730,4960,230,4.86,743098,3649879840
226320,잇츠한불,18850,19200,350,1.86,33796,647533750
317400,자이에스앤디,5820,5940,120,2.06,112537,661707890
033240,자화전자,10450,10800,350,3.35,200041,2131258050
000950,전방,15300,15450,150,0.98,175,2696450
194370,제이에스코퍼레이션,12400,12500,100,0.81,15186,190325100
025620,제이준코스메틱,4120,4115,-5,-0.12,356773,1491445690
036420,제이콘텐트리,36650,36600,-50,-0.14,104391,3829906900
030000,제일기획,24700,24850,150,0.61,96092,2378126100
271980,제일약품,36100,35950,-150,-0.42,36290,1309306500
001560,제일연마,6940,8120,1180,17.0,2574282,21141430160
002620,제일파마홀딩스,17550,17200,-350,-1.99,17835,305568600
006220,제주은행,4070,4090,20,0.49,12532,50945085
089590,제주항공,27150,26950,-200,-0.74,107796,2894390750
004910,조광페인트,5370,5420,50,0.93,31615,171308130
004700,조광피혁,37000,38000,1000,2.7,2032,76151350
001550,조비,14700,14900,200,1.36,15490,229714900
000480,조선내화,89700,91600,1900,2.12,10419,949901400
120030,조선선재,88000,87400,-600,-0.68,1062,92674200
018470,조일알미늄,725,731,6,0.83,51899,37772751
002600,조흥,149500,152000,2500,1.67,352,53830500
185750,종근당,97600,97700,100,0.1,23278,2265673700
063160,종근당바이오,29500,30050,550,1.86,40901,1221940550
001630,종근당홀딩스,100500,99900,-600,-0.6,32616,3249851900
044380,주연테크,806,794,-12,-1.49,12986447,10295473251
013890,지누스,85800,89500,3700,4.31,136056,11975413000
013870,지엠비코리아,4750,4720,-30,-0.63,34469,162242345
071320,지역난방공사,48100,48350,250,0.52,3261,157833650
010580,지코,852,828,-24,-2.82,913733,758654460
035000,지투알,6530,6610,80,1.23,8607,56763350
088790,진도,3710,3790,80,2.16,8346,31487125
003780,진양산업,3910,3925,15,0.38,128177,503044400
010640,진양폴리,3840,3800,-40,-1.04,1257836,4814790935
100250,진양홀딩스,2665,2700,35,1.31,176418,474391025
051630,진양화학,4635,4570,-65,-1.4,141089,650853660
272450,진에어,15600,15300,-300,-1.92,179369,2774268600
011000,진원생명과학,2560,2555,-5,-0.2,80012,205465270
002780,진흥기업,2250,2270,20,0.89,43202,97210895
002787,진흥기업2우B,14050,14100,50,0.36,2915,41544050
002785,진흥기업우B,5010,5000,-10,-0.2,6733,33757360
009310,참엔지니어링,1275,1275,0,0.0,171169,221243325
000650,천일고속,72100,72600,500,0.69,3735,269880400
012600,청호컴넷,2545,2520,-25,-0.98,34586,87604345
033250,체시스,2905,2865,-40,-1.38,134040,386577920
001140,카리스국보,2205,2310,105,4.76,2026924,4841408970
035720,카카오,146500,148000,1500,1.02,320921,47362289500
006380,카프로,2990,2985,-5,-0.17,127457,382684555
109070,컨버즈,2335,2415,80,3.43,489403,1175283200
001620,케이비아이동국실업,723,721,-2,-0.28,30450,22039167
029460,케이씨,15850,16500,650,4.1,192253,3149103850
281820,케이씨텍,22400,22900,500,2.23,381830,8621827850
145270,케이탑리츠,948,970,22,2.32,1362722,1320796171
007815,코리아써우,3590,3775,185,5.15,8210,30251385
007810,코리아써키트,10350,11200,850,8.21,900910,9904510050
00781K,코리아써키트2우B,4475,4550,75,1.68,5123,23352850
152330,코리아오토글라스,16700,16950,250,1.5,123236,2070461300
003690,코리안리,9330,9390,60,0.64,467242,4384663860
192820,코스맥스,78700,78400,-300,-0.38,50847,4002995900
044820,코스맥스비티아이,13100,13400,300,2.29,14178,188452150
005070,코스모신소재,8030,8140,110,1.37,311208,2525331960
005420,코스모화학,5680,5730,50,0.88,784551,4415395030
071950,코아스,1265,1280,15,1.19,98062,125704580
002020,코오롱,17350,17550,200,1.15,18290,320276850
003070,코오롱글로벌,9870,9930,60,0.61,18131,178644260
003075,코오롱글로벌우,18350,18200,-150,-0.82,315,5720250
144620,코오롱머티리얼,1635,1575,-60,-3.67,744426,1157162785
002025,코오롱우,10800,10850,50,0.46,11815,127834950
120110,코오롱인더,49550,49500,-50,-0.1,61407,3033560800
120115,코오롱인더우,22250,22300,50,0.22,7729,172771500
138490,코오롱플라스틱,4430,4470,40,0.9,46382,205241700
031820,콤텍시스템,1445,1485,40,2.77,788117,1155004250
192400,쿠쿠홀딩스,106000,106500,500,0.47,10339,1105550500
284740,쿠쿠홈시스,42450,43450,1000,2.36,16980,730608050
015590,큐로,1035,1045,10,0.97,1380135,1431312715
264900,크라운제과,8780,8800,20,0.23,23613,208800010
26490K,크라운제과우,7800,7930,130,1.67,9283,72546530
005740,크라운해태홀딩스,10500,10550,50,0.48,10130,106438000
005745,크라운해태홀딩스우,12700,12850,150,1.18,6636,84786600
020120,키다리스튜디오,3640,3660,20,0.55,11174,40765695
039490,키움증권,79800,80100,300,0.38,25817,2063668500
012170,키위미디어그룹,150,150,0,0.0,0,0
015890,태경산업,5840,5890,50,0.86,44217,259867580
006890,태경화학,5230,5350,120,2.29,153015,811505010
003240,태광산업,1071000,1054000,-17000,-1.59,1014,1077518000
011280,태림포장,4100,4290,190,4.63,495415,2094078495
004100,태양금속,1360,1410,50,3.68,5926537,8267427620
004105,태양금속우,2940,2965,25,0.85,119250,350286810
009410,태영건설,11450,11800,350,3.06,253150,2970884800
009415,태영건설우,6720,6830,110,1.64,12957,88304560
001420,태원물산,3935,3995,60,1.52,12049,47655665
007980,태평양물산,2670,2665,-5,-0.19,119189,317884150
055490,테이팩스,21250,21450,200,0.94,7476,159422000
078000,텔코웨어,13800,13950,150,1.09,19747,274192100
214420,토니모리,10050,10150,100,1.0,242886,2526206300
019180,티에이치엔,3535,3605,70,1.98,66881,239894380
091810,티웨이항공,5970,5790,-180,-3.02,222035,1291232080
004870,티웨이홀딩스,1750,1730,-20,-1.14,310976,536395670
005690,파미셀,8000,7910,-90,-1.13,685713,5458083220
036580,팜스코,4675,4635,-40,-0.86,134993,621602530
028670,팬오션,4540,4500,-40,-0.88,1010621,4558879750
010820,퍼스텍,2190,2045,-145,-6.62,629626,1305149600
016800,퍼시스,29700,29950,250,0.84,4093,122302050
001020,페이퍼코리아,630,624,-6,-0.95,127429,79038393
090080,평화산업,1205,1210,5,0.41,52487,63398150
010770,평화홀딩스,3525,3580,55,1.56,11313,40502170
058430,포스코강판,17050,17100,50,0.29,2398,41081750
047050,포스코인터내셔널,19200,19300,100,0.52,148975,2862718750
003670,포스코케미칼,46100,46050,-50,-0.11,286433,13163449750
007630,폴루스바이오팜,1225,1225,0,0.0,0,0
017810,풀무원,11000,11250,250,2.27,91387,1018427000
103140,풍산,23500,23750,250,1.06,98904,2347716200
005810,풍산홀딩스,34200,34350,150,0.44,16659,570632650
033180,필룩스,6960,7100,140,2.01,4746028,33826639260
086790,하나금융지주,38250,38650,400,1.05,722426,27766873250
099340,하나니켈1호,443,444,1,0.23,16230,7202294
099350,하나니켈2호,1115,1100,-15,-1.35,38348,42283625
293480,하나제약,22600,22600,0,0.0,64498,1448728600
039130,하나투어,53000,50500,-2500,-4.72,239995,12338381450
172580,하이골드12호,2790,2800,10,0.36,13935,38908860
153360,하이골드3호,1790,1790,0,0.0,1012,1805400
159650,하이골드8호,2150,2135,-15,-0.7,47623,102232220
071090,하이스틸,19100,19450,350,1.83,6403,122943500
019490,하이트론,3080,3110,30,0.97,42020,130750830
000080,하이트진로,28100,27900,-200,-0.71,269209,7534404750
000087,하이트진로2우B,17750,17750,0,0.0,1449,25730300
000140,하이트진로홀딩스,12750,12650,-100,-0.78,44220,561731400
000145,하이트진로홀딩스우,15500,15700,200,1.29,6116,96194200
152550,한국ANKOR유전,1780,1795,15,0.84,45810,82029770
036460,한국가스공사,38550,38850,300,0.78,219527,8493943800
005430,한국공항,43800,44400,600,1.37,5637,249880050
071050,한국금융지주,73000,73200,200,0.27,97745,7139081000
071055,한국금융지주우,45600,45600,0,0.0,13118,594218500
010040,한국내화,3920,3995,75,1.91,57361,229215175
025540,한국단자,41950,41750,-200,-0.48,9987,420227450
004090,한국석유,102000,102500,500,0.49,821,83777500
002960,한국쉘석유,340000,342500,2500,0.74,8408,2868475500
123890,한국자산신탁,3940,4005,65,1.65,405895,1620661260
015760,한국전력,27900,27650,-250,-0.9,1262290,34804220650
006200,한국전자홀딩스,725,730,5,0.69,72162,51997282
002300,한국제지,17300,17150,-150,-0.87,12532,216131650
009540,한국조선해양,125500,124500,-1000,-0.8,159823,19759465000
023350,한국종합기술,3925,3930,5,0.13,16567,65055300
025890,한국주강,1915,1910,-5,-0.26,11855,22408420
000970,한국주철관,10150,10200,50,0.49,271234,2738573360
104700,한국철강,4860,4900,40,0.82,64095,313017335
017960,한국카본,7720,7760,40,0.52,235900,1821243000
161890,한국콜마,46550,46700,150,0.32,119864,5597846150
024720,한국콜마홀딩스,21250,21500,250,1.18,31925,684792650
161390,한국타이어앤테크놀로지,33900,34150,250,0.74,62586,2129216650
000240,한국테크놀로지그룹,14250,14450,200,1.4,38630,554005700
034830,한국토지신탁,2185,2200,15,0.69,962243,2106141380
007280,한국특수형강,1580,1565,-15,-0.95,38619,61012300
168490,한국패러랠,2265,2265,0,0.0,22065,49842120
010100,한국프랜지,2090,2095,5,0.24,159388,332848365
047810,한국항공우주,33850,33700,-150,-0.44,222058,7504356150
123690,한국화장품,10300,10750,450,4.37,3727974,42335080000
003350,한국화장품제조,30300,30600,300,0.99,223505,7075398450
011500,한농화성,4345,4400,55,1.27,51395,224522645
002390,한독,22150,22500,350,1.58,34845,778888150
014790,한라,2910,2925,15,0.52,37034,108063470
060980,한라홀딩스,47050,46950,-100,-0.21,27586,1290595050
053690,한미글로벌,9380,9700,320,3.41,78817,756838830
042700,한미반도체,7770,8060,290,3.73,333617,2643093960
008930,한미사이언스,38800,38950,150,0.39,65289,2533066400
128940,한미약품,304000,306500,2500,0.82,27890,8489539000
009240,한샘,62500,62800,300,0.48,35763,2230553300
020000,한섬,30650,31200,550,1.79,58213,1806628650
003680,한성기업,5160,5180,20,0.39,10043,51952250
105630,한세실업,17350,17500,150,0.86,145448,2532028350
069640,한세엠케이,4490,4495,5,0.11,18955,85333865
016450,한세예스24홀딩스,7290,7330,40,0.55,47528,346643240
010420,한솔PNS,1600,1635,35,2.19,446484,724089955
009180,한솔로지스틱스,1560,1565,5,0.32,4477803,7236066645
213500,한솔제지,14500,14750,250,1.72,49482,726652100
014680,한솔케미칼,106500,106000,-500,-0.47,50686,5338698500
004710,한솔테크닉스,8240,8750,510,6.19,766928,6634411040
004150,한솔홀딩스,3930,3950,20,0.51,91383,359312115
025750,한솔홈데코,1085,1100,15,1.38,138849,151785855
004960,한신공영,14150,14750,600,4.24,39097,566623550
011700,한신기계,1660,1660,0,0.0,82630,137274780
001750,한양증권,8440,8560,120,1.42,157419,1346874060
001755,한양증권우,9330,9580,250,2.68,382,3619570
018880,한온시스템,11350,11400,50,0.44,235121,2662315250
009420,한올바이오파마,34050,33350,-700,-2.06,841324,28012163800
014130,한익스프레스,4215,4245,30,0.71,46803,196722305
300720,한일시멘트,95600,96500,900,0.94,3836,369652400
002220,한일철강,2025,2030,5,0.25,1556,3138935
006390,한일현대시멘트,30300,30750,450,1.49,6455,197597850
003300,한일홀딩스,44000,44900,900,2.05,5718,256144600
051600,한전KPS,40750,40250,-500,-1.23,251524,10108400900
052690,한전기술,20450,20250,-200,-0.98,54688,1104000400
130660,한전산업,3605,3660,55,1.53,119247,433986795
002320,한진,30800,29850,-950,-3.08,123718,3736470600
097230,한진중공업,4845,4865,20,0.41,60246,292715605
003480,한진중공업홀딩스,2590,2585,-5,-0.19,7096,18315145
180640,한진칼,42900,38700,-4200,-9.79,4859653,196320555850
18064K,한진칼우,61200,50700,-10500,-17.16,667761,37127972350
005110,한창,2620,2665,45,1.72,823727,2203466965
009460,한창제지,2975,3005,30,1.01,1244316,3716905060
000880,한화,25350,25600,250,0.99,157121,4000485750
00088K,한화3우B,14250,14300,50,0.35,137324,1959566350
027390,한화갤러리아타임월드,23600,23250,-350,-1.48,2482,57894050
088350,한화생명,2350,2370,20,0.85,1476650,3484699375
000370,한화손해보험,2860,2840,-20,-0.7,143797,408199910
272210,한화시스템,10150,10250,100,0.99,470460,4813086750
012450,한화에어로스페이스,34750,34400,-350,-1.01,156785,5405576650
000885,한화우,27800,28200,400,1.44,5335,149370800
009830,한화케미칼,18850,18850,0,0.0,334838,6329178100
009835,한화케미칼우,12400,12250,-150,-1.21,7614,93424500
003530,한화투자증권,2050,2060,10,0.49,227680,465692195
003535,한화투자증권우,2030,2040,10,0.49,7393,14914255
195870,해성디에스,15200,15500,300,1.97,109914,1705851650
101530,해태제과식품,7170,7160,-10,-0.14,10982,78473850
143210,핸즈코퍼레이션,6670,6840,170,2.55,9077,61248400
000720,현대건설,42450,42650,200,0.47,334523,14225288750
267270,현대건설기계,30250,30700,450,1.49,50263,1534415250
000725,현대건설우,131500,130000,-1500,-1.14,2820,363957000
005440,현대그린푸드,11600,11750,150,1.29,122117,1427838650
086280,현대글로비스,145500,148000,2500,1.72,40584,5977530000
064350,현대로템,15500,15650,150,0.97,361216,5658103400
079430,현대리바트,13150,13400,250,1.9,28677,379362050
012330,현대모비스,257500,261000,3500,1.36,126392,32775605500
010620,현대미포조선,45450,45700,250,0.55,98764,4495262050
069960,현대백화점,81700,81800,100,0.12,26371,2153961500
004560,현대비앤지스틸,9010,8960,-50,-0.55,22515,201460050
004565,현대비앤지스틸우,60100,60200,100,0.17,911,55125400
011760,현대상사,18000,18450,450,2.5,55799,1021323900
011200,현대상선,3325,3330,5,0.15,369900,1234243095
004310,현대약품,4840,4885,45,0.93,176511,860050015
322000,현대에너지솔루션,16550,16900,350,2.11,147358,2507661050
126560,현대에이치씨엔,3355,3430,75,2.24,335618,1145261540
017800,현대엘리베이,67700,68000,300,0.44,265660,18101192300
307950,현대오토에버,49000,49800,800,1.63,47896,2367297600
011210,현대위아,49100,49200,100,0.2,50381,2462268500
267260,현대일렉트릭,9710,9750,40,0.41,308336,2983094530
004020,현대제철,31900,31900,0,0.0,291229,9308347900
267250,현대중공업지주,358000,360000,2000,0.56,53088,19003674500
005380,현대차,122000,122500,500,0.41,552469,67500566000
005387,현대차2우B,83500,84000,500,0.6,31322,2615504900
005389,현대차3우B,73300,73700,400,0.55,16006,1174630900
005385,현대차우,75400,75600,200,0.27,62169,4693334100
001500,현대차증권,10350,10500,150,1.45,105700,1107082950
227840,현대코퍼레이션홀딩스,12300,12600,300,2.44,87721,1090523200
001450,현대해상,27900,27950,50,0.18,154026,4299547600
057050,현대홈쇼핑,81000,81000,0,0.0,16090,1299583000
093240,형지엘리트,1440,1440,0,0.0,176236,254518390
003010,혜인,4305,4330,25,0.58,56230,243285370
111110,호전실업,14100,14300,200,1.42,9727,138480400
008770,호텔신라,84000,83800,-200,-0.24,312194,26350629000
008775,호텔신라우,50800,51100,300,0.59,4223,215045500
002460,화성산업,12050,12450,400,3.32,193035,2374011650
013520,화승알앤에이,2110,2130,20,0.95,44334,92974785
241590,화승엔터프라이즈,16500,16800,300,1.82,179443,2989473750
006060,화승인더,11250,11350,100,0.89,675831,7658833400
010690,화신,3270,3250,-20,-0.61,17230,55851825
133820,화인베스틸,2465,2500,35,1.42,79012,196233805
010660,화천기계,2855,2950,95,3.33,1217458,3551910885
000850,화천기공,39800,40700,900,2.26,17580,711775800
016580,환인제약,15450,15500,50,0.32,45158,698749550
032560,황금에스티,6950,6970,20,0.29,14447,99936520
004800,효성,83800,84300,500,0.6,191279,16136325500
094280,효성ITX,16950,17050,100,0.59,66814,1125064150
298040,효성중공업,26150,26200,50,0.19,14501,378199350
298050,효성첨단소재,108500,108500,0,0.0,18745,2029915000
298020,효성티앤씨,154000,156500,2500,1.62,17773,2738246000
298000,효성화학,146000,147000,1000,0.68,11129,1628620000
093370,후성,8020,7970,-50,-0.62,610086,4888178860
081660,휠라코리아,54000,52600,-1400,-2.59,383762,20340130000
005870,휴니드,7140,7160,20,0.28,388103,2819810160
079980,휴비스,6120,6250,130,2.12,104368,650277610
005010,휴스틸,10050,10200,150,1.49,19167,194105500
069260,휴켐스,22650,22450,-200,-0.88,121888,2745111900
000540,흥국화재,3075,3075,0,0.0,13995,42950355
000547,흥국화재2우B,20300,20200,-100,-0.49,188,3781300
000545,흥국화재우,4775,4755,-20,-0.42,492,2323010
003280,흥아해운,477,479,2,0.42,3076652,1477703219
