티커,종목명,시가,종가,변동폭,등락률,거래량,거래대금
095570,AJ네트웍스,4375,4260,-115,-2.63,80948,345488955
068400,AJ렌터카,11000,11000,0,0.0,48414,530130850
006840,AK홀딩스,34350,33800,-550,-1.6,73584,2482381850
027410,BGF,5940,5910,-30,-0.51,87465,514709260
282330,BGF리테일,182000,182000,0,0.0,19051,3457208500
138930,BNK금융지주,7230,7180,-50,-0.69,426421,3072439780
001460,BYC,240500,244000,3500,1.46,637,155049000
001465,BYC우,125500,126000,500,0.4,264,33084500
001040,CJ,91000,89800,-1200,-1.32,68321,6133119100
079160,CJCGV,35850,34850,-1000,-2.79,88510,3100725100
00104K,CJ4우전환,66200,65000,-1200,-1.81,5303,344382200
000120,CJ대한통운,157500,157500,0,0.0,47512,7475119000
011150,CJ씨푸드,2990,2995,5,0.17,320949,951912205
011155,CJ씨푸드1우,31650,31650,0,0.0,1450,45600250
001045,CJ우,42700,42600,-100,-0.23,3380,143670750
097950,CJ제일제당,244500,238000,-6500,-2.66,36091,8670963000
097955,CJ제일제당우,99900,98700,-1200,-1.2,7825,776936400
037560,CJ헬로,6600,6490,-110,-1.67,2841769,19503136660
000590,CS홀딩스,58100,58100,0,0.0,125,7228200
012030,DB,781,788,7,0.9,753152,587894777
016610,DB금융투자,4405,4445,40,0.91,42815,188872805
005830,DB손해보험,54200,55200,1000,1.85,164121,9054903500
000990,DB하이텍,17750,17050,-700,-3.94,476200,8189383650
000995,DB하이텍1우,39000,38000,-1000,-2.56,158,6025850
139130,DGB금융지주,7280,7250,-30,-0.41,397226,2894803920
001530,DI동일,74600,74300,-300,-0.4,1060,78784500
004840,DRB동일,5550,5570,20,0.36,4144,23020590
155660,DSR,4140,4330,190,4.59,367930,1595614375
069730,DSR제강,4265,4535,270,6.33,422092,1894259745
017940,E1,49700,49850,150,0.3,5475,272862400
007700,FF,115500,117000,1500,1.3,221846,25931976000
114090,GKL,21700,21450,-250,-1.15,109495,2355981550
078930,GS,50800,50200,-600,-1.18,81568,4110136000
006360,GS건설,32550,32000,-550,-1.69,144345,4638844400
001250,GS글로벌,2385,2385,0,0.0,142248,338130175
007070,GS리테일,39650,40700,1050,2.65,173247,7026624600
078935,GS우,37400,37600,200,0.53,3266,122428000
012630,HDC,11850,11550,-300,-2.53,478181,5533366500
039570,HDC아이콘트롤스,10200,10400,200,1.96,344702,3584639100
089470,HDC현대EP,4640,4630,-10,-0.22,41580,191091615
294870,HDC현대산업개발,31050,30450,-600,-1.93,316519,9649410950
082740,HSD엔진,3965,4240,275,6.94,3550298,15152644355
003560,IHQ,1790,2005,215,12.01,49975364,101131142960
175330,JB금융지주,5530,5600,70,1.27,255843,1425189060
234080,JW생명과학,21150,20900,-250,-1.18,33170,694060700
001060,JW중외제약,30550,30600,50,0.16,44507,1363305200
001067,JW중외제약2우B,40000,40450,450,1.13,524,21025350
001065,JW중외제약우,26950,26350,-600,-2.23,116,3066650
096760,JW홀딩스,6550,6560,10,0.15,112454,735762560
105560,KB금융,43300,43000,-300,-0.69,882908,38192590604
002380,KCC,237500,230500,-7000,-2.95,19071,4416495500
009070,KCTC,2935,2990,55,1.87,33027,97174980
009440,KC그린홀딩스,4440,4410,-30,-0.68,24706,107666700
119650,KC코트렐,7010,6970,-40,-0.57,103679,725585620
092220,KEC,1015,1015,0,0.0,781847,794610700
001390,KG케미칼,11400,11350,-50,-0.44,13453,152149700
001940,KISCO홀딩스,12900,12950,50,0.39,9852,126799950
025000,KPX케미칼,53800,53600,-200,-0.37,1770,94990000
092230,KPX홀딩스,54000,53800,-200,-0.37,923,49529300
000040,KR모터스,493,489,-4,-0.81,297868,145187054
044450,KSS해운,7410,7440,30,0.4,27883,206896270
030200,KT,27200,27150,-50,-0.18,808260,22089572700
033780,KTG,99400,99800,400,0.4,393466,39377341900
030210,KTB투자증권,2445,2435,-10,-0.41,106933,261654410
058850,KTcs,2130,2215,85,3.99,731013,1597046590
058860,KTis,2270,2310,40,1.76,92114,210611805
093050,LF,20200,20150,-50,-0.25,62133,1257638300
003550,LG,72400,71800,-600,-0.83,165840,11937963000
034220,LG디스플레이,14500,14300,-200,-1.38,1018636,14598011850
001120,LG상사,15800,15700,-100,-0.63,56398,887159250
051900,LG생활건강,1253000,1216000,-37000,-2.95,51084,62565410000
051905,LG생활건강우,761000,760000,-1000,-0.13,3357,2540951000
003555,LG우,46050,45900,-150,-0.33,2043,93767200
032640,LG유플러스,13900,14200,300,2.16,2364661,33833493750
011070,LG이노텍,122500,119000,-3500,-2.86,115577,13783270000
066570,LG전자,69400,69300,-100,-0.14,278287,19242854100
066575,LG전자우,28600,28650,50,0.17,17056,488366550
108670,LG하우시스,59800,59500,-300,-0.5,11914,709753800
108675,LG하우시스우,28400,28450,50,0.18,216,6128500
051910,LG화학,323000,317000,-6000,-1.86,124161,39516510500
051915,LG화학우,180500,181000,500,0.28,17362,3115553000
079550,LIG넥스원,33800,32800,-1000,-2.96,81362,2699553300
006260,LS,50700,49750,-950,-1.87,67606,3386540850
000680,LS네트웍스,2555,2555,0,0.0,16178,40718040
010120,LS산전,51000,49950,-1050,-2.06,53053,2653729050
229640,LS전선아시아,7770,7960,190,2.45,448763,3576090920
023150,MH에탄올,6350,6410,60,0.94,22259,142566680
035420,NAVER,163500,163000,-500,-0.31,231149,37853300000
181710,NHN,64200,63700,-500,-0.78,49732,3157469700
005940,NH투자증권,12650,12550,-100,-0.79,309846,3879290000
005945,NH투자증권우,9170,9140,-30,-0.33,40431,369552420
034310,NICE,18800,18950,150,0.8,41640,783873500
008260,NI스틸,2285,2275,-10,-0.44,33804,76781025
004250,NPC,4060,4165,105,2.59,49232,201023675
004255,NPC우,2310,2310,0,0.0,2260,5211805
010060,OCI,65100,64600,-500,-0.77,55677,3597257600
005490,POSCO,224000,223500,-500,-0.22,171486,38491101000
100840,STC,17850,19100,1250,7.0,112684,2123960400
064960,ST모티브,45850,46250,400,0.87,48834,2256381200
003570,ST중공업,6010,6030,20,0.33,6546,39288610
036530,ST홀딩스,15650,15900,250,1.6,8057,127056600
010950,S-Oil,100500,99300,-1200,-1.19,128015,12768217800
010955,S-Oil우,59500,60000,500,0.84,11526,689093800
034120,SBS,16650,16750,100,0.6,53993,907600550
101060,SBS미디어홀딩스,2000,2005,5,0.25,160536,321314475
004060,SG세계물산,987,1005,18,1.82,1572868,1584874490
001380,SG충방,1885,1960,75,3.98,589706,1142751565
002360,SH에너지화학,1080,1080,0,0.0,685349,733580595
009160,SIMPAC,3150,3140,-10,-0.32,57303,179969670
123700,SJM,3155,3150,-5,-0.16,11406,36124745
025530,SJM홀딩스,3120,3120,0,0.0,1885,5857440
034730,SK,268500,270000,1500,0.56,149397,40181114254
011790,SKC,46050,47150,1100,2.39,275868,13009535450
018670,SK가스,85100,85700,600,0.71,18233,1555264900
001740,SK네트웍스,5970,5920,-50,-0.84,530988,3159286050
001745,SK네트웍스우,83700,80000,-3700,-4.42,5127,416756300
006120,SK디스커버리,23550,23500,-50,-0.21,22897,535507000
006125,SK디스커버리우,15000,15050,50,0.33,6428,95885250
210980,SK디앤디,29900,30100,200,0.67,12254,368402650
03473K,SK우,155500,155500,0,0.0,1011,156356500
096770,SK이노베이션,162000,161000,-1000,-0.62,137709,22254821500
096775,SK이노베이션우,120500,120000,-500,-0.41,2171,259691500
001510,SK증권,621,617,-4,-0.64,702794,434038372
001515,SK증권우,2780,2800,20,0.72,18161,50382215
285130,SK케미칼,52500,53400,900,1.71,79240,4227566300
28513K,SK케미칼우,21900,22250,350,1.6,4472,98567700
017670,SK텔레콤,242000,242500,500,0.21,193224,47060805000
000660,SK하이닉스,82300,81300,-1000,-1.22,2174477,176687303200
005610,SPC삼립,93900,97500,3600,3.83,13837,1328805500
011810,STX,7430,7150,-280,-3.77,79557,577923160
077970,STX엔진,7340,7260,-80,-1.09,8560,62389200
071970,STX중공업,2600,2535,-65,-2.5,146853,377504940
084870,TBH글로벌,2720,2765,45,1.65,90217,245999940
002710,TCC스틸,2905,2910,5,0.17,21201,61988550
024070,WISCOM,2635,2620,-15,-0.57,13301,34935985
037270,YGPLUS,1310,1360,50,3.82,184675,247716185
000500,가온전선,19000,19000,0,0.0,977,18520900
000860,강남제비스코,22300,22150,-150,-0.67,1694,37392950
035250,강원랜드,30450,31000,550,1.81,358434,11042918600
011420,갤럭시아에스엠,1860,1900,40,2.15,277101,529815815
002100,경농,13300,13050,-250,-1.88,53297,697197600
009450,경동나비엔,46750,45350,-1400,-2.99,98994,4521785750
267290,경동도시가스,27000,27250,250,0.93,4007,108906000
012320,경동인베스트,33300,33250,-50,-0.15,1661,54998800
000050,경방,9990,10050,60,0.6,8773,87619570
214390,경보제약,8840,8680,-160,-1.81,25895,224529040
012610,경인양행,8650,8530,-120,-1.39,446949,3811877550
009140,경인전자,21950,21650,-300,-1.37,2901,63570900
013580,계룡건설,22700,22450,-250,-1.1,4074,92767800
012200,계양전기,2845,2875,30,1.05,26470,75659825
012205,계양전기우,7120,7160,40,0.56,5874,41892020
004200,고려개발,9700,9930,230,2.37,16693,164801010
002140,고려산업,3670,3865,195,5.31,6882652,27103509475
010130,고려아연,434500,432000,-2500,-0.58,25547,11061107000
002240,고려제강,21950,22000,50,0.23,14456,317240500
009290,광동제약,7240,7220,-20,-0.28,88370,638334070
017040,광명전기,2285,2260,-25,-1.09,79123,178411965
017900,광전자,2130,2120,-10,-0.47,33178,70379670
037710,광주신세계,175000,177000,2000,1.14,879,154635500
030610,교보증권,9430,9440,10,0.11,35491,333689970
007690,국도화학,47450,47700,250,0.53,3171,151011450
005320,국동,1535,1565,30,1.95,402900,624244495
002720,국제약품,4620,4585,-35,-0.76,111270,511784730
083420,그린케미칼,3860,3895,35,0.91,76993,299495595
014530,극동유화,3465,3465,0,0.0,75915,261629770
014280,금강공업,4000,4055,55,1.38,46594,188396365
014285,금강공업우,8700,8760,60,0.69,998,8730910
008870,금비,64100,62600,-1500,-2.34,1859,115883200
001570,금양,2430,2475,45,1.85,363625,885911690
002990,금호산업,13650,13250,-400,-2.93,553270,7337431200
002995,금호산업우,60600,56100,-4500,-7.43,235868,13858805300
011780,금호석유,76400,74900,-1500,-1.96,85181,6415761500
011785,금호석유우,31650,31350,-300,-0.95,3937,123659600
214330,금호에이치티,5400,5530,130,2.41,165849,915949830
001210,금호전기,3880,3650,-230,-5.93,2309185,8694446530
073240,금호타이어,4190,4180,-10,-0.24,201542,837792935
092440,기신정기,3700,3875,175,4.73,311227,1219744000
000270,기아차,43100,42950,-150,-0.35,762692,32849160300
024110,기업은행,12250,12250,0,0.0,756400,9270100550
013700,까뮤이앤씨,1245,1260,15,1.2,1798583,2307845955
004540,깨끗한나라,2380,2390,10,0.42,153075,362189035
004545,깨끗한나라우,17100,17150,50,0.29,4538,76699000
074610,나노메딕스,9180,9100,-80,-0.87,5242187,48255239520
001260,남광토건,12650,12700,50,0.4,73616,940772800
008350,남선알미늄,3955,5140,1185,29.96,78793933,378670000405
008355,남선알미우,36250,46250,10000,27.59,500219,21825231750
004270,남성,3500,3670,170,4.86,10867979,40665352265
003920,남양유업,481500,475000,-6500,-1.35,360,171630000
003925,남양유업우,166000,167000,1000,0.6,38,6324500
002070,남영비비안,20800,22250,1450,6.97,324248,7206947300
025860,남해화학,8820,8700,-120,-1.36,69995,609941500
005720,넥센,5850,5860,10,0.17,17219,101255200
005725,넥센우,3310,3385,75,2.27,30858,103550330
002350,넥센타이어,9740,9550,-190,-1.95,58315,558874040
002355,넥센타이어1우B,3545,3515,-30,-0.85,141810,520163735
003580,넥스트사이언스,7060,7080,20,0.28,743575,5265472610
251270,넷마블,94000,91100,-2900,-3.09,153208,14083795400
090350,노루페인트,7960,7980,20,0.25,25661,203694360
090355,노루페인트우,12000,12100,100,0.83,8353,102296300
000320,노루홀딩스,12400,12500,100,0.81,3273,40787900
000325,노루홀딩스우,17850,17950,100,0.56,1276,22798550
006280,녹십자,124000,122500,-1500,-1.21,19004,2333492000
005250,녹십자홀딩스,20950,21000,50,0.24,36376,761611350
005257,녹십자홀딩스2우,18000,17750,-250,-1.39,3591,64014350
004370,농심,243500,246000,2500,1.03,10647,2619080000
072710,농심홀딩스,86900,88300,1400,1.61,993,86385900
058730,다스코,5800,6250,450,7.76,672209,4167391900
023590,다우기술,18850,18900,50,0.27,53628,1009923700
019680,대교,6220,6220,0,0.0,32899,204777510
019685,대교우B,4195,4200,5,0.12,4060,17071740
006370,대구백화점,5610,5630,20,0.36,25322,143153690
008060,대덕전자,10350,10300,-50,-0.48,426819,4413859150
00806K,대덕전자1우,6300,6320,20,0.32,4261,26884990
000490,대동공업,6060,6080,20,0.33,46216,281956440
008110,대동전자,3470,3435,-35,-1.01,3383,11694880
005750,대림BCo,4075,4195,120,2.94,176137,737743160
000210,대림산업,93300,92500,-800,-0.86,59235,5485886100
000215,대림산업우,39800,39550,-250,-0.63,1712,67984600
004440,대림씨엔에스,7650,7690,40,0.52,6247,47954580
006570,대림통상,4065,4045,-20,-0.49,3294,13253095
001680,대상,22300,22300,0,0.0,53361,1189981750
001685,대상우,12950,12950,0,0.0,1932,25010200
084690,대상홀딩스,6730,6830,100,1.49,16904,114960160
084695,대상홀딩스우,6130,6090,-40,-0.65,7811,47645780
128820,대성산업,3780,3810,30,0.79,83253,312871670
117580,대성에너지,5450,5440,-10,-0.18,37315,204948870
016710,대성홀딩스,7820,7850,30,0.38,5435,42986220
003540,대신증권,12650,12550,-100,-0.79,36831,463359150
003547,대신증권2우B,8680,8760,80,0.92,11714,102312990
003545,대신증권우,9490,9490,0,0.0,24289,230627600
009190,대양금속,16050,16050,0,0.0,50640,811642100
014160,대영포장,1100,1145,45,4.09,1045481,1172546075
047040,대우건설,4800,4705,-95,-1.98,615556,2905263080
009320,대우부품,2405,2435,30,1.25,1460396,3543029045
042660,대우조선해양,29250,29000,-250,-0.85,70180,2032699200
003090,대웅,13800,13800,0,0.0,55482,762512850
069620,대웅제약,142000,141000,-1000,-0.7,27666,3906176500
000430,대원강업,3625,3640,15,0.41,13820,50119150
006340,대원전선,1240,1230,-10,-0.81,210335,258891615
006345,대원전선우,3130,3155,25,0.8,3493,10933275
003220,대원제약,16600,16550,-50,-0.3,31070,514518900
024890,대원화성,1480,1455,-25,-1.69,79979,116549085
002880,대유에이텍,898,929,31,3.45,1393459,1293666824
000300,대유플러스,770,774,4,0.52,209341,161806271
012800,대창,1225,1240,15,1.22,1321885,1638056990
015230,대창단조,29550,29750,200,0.68,3615,107654700
001070,대한방직,19150,19200,50,0.26,2390,45750150
006650,대한유화,123500,121000,-2500,-2.02,18699,2278791000
001440,대한전선,646,656,10,1.55,2230574,1452104537
084010,대한제강,6290,6310,20,0.32,17926,112118160
001790,대한제당,18650,18700,50,0.27,6186,114929650
001799,대한제당3우B,25950,25250,-700,-2.7,1343,34023150
001795,대한제당우,12850,12800,-50,-0.39,502,6408550
001130,대한제분,159500,157000,-2500,-1.57,658,103664500
003490,대한항공,26950,26400,-550,-2.04,342277,9069075500
003495,대한항공우,15850,15600,-250,-1.58,11686,180864350
005880,대한해운,22300,21900,-400,-1.79,130391,2845764950
003830,대한화섬,92900,92900,0,0.0,284,26298700
016090,대현,2525,2480,-45,-1.78,28420,71146445
069460,대호에이엘,5620,5600,-20,-0.36,1402621,7888814720
192080,더블유게임즈,50800,51000,200,0.39,44646,2268482600
012510,더존비즈온,75600,76200,600,0.79,138432,10477698750
004830,덕성,3080,3080,0,0.0,38499,118359015
004835,덕성우,3725,3655,-70,-1.88,71852,272623970
024900,덕양산업,1225,1285,60,4.9,4881860,6771053280
145720,덴티움,57300,58100,800,1.4,26312,1515685600
002150,도화엔지니어링,9610,9240,-370,-3.85,192650,1783321260
001230,동국제강,6200,6040,-160,-2.58,174604,1060480730
023450,동남합성,24050,24100,50,0.21,41,988100
004140,동방,1690,1685,-5,-0.3,65323,109922200
007590,동방아그로,6890,6930,40,0.58,4063,27990300
005960,동부건설,8730,8590,-140,-1.6,36002,308600230
005965,동부건설우,18600,18600,0,0.0,655,12153500
016380,동부제철,8260,8180,-80,-0.97,11748,96683530
016385,동부제철우,77100,77200,100,0.13,385,29315100
083370,동북아12호,5010,5010,0,0.0,1,5010
083380,동북아13호,5020,5020,0,0.0,0,0
026960,동서,17600,17600,0,0.0,49228,868763250
002210,동성제약,18300,17700,-600,-3.28,694951,12376185350
102260,동성코퍼레이션,5420,5410,-10,-0.18,26906,144922250
005190,동성화학,17000,16950,-50,-0.29,19344,321179450
000640,동아쏘시오홀딩스,89000,87200,-1800,-2.02,8510,747764100
170900,동아에스티,101500,100500,-1000,-0.99,21080,2118968100
028100,동아지질,20000,19850,-150,-0.75,88749,1751290100
282690,동아타이어,12450,12250,-200,-1.61,5956,73265700
001520,동양,1460,1475,15,1.03,308510,453437135
001527,동양2우B,9010,9050,40,0.44,39,357790
001529,동양3우B,28550,28750,200,0.7,411,11812050
084670,동양고속,26950,26850,-100,-0.37,5711,154145600
030790,동양네트웍스,824,809,-15,-1.82,1741054,1417913678
002900,동양물산,871,838,-33,-3.79,3492456,2923559252
082640,동양생명,3860,4090,230,5.96,383945,1547841555
001525,동양우,6470,6490,20,0.31,569,3728310
008970,동양철관,1135,1115,-20,-1.76,487438,541504605
092780,동양피스톤,4965,4985,20,0.4,63057,315042000
049770,동원FB,218000,215000,-3000,-1.38,6438,1394160000
018500,동원금속,861,874,13,1.51,111143,96828694
006040,동원산업,221000,224500,3500,1.58,639,142095500
030720,동원수산,9750,9460,-290,-2.97,101871,975731330
014820,동원시스템즈,32100,31550,-550,-1.71,30757,969346650
014825,동원시스템즈우,25200,25050,-150,-0.6,130,3240100
163560,동일고무벨트,5560,5580,20,0.36,9786,54577260
004890,동일산업,57500,57600,100,0.17,742,42379700
002690,동일제강,2570,2560,-10,-0.39,10567,27034280
000020,동화약품,8370,8270,-100,-1.19,56589,466996770
000150,두산,76500,76100,-400,-0.52,55013,4185215300
000157,두산2우B,67900,67900,0,0.0,558,37632900
011160,두산건설,1220,1205,-15,-1.23,306311,368772035
241560,두산밥캣,32850,32550,-300,-0.91,115585,3750880800
336370,두산솔루스,19100,19250,150,0.79,410100,7916984150
33637K,두산솔루스1우,7500,7940,440,5.87,322999,2583201490
33637L,두산솔루스2우B,20850,19850,-1000,-4.8,110751,2310984700
000155,두산우,67300,67400,100,0.15,1865,125583500
042670,두산인프라코어,5740,5740,0,0.0,540627,3091394910
034020,두산중공업,5900,5830,-70,-1.19,651789,3796060510
336260,두산퓨얼셀,7240,7300,60,0.83,1083346,7824588190
33626K,두산퓨얼셀1우,4695,4725,30,0.64,360545,1721853905
33626L,두산퓨얼셀2우B,10400,10400,0,0.0,84930,884448900
016740,두올,3520,3475,-45,-1.28,165998,574500735
192650,드림텍,6770,6680,-90,-1.33,334917,2237738630
024090,디씨엠,11750,11900,150,1.28,7736,92079450
003160,디아이,3055,3050,-5,-0.16,153516,463675730
092200,디아이씨,2335,2285,-50,-2.14,74195,171310745
013570,디와이,5200,5510,310,5.96,1370364,7537628840
210540,디와이파워,9950,9760,-190,-1.91,56931,557069490
007340,디티알오토모티브,29750,30000,250,0.84,910,27180800
026890,디피씨,5550,5690,140,2.52,2542406,14546145150
115390,락앤락,13600,13500,-100,-0.74,111924,1512029650
032350,롯데관광개발,13350,13200,-150,-1.12,165991,2178191650
330590,롯데리츠,6690,6670,-20,-0.3,1108408,7392376250
000400,롯데손해보험,2195,2270,75,3.42,482096,1082167550
023530,롯데쇼핑,133000,134000,1000,0.75,77090,10315191500
004000,롯데정밀화학,46450,46000,-450,-0.97,35283,1619677900
286940,롯데정보통신,44500,43700,-800,-1.8,62382,2730488700
280360,롯데제과,145500,146000,500,0.34,2473,360601500
004990,롯데지주,37050,36800,-250,-0.67,75010,2760498200
00499K,롯데지주우,49250,48650,-600,-1.22,1116,54512400
005300,롯데칠성,136500,134500,-2000,-1.47,11185,1515410500
005305,롯데칠성우,72900,71500,-1400,-1.92,595,42318300
011170,롯데케미칼,227000,226000,-1000,-0.44,97843,22192837452
002270,롯데푸드,457500,448000,-9500,-2.08,1588,712345000
071840,롯데하이마트,31900,31600,-300,-0.94,98508,3099535150
027740,마니커,864,846,-18,-2.08,4187963,3555009205
204320,만도,36250,35850,-400,-1.1,189007,6793799050
001080,만호제강,16450,16350,-100,-0.61,1872,30513700
088980,맥쿼리인프라,11900,11850,-50,-0.42,268274,3190345250
094800,맵스리얼티1,5400,5380,-20,-0.37,107674,579916540
015540,메디파트너생명공학,6740,6300,-440,-6.53,292942,1866654640
138040,메리츠금융지주,12450,12500,50,0.4,105092,1316152750
008560,메리츠종금증권,4485,4420,-65,-1.45,1960238,8656771560
000060,메리츠화재,19200,19550,350,1.82,143390,2787597600
090370,메타랩스,1360,1370,10,0.74,226905,304320810
017180,명문제약,5030,4990,-40,-0.8,496981,2490345120
012690,모나리자,4135,4000,-135,-3.26,355554,1425890765
005360,모나미,4130,4075,-55,-1.33,394166,1604763760
204210,모두투어리츠,3140,3130,-10,-0.32,3646,11434580
009680,모토닉,8570,8510,-60,-0.7,11544,98089010
009580,무림PP,4450,4460,10,0.22,124460,553743455
009200,무림페이퍼,2600,2600,0,0.0,38162,99276205
033920,무학,9280,9210,-70,-0.75,32176,296352130
008420,문배철강,2815,2805,-10,-0.36,65722,183941640
025560,미래산업,171,171,0,0.0,7581040,1300413085
007120,미래아이앤지,310,314,4,1.29,189105,58711936
006800,미래에셋대우,7540,7450,-90,-1.19,1029801,7659450460
00680K,미래에셋대우2우B,4325,4240,-85,-1.97,251704,1075315535
006805,미래에셋대우우,4730,4690,-40,-0.85,13666,64022270
085620,미래에셋생명,4105,4250,145,3.53,116347,487739545
002840,미원상사,56900,56500,-400,-0.7,49309,2785828000
268280,미원에스씨,70600,72400,1800,2.55,5525,399648900
107590,미원홀딩스,42800,42800,0,0.0,619,26327950
134380,미원화학,41750,41800,50,0.12,35,1468700
003650,미창석유,80600,81400,800,0.99,185,14918600
155900,바다로19호,2940,2940,0,0.0,1222,3597405
003610,방림,2040,2045,5,0.25,23307,47531675
001340,백광산업,2555,2545,-10,-0.39,69242,176237740
014580,백광소재,4550,4375,-175,-3.85,675247,2977883410
035150,백산,7540,7550,10,0.13,305679,2300951780
002410,범양건영,1665,1675,10,0.6,322590,547705135
096300,베트남개발1,371,371,0,0.0,449762,166254683
007210,벽산,2120,2190,70,3.3,1315730,2861048060
002760,보락,2120,2070,-50,-2.36,366819,765010935
003850,보령제약,14800,15050,250,1.69,765735,11647640100
000890,보해양조,1100,1150,50,4.55,22374529,25920576315
003000,부광약품,15500,15250,-250,-1.61,216105,3293164850
001270,부국증권,22250,22100,-150,-0.67,3901,86100550
001275,부국증권우,19300,19200,-100,-0.52,355,6829050
026940,부국철강,4655,4950,295,6.34,7766429,39784915575
015350,부산가스,37200,37300,100,0.27,1435,53492850
011390,부산산업,167000,161500,-5500,-3.29,34331,5545675000
005030,부산주공,504,507,3,0.6,251244,126079790
100220,비상교육,8330,8390,60,0.72,16797,140792320
101140,비티원,3725,3820,95,2.55,404536,1505988685
005180,빙그레,56600,57100,500,0.88,13248,755034600
003960,사조대림,16750,16750,0,0.0,11394,189786500
008040,사조동아원,1075,1080,5,0.47,495840,533325240
007160,사조산업,39000,39100,100,0.26,5605,218438500
014710,사조씨푸드,5590,5740,150,2.68,151301,862679810
006090,사조오양,8230,8060,-170,-2.07,60929,494190040
005090,삼광글라스,31300,30700,-600,-1.92,3505,108111700
001470,삼부토건,709,710,1,0.14,648998,461468288
006400,삼성SDI,237500,234000,-3500,-1.47,132289,31126100500
006405,삼성SDI우,91700,90300,-1400,-1.53,3768,339842500
006660,삼성공조,8790,8780,-10,-0.11,1078,9416860
028260,삼성물산,102500,102000,-500,-0.49,225387,22910730500
02826K,삼성물산우B,74400,74100,-300,-0.4,2741,201420000
207940,삼성바이오로직스,390000,399500,9500,2.44,99605,39434590500
032830,삼성생명,75100,75600,500,0.67,268189,20224607700
018260,삼성에스디에스,199500,197500,-2000,-1.0,49039,9719202000
028050,삼성엔지니어링,19000,19000,0,0.0,876606,16749516950
009150,삼성전기,116000,109500,-6500,-5.6,1014932,112362816000
009155,삼성전기우,45700,43900,-1800,-3.94,22429,989350650
005930,삼성전자,52100,51600,-500,-0.96,8185952,423836375400
005935,삼성전자우,42600,42400,-200,-0.47,1184839,50200236150
001360,삼성제약,4915,4620,-295,-6.0,8573263,39989920960
010140,삼성중공업,7270,7080,-190,-2.61,5849440,41320859710
010145,삼성중공우,58500,57700,-800,-1.37,1543,88491000
016360,삼성증권,34900,34750,-150,-0.43,145109,5051078400
068290,삼성출판사,18000,18250,250,1.39,229092,4100288600
029780,삼성카드,35000,37300,2300,6.57,208719,7787397900
000810,삼성화재,235500,236000,500,0.21,101094,23892134500
000815,삼성화재우,170000,170000,0,0.0,3184,538734500
006110,삼아알미늄,4455,4435,-20,-0.45,4750,21131955
145990,삼양사,49750,49600,-150,-0.3,5593,277297500
145995,삼양사우,35100,35800,700,1.99,108,3801750
003230,삼양식품,91900,92500,600,0.65,13951,1283439200
002170,삼양통상,59700,59600,-100,-0.17,5136,304056700
272550,삼양패키징,16550,16600,50,0.3,11040,181162200
000070,삼양홀딩스,65400,64500,-900,-1.38,7334,473114300
000075,삼양홀딩스우,44050,43050,-1000,-2.27,831,35970550
002810,삼영무역,16300,15900,-400,-2.45,14705,235683400
005680,삼영전자,9070,9080,10,0.11,5963,53986530
003720,삼영화학,1005,1000,-5,-0.5,19986,20088635
023000,삼원강재,2970,2985,15,0.51,13704,40833110
004380,삼익THK,12500,12400,-100,-0.8,14805,183578450
002450,삼익악기,1775,1785,10,0.56,613295,1105548620
000520,삼일제약,22450,21900,-550,-2.45,66765,1462838750
009770,삼정펄프,33900,32850,-1050,-3.1,579,19145400
005500,삼진제약,27550,26800,-750,-2.72,55969,1512538050
004690,삼천리,85700,85900,200,0.23,3041,261449000
001880,삼호,20100,20800,700,3.48,3746,76401000
010960,삼호개발,4545,4510,-35,-0.77,71375,324335520
004450,삼화왕관,47000,46800,-200,-0.43,284,13265100
009470,삼화전기,14650,14450,-200,-1.37,26552,382354850
011230,삼화전자,2550,2520,-30,-1.18,19877,50635525
001820,삼화콘덴서,48700,47700,-1000,-2.05,75603,3616085750
000390,삼화페인트,5280,5290,10,0.19,17877,94243750
001290,상상인증권,1575,1610,35,2.22,83213,132841840
041650,상신브레이크,3720,3705,-15,-0.4,7644,28458080
075180,새론오토모티브,4595,4585,-10,-0.22,1518,6999255
007540,샘표,39700,39850,150,0.38,6085,241982550
248170,샘표식품,29850,30100,250,0.84,7687,229949350
007860,서연,3410,3415,5,0.15,15112,51667000
200880,서연이화,5800,5770,-30,-0.52,42710,246198640
017390,서울가스,70400,70900,500,0.71,242,17457300
004410,서울식품,174,175,1,0.57,985645,171143821
004415,서울식품우,3645,3595,-50,-1.37,26024,92712920
021050,서원,1165,1160,-5,-0.43,276372,322034200
008490,서흥,33300,33050,-250,-0.75,11822,390996250
007610,선도전기,3295,3260,-35,-1.06,45080,146905475
136490,선진,9740,9750,10,0.1,25176,245460960
002820,선창산업,4505,4520,15,0.33,4753,21401870
014910,성문전자,2300,2415,115,5.0,775931,1860304600
014915,성문전자우,11300,12150,850,7.52,204392,2552396450
003080,성보화학,4855,4855,0,0.0,3662,17726320
004980,성신양회,8520,8490,-30,-0.35,73033,615019320
004985,성신양회우,10750,10750,0,0.0,1640,17614550
011300,성안,436,431,-5,-1.15,105489,45398046
000180,성창기업지주,1695,1660,-35,-2.06,179832,296811935
002420,세기상사,57200,56800,-400,-0.7,1283,71719400
004360,세방,11500,11300,-200,-1.74,8575,97273400
004365,세방우,6640,6670,30,0.45,9186,61273640
004490,세방전지,38700,38300,-400,-1.03,12850,492524350
001430,세아베스틸,16650,16550,-100,-0.6,31006,515539950
306200,세아제강,62100,62500,400,0.64,3984,245069700
003030,세아제강지주,49350,48850,-500,-1.01,3405,166146700
019440,세아특수강,13600,13600,0,0.0,12705,172068600
058650,세아홀딩스,81800,81800,0,0.0,654,53407800
013000,세우글로벌,2005,2320,315,15.71,10656620,23075336605
091090,세원셀론텍,3250,3140,-110,-3.38,274379,872704745
021820,세원정공,8090,8090,0,0.0,0,0
067830,세이브존IC,3360,3355,-5,-0.15,14668,49177570
033530,세종공업,4545,4590,45,0.99,38227,172435915
075580,세진중공업,4685,4750,65,1.39,49557,233567640
027970,세하,2675,2750,75,2.8,155745,425030855
145210,세화아이엠씨,2990,2990,0,0.0,0,0
068270,셀트리온,188000,186000,-2000,-1.06,640182,118539928000
004430,송원산업,15850,15900,50,0.32,95205,1503296800
017550,수산중공업,1710,1705,-5,-0.29,3254533,5518517960
002200,수출포장,19350,18950,-400,-2.07,5192,98756600
053210,스카이라이프,9200,9210,10,0.11,59449,542983160
134790,시디즈,38400,39100,700,1.82,1227,47483250
016590,신대양제지,66200,65900,-300,-0.45,13341,884558500
029530,신도리코,38700,38800,100,0.26,6517,252289650
004970,신라교역,12300,12350,50,0.41,15748,192907200
011930,신성이엔지,935,931,-4,-0.43,420452,391901781
005390,신성통상,1710,1710,0,0.0,2411061,4098132790
004170,신세계,254000,254000,0,0.0,28859,7320187500
035510,신세계IC,113000,112500,-500,-0.44,1860,209273500
034300,신세계건설,25850,26100,250,0.97,9177,240563050
031430,신세계인터내셔날,209000,208500,-500,-0.24,28281,5888107000
031440,신세계푸드,73700,74600,900,1.22,8450,629826800
006880,신송홀딩스,4220,4210,-10,-0.24,54638,228141930
005800,신영와코루,102000,101000,-1000,-0.98,179,18297000
001720,신영증권,55300,55100,-200,-0.36,1646,90819400
001725,신영증권우,53100,53100,0,0.0,2243,118506100
009270,신원,2120,2060,-60,-2.83,904397,1874436790
009275,신원우,51100,50900,-200,-0.39,236,12022900
002700,신일산업,1665,1645,-20,-1.2,914197,1497003640
019170,신풍제약,7030,7150,120,1.71,986587,6910535680
019175,신풍제약우,6190,6200,10,0.16,42429,255203200
002870,신풍제지,1470,1465,-5,-0.34,71205,103992450
005450,신한,4945,4945,0,0.0,0,0
293940,신한알파리츠,8900,8800,-100,-1.12,284872,2486252590
055550,신한지주,43850,43350,-500,-1.14,670867,29184790950
001770,신화실업,22750,22800,50,0.22,2857,64903250
004080,신흥,9500,9420,-80,-0.84,2980,27928850
102280,쌍방울,1030,1040,10,0.97,722370,745416815
003410,쌍용양회,5800,5820,20,0.34,456914,2661121350
003415,쌍용양회우,14750,14450,-300,-2.03,11442,165507450
003620,쌍용차,2385,2400,15,0.63,125753,299400510
004770,써니전자,3905,3985,80,2.05,6847739,27350469010
004920,씨아이테크,466,471,5,1.07,55554,26120259
112610,씨에스윈드,39300,38350,-950,-2.42,96761,3683313050
008700,아남전자,2185,2220,35,1.6,499336,1103853540
002790,아모레G,84100,83200,-900,-1.07,127837,9848992100
002795,아모레G우,35100,33250,-1850,-5.27,8539,287846800
090430,아모레퍼시픽,191500,188000,-3500,-1.83,364946,68756944500
090435,아모레퍼시픽우,96100,94300,-1800,-1.87,9987,939345800
002030,아세아,109000,108000,-1000,-0.92,1351,144749500
183190,아세아시멘트,84600,85200,600,0.71,5507,466029700
002310,아세아제지,30350,30600,250,0.82,23082,707330350
267850,아시아나IDT,22650,29400,6750,29.8,8976679,236451034450
020560,아시아나항공,5820,5830,10,0.17,14438068,84948531720
122900,아이마켓코리아,10900,11200,300,2.75,54110,602627750
010780,아이에스동서,33900,34050,150,0.44,42835,1456012350
033660,아주캐피탈,10650,10750,100,0.94,31320,334802150
001780,알루코,2465,2510,45,1.83,199998,492489100
018250,애경산업,29450,29200,-250,-0.85,249417,7333957600
161000,애경유화,7780,7900,120,1.54,231585,1824969820
011090,에넥스,1230,1210,-20,-1.63,451633,546476495
005850,에스엘,20800,20700,-100,-0.48,50969,1049538300
012750,에스원,96000,96300,300,0.31,27640,2659908600
023960,에쓰씨엔지니어링,1580,1590,10,0.63,43971,69822595
298690,에어부산,7150,7170,20,0.28,20594677,150627341750
140910,에이리츠,6790,6820,30,0.44,4100,27941670
078520,에이블씨엔씨,11350,11350,0,0.0,75307,850643700
015260,에이엔피,341,348,7,2.05,195830,67264709
007460,에이프로젠KIC,2270,2190,-80,-3.52,2220677,4931133965
003060,에이프로젠제약,1125,1085,-40,-3.56,3432557,3745713450
036570,엔씨소프트,529000,522000,-7000,-1.32,54526,28499352000
138250,엔에스쇼핑,9640,9700,60,0.62,13918,135688220
085310,엔케이,1130,1135,5,0.44,112371,127293475
009810,엔케이물산,842,834,-8,-0.95,1068246,885760902
900140,엘브이엠씨홀딩스,4300,4255,-45,-1.05,110267,474112740
014440,영보화학,3515,3525,10,0.28,21255,74636685
111770,영원무역,34850,35100,250,0.72,56563,1993405650
009970,영원무역홀딩스,54100,54000,-100,-0.18,10092,549361800
003520,영진약품,5510,5390,-120,-2.18,572944,3101159440
000670,영풍,623000,619000,-4000,-0.64,719,444965000
006740,영풍제지,3045,3045,0,0.0,14845,45036835
012280,영화금속,1430,1495,65,4.55,3444527,5149369125
012160,영흥철강,1110,1095,-15,-1.35,149492,163940315
015360,예스코홀딩스,37150,37350,200,0.54,2731,101992850
007310,오뚜기,578000,581000,3000,0.52,2391,1382786000
079440,오렌지라이프,29000,28700,-300,-1.03,164100,4718595950
002630,오리엔트바이오,445,441,-4,-0.9,653982,287530968
271560,오리온,107000,108000,1000,0.93,52033,5601009500
001800,오리온홀딩스,17400,17400,0,0.0,58148,1011715650
070960,용평리조트,6750,6600,-150,-2.22,156124,1031066110
316140,우리금융지주,12300,12200,-100,-0.81,624398,7632686600
004720,우리들제약,6520,6430,-90,-1.38,46631,301013480
118000,우리들휴브레인,2800,2680,-120,-4.29,220969,600849570
010050,우리종금,667,666,-1,-0.15,758050,504171749
006980,우성사료,3205,3165,-40,-1.25,407271,1289989105
017370,우신시스템,4450,4445,-5,-0.11,1593,7064095
105840,우진,4895,4810,-85,-1.74,86232,415005485
010400,우진아이엔에스,8510,8460,-50,-0.59,18500,155828750
049800,우진플라임,3585,3720,135,3.77,26431,97738930
016880,웅진,1640,1600,-40,-2.44,1412208,2272318200
095720,웅진씽크빅,2860,2850,-10,-0.35,1077731,3061467140
103130,웅진에너지,914,914,0,0.0,0,0
021240,웅진코웨이,91600,92000,400,0.44,97115,8903824000
005820,원림,17700,17500,-200,-1.13,266,4676000
010600,웰바이오텍,2680,2725,45,1.68,2088644,5880876635
008600,윌비스,1435,1490,55,3.83,17024806,25435688345
033270,유나이티드제약,19800,20000,200,1.01,24604,485178900
014830,유니드,46800,46400,-400,-0.85,16071,743188350
000910,유니온,4435,4500,65,1.47,148658,667119800
047400,유니온머티리얼,2665,2655,-10,-0.38,181677,481712070
011330,유니켐,2030,2020,-10,-0.49,408166,829741470
077500,유니퀘스트,6900,6870,-30,-0.43,30891,211984840
002920,유성기업,2805,2800,-5,-0.18,15549,43433095
000700,유수홀딩스,7310,7310,0,0.0,10658,77441060
003470,유안타증권,2825,2840,15,0.53,147612,416776895
003475,유안타증권우,2060,2050,-10,-0.49,17259,35532705
011690,유양디앤유,5960,5900,-60,-1.01,204063,1196006550
072130,유엔젤,4520,5720,1200,26.55,6824041,38342364975
000220,유유제약,11800,11750,-50,-0.42,9456,110871300
000225,유유제약1우,7330,7390,60,0.82,2373,17421440
000227,유유제약2우B,19950,19950,0,0.0,928,17948650
001200,유진투자증권,2195,2190,-5,-0.23,97654,211931720
000100,유한양행,219000,218000,-1000,-0.46,24126,5250713000
000105,유한양행우,205500,205500,0,0.0,305,62678500
003460,유화증권,12600,12600,0,0.0,341,4273350
003465,유화증권우,13450,13450,0,0.0,3,40350
008730,율촌화학,13950,14050,100,0.72,73774,1026456800
008250,이건산업,8000,7980,-20,-0.25,17615,139911360
025820,이구산업,1610,1600,-10,-0.62,96989,154720915
214320,이노션,65800,66200,400,0.61,25015,1656765900
088260,이리츠코크렙,7530,7400,-130,-1.73,127087,934305790
139480,이마트,128500,127000,-1500,-1.17,220169,28514099000
007660,이수페타시스,4045,4040,-5,-0.12,307758,1247001195
005950,이수화학,10900,10950,50,0.46,58493,635848850
015020,이스타코,579,585,6,1.04,42784,25001063
093230,이아이디,260,252,-8,-3.08,4201200,1072840522
102460,이연제약,15650,15650,0,0.0,56048,866771750
084680,이월드,4885,5600,715,14.64,41740576,236821131820
000760,이화산업,15000,15000,0,0.0,20,299850
014990,인디에프,2975,2875,-100,-3.36,565281,1631340080
006490,인스코비,4120,4095,-25,-0.61,24345985,100545782680
023800,인지컨트롤스,5040,4990,-50,-0.99,59642,298611530
034590,인천도시가스,29350,29450,100,0.34,1808,53268100
129260,인터지스,2125,2125,0,0.0,19354,41137540
023810,인팩,3785,3755,-30,-0.79,6074,22691495
249420,일동제약,18300,17700,-600,-3.28,336092,6007458000
000230,일동홀딩스,11750,11600,-150,-1.28,56483,657811700
013360,일성건설,1330,1315,-15,-1.13,156414,204161845
003120,일성신약,85000,85000,0,0.0,327,27646400
003200,일신방직,72700,72700,0,0.0,1556,112979500
007110,일신석재,2945,2855,-90,-3.06,1604108,4569575895
007570,일양약품,22300,22300,0,0.0,40502,895597300
007575,일양약품우,16850,17000,150,0.89,551,9258900
008500,일정실업,18150,18200,50,0.28,373,6770850
081000,일진다이아,29400,28800,-600,-2.04,121373,3492048050
020760,일진디스플,3455,3325,-130,-3.76,134791,451900545
020150,일진머티리얼즈,41200,41550,350,0.85,553849,23136828050
103590,일진전기,3125,3125,0,0.0,13739,42603105
015860,일진홀딩스,4740,4545,-195,-4.11,179627,820948890
226320,잇츠한불,20250,20300,50,0.25,20843,415949450
317400,자이에스앤디,5760,5760,0,0.0,1207813,6955879550
033240,자화전자,10250,10200,-50,-0.49,106777,1085053900
000950,전방,16300,16050,-250,-1.53,1113,17845250
194370,제이에스코퍼레이션,14450,14400,-50,-0.35,26776,380310650
025620,제이준코스메틱,5220,5050,-170,-3.26,1173758,5981383255
036420,제이콘텐트리,37200,36400,-800,-2.15,136529,4981018850
030000,제일기획,24800,24650,-150,-0.6,138450,3429182650
271980,제일약품,36000,35600,-400,-1.11,10424,370269500
001560,제일연마,6510,6450,-60,-0.92,6246,40515100
002620,제일파마홀딩스,19000,19000,0,0.0,4910,93082700
006220,제주은행,4075,4055,-20,-0.49,13107,53326225
089590,제주항공,25150,24500,-650,-2.58,107450,2626180600
004910,조광페인트,6060,6200,140,2.31,9022,54724680
004700,조광피혁,38450,39000,550,1.43,1367,52731200
001550,조비,17650,17350,-300,-1.7,9403,162611000
000480,조선내화,91300,92000,700,0.77,1291,118159500
120030,조선선재,82900,82700,-200,-0.24,590,48726200
018470,조일알미늄,735,767,32,4.35,248120,188443060
002600,조흥,152500,152500,0,0.0,84,12817500
185750,종근당,95500,94000,-1500,-1.57,16380,1541009100
063160,종근당바이오,30800,29950,-850,-2.76,63806,1909835350
001630,종근당홀딩스,91000,88800,-2200,-2.42,28136,2503755500
044380,주연테크,420,425,5,1.19,723108,305786877
013890,지누스,82800,87500,4700,5.68,287217,24673874900
013870,지엠비코리아,5240,5200,-40,-0.76,39824,206291660
071320,지역난방공사,49300,49300,0,0.0,4197,207237750
010580,지코,899,884,-15,-1.67,190504,168786246
035000,지투알,7130,7020,-110,-1.54,13754,96299100
088790,진도,3840,3900,60,1.56,8813,34042515
003780,진양산업,3715,3840,125,3.36,450031,1709647810
010640,진양폴리,2750,2815,65,2.36,193694,541568450
100250,진양홀딩스,2635,2655,20,0.76,43049,113453110
051630,진양화학,5090,5470,380,7.47,618401,3337891820
272450,진에어,15800,15650,-150,-0.95,40009,619101700
011000,진원생명과학,4340,3500,-840,-19.35,1388280,4954682775
002780,진흥기업,2365,2240,-125,-5.29,332458,754364925
002787,진흥기업2우B,13450,13350,-100,-0.74,10242,136124650
002785,진흥기업우B,5290,5150,-140,-2.65,27707,141695110
009310,참엔지니어링,1000,1010,10,1.0,148884,148033709
000650,천일고속,71200,71300,100,0.14,325,23098700
012600,청호컴넷,2965,3015,50,1.69,273326,847325605
033250,체시스,3095,2965,-130,-4.2,839835,2472944065
001140,카리스국보,3910,3775,-135,-3.45,716345,2726168485
035720,카카오,152000,154000,2000,1.32,509809,78323612000
006380,카프로,3435,3380,-55,-1.6,98663,332230065
109070,컨버즈,3260,3260,0,0.0,0,0
001620,케이비아이동국실업,743,742,-1,-0.13,9103,6748099
029460,케이씨,13800,13550,-250,-1.81,47543,648780100
281820,케이씨텍,18200,18250,50,0.27,55476,1008320450
145270,케이탑리츠,920,922,2,0.22,262375,241289190
007815,코리아써우,3370,3410,40,1.19,5673,19243815
007810,코리아써키트,10050,9970,-80,-0.8,343737,3448647380
00781K,코리아써키트2우B,4455,4510,55,1.23,1056,4681140
152330,코리아오토글라스,17150,17400,250,1.46,40777,701354500
003690,코리안리,8060,8200,140,1.74,181423,1484295840
192820,코스맥스,82200,80300,-1900,-2.31,97670,7880626600
044820,코스맥스비티아이,14650,14750,100,0.68,6211,90457000
005070,코스모신소재,7770,7480,-290,-3.73,715943,5341546990
005420,코스모화학,5340,5240,-100,-1.87,97384,511716270
071950,코아스,1430,1420,-10,-0.7,145203,204692190
002020,코오롱,18200,18150,-50,-0.27,18023,325799900
003070,코오롱글로벌,9890,10050,160,1.62,9974,99172370
003075,코오롱글로벌우,17500,17050,-450,-2.57,3879,65858700
144620,코오롱머티리얼,1425,1425,0,0.0,58702,84294205
002025,코오롱우,11450,11450,0,0.0,3832,43361000
120110,코오롱인더,49700,50800,1100,2.21,162727,8208688250
120115,코오롱인더우,23100,23350,250,1.08,13372,310335550
138490,코오롱플라스틱,4635,4570,-65,-1.4,83801,384437105
031820,콤텍시스템,1350,1355,5,0.37,754177,1019150200
192400,쿠쿠홀딩스,103500,100500,-3000,-2.9,19843,1997374900
284740,쿠쿠홈시스,40000,40000,0,0.0,61629,2466420700
015590,큐로,815,822,7,0.86,300440,244541551
264900,크라운제과,8450,8460,10,0.12,10126,85827430
26490K,크라운제과우,7820,7770,-50,-0.64,14516,111952950
005740,크라운해태홀딩스,10600,10600,0,0.0,11333,119776550
005745,크라운해태홀딩스우,13200,13100,-100,-0.76,1610,21012950
020120,키다리스튜디오,4520,4460,-60,-1.33,24256,108600805
039490,키움증권,73800,72600,-1200,-1.63,42630,3087780600
012170,키위미디어그룹,150,150,0,0.0,0,0
015890,태경산업,5640,5680,40,0.71,20882,117406920
006890,태경화학,5090,5040,-50,-0.98,27546,139250500
003240,태광산업,1099000,1095000,-4000,-0.36,327,360603000
011280,태림포장,4770,4630,-140,-2.94,371387,1724405435
004100,태양금속,1295,1255,-40,-3.09,1824527,2334892480
004105,태양금속우,3010,3005,-5,-0.17,100244,299446645
009410,태영건설,13100,12900,-200,-1.53,108119,1397769150
009415,태영건설우,6970,6950,-20,-0.29,22382,154732570
001420,태원물산,4330,4320,-10,-0.23,17170,73834800
007980,태평양물산,2850,2820,-30,-1.05,42391,119892020
055490,테이팩스,21250,20800,-450,-2.12,5794,121886100
078000,텔코웨어,14700,14950,250,1.7,12468,185112150
214420,토니모리,10400,10300,-100,-0.96,58449,600488000
019180,티에이치엔,3950,3880,-70,-1.77,116343,448673610
091810,티웨이항공,5150,5160,10,0.19,84291,428142120
004870,티웨이홀딩스,1825,1765,-60,-3.29,574070,1024221265
005690,파미셀,8550,8410,-140,-1.64,536434,4523419210
036580,팜스코,5260,5160,-100,-1.9,134147,691109230
028670,팬오션,4595,4480,-115,-2.5,1107801,4969890425
010820,퍼스텍,2260,2220,-40,-1.77,89184,198951960
016800,퍼시스,29550,29600,50,0.17,4305,127489350
001020,페이퍼코리아,595,601,6,1.01,60627,36034429
090080,평화산업,1315,1320,5,0.38,122537,161196540
010770,평화홀딩스,4030,4020,-10,-0.25,8039,32226105
058430,포스코강판,18650,18600,-50,-0.27,1077,19845150
047050,포스코인터내셔널,19000,19000,0,0.0,134544,2556286300
003670,포스코케미칼,47850,48200,350,0.73,187818,9026955750
007630,폴루스바이오팜,1225,1225,0,0.0,0,0
017810,풀무원,9180,9200,20,0.22,45687,420491500
103140,풍산,22750,22350,-400,-1.76,65245,1471845200
005810,풍산홀딩스,33800,33750,-50,-0.15,5259,176836250
033180,필룩스,9070,8560,-510,-5.62,14160124,124664842430
086790,하나금융지주,36000,35900,-100,-0.28,737489,26479440800
099340,하나니켈1호,449,449,0,0.0,130442,58243663
099350,하나니켈2호,1220,1205,-15,-1.23,98867,118603730
293480,하나제약,23250,22900,-350,-1.51,23434,536485600
039130,하나투어,51600,50300,-1300,-2.52,90184,4539019350
172580,하이골드12호,2770,2765,-5,-0.18,17006,47061040
153360,하이골드3호,1780,1795,15,0.84,14326,25423925
159650,하이골드8호,2040,2055,15,0.74,251952,520998055
071090,하이스틸,21000,20900,-100,-0.48,5554,115376700
019490,하이트론,3365,3385,20,0.59,20280,68069540
000080,하이트진로,29300,29600,300,1.02,179556,5284434650
000087,하이트진로2우B,17750,17850,100,0.56,252,4479000
000140,하이트진로홀딩스,14350,14400,50,0.35,46265,666915800
000145,하이트진로홀딩스우,18600,18450,-150,-0.81,10342,189902850
152550,한국ANKOR유전,1800,1800,0,0.0,6444,11585055
036460,한국가스공사,40950,40650,-300,-0.73,94541,3857658450
005430,한국공항,41150,41250,100,0.24,2975,122113200
071050,한국금융지주,71300,70200,-1100,-1.54,87577,6143153000
071055,한국금융지주우,43000,42900,-100,-0.23,12461,532808700
010040,한국내화,4875,4850,-25,-0.51,87631,422040385
025540,한국단자,46500,44100,-2400,-5.16,21432,959917350
004090,한국석유,108500,108000,-500,-0.46,1344,143909000
002960,한국쉘석유,335000,334000,-1000,-0.3,755,252679500
123890,한국자산신탁,3525,3510,-15,-0.43,122745,431681455
015760,한국전력,27000,27300,300,1.11,1966746,53894640350
006200,한국전자홀딩스,710,701,-9,-1.27,76005,53140997
002300,한국제지,18200,17850,-350,-1.92,6058,108534900
009540,한국조선해양,120500,118000,-2500,-2.07,125792,14909770000
023350,한국종합기술,4165,4140,-25,-0.6,132407,542960970
025890,한국주강,1875,1865,-10,-0.53,14042,26159770
000970,한국주철관,10200,10200,0,0.0,24919,254623150
104700,한국철강,4790,4780,-10,-0.21,37567,179251330
017960,한국카본,7860,7740,-120,-1.53,133171,1030063170
161890,한국콜마,47350,46700,-650,-1.37,136950,6389070850
024720,한국콜마홀딩스,23400,23100,-300,-1.28,80995,1853661000
161390,한국타이어앤테크놀로지,35350,34100,-1250,-3.54,252011,8641405700
000240,한국테크놀로지그룹,13750,13700,-50,-0.36,37046,508450050
034830,한국토지신탁,2180,2180,0,0.0,262018,571438305
007280,한국특수형강,1325,1290,-35,-2.64,55589,71955450
168490,한국패러랠,2225,2225,0,0.0,13968,31010745
010100,한국프랜지,2385,2455,70,2.94,1510094,3717428590
047810,한국항공우주,38700,38100,-600,-1.55,193979,7383431700
123690,한국화장품,8510,8370,-140,-1.65,173872,1459134690
003350,한국화장품제조,30750,29850,-900,-2.93,65362,1963001700
011500,한농화성,4130,4165,35,0.85,19833,81978960
002390,한독,23500,23450,-50,-0.21,48670,1143043000
014790,한라,3245,3230,-15,-0.46,39729,127603300
060980,한라홀딩스,42600,42550,-50,-0.12,11723,500423150
053690,한미글로벌,9420,9450,30,0.32,28392,266207680
042700,한미반도체,6440,6450,10,0.16,126544,812456910
008930,한미사이언스,41850,41200,-650,-1.55,132037,5433923350
128940,한미약품,324500,318500,-6000,-1.85,28063,8961189500
009240,한샘,63700,63200,-500,-0.78,32341,2049829800
020000,한섬,31500,32750,1250,3.97,258442,8564009850
003680,한성기업,5780,5740,-40,-0.69,20177,115315170
105630,한세실업,19200,19100,-100,-0.52,121595,2337230850
069640,한세엠케이,4150,4180,30,0.72,30282,126358940
016450,한세예스24홀딩스,7650,7730,80,1.05,19847,151375840
010420,한솔PNS,1700,1755,55,3.24,356765,611871855
009180,한솔로지스틱스,1315,1305,-10,-0.76,107776,140495740
213500,한솔제지,14450,14800,350,2.42,75961,1120450050
014680,한솔케미칼,91100,91600,500,0.55,21076,1926558800
004710,한솔테크닉스,7160,6960,-200,-2.79,330383,2318385080
004150,한솔홀딩스,4090,4090,0,0.0,14917,60570320
025750,한솔홈데코,1200,1200,0,0.0,196790,234313860
004960,한신공영,15400,15600,200,1.3,5868,90817500
011700,한신기계,1740,1740,0,0.0,154588,269947790
001750,한양증권,7400,7410,10,0.14,11486,84957300
001755,한양증권우,8090,8090,0,0.0,64,517720
018880,한온시스템,11550,11450,-100,-0.87,567356,6516278000
009420,한올바이오파마,32250,32650,400,1.24,170241,5527174300
014130,한익스프레스,5130,4935,-195,-3.8,185933,924780100
300720,한일시멘트,98500,99400,900,0.91,1846,181997200
002220,한일철강,2075,2065,-10,-0.48,4002,8234125
006390,한일현대시멘트,33150,32300,-850,-2.56,15294,496158250
003300,한일홀딩스,49750,50200,450,0.9,2679,133126100
051600,한전KPS,33600,33700,100,0.3,76336,2576880250
052690,한전기술,20400,20250,-150,-0.74,58356,1177021250
130660,한전산업,3450,3470,20,0.58,25793,89425285
002320,한진,31650,31200,-450,-1.42,28423,884342850
097230,한진중공업,4750,4825,75,1.58,131546,636025600
003480,한진중공업홀딩스,2760,2765,5,0.18,25146,69602120
180640,한진칼,33450,32200,-1250,-3.74,260379,8485889450
18064K,한진칼우,39050,38000,-1050,-2.69,13464,514351250
005110,한창,3605,3475,-130,-3.61,1896586,6629513180
009460,한창제지,2900,3370,470,16.21,32986408,108160011300
000880,한화,24850,24550,-300,-1.21,87966,2167575700
00088K,한화3우B,14000,13950,-50,-0.36,10323,143420050
027390,한화갤러리아타임월드,20350,21000,650,3.19,29657,622013300
088350,한화생명,2415,2415,0,0.0,1252593,3032529300
000370,한화손해보험,2970,2980,10,0.34,90743,269945055
012450,한화에어로스페이스,36700,36250,-450,-1.23,317913,11565073550
000885,한화우,28700,28450,-250,-0.87,16524,467740400
009830,한화케미칼,17250,16800,-450,-2.61,583105,9844058450
009835,한화케미칼우,11800,11700,-100,-0.85,4422,51430550
003530,한화투자증권,2110,2105,-5,-0.24,151386,318398285
003535,한화투자증권우,2035,2020,-15,-0.74,8360,16772050
195870,해성디에스,13950,14450,500,3.58,34820,498351300
101530,해태제과식품,7570,7600,30,0.4,16646,126500580
143210,핸즈코퍼레이션,7090,7070,-20,-0.28,9812,69082510
000720,현대건설,45300,44600,-700,-1.55,204117,9116841400
267270,현대건설기계,30550,30900,350,1.15,71968,2210084350
000725,현대건설우,155000,152500,-2500,-1.61,466,70628000
005440,현대그린푸드,11400,11250,-150,-1.32,87399,989656650
086280,현대글로비스,152500,152500,0,0.0,43538,6622334500
064350,현대로템,16900,16350,-550,-3.25,327225,5372579100
079430,현대리바트,14400,14050,-350,-2.43,29146,411663800
012330,현대모비스,242000,241500,-500,-0.21,109303,26506169000
010620,현대미포조선,43100,42600,-500,-1.16,76859,3269170650
069960,현대백화점,77400,76400,-1000,-1.29,53925,4123605700
004560,현대비앤지스틸,9040,9040,0,0.0,8540,77172730
004565,현대비앤지스틸우,58000,57500,-500,-0.86,339,19317500
011760,현대상사,18450,18150,-300,-1.63,22000,399758900
011200,현대상선,3415,3415,0,0.0,359652,1217837530
004310,현대약품,5210,5160,-50,-0.96,759339,3951873040
126560,현대에이치씨엔,3590,3625,35,0.97,48819,177112190
017800,현대엘리베이,78100,76100,-2000,-2.56,180003,13742283600
307950,현대오토에버,54000,53900,-100,-0.19,23688,1277890800
011210,현대위아,51600,51100,-500,-0.97,63245,3248402900
267260,현대일렉트릭,9700,9510,-190,-1.96,62783,598496610
004020,현대제철,32950,32500,-450,-1.37,445567,14530584400
267250,현대중공업지주,348500,345500,-3000,-0.86,18430,6345969000
005380,현대차,124000,123500,-500,-0.4,370258,45934865500
005387,현대차2우B,82800,82900,100,0.12,29819,2468464200
005389,현대차3우B,73200,73400,200,0.27,1786,130949500
005385,현대차우,74600,75000,400,0.54,37141,2786591800
001500,현대차증권,10200,10150,-50,-0.49,20976,212780800
227840,현대코퍼레이션홀딩스,12300,12300,0,0.0,60433,740223750
001450,현대해상,28300,28100,-200,-0.71,204175,5752347850
057050,현대홈쇼핑,87600,86500,-1100,-1.26,16641,1451814800
093240,형지엘리트,1375,1355,-20,-1.45,161785,220177725
003010,혜인,4845,4790,-55,-1.14,66756,318108260
111110,호전실업,14650,14600,-50,-0.34,896,13081450
008770,호텔신라,82900,82200,-700,-0.84,213199,17545783600
008775,호텔신라우,50400,49950,-450,-0.89,4059,202438350
002460,화성산업,12900,13000,100,0.78,30006,386921900
013520,화승알앤에이,1985,2000,15,0.76,107312,213038625
241590,화승엔터프라이즈,14750,14300,-450,-3.05,246154,3531076150
006060,화승인더,11000,10950,-50,-0.45,122943,1343376600
010690,화신,3615,3665,50,1.38,53206,193477095
133820,화인베스틸,3530,3750,220,6.23,1622334,5923275900
010660,화천기계,2845,2910,65,2.28,2535887,7444907360
000850,화천기공,39200,38700,-500,-1.28,6917,267922900
016580,환인제약,16000,16200,200,1.25,33929,547570650
032560,황금에스티,7650,7730,80,1.05,53894,413280840
004800,효성,80900,81300,400,0.49,40280,3265463300
094280,효성ITX,12800,12750,-50,-0.39,21003,270209350
298040,효성중공업,28100,27750,-350,-1.25,33671,937343300
298050,효성첨단소재,109000,110500,1500,1.38,26233,2873120500
298020,효성티앤씨,164000,164500,500,0.3,5402,878798500
298000,효성화학,158500,157500,-1000,-0.63,8333,1305306000
093370,후성,7880,7680,-200,-2.54,1263790,9753983290
081660,휠라코리아,62100,59500,-2600,-4.19,626322,38361749350
005870,휴니드,7130,6990,-140,-1.96,19497,136596890
079980,휴비스,6140,6200,60,0.98,27941,173303550
005010,휴스틸,10450,10400,-50,-0.48,2943,30605100
069260,휴켐스,22400,22400,0,0.0,37437,841458750
000540,흥국화재,3340,3305,-35,-1.05,15259,50625220
000547,흥국화재2우B,19750,19800,50,0.25,487,9507700
000545,흥국화재우,4780,4720,-60,-1.26,1448,6855615
003280,흥아해운,493,501,8,1.62,8033904,4024468233
