티커,종목명,시가,종가,변동폭,등락률,거래량,거래대금
095570,AJ네트웍스,4505,4530,25,0.55,39740,179748930
068400,AJ렌터카,12300,12350,50,0.41,216698,2723516050
006840,AK홀딩스,54000,51900,-2100,-3.89,23981,1248346800
027410,BGF,8070,7960,-110,-1.36,116169,924724730
282330,BGF리테일,204000,205500,1500,0.74,17056,3505718000
138930,BNK금융지주,7330,7000,-330,-4.5,1474391,10441758236
001460,BYC,246000,256000,10000,4.07,679,172192000
001465,BYC우,114000,115000,1000,0.88,85,9708500
001040,CJ,121500,116000,-5500,-4.53,52125,6115587500
079160,CJCGV,41000,40300,-700,-1.71,108612,4422408150
000120,CJ대한통운,167000,166500,-500,-0.3,35501,5863646500
011150,CJ씨푸드,2320,2315,-5,-0.22,44486,103606050
011155,CJ씨푸드1우,27150,27650,500,1.84,572,15367800
001045,CJ우,52000,49950,-2050,-3.94,10077,508216800
097950,CJ제일제당,330500,331000,500,0.15,36351,11983055000
097955,CJ제일제당우,125000,123000,-2000,-1.6,730,90028000
037560,CJ헬로,9160,9060,-100,-1.09,125529,1142001810
000590,CS홀딩스,63900,63600,-300,-0.47,352,22004500
012030,DB,831,830,-1,-0.12,236124,195490466
016610,DB금융투자,4445,4320,-125,-2.81,139600,607842400
005830,DB손해보험,70400,69500,-900,-1.28,105712,7362042600
000990,DB하이텍,10850,10500,-350,-3.23,225448,2366184550
000995,DB하이텍1우,36400,36750,350,0.96,6,219000
139130,DGB금융지주,8310,8050,-260,-3.13,728513,5898009320
004840,DRB동일,6560,6480,-80,-1.22,1491,9664550
155660,DSR,3990,3920,-70,-1.75,33072,131083185
069730,DSR제강,4300,4210,-90,-2.09,75052,320471380
017940,E1,55800,55100,-700,-1.25,7013,388660900
007700,FF,40050,40100,50,0.12,72884,2970742050
114090,GKL,24900,23950,-950,-3.82,220726,5298132400
078930,GS,51600,48500,-3100,-6.01,271228,13284645850
006360,GS건설,43750,42150,-1600,-3.66,344776,14728939450
001250,GS글로벌,2465,2400,-65,-2.64,238135,582308405
007070,GS리테일,40500,39250,-1250,-3.09,105394,4156778000
078935,GS우,35750,34450,-1300,-3.64,4833,168339100
012630,HDC,17250,16550,-700,-4.06,460342,7746406350
039570,HDC아이콘트롤스,9520,9420,-100,-1.05,6510,61265780
089470,HDC현대EP,4295,4345,50,1.16,24622,105982300
294870,HDC현대산업개발,48200,48450,250,0.52,129444,6334303850
082740,HSD엔진,5280,5100,-180,-3.41,218883,1115461170
003560,IHQ,1860,1870,10,0.54,446070,839379480
175330,JB금융지주,5700,5540,-160,-2.81,368130,2049103950
234080,JW생명과학,21950,22150,200,0.91,46261,1019998800
001060,JW중외제약,40750,41000,250,0.61,45435,1858768900
001067,JW중외제약2우B,40800,40200,-600,-1.47,181,7308050
001065,JW중외제약우,25300,25300,0,0.0,527,13314650
096760,JW홀딩스,7140,7190,50,0.7,63134,452562830
105560,KB금융,46500,45950,-550,-1.18,636199,29363812400
002380,KCC,309000,308500,-500,-0.16,12004,3689726500
009070,KCTC,2875,2905,30,1.04,71264,205690220
009440,KC그린홀딩스,3725,3660,-65,-1.74,23882,87982140
119650,KC코트렐,4260,4275,15,0.35,137483,593298375
092220,KEC,1035,1045,10,0.97,1102563,1155428495
001390,KG케미칼,17400,16500,-900,-5.17,115733,1946837850
001940,KISCO홀딩스,13750,13000,-750,-5.45,17499,229774550
025000,KPX케미칼,52400,52000,-400,-0.76,1927,100109000
092230,KPX홀딩스,61200,61400,200,0.33,379,23153200
000040,KR모터스,500,500,0,0.0,1860838,930104562
044450,KSS해운,6480,6400,-80,-1.23,30386,194671040
030200,KT,29800,30400,600,2.01,696916,21028275500
033780,KTG,101500,97600,-3900,-3.84,450182,44134816300
030210,KTB투자증권,2960,2955,-5,-0.17,70826,210227585
058850,KTcs,2485,2455,-30,-1.21,296476,734322075
093050,LF,24850,25050,200,0.8,72176,1799867400
003550,LG,69900,68100,-1800,-2.58,135878,9348778200
034220,LG디스플레이,18050,17800,-250,-1.39,1113941,19911860850
001120,LG상사,15350,15350,0,0.0,141181,2156586650
051900,LG생활건강,1101000,1081000,-20000,-1.82,26387,29012401000
051905,LG생활건강우,656000,646000,-10000,-1.52,1171,758135000
003555,LG우,40750,40300,-450,-1.1,643,25979450
032640,LG유플러스,17650,17950,300,1.7,1244108,22299465550
011070,LG이노텍,86400,83700,-2700,-3.13,155940,13207232200
066570,LG전자,62300,62800,500,0.8,568844,36028740900
066575,LG전자우,26350,25850,-500,-1.9,42876,1129174600
108670,LG하우시스,56600,56100,-500,-0.88,12996,728284800
108675,LG하우시스우,31950,31000,-950,-2.97,629,19535950
051910,LG화학,347000,337000,-10000,-2.88,227694,77836925500
051915,LG화학우,195500,191500,-4000,-2.05,9010,1740964500
079550,LIG넥스원,36950,38250,1300,3.52,274387,10381980150
006260,LS,49100,48600,-500,-1.02,56142,2751265950
000680,LS네트웍스,2480,2500,20,0.81,2149,5387305
010120,LS산전,49000,47400,-1600,-3.27,77674,3731196400
229640,LS전선아시아,5630,5550,-80,-1.42,42421,236960430
023150,MH에탄올,5890,5790,-100,-1.7,5584,32410430
035420,NAVER,122000,118000,-4000,-3.28,356120,42251384000
181710,NHN엔터테인먼트,57300,57300,0,0.0,34606,1977979400
005940,NH투자증권,13050,12350,-700,-5.36,1139552,14208024200
005945,NH투자증권우,8810,8550,-260,-2.95,46301,398774300
034310,NICE,17950,17900,-50,-0.28,39095,691994250
008260,NI스틸,2270,2270,0,0.0,25141,57326900
004250,NPC,3765,3730,-35,-0.93,690,2569935
004255,NPC우,2235,2260,25,1.12,50,112825
010060,OCI,107000,106500,-500,-0.47,86614,9357956000
005490,POSCO,243000,237000,-6000,-2.47,175260,41867615000
100840,STC,11050,10750,-300,-2.71,4834,52674000
064960,ST모티브,27050,27400,350,1.29,20967,567806600
003570,ST중공업,7200,7100,-100,-1.39,1203,8548830
036530,ST홀딩스,13000,13200,200,1.54,44885,598370450
010950,S-Oil,97700,91300,-6400,-6.55,665046,61610622000
010955,S-Oil우,70400,65000,-5400,-7.67,39849,2639266200
034120,SBS,20000,21100,1100,5.5,60040,1245414600
101060,SBS미디어홀딩스,2040,2050,10,0.49,25464,52140105
004060,SG세계물산,736,727,-9,-1.22,314845,230873804
001380,SG충방,2895,2900,5,0.17,2735603,8168889955
002360,SH에너지화학,1100,1085,-15,-1.36,332222,361849615
009160,SIMPAC,2440,2440,0,0.0,45033,109680680
123700,SJM,3020,3000,-20,-0.66,6296,18822125
025530,SJM홀딩스,3425,3420,-5,-0.15,2942,9982285
034730,SK,260000,252000,-8000,-3.08,74745,18976756500
011790,SKC,35800,35450,-350,-0.98,66989,2382065250
018670,SK가스,70700,70000,-700,-0.99,11507,801048500
001740,SK네트웍스,5200,5180,-20,-0.38,902071,4666514890
001745,SK네트웍스우,51000,51000,0,0.0,68,3452100
006120,SK디스커버리,26100,25600,-500,-1.92,25456,656052750
006125,SK디스커버리우,15250,15100,-150,-0.98,546,8299750
210980,SK디앤디,26750,27200,450,1.68,22386,604462400
03473K,SK우,127500,126500,-1000,-0.78,2712,342396500
096770,SK이노베이션,179500,169000,-10500,-5.85,475975,81030612500
096775,SK이노베이션우,118500,111500,-7000,-5.91,17162,1925967000
001510,SK증권,660,661,1,0.15,3599749,2396753922
001515,SK증권우,3765,3965,200,5.31,1339833,5480739285
285130,SK케미칼,70000,69700,-300,-0.43,19298,1344011800
28513K,SK케미칼우,24600,24350,-250,-1.02,644,15607500
017670,SK텔레콤,269500,272500,3000,1.11,129645,35162518500
000660,SK하이닉스,60500,60600,100,0.17,1934295,117458798300
005610,SPC삼립,127500,125500,-2000,-1.57,17861,2211624000
011810,STX,11750,11400,-350,-2.98,8827,101611300
077970,STX엔진,6750,6700,-50,-0.74,6447,43507220
071970,STX중공업,5670,5600,-70,-1.23,249647,1418594130
084870,TBH글로벌,2990,2990,0,0.0,17909,53626575
002710,TCC동양,2000,1990,-10,-0.5,25236,49889375
024070,WISCOM,2750,2755,5,0.18,1129,3122175
037270,YGPLUS,2015,1985,-30,-1.49,22177,44209895
000500,가온전선,17000,16950,-50,-0.29,741,12624000
000860,강남제비스코,25000,24550,-450,-1.8,1968,48458050
035250,강원랜드,32000,30900,-1100,-3.44,566331,17551258150
011420,갤럭시아에스엠,1660,1660,0,0.0,14243,23468885
002100,경농,10800,10350,-450,-4.17,451286,4804374850
009450,경동나비엔,41550,40000,-1550,-3.73,45185,1824099850
267290,경동도시가스,33200,33200,0,0.0,2754,91180250
012320,경동인베스트,37250,37000,-250,-0.67,1543,57410300
000050,경방,10800,10950,150,1.39,8339,90760950
214390,경보제약,10250,10000,-250,-2.44,26717,268824600
012610,경인양행,5800,5800,0,0.0,137052,797542590
009140,경인전자,21750,21800,50,0.23,1225,26845950
013580,계룡건설,21750,21100,-650,-2.99,18997,402891350
012200,계양전기,3350,3335,-15,-0.45,44368,147095775
012205,계양전기우,7800,7740,-60,-0.77,24147,189710890
004200,고려개발,4730,4635,-95,-2.01,9631,45509530
002140,고려산업,2170,2150,-20,-0.92,64290,140669630
010130,고려아연,432500,424000,-8500,-1.97,33226,14110042000
002240,고려제강,23250,23450,200,0.86,9884,227987400
001290,골든브릿지증권,1820,1850,30,1.65,197679,361960945
009290,광동제약,6850,6710,-140,-2.04,70517,474833350
017040,광명전기,2620,2580,-40,-1.53,325319,860707185
017900,광전자,2025,2050,25,1.23,66468,135787615
037710,광주신세계,180000,177500,-2500,-1.39,200,35552000
030610,교보증권,9120,8900,-220,-2.41,93276,826550750
007690,국도화학,45650,45750,100,0.22,7441,340653550
005320,국동,2690,2730,40,1.49,751785,2009235375
001140,국보,11350,11100,-250,-2.2,11258,127118100
002720,국제약품,4270,4250,-20,-0.47,29682,127444680
083420,그린케미칼,3600,3580,-20,-0.56,10528,37345105
014530,극동유화,3295,3230,-65,-1.97,23266,75598860
014280,금강공업,20600,20700,100,0.49,2775,56916200
014285,금강공업우,34100,31300,-2800,-8.21,1432,46477150
008870,금비,64900,64900,0,0.0,371,23902400
001570,금양,2335,2220,-115,-4.93,62835,142667685
002990,금호산업,11800,11350,-450,-3.81,82992,959290100
002995,금호산업우,23850,23950,100,0.42,1251,30010950
011780,금호석유,87300,84400,-2900,-3.32,103963,8796998500
011785,금호석유우,31850,30700,-1150,-3.61,2643,81867500
214330,금호에이치티,7030,6740,-290,-4.13,180177,1233085680
001210,금호전기,6610,6540,-70,-1.06,4659,30347360
073240,금호타이어,5310,5200,-110,-2.07,329671,1717033990
092440,기신정기,3435,3340,-95,-2.77,27254,91921405
000270,기아차,33700,32800,-900,-2.67,478590,15698385400
024110,기업은행,14050,13550,-500,-3.56,1546090,21101011450
013700,까뮤이앤씨,1330,1440,110,8.27,1774974,2538885445
004540,깨끗한나라,3045,3070,25,0.82,38198,118803825
004545,깨끗한나라우,18150,17550,-600,-3.31,3652,64733000
074610,나노메딕스,5660,5440,-220,-3.89,446310,2511457720
001260,남광토건,11900,12000,100,0.84,48034,584359650
008350,남선알미늄,2830,2945,115,4.06,6186333,17679965570
008355,남선알미우,31500,31900,400,1.27,19090,603852950
004270,남성,1910,1885,-25,-1.31,392711,733782225
003920,남양유업,624000,617000,-7000,-1.12,775,475497000
003925,남양유업우,197000,197000,0,0.0,4,780500
002070,남영비비안,6160,6080,-80,-1.3,2767,16792990
025860,남해화학,11500,11350,-150,-1.3,125671,1444641800
005720,넥센,5500,5550,50,0.91,32627,180184740
005725,넥센우,3710,3750,40,1.08,379,1421195
002350,넥센타이어,9170,9000,-170,-1.85,73539,664662310
002355,넥센타이어1우B,3700,3660,-40,-1.08,978,3610310
003580,넥스트사이언스,6100,6150,50,0.82,536450,3420641630
251270,넷마블,111500,106000,-5500,-4.93,271562,29250424000
090350,노루페인트,8230,7870,-360,-4.37,129737,1040022510
090355,노루페인트우,8270,8270,0,0.0,684,5635880
000320,노루홀딩스,12250,12200,-50,-0.41,2507,30410500
000325,노루홀딩스우,17950,18100,150,0.84,57,1031700
006280,녹십자,136000,136500,500,0.37,34301,4710862500
005250,녹십자홀딩스,25100,24400,-700,-2.79,50888,1250406750
005257,녹십자홀딩스2우,16300,16150,-150,-0.92,49,791600
004370,농심,254500,251000,-3500,-1.38,13641,3418137500
072710,농심홀딩스,69900,69800,-100,-0.14,4705,329016500
058730,다스코,8190,7800,-390,-4.76,202730,1617263090
023590,다우기술,18850,19100,250,1.33,79442,1517292500
019680,대교,6700,6670,-30,-0.45,28797,190663190
019685,대교우B,4640,4640,0,0.0,702,3257130
006370,대구백화점,8800,8960,160,1.82,1101,9967380
008060,대덕전자,9100,8890,-210,-2.31,292375,2608515240
00806K,대덕전자1우,5530,5350,-180,-3.25,1789,9675720
000490,대동공업,5180,5140,-40,-0.77,17354,90136600
008110,대동전자,3345,3370,25,0.75,589,1978070
005750,대림BCo,4565,4480,-85,-1.86,13219,59912085
000210,대림산업,102500,96400,-6100,-5.95,353937,34538549500
000215,대림산업우,38850,37450,-1400,-3.6,13728,512945350
004440,대림씨엔에스,10350,10350,0,0.0,4019,41522750
006570,대림통상,4180,3920,-260,-6.22,2558,10296695
001680,대상,25050,24600,-450,-1.8,92144,2275376400
001685,대상우,12350,12200,-150,-1.21,1179,14568850
084690,대상홀딩스,7860,7860,0,0.0,17063,132350930
084695,대상홀딩스우,5630,5450,-180,-3.2,4238,23126770
128820,대성산업,4150,4245,95,2.29,102059,441599910
117580,대성에너지,5400,5300,-100,-1.85,14544,77501200
016710,대성홀딩스,6360,6270,-90,-1.42,2411,15217200
003540,대신증권,11350,10950,-400,-3.52,247481,2721291750
003547,대신증권2우B,8210,8060,-150,-1.83,10618,86201290
003545,대신증권우,8710,8540,-170,-1.95,82909,712073520
009190,대양금속,3620,3770,150,4.14,7747,28744095
014160,대영포장,1110,1220,110,9.91,15773875,18859558630
047040,대우건설,5390,5440,50,0.93,1688983,9239797910
009320,대우부품,2095,2200,105,5.01,2537646,5504917310
042660,대우조선해양,34150,33300,-850,-2.49,241266,8154030000
003090,대웅,17800,17400,-400,-2.25,68806,1226653500
069620,대웅제약,188500,185500,-3000,-1.59,54582,10302051000
000430,대원강업,3875,3750,-125,-3.23,49430,187221335
006340,대원전선,1575,1555,-20,-1.27,388557,618197625
006345,대원전선우,3685,3640,-45,-1.22,8948,32938625
003220,대원제약,16150,15800,-350,-2.17,24958,398422800
024890,대원화성,1815,1780,-35,-1.93,1079622,1937423295
002880,대유에이텍,1310,1370,60,4.58,11103409,15173906420
000300,대유플러스,854,847,-7,-0.82,207420,176545538
012800,대창,925,915,-10,-1.08,176424,162136175
015230,대창단조,42700,42250,-450,-1.05,4421,187423400
001070,대한방직,14600,14350,-250,-1.71,6380,92115350
006650,대한유화,153500,147500,-6000,-3.91,43164,6424339000
001440,대한전선,1015,1010,-5,-0.49,169007,171039660
084010,대한제강,5590,5490,-100,-1.79,26786,147378270
001790,대한제당,19000,19000,0,0.0,3005,56344000
001799,대한제당3우B,26000,25400,-600,-2.31,8,204800
001795,대한제당우,12200,12000,-200,-1.64,519,6196150
001130,대한제분,176000,177000,1000,0.57,578,102062500
003490,대한항공,33050,32400,-650,-1.97,349580,11304759650
003495,대한항공우,13650,13150,-500,-3.66,14721,194887150
005880,대한해운,21750,21750,0,0.0,44150,952729650
003830,대한화섬,105500,105500,0,0.0,60,6267000
016090,대현,2305,2300,-5,-0.22,152597,352234550
069460,대호에이엘,5420,5420,0,0.0,0,0
012510,더존비즈온,51900,51700,-200,-0.39,47715,2482130300
004830,덕성,3500,3430,-70,-2.0,23511,81669635
004835,덕성우,4135,3980,-155,-3.75,36418,147963505
024900,덕양산업,1250,1275,25,2.0,67077,85724645
145720,덴티움,57500,56500,-1000,-1.74,64773,3700822700
002150,도화엔지니어링,8650,8180,-470,-5.43,355430,2996523910
001620,동국실업,836,817,-19,-2.27,77479,63927578
001230,동국제강,7230,7060,-170,-2.35,197463,1405018340
023450,동남합성,60800,60000,-800,-1.32,31,1861200
004140,동방,1370,1360,-10,-0.73,75950,103703085
007590,동방아그로,6600,6520,-80,-1.21,6009,39345280
005960,동부건설,7230,7200,-30,-0.41,15274,110067650
005965,동부건설우,16350,15700,-650,-3.98,1033,16309900
016380,동부제철,6420,6570,150,2.34,5724,37426070
016385,동부제철우,41900,42550,650,1.55,133,5578050
083370,동북아12호,4970,4970,0,0.0,0,0
083380,동북아13호,5000,5000,0,0.0,0,0
026960,동서,17900,17650,-250,-1.4,115040,2034298200
002210,동성제약,14950,16100,1150,7.69,3180930,52531100100
102260,동성코퍼레이션,5130,5120,-10,-0.19,24618,125887660
005190,동성화학,13750,13700,-50,-0.36,1940,26926350
000640,동아쏘시오홀딩스,109000,108000,-1000,-0.92,7252,780693500
170900,동아에스티,104500,104500,0,0.0,20601,2167262500
028100,동아지질,17150,16800,-350,-2.04,125222,2129506950
282690,동아타이어,12700,12700,0,0.0,56,706700
001520,동양,2070,2035,-35,-1.69,301118,613161980
001527,동양2우B,10750,10700,-50,-0.47,2583,27640450
001529,동양3우B,30350,30150,-200,-0.66,1235,37100400
084670,동양고속,28800,28850,50,0.17,1464,42193250
030790,동양네트웍스,2225,2200,-25,-1.12,870874,1936278425
002900,동양물산,1825,1800,-25,-1.37,811379,1483869810
082640,동양생명,4770,4675,-95,-1.99,119183,555979240
001525,동양우,9400,9490,90,0.96,1076,10095800
008970,동양철관,1520,1455,-65,-4.28,1966162,2917189885
092780,동양피스톤,4885,4855,-30,-0.61,130924,640410480
049770,동원FB,287500,279000,-8500,-2.96,4726,1320840500
018500,동원금속,711,708,-3,-0.42,59761,42409916
006040,동원산업,203000,199000,-4000,-1.97,1357,271286000
030720,동원수산,9000,8930,-70,-0.78,23793,211375460
014820,동원시스템즈,27350,27250,-100,-0.37,19929,539755700
014825,동원시스템즈우,21800,21800,0,0.0,266,5784150
163560,동일고무벨트,6330,6270,-60,-0.95,6581,40676550
001530,동일방직,59500,58500,-1000,-1.68,3465,202884500
004890,동일산업,58100,57700,-400,-0.69,311,18015600
002690,동일제강,3195,3060,-135,-4.23,85938,265841910
000020,동화약품,9100,9340,240,2.64,88403,819092510
000150,두산,111500,104500,-7000,-6.28,67723,7134753000
000157,두산2우B,75200,73700,-1500,-1.99,47,3460900
011160,두산건설,1415,1470,55,3.89,269432,401958525
241560,두산밥캣,31500,30700,-800,-2.54,123805,3809809800
000155,두산우,74500,71700,-2800,-3.76,8796,635491400
042670,두산인프라코어,7590,7330,-260,-3.43,1788397,13160815610
034020,두산중공업,9730,9450,-280,-2.88,808625,7762146350
016740,두올,2860,2850,-10,-0.35,87546,249724315
024090,디씨엠,10900,10900,0,0.0,2361,25651450
003160,디아이,3495,3445,-50,-1.43,74899,260104460
092200,디아이씨,6570,6570,0,0.0,33731,221947040
013570,디와이,5470,5600,130,2.38,231450,1293013780
210540,디와이파워,14200,13500,-700,-4.93,138511,1897311900
007340,디티알오토모티브,32000,31650,-350,-1.09,763,24261350
026890,디피씨,5710,5560,-150,-2.63,1472257,8349032330
115390,락앤락,20700,20050,-650,-3.14,115580,2322664650
032350,롯데관광개발,14550,14900,350,2.41,937864,14075759850
000400,롯데손해보험,2640,2655,15,0.57,153563,408843910
023530,롯데쇼핑,211000,202500,-8500,-4.03,96043,19548257500
004000,롯데정밀화학,41050,40450,-600,-1.46,49007,1990094650
286940,롯데정보통신,35400,36500,1100,3.11,102336,3766111450
280360,롯데제과,151000,153000,2000,1.32,1539,237163500
004990,롯데지주,52700,49950,-2750,-5.22,161549,8180774000
00499K,롯데지주우,53400,51400,-2000,-3.75,1301,66989500
005300,롯데칠성,1400000,1374000,-26000,-1.86,826,1138054000
005305,롯데칠성우,646000,632000,-14000,-2.17,11,6983000
011170,롯데케미칼,277000,275000,-2000,-0.72,111841,31134921000
002270,롯데푸드,709000,701000,-8000,-1.13,1263,885234000
071840,롯데하이마트,46650,46300,-350,-0.75,37729,1749490100
027740,마니커,769,768,-1,-0.13,766507,587135074
204320,만도,28950,28850,-100,-0.35,246212,7115304000
001080,만호제강,17400,16500,-900,-5.17,9775,163011750
088980,맥쿼리인프라,9290,9330,40,0.43,598752,5589549070
094800,맵스리얼티1,3650,3670,20,0.55,50291,184449355
015540,메디플란트,6970,7180,210,3.01,13696,96070240
138040,메리츠금융지주,11550,11400,-150,-1.3,29496,334633100
008560,메리츠종금증권,4280,4075,-205,-4.79,1925868,7942834050
000060,메리츠화재,21850,21350,-500,-2.29,89479,1905967050
090370,메타랩스,1905,1895,-10,-0.52,186503,354572815
017180,명문제약,5190,5170,-20,-0.39,120174,629274770
012690,모나리자,3500,3540,40,1.14,183391,646340850
005360,모나미,2620,2640,20,0.76,17093,44787080
204210,모두투어리츠,3120,3140,20,0.64,580,1811525
009680,모토닉,9990,10500,510,5.11,241030,2484136190
009580,무림PP,6060,5940,-120,-1.98,235849,1414428170
009200,무림페이퍼,2820,2770,-50,-1.77,61669,171531490
033920,무학,13600,13550,-50,-0.37,18331,245684600
008420,문배철강,2890,2835,-55,-1.9,84578,244659885
025560,미래산업,178,176,-2,-1.12,1895484,335906718
007120,미래아이앤지,410,416,6,1.46,134981,56414956
006800,미래에셋대우,6530,6370,-160,-2.45,2203960,14167745000
00680K,미래에셋대우2우B,3550,3495,-55,-1.55,343927,1206102790
006805,미래에셋대우우,4040,3955,-85,-2.1,58144,236732455
085620,미래에셋생명,4610,4630,20,0.43,142686,660163845
002840,미원상사,257000,250000,-7000,-2.72,5,1266500
268280,미원에스씨,64600,64100,-500,-0.77,3455,221165400
107590,미원홀딩스,34550,33900,-650,-1.88,370,12610900
134380,미원화학,43200,43200,0,0.0,297,12840450
003650,미창석유,76500,78900,2400,3.14,193,15043300
155900,바다로19호,2895,2925,30,1.04,3516,10229960
003610,방림,24700,24750,50,0.2,1558,38094300
001340,백광산업,2490,2500,10,0.4,92392,231702760
014580,백광소재,2600,2590,-10,-0.38,36402,94395375
035150,백산,6340,6280,-60,-0.95,23525,149090060
002410,범양건영,1540,1545,5,0.32,68914,107762445
096300,베트남개발1,372,370,-2,-0.54,239566,88638883
007210,벽산,2450,2385,-65,-2.65,456233,1089291865
002760,보락,2050,2030,-20,-0.98,275581,562768035
003850,보령제약,9980,10050,70,0.7,161048,1612474470
000890,보해양조,1890,2095,205,10.85,59051382,124006741690
003000,부광약품,24800,24800,0,0.0,416784,10510365300
001270,부국증권,22450,21850,-600,-2.67,2729,59757000
001275,부국증권우,19050,19000,-50,-0.26,142,2709950
026940,부국철강,2975,2930,-45,-1.51,333112,981001170
015350,부산가스,37300,37300,0,0.0,945,35095300
011390,부산산업,163000,155500,-7500,-4.6,28372,4513021000
005030,부산주공,488,475,-13,-2.66,84499,40882194
100220,비상교육,6210,6110,-100,-1.61,17704,108714710
005180,빙그레,72500,71100,-1400,-1.93,8768,627084000
003960,사조대림,24200,24100,-100,-0.41,8694,208305900
008040,사조동아원,1185,1200,15,1.27,157503,187890825
007160,사조산업,49850,49450,-400,-0.8,3215,159655200
014710,사조씨푸드,6340,6320,-20,-0.32,17601,109632530
006090,사조오양,9730,9630,-100,-1.03,9697,93125400
079660,사조해표,10150,10200,50,0.49,20915,213752100
005090,삼광글라스,28900,29200,300,1.04,3360,98051500
001470,삼부토건,4325,4300,-25,-0.58,35051,150889610
006400,삼성SDI,219000,210500,-8500,-3.88,345548,73769630500
006405,삼성SDI우,86200,85800,-400,-0.46,2099,180345000
006660,삼성공조,9100,9040,-60,-0.66,3236,29070750
028260,삼성물산,105500,104000,-1500,-1.42,246954,25804168000
02826K,삼성물산우B,70200,69300,-900,-1.28,2359,165051300
207940,삼성바이오로직스,386500,374000,-12500,-3.23,148344,56542769500
032830,삼성생명,81600,80300,-1300,-1.59,221030,17791665100
018260,삼성에스디에스,204000,206000,2000,0.98,99070,20629277500
028050,삼성엔지니어링,17600,17450,-150,-0.85,1193530,21023842700
009150,삼성전기,103500,100000,-3500,-3.38,1052757,106876275200
009155,삼성전기우,42300,41850,-450,-1.06,7542,317527300
005930,삼성전자,38700,38750,50,0.13,7847664,304682623050
005935,삼성전자우,31750,31600,-150,-0.47,944879,30203996650
001360,삼성제약,2530,2510,-20,-0.79,198372,506247350
010140,삼성중공업,7410,7240,-170,-2.29,2366382,17341606570
010145,삼성중공우,43000,43700,700,1.63,193,8354150
016360,삼성증권,31500,31250,-250,-0.79,192361,6030880800
068290,삼성출판사,11100,11350,250,2.25,125292,1420970050
029780,삼성카드,34550,34700,150,0.43,69225,2383543650
000810,삼성화재,269000,264500,-4500,-1.67,49598,13119792500
000815,삼성화재우,173500,172000,-1500,-0.86,3685,632539500
006110,삼아알미늄,4205,4120,-85,-2.02,31831,132606485
145990,삼양사,55000,54700,-300,-0.55,5152,282273600
145995,삼양사우,35200,35050,-150,-0.43,174,6092550
003230,삼양식품,52000,50100,-1900,-3.65,27202,1379431100
002170,삼양통상,42700,42100,-600,-1.41,1475,62327750
272550,삼양패키징,16800,17950,1150,6.85,110064,1945786950
000070,삼양홀딩스,78500,78200,-300,-0.38,9938,775450700
000075,삼양홀딩스우,47400,45850,-1550,-3.27,275,12672500
002810,삼영무역,14050,14050,0,0.0,23607,329552750
005680,삼영전자,11850,12050,200,1.69,43069,508829800
003720,삼영화학,829,824,-5,-0.6,93992,77343700
023000,삼원강재,2840,2850,10,0.35,1996,5602950
004380,삼익THK,9770,9740,-30,-0.31,41643,404230630
002450,삼익악기,1795,1775,-20,-1.11,184702,332454995
000520,삼일제약,20600,20400,-200,-0.97,60444,1265138750
009770,삼정펄프,33450,33400,-50,-0.15,621,20773100
005500,삼진제약,40150,39900,-250,-0.62,19982,800180000
004690,삼천리,91000,90000,-1000,-1.1,1971,177133000
001880,삼호,14400,14050,-350,-2.43,805,11361650
010960,삼호개발,5040,4900,-140,-2.78,35482,174539985
004450,삼화왕관,46850,46650,-200,-0.43,672,31454400
009470,삼화전기,21700,21500,-200,-0.92,176489,3801395950
011230,삼화전자,2245,2245,0,0.0,40960,91362430
001820,삼화콘덴서,53200,52200,-1000,-1.88,146194,7768013200
000390,삼화페인트,6920,6930,10,0.14,19291,134225140
041650,상신브레이크,4220,4050,-170,-4.03,51424,210140680
075180,새론오토모티브,5890,5760,-130,-2.21,9045,52335200
007540,샘표,33450,33200,-250,-0.75,9285,312261150
248170,샘표식품,27850,27750,-100,-0.36,4773,131643050
007860,서연,3630,3660,30,0.83,8228,29622565
200880,서연이화,4450,4470,20,0.45,165885,722487780
017390,서울가스,85400,85400,0,0.0,69,5832900
004410,서울식품,177,177,0,0.0,975510,173938617
004415,서울식품우,3725,3725,0,0.0,22356,84801805
021050,서원,1080,1070,-10,-0.93,59762,63181645
008490,서흥,23400,23350,-50,-0.21,8409,194836700
007610,선도전기,4415,4405,-10,-0.23,283137,1283927055
136490,선진,11350,10950,-400,-3.52,27335,300004500
002820,선창산업,5290,5160,-130,-2.46,7447,38851400
014910,성문전자,2645,2715,70,2.65,326597,882751240
014915,성문전자우,8200,8310,110,1.34,11367,94006970
003080,성보화학,5720,5720,0,0.0,10282,58774330
004980,성신양회,11900,11200,-700,-5.88,926302,10610928500
004987,성신양회2우B,14300,13950,-350,-2.45,4191,60039600
004989,성신양회3우B,10800,10500,-300,-2.78,158,1668800
004985,성신양회우,9800,9500,-300,-3.06,6039,58709760
011300,성안,634,631,-3,-0.47,51689,32883005
000180,성창기업지주,1935,1915,-20,-1.03,68314,131850110
002420,세기상사,65500,66700,1200,1.83,57,3788200
004360,세방,12000,12000,0,0.0,20008,240507700
004365,세방우,6280,6280,0,0.0,4,25120
004490,세방전지,35950,35500,-450,-1.25,7882,280178300
001430,세아베스틸,17700,17550,-150,-0.85,36109,630334700
306200,세아제강,57000,56700,-300,-0.53,1541,87508500
003030,세아제강지주,49300,47800,-1500,-3.04,8113,392186450
019440,세아특수강,14900,14700,-200,-1.34,7431,108994250
058650,세아홀딩스,97300,95500,-1800,-1.85,237,22801300
013000,세우글로벌,1725,1755,30,1.74,1409603,2496956740
091090,세원셀론텍,3600,3600,0,0.0,307076,1128564345
021820,세원정공,6880,6760,-120,-1.74,5816,39442400
067830,세이브존IC,3435,3400,-35,-1.02,13223,44625705
033530,세종공업,7790,8220,430,5.52,1829400,14979724470
075580,세진중공업,3885,3875,-10,-0.26,54934,212130255
027970,세하,1380,1360,-20,-1.45,18247,25031435
145210,세화아이엠씨,2990,2990,0,0.0,0,0
068270,셀트리온,222500,214500,-8000,-3.6,1045357,228573134000
004430,송원산업,19050,19300,250,1.31,165882,3222385850
017550,수산중공업,1650,1610,-40,-2.42,573526,941825380
002200,수출포장,19450,19400,-50,-0.26,5063,98193300
053210,스카이라이프,11500,11600,100,0.87,44520,516147400
134790,시디즈,36100,38900,2800,7.76,3265,126305450
016590,신대양제지,59300,57500,-1800,-3.04,28474,1653348900
029530,신도리코,45900,46450,550,1.2,1865,86330100
004970,신라교역,12900,12750,-150,-1.16,13252,168706700
011930,신성이엔지,1005,985,-20,-1.99,514769,509873958
005390,신성통상,925,920,-5,-0.54,63703,58395660
004170,신세계,256000,248000,-8000,-3.13,72595,18069162500
035510,신세계IC,113000,108500,-4500,-3.98,9735,1080632500
034300,신세계건설,23950,23150,-800,-3.34,2848,66804900
031430,신세계인터내셔날,194500,178000,-16500,-8.48,65304,11936502000
031440,신세계푸드,85400,81800,-3600,-4.22,17236,1420756200
006880,신송홀딩스,4460,4450,-10,-0.22,8958,39567955
005800,신영와코루,131000,131000,0,0.0,78,10168000
001720,신영증권,59000,58300,-700,-1.19,670,39088400
001725,신영증권우,54000,53800,-200,-0.37,797,42867800
009270,신원,1870,1925,55,2.94,3697294,7441197960
009275,신원우,54300,56400,2100,3.87,12665,734507100
002700,신일산업,1305,1290,-15,-1.15,597846,779500825
019170,신풍제약,6410,6260,-150,-2.34,386770,2468386070
019175,신풍제약우,5900,5790,-110,-1.86,5041,29475760
002870,신풍제지,1305,1300,-5,-0.38,114264,149002135
005450,신한,3420,3420,0,0.0,7747,26502735
293940,신한알파리츠,5620,5600,-20,-0.36,26653,149264700
055550,신한지주,39600,39400,-200,-0.51,868545,34413670230
001770,신화실업,20350,20300,-50,-0.25,1100,21983600
004080,신흥,10300,10400,100,0.97,337,3482600
102280,쌍방울,1015,1010,-5,-0.49,403467,407918770
003410,쌍용양회,6290,6110,-180,-2.86,1139998,7005743240
003415,쌍용양회우,5300,5270,-30,-0.57,10085,53163020
003620,쌍용차,3960,4050,90,2.27,56446,226878845
004770,써니전자,2320,2300,-20,-0.86,351765,813507270
004920,씨아이테크,506,515,9,1.78,1064192,570063836
112610,씨에스윈드,27600,27150,-450,-1.63,27335,741316400
008700,아남전자,2590,2820,230,8.88,6564185,18030779260
002790,아모레G,72700,67900,-4800,-6.6,199818,13824674600
002795,아모레G우,30700,28700,-2000,-6.51,10394,302005000
090430,아모레퍼시픽,209500,193500,-16000,-7.64,404377,80061362500
090435,아모레퍼시픽우,102500,99800,-2700,-2.63,12451,1243787900
002030,아세아,113000,114500,1500,1.33,665,76108000
183190,아세아시멘트,103500,104500,1000,0.97,17970,1913131500
002310,아세아제지,31400,30150,-1250,-3.98,35312,1086260500
267850,아시아나IDT,11650,10900,-750,-6.44,113858,1275280450
020560,아시아나항공,4135,4090,-45,-1.09,245975,1010592380
122900,아이마켓코리아,6920,6690,-230,-3.32,69103,468604300
010780,아이에스동서,30650,29800,-850,-2.77,54234,1614795100
033660,아주캐피탈,8530,8320,-210,-2.46,49383,414607910
101140,아티스,4900,5120,220,4.49,665840,3400986150
001780,알루코,2795,2790,-5,-0.18,95287,267486785
002250,알보젠코리아,28000,28100,100,0.36,1422,39814050
018250,애경산업,47600,44450,-3150,-6.62,266099,12100864750
161000,애경유화,7900,7840,-60,-0.76,99879,781628300
011090,에넥스,1375,1310,-65,-4.73,1984246,2634719460
005850,에스엘,19950,20200,250,1.25,57048,1149582750
012750,에스원,100500,103000,2500,2.49,39820,4085321000
023960,에쓰씨엔지니어링,1495,1530,35,2.34,22690,34647975
298690,에어부산,6090,6060,-30,-0.49,7727551,47524362830
140910,에이리츠,4975,4950,-25,-0.5,11713,57381710
078520,에이블씨엔씨,10900,10450,-450,-4.13,83637,889472650
015260,에이엔피,390,392,2,0.51,135420,53021917
007460,에이프로젠KIC,7800,7710,-90,-1.15,268388,2056771340
003060,에이프로젠제약,2385,2385,0,0.0,175097,422311890
036570,엔씨소프트,466500,467000,500,0.11,83710,39010828500
138250,엔에스쇼핑,12800,12600,-200,-1.56,9143,116284650
085310,엔케이,1685,1835,150,8.9,8164357,14607266630
009810,엔케이물산,638,652,14,2.19,548041,359003121
900140,엘브이엠씨홀딩스,2330,2355,25,1.07,89587,211135755
014440,영보화학,3730,3705,-25,-0.67,9213,34097045
111770,영원무역,38350,37850,-500,-1.3,73902,2788033450
009970,영원무역홀딩스,62500,62800,300,0.48,585,36461000
003520,영진약품,5940,5940,0,0.0,356027,2132882300
000670,영풍,745000,736000,-9000,-1.21,603,442051000
006740,영풍제지,3400,3255,-145,-4.26,59692,194948910
012280,영화금속,1325,1325,0,0.0,176183,232657935
012160,영흥철강,1070,1070,0,0.0,90259,96786500
015360,예스코홀딩스,39950,40300,350,0.88,251,10002100
007310,오뚜기,724000,716000,-8000,-1.1,2520,1800689000
079440,오렌지라이프,28000,27400,-600,-2.14,83370,2304153050
002630,오리엔트바이오,567,564,-3,-0.53,784308,447640346
271560,오리온,120000,111000,-9000,-7.5,172930,19443544500
001800,오리온홀딩스,17100,16650,-450,-2.63,34394,575518100
070960,용평리조트,6090,5920,-170,-2.79,140391,848432550
004720,우리들제약,7400,7350,-50,-0.68,63456,469876150
118000,우리들휴브레인,2145,2135,-10,-0.47,37519,80170635
000030,우리은행,15600,15400,-200,-1.28,2040631,31611412500
010050,우리종금,756,752,-4,-0.53,1930648,1464499547
006980,우성사료,2405,2380,-25,-1.04,42149,101055885
017370,우신시스템,6660,7250,590,8.86,91333,626508080
105840,우진,4780,4795,15,0.31,39383,186783420
010400,우진아이엔에스,9950,9880,-70,-0.7,82309,816028830
049800,우진플라임,5220,5510,290,5.56,44816,241274630
016880,웅진,2115,2120,5,0.24,178991,383155760
095720,웅진씽크빅,2695,2635,-60,-2.23,390186,1044044355
103130,웅진에너지,1525,1565,40,2.62,166010,258712280
005820,원림,18650,17800,-850,-4.56,4984,90406400
010600,웰바이오텍,5020,5800,780,15.54,1307884,7391139580
008600,윌비스,1315,1310,-5,-0.38,636746,831083250
033270,유나이티드제약,22950,23050,100,0.44,23442,540129550
014830,유니드,42000,41800,-200,-0.48,6738,281442800
000910,유니온,3815,3750,-65,-1.7,36568,138944370
047400,유니온머티리얼,1815,1765,-50,-2.75,160005,284336495
011330,유니켐,1495,1495,0,0.0,138105,206403950
077500,유니퀘스트,6380,6230,-150,-2.35,76721,486570830
002920,유성기업,2910,2830,-80,-2.75,7344,20751790
000700,유수홀딩스,6450,6370,-80,-1.24,30976,196872580
003470,유안타증권,3140,3070,-70,-2.23,152294,470441475
003475,유안타증권우,2180,2150,-30,-1.38,5297,11389835
011690,유양디앤유,7270,8240,970,13.34,1540192,12486805730
072130,유엔젤,4375,4300,-75,-1.71,261503,1162258540
000220,유유제약,10500,10250,-250,-2.38,64802,682503350
000225,유유제약1우,6970,6930,-40,-0.57,2339,15986700
000227,유유제약2우B,17250,16900,-350,-2.03,51,866850
001200,유진투자증권,2375,2330,-45,-1.89,160373,375203165
000100,유한양행,204500,209000,4500,2.2,60830,12717667500
000105,유한양행우,191000,194000,3000,1.57,378,75898000
003460,유화증권,13400,13500,100,0.75,197,2650700
003465,유화증권우,13200,12900,-300,-2.27,5424,70158450
008730,율촌화학,12900,12500,-400,-3.1,16634,211038850
008250,이건산업,10250,9860,-390,-3.8,118390,1194211130
025820,이구산업,1905,1845,-60,-3.15,87018,163533765
214320,이노션,63300,61900,-1400,-2.21,21067,1297498700
088260,이리츠코크렙,4850,4825,-25,-0.52,33972,164006655
139480,이마트,182500,180000,-2500,-1.37,68572,12418778500
007660,이수페타시스,6510,6860,350,5.38,2393405,16211374820
005950,이수화학,10000,9410,-590,-5.9,161205,1545954870
015020,이스타코,625,626,1,0.16,20584,12805803
093230,이아이디,194,193,-1,-0.52,378952,73868724
102460,이연제약,13900,14150,250,1.8,26413,376401050
084680,이월드,2490,2500,10,0.4,925126,2282733800
000760,이화산업,18950,19200,250,1.32,401,7680900
014990,인디에프,2270,2460,190,8.37,4001840,10199152900
006490,인스코비,4970,5160,190,3.82,1570734,8026687165
023800,인지컨트롤스,6730,6960,230,3.42,1188747,8242543540
034590,인천도시가스,29500,29400,-100,-0.34,1271,37419700
129260,인터지스,2310,2295,-15,-0.65,23441,53473660
023810,인팩,3115,3025,-90,-2.89,33761,102925235
249420,일동제약,20450,20350,-100,-0.49,19382,396716700
000230,일동홀딩스,13150,12800,-350,-2.66,5064,65617050
013360,일성건설,1410,1375,-35,-2.48,343318,485794990
003120,일성신약,95600,95400,-200,-0.21,74,7131400
003200,일신방직,96000,96200,200,0.21,362,34644300
007110,일신석재,2285,2145,-140,-6.13,4292851,9736642935
007570,일양약품,27500,27200,-300,-1.09,61393,1685294050
007575,일양약품우,18350,18450,100,0.54,680,12914600
008500,일정실업,19250,18900,-350,-1.82,93,1770200
081000,일진다이아,28150,28950,800,2.84,1381430,39983199100
020760,일진디스플,3240,3265,25,0.77,34834,113403780
020150,일진머티리얼즈,41000,39400,-1600,-3.9,401371,16016223850
103590,일진전기,3000,2965,-35,-1.17,36034,107596100
015860,일진홀딩스,3030,3035,5,0.17,94158,285871815
226320,잇츠한불,26850,25150,-1700,-6.33,56389,1466769450
033240,자화전자,11800,11600,-200,-1.69,67842,809796850
000950,전방,17150,16950,-200,-1.17,702,12025800
194370,제이에스코퍼레이션,11000,10950,-50,-0.45,7737,84808600
025620,제이준코스메틱,10900,10650,-250,-2.29,358036,3818707400
030000,제일기획,22500,22300,-200,-0.89,222673,4926400100
271980,제일약품,46600,44400,-2200,-4.72,94106,4279591200
001560,제일연마,6210,6210,0,0.0,266,1647820
002620,제일파마홀딩스,25800,25250,-550,-2.13,9404,238774400
006220,제주은행,4655,4660,5,0.11,14976,69912590
089590,제주항공,33550,33850,300,0.89,66290,2222895050
004910,조광페인트,6530,6340,-190,-2.91,10559,67955100
004700,조광피혁,34450,35450,1000,2.9,2001,70438600
001550,조비,23200,22400,-800,-3.45,67713,1540982950
000480,조선내화,83500,84200,700,0.84,1422,119395200
120030,조선선재,79000,78100,-900,-1.14,1943,151114200
018470,조일알미늄,891,897,6,0.67,84716,75667070
002600,조흥,182500,179500,-3000,-1.64,12,2169500
185750,종근당,102000,100000,-2000,-1.96,26508,2662448300
063160,종근당바이오,20750,20600,-150,-0.72,11533,240135100
001630,종근당홀딩스,62500,60100,-2400,-3.84,6272,379578700
044380,주연테크,401,420,19,4.74,2844136,1195273429
013870,지엠비코리아,8280,8710,430,5.19,1994471,17337827160
071320,지역난방공사,57000,56000,-1000,-1.75,5206,292842300
010580,지코,680,673,-7,-1.03,273596,184887446
035000,지투알,7530,7370,-160,-2.12,4114,30289060
088790,진도,4875,4860,-15,-0.31,6405,31121055
003780,진양산업,5240,5450,210,4.01,1593402,8493073120
010640,진양폴리,2245,2345,100,4.45,143232,327311545
100250,진양홀딩스,2695,2680,-15,-0.56,117131,313414500
051630,진양화학,6300,6900,600,9.52,1013212,6571719860
272450,진에어,19250,19000,-250,-1.3,43086,821439250
011000,진원생명과학,4340,4305,-35,-0.81,65204,282038190
002780,진흥기업,2065,2045,-20,-0.97,118871,243484640
002787,진흥기업2우B,10350,10600,250,2.42,29353,296092960
002785,진흥기업우B,4700,4780,80,1.7,60745,286502815
009310,참엔지니어링,1615,1615,0,0.0,142791,224540280
000650,천일고속,79400,77800,-1600,-2.02,1639,128367800
012600,청호컴넷,2770,2830,60,2.17,10928,30602400
033250,체시스,882,860,-22,-2.49,98354,85392819
035720,카카오,103000,102000,-1000,-0.97,173462,17849866000
006380,카프로,4335,4380,45,1.04,91768,399632680
109070,컨버즈,4900,4925,25,0.51,103911,515345430
029460,케이씨,11750,11700,-50,-0.43,48490,572189250
281820,케이씨텍,9490,9470,-20,-0.21,32460,307679490
145270,케이탑리츠,1150,1180,30,2.61,891671,1034377150
058860,케이티스,2445,2440,-5,-0.2,63620,155893905
007815,코리아써우,2680,2660,-20,-0.75,143,381540
007810,코리아써키트,5110,5120,10,0.2,21391,108922730
00781K,코리아써키트2우B,4190,4095,-95,-2.27,26,106345
152330,코리아오토글라스,12600,12200,-400,-3.17,18986,234504000
003690,코리안리,8660,8560,-100,-1.15,107917,929993520
192820,코스맥스,130000,125000,-5000,-3.85,89037,11242806500
044820,코스맥스비티아이,19550,19500,-50,-0.26,17130,332011600
005070,코스모신소재,17350,16550,-800,-4.61,231193,3910207800
005420,코스모화학,12100,11800,-300,-2.48,180057,2182865600
071950,코아스,1350,1320,-30,-2.22,194328,265831055
002020,코오롱,30900,30450,-450,-1.46,12867,395060300
003070,코오롱글로벌,7130,7120,-10,-0.14,7821,55175490
003075,코오롱글로벌우,15000,15400,400,2.67,2609,39290650
144620,코오롱머티리얼,3000,3180,180,6.0,1881379,5918285785
002025,코오롱우,17000,17900,900,5.29,627,10697100
120110,코오롱인더,57300,56600,-700,-1.22,142360,8097352800
120115,코오롱인더우,25000,24600,-400,-1.6,1284,31783200
138490,코오롱플라스틱,5610,5700,90,1.6,42602,244856110
021240,코웨이,74100,74400,300,0.4,140702,10528247200
031820,콤텍시스템,1445,1425,-20,-1.38,560162,807045210
192400,쿠쿠홀딩스,118500,118000,-500,-0.42,4363,518114500
284740,쿠쿠홈시스,177500,168000,-9500,-5.35,1910,326386500
015590,큐로,513,510,-3,-0.58,180542,92229417
264900,크라운제과,9300,9430,130,1.4,8306,77928050
26490K,크라운제과우,7600,7660,60,0.79,279,2118440
005740,크라운해태홀딩스,11300,10900,-400,-3.54,21432,234532700
005745,크라운해태홀딩스우,11600,11500,-100,-0.86,3948,45118700
020120,키다리스튜디오,2245,2295,50,2.23,18753,42703915
039490,키움증권,78200,74600,-3600,-4.6,86300,6512032500
012170,키위미디어그룹,410,425,15,3.66,1241283,526841983
015890,태경산업,5580,5480,-100,-1.79,23963,131906610
006890,태경화학,4640,4680,40,0.86,41931,196604285
003240,태광산업,1320000,1334000,14000,1.06,719,948741000
011280,태림포장,3975,3950,-25,-0.63,356855,1412683020
004100,태양금속,1350,1315,-35,-2.59,800022,1054275865
004105,태양금속우,3175,3155,-20,-0.63,26351,83274185
009410,태영건설,11350,10800,-550,-4.85,335441,3714147450
009415,태영건설우,5390,5250,-140,-2.6,5227,27824980
001420,태원물산,5210,5160,-50,-0.96,49052,255059200
007980,태평양물산,2565,2585,20,0.78,68653,176191380
055490,테이팩스,21050,20550,-500,-2.38,9664,198979750
078000,텔코웨어,12750,13300,550,4.31,59725,783233700
214420,토니모리,11250,10700,-550,-4.89,95924,1045779400
140890,트러스제7호,3165,2995,-170,-5.37,276,824995
019180,티에이치엔,2385,2375,-10,-0.42,81815,192558185
091810,티웨이항공,7480,7360,-120,-1.6,59471,442657080
004870,티웨이홀딩스,2380,2350,-30,-1.26,252565,595079585
005690,파미셀,12200,12800,600,4.92,896824,11474873000
036580,팜스코,7780,7530,-250,-3.21,43992,332737100
028670,팬오션,4445,4445,0,0.0,702083,3129711555
010820,퍼스텍,2770,2775,5,0.18,252472,701854875
016800,퍼시스,30700,30300,-400,-1.3,316,9616450
001020,페이퍼코리아,935,920,-15,-1.6,159771,150136841
090080,평화산업,2465,2565,100,4.06,3615430,9156823110
010770,평화홀딩스,6200,6480,280,4.52,2053758,13501020710
058430,포스코강판,20700,20500,-200,-0.97,2731,56354500
047050,포스코대우,18200,17600,-600,-3.3,175086,3112427250
007630,폴루스바이오팜,6010,6260,250,4.16,1015894,6364866350
017810,풀무원,79600,78000,-1600,-2.01,4954,387925400
103140,풍산,27350,26550,-800,-2.93,80229,2164787000
005810,풍산홀딩스,36750,36000,-750,-2.04,1769,64100850
033180,필룩스,12200,12000,-200,-1.64,1058128,12966098350
086790,하나금융지주,36250,36150,-100,-0.28,567892,20614432100
099340,하나니켈1호,1035,1035,0,0.0,6472,6691850
099350,하나니켈2호,1425,1415,-10,-0.7,5064,7099945
293480,하나제약,22500,22200,-300,-1.33,109789,2511094450
039130,하나투어,68800,69200,400,0.58,99973,6907688700
172580,하이골드12호,2780,2760,-20,-0.72,27012,74587190
153360,하이골드3호,1845,1850,5,0.27,645,1181360
159650,하이골드8호,1140,1145,5,0.44,8062,9264985
071090,하이스틸,26900,26000,-900,-3.35,10794,284801850
019490,하이트론,3620,3610,-10,-0.28,479,1744085
000080,하이트진로,16600,16300,-300,-1.81,161513,2628536500
000087,하이트진로2우B,14500,14500,0,0.0,63,909250
000140,하이트진로홀딩스,7010,7030,20,0.29,3753,26328100
000145,하이트진로홀딩스우,7700,7640,-60,-0.78,44,337590
152550,한국ANKOR유전,1745,1745,0,0.0,12024,20982255
036460,한국가스공사,48200,46350,-1850,-3.84,243327,11392383950
005430,한국공항,42700,42250,-450,-1.05,2933,125515450
071050,한국금융지주,59500,56900,-2600,-4.37,215914,12370401800
071055,한국금융지주우,34950,34200,-750,-2.15,4083,140948600
010040,한국내화,5520,5190,-330,-5.98,927869,4973005580
025540,한국단자,40600,40450,-150,-0.37,8113,324732350
004090,한국석유,134500,128500,-6000,-4.46,6390,834567500
002960,한국쉘석유,336500,337000,500,0.15,1977,661841500
123890,한국자산신탁,4400,4330,-70,-1.59,60050,260863205
015760,한국전력,33100,34050,950,2.87,1503315,51171936050
006200,한국전자홀딩스,810,818,8,0.99,51172,41621892
002300,한국제지,16300,16500,200,1.23,4244,69306400
023350,한국종합기술,5500,5270,-230,-4.18,272498,1458321750
025890,한국주강,1595,1595,0,0.0,7271,11561935
000970,한국주철관,9800,9750,-50,-0.51,61737,599352510
104700,한국철강,5520,5410,-110,-1.99,12835,69901990
017960,한국카본,7040,6820,-220,-3.13,339091,2337543760
161890,한국콜마,70500,70000,-500,-0.71,123832,8826158900
024720,한국콜마홀딩스,29550,29500,-50,-0.17,87079,2615873650
161390,한국타이어,40150,40750,600,1.49,189544,7707908100
000240,한국타이어월드와이드,16600,16850,250,1.51,43918,737601800
034830,한국토지신탁,2700,2565,-135,-5.0,396106,1038569670
007280,한국특수형강,2500,2395,-105,-4.2,48469,117974330
168490,한국패러랠,2500,2460,-40,-1.6,10731,26462535
010100,한국프랜지,1360,1385,25,1.84,35221,48314210
047810,한국항공우주,31900,32500,600,1.88,656857,21284964900
123690,한국화장품,10750,10400,-350,-3.26,68249,725180400
003350,한국화장품제조,35700,34600,-1100,-3.08,20357,715921700
011500,한농화성,4005,3990,-15,-0.37,12812,51271925
002390,한독,30700,32250,1550,5.05,293771,9404902900
014790,한라,4310,4175,-135,-3.13,116297,490825870
060980,한라홀딩스,43750,44350,600,1.37,15532,682299350
053690,한미글로벌,9520,9420,-100,-1.05,113226,1086870480
042700,한미반도체,7780,7510,-270,-3.47,181811,1378301140
008930,한미사이언스,79000,78100,-900,-1.14,33686,2646226200
128940,한미약품,464000,450500,-13500,-2.91,38389,17525794500
009240,한샘,67400,67700,300,0.45,108907,7370084500
020000,한섬,36250,36300,50,0.14,27964,1009605250
003680,한성기업,5810,5760,-50,-0.86,12542,71849300
105630,한세실업,19850,19700,-150,-0.76,107103,2119019200
069640,한세엠케이,7700,7690,-10,-0.13,4145,31826930
016450,한세예스24홀딩스,8010,7700,-310,-3.87,52339,408602260
010420,한솔PNS,1355,1360,5,0.37,24579,33470930
009180,한솔로지스틱스,1325,1285,-40,-3.02,289153,379337660
213500,한솔제지,16600,16850,250,1.51,35993,601535450
014680,한솔케미칼,77500,76300,-1200,-1.55,19981,1520885200
004710,한솔테크닉스,6220,6090,-130,-2.09,44725,273958320
004150,한솔홀딩스,5000,4995,-5,-0.1,28333,141772000
025750,한솔홈데코,1370,1330,-40,-2.92,646386,882507345
004960,한신공영,16800,16850,50,0.3,41013,693416900
011700,한신기계,2135,2105,-30,-1.41,66383,140007750
001750,한양증권,6830,6730,-100,-1.46,6116,41001360
001755,한양증권우,8200,8020,-180,-2.2,139,1117260
018880,한온시스템,10800,10500,-300,-2.78,631039,6689484000
009420,한올바이오파마,36200,34950,-1250,-3.45,695239,24600554200
014130,한익스프레스,4345,4280,-65,-1.5,14172,59910860
300720,한일시멘트,117500,120000,2500,2.13,3294,393833000
002220,한일철강,19200,18800,-400,-2.08,1562,29595850
006390,한일현대시멘트,42150,41700,-450,-1.07,39433,1667598600
003300,한일홀딩스,52100,54700,2600,4.99,6890,368586800
051600,한전KPS,33200,32400,-800,-2.41,156843,5120430400
052690,한전기술,20900,20750,-150,-0.72,53344,1113276350
130660,한전산업,3555,3500,-55,-1.55,73310,256727095
002320,한진,53800,53900,100,0.19,165098,8777980900
097230,한진중공업,1655,1590,-65,-3.93,488680,787890005
003480,한진중공업홀딩스,2930,2915,-15,-0.51,9469,27641175
180640,한진칼,29800,29350,-450,-1.51,885973,26074439200
18064K,한진칼우,20900,19800,-1100,-5.26,38060,761337500
005110,한창,1815,1830,15,0.83,767801,1414619060
009460,한창제지,2970,3200,230,7.74,6046436,18798744785
000880,한화,31350,31000,-350,-1.12,118196,3682499500
00088K,한화3우B,14500,14400,-100,-0.69,22358,319887800
027390,한화갤러리아타임월드,28800,28000,-800,-2.78,10085,286956050
088350,한화생명,4220,4215,-5,-0.12,714353,3007142575
000370,한화손해보험,5910,5890,-20,-0.34,140859,822680020
012450,한화에어로스페이스,32500,32950,450,1.38,140721,4622616600
000885,한화우,20250,19650,-600,-2.96,5215,101613150
009830,한화케미칼,20200,19800,-400,-1.98,765015,15332657900
009835,한화케미칼우,11800,11700,-100,-0.85,2720,31752300
003530,한화투자증권,2035,2020,-15,-0.74,146939,298456240
003535,한화투자증권우,2050,2085,35,1.71,44787,94869835
195870,해성디에스,12950,12350,-600,-4.63,53965,678189850
101530,해태제과식품,9300,9170,-130,-1.4,9330,86135200
143210,핸즈코퍼레이션,6220,6290,70,1.13,5523,34456030
000720,현대건설,54600,53100,-1500,-2.75,827314,45147518300
267270,현대건설기계,42700,42300,-400,-0.94,168989,7237768200
000725,현대건설우,158000,156500,-1500,-0.95,1118,178863500
005440,현대그린푸드,14300,14300,0,0.0,120063,1722936150
086280,현대글로비스,129000,125500,-3500,-2.71,53956,6797132000
064350,현대로템,27850,26750,-1100,-3.95,1621370,44481099750
079430,현대리바트,20050,19800,-250,-1.25,36833,731162250
012330,현대모비스,190000,185000,-5000,-2.63,215479,40204711500
010620,현대미포조선,60000,58800,-1200,-2.0,179047,10614733100
069960,현대백화점,90400,87700,-2700,-2.99,77817,6927388800
004560,현대비앤지스틸,8900,8920,20,0.22,13600,121635910
004565,현대비앤지스틸우,56700,56100,-600,-1.06,1448,81403400
011760,현대상사,28100,27000,-1100,-3.91,191382,5289109750
011200,현대상선,3695,3750,55,1.49,2548278,9708465270
004310,현대약품,4715,4755,40,0.85,296177,1405815860
126560,현대에이치씨엔,4060,4120,60,1.48,112877,461150980
017800,현대엘리베이,107000,103500,-3500,-3.27,972650,103720386000
011210,현대위아,36250,35600,-650,-1.79,72079,2576547800
267260,현대일렉트릭,22200,22000,-200,-0.9,61738,1370899100
004020,현대제철,45250,44000,-1250,-2.76,265680,11833743950
009540,현대중공업,128500,125500,-3000,-2.33,143838,18273395000
267250,현대중공업지주,346000,337500,-8500,-2.46,39972,13622217000
005380,현대차,118500,114000,-4500,-3.8,565493,65112405500
005387,현대차2우B,77000,73600,-3400,-4.42,71224,5330614296
005389,현대차3우B,66300,64600,-1700,-2.56,3965,258709800
005385,현대차우,70200,68600,-1600,-2.28,33150,2290293900
001500,현대차증권,8630,8400,-230,-2.67,78024,666506720
227840,현대코퍼레이션홀딩스,16000,15700,-300,-1.88,54117,858997550
001450,현대해상,41050,39850,-1200,-2.92,215118,8592589750
057050,현대홈쇼핑,99000,99900,900,0.91,25148,2529329400
093240,형지엘리트,1865,1950,85,4.56,129106,248617480
003010,혜인,5310,5130,-180,-3.39,131070,695510000
111110,호전실업,9250,9220,-30,-0.32,3747,34360580
008770,호텔신라,76500,73100,-3400,-4.44,666916,49731128600
008775,호텔신라우,46100,44800,-1300,-2.82,2227,101400950
002460,화성산업,14500,14150,-350,-2.41,19004,272074050
013520,화승알앤에이,2060,2040,-20,-0.97,101990,209082460
241590,화승엔터프라이즈,10650,9720,-930,-8.73,579793,5773042860
006060,화승인더,6840,6090,-750,-10.96,715983,4503766750
010690,화신,2360,2265,-95,-4.03,21932,50583875
133820,화인베스틸,2655,2650,-5,-0.19,159799,422546200
010660,화천기계,18200,18050,-150,-0.82,357,6445200
000850,화천기공,41100,40800,-300,-0.73,153,6259800
016580,환인제약,19150,18950,-200,-1.04,11481,219066500
032560,황금에스티,7840,7650,-190,-2.42,24273,188200180
004800,효성,50000,47950,-2050,-4.1,358877,17448113650
094280,효성ITX,10400,10200,-200,-1.92,5794,59431750
298040,효성중공업,41350,42000,650,1.57,36232,1514227700
298050,효성첨단소재,103000,102500,-500,-0.49,6240,641652500
298020,효성티앤씨,185000,185000,0,0.0,7367,1363184000
298000,효성화학,142000,144500,2500,1.76,22650,3297526500
093370,후성,7420,7090,-330,-4.45,803435,5798315230
081660,휠라코리아,53500,51100,-2400,-4.49,317655,16536380200
005870,휴니드,8000,7810,-190,-2.38,13666,108628720
079980,휴비스,7510,7440,-70,-0.93,32851,245691190
005010,휴스틸,11550,11500,-50,-0.43,21867,252968800
069260,휴켐스,24100,23400,-700,-2.9,117768,2759841100
000540,흥국화재,4705,4795,90,1.91,45129,217074825
000547,흥국화재2우B,24700,24250,-450,-1.82,931,22907300
000545,흥국화재우,5250,5010,-240,-4.57,16506,84393030
003280,흥아해운,402,404,2,0.5,344304,139958847
