티커,종목명,시가,종가,변동폭,등락률,거래량,거래대금
095570,AJ네트웍스,4510,4450,-60,-1.33,33570,148870225
068400,AJ렌터카,12450,12300,-150,-1.2,98539,1213479100
006840,AK홀딩스,33150,32600,-550,-1.66,19792,650449450
027410,BGF,6030,6000,-30,-0.5,71388,428325820
282330,BGF리테일,197000,190500,-6500,-3.3,18978,3641683500
138930,BNK금융지주,7210,7060,-150,-2.08,619148,4388467445
001460,BYC,240000,240000,0,0.0,521,125008000
001465,BYC우,131500,129500,-2000,-1.52,292,37557000
001040,CJ,84000,81600,-2400,-2.86,154784,12619074400
079160,CJCGV,34050,33150,-900,-2.64,67750,2266986250
00104K,CJ4우전환,61300,59300,-2000,-3.26,15671,927203000
000120,CJ대한통운,142500,141000,-1500,-1.05,52832,7468221500
011150,CJ씨푸드,3075,3050,-25,-0.81,1002100,3091588860
011155,CJ씨푸드1우,35150,35200,50,0.14,12096,422801400
001045,CJ우,44050,42650,-1400,-3.18,3983,171509150
097950,CJ제일제당,231500,221000,-10500,-4.54,90728,20267922000
097955,CJ제일제당우,105500,102000,-3500,-3.32,3348,343595500
037560,CJ헬로,6190,6100,-90,-1.45,281907,1743734800
000590,CS홀딩스,58100,58000,-100,-0.17,106,6121600
012030,DB,772,768,-4,-0.52,192086,147842491
016610,DB금융투자,4575,4440,-135,-2.95,68851,306664040
005830,DB손해보험,52000,50500,-1500,-2.88,118758,6050759400
000990,DB하이텍,16050,15850,-200,-1.25,199958,3179651650
000995,DB하이텍1우,38700,38350,-350,-0.9,664,25489500
139130,DGB금융지주,7470,7340,-130,-1.74,501503,3680651000
001530,DI동일,81700,79700,-2000,-2.45,2936,235002200
004840,DRB동일,5630,5570,-60,-1.07,4720,26284040
155660,DSR,4275,4180,-95,-2.22,51134,214305155
069730,DSR제강,4570,4435,-135,-2.95,60055,268947440
017940,E1,50000,49500,-500,-1.0,4518,223635100
007700,FF,96000,98300,2300,2.4,94832,9353116700
114090,GKL,21450,21200,-250,-1.17,98698,2095499950
078930,GS,50700,49650,-1050,-2.07,182652,9097839900
006360,GS건설,32750,32000,-750,-2.29,284647,9189493850
001250,GS글로벌,2400,2355,-45,-1.88,166849,395469590
007070,GS리테일,41300,41550,250,0.61,101992,4227359500
078935,GS우,36900,36700,-200,-0.54,1076,39447300
012630,HDC,13000,12750,-250,-1.92,253595,3242037600
039570,HDC아이콘트롤스,9620,9630,10,0.1,7012,67086520
089470,HDC현대EP,4630,4555,-75,-1.62,67090,303735415
294870,HDC현대산업개발,32900,32200,-700,-2.13,164195,5311058950
082740,HSD엔진,3490,3425,-65,-1.86,54494,186237155
003560,IHQ,1915,1850,-65,-3.39,920232,1712509985
175330,JB금융지주,5630,5530,-100,-1.78,171466,950787770
234080,JW생명과학,21900,21700,-200,-0.91,22037,477457100
001060,JW중외제약,29250,28050,-1200,-4.1,66115,1874381900
001067,JW중외제약2우B,40400,39200,-1200,-2.97,342,13332450
001065,JW중외제약우,25900,25500,-400,-1.54,458,11454800
096760,JW홀딩스,6100,5970,-130,-2.13,53218,321125290
105560,KB금융,42500,41850,-650,-1.53,904767,37932541250
002380,KCC,220500,214000,-6500,-2.95,33169,7126339000
009070,KCTC,3135,3120,-15,-0.48,41185,128715975
009440,KC그린홀딩스,4425,4325,-100,-2.26,35103,151500670
119650,KC코트렐,6720,6730,10,0.15,168722,1118438440
092220,KEC,1070,1065,-5,-0.47,468736,499509605
001390,KG케미칼,11500,11150,-350,-3.04,21753,245214750
001940,KISCO홀딩스,12650,12550,-100,-0.79,10866,136189100
025000,KPX케미칼,55000,54000,-1000,-1.82,2154,116658500
092230,KPX홀딩스,54600,54500,-100,-0.18,51,2781000
000040,KR모터스,505,507,2,0.4,260929,132285721
044450,KSS해운,7100,7060,-40,-0.56,13080,92155580
030200,KT,27450,27100,-350,-1.28,439913,12003936450
033780,KTG,106000,103500,-2500,-2.36,305396,31885085000
030210,KTB투자증권,2505,2465,-40,-1.6,49194,120830215
058850,KTcs,2015,1990,-25,-1.24,43850,87542835
058860,KTis,2275,2270,-5,-0.22,44816,101484805
093050,LF,20550,20200,-350,-1.7,46551,942795200
003550,LG,69500,68100,-1400,-2.01,190049,13023198000
034220,LG디스플레이,14050,13550,-500,-3.56,1748240,23909758350
001120,LG상사,17050,16700,-350,-2.05,127039,2127973850
051900,LG생활건강,1307000,1290000,-17000,-1.3,15828,20531883000
051905,LG생활건강우,766000,750000,-16000,-2.09,1531,1154576000
003555,LG우,46650,46000,-650,-1.39,2698,124072400
032640,LG유플러스,13650,13500,-150,-1.1,1448992,19805737500
011070,LG이노텍,119500,116000,-3500,-2.93,129338,15135305000
066570,LG전자,66500,66300,-200,-0.3,394430,26246704200
066575,LG전자우,27350,27200,-150,-0.55,10771,292395900
108670,LG하우시스,61500,59700,-1800,-2.93,14426,869265500
108675,LG하우시스우,29300,28750,-550,-1.88,614,17640650
051910,LG화학,304500,296500,-8000,-2.63,234302,69955158000
051915,LG화학우,170500,168000,-2500,-1.47,18386,3094753500
079550,LIG넥스원,35200,34700,-500,-1.42,43584,1522319550
006260,LS,47550,46200,-1350,-2.84,70899,3298123200
000680,LS네트웍스,2460,2445,-15,-0.61,13072,31868275
010120,LS산전,48500,48350,-150,-0.31,32467,1570693650
229640,LS전선아시아,7980,7910,-70,-0.88,41727,329475810
023150,MH에탄올,5940,5940,0,0.0,2267,13378440
035420,NAVER,160000,157000,-3000,-1.88,203708,32232183000
181710,NHN,63300,62900,-400,-0.63,38032,2390895300
005940,NH투자증권,12600,12450,-150,-1.19,1071730,13256247950
005945,NH투자증권우,9000,8960,-40,-0.44,47277,423686950
034310,NICE,19050,19050,0,0.0,22710,430404850
008260,NI스틸,2335,2425,90,3.85,49427,116720610
004250,NPC,4025,4010,-15,-0.37,4887,19622870
004255,NPC우,2310,2295,-15,-0.65,1949,4463480
010060,OCI,69700,68300,-1400,-2.01,79414,5440615800
005490,POSCO,226500,220000,-6500,-2.87,201839,44642673000
100840,STC,17800,17350,-450,-2.53,5129,89715550
064960,ST모티브,52500,46450,-6050,-11.52,901078,43911114900
003570,ST중공업,6190,6120,-70,-1.13,15501,93985560
036530,ST홀딩스,14950,14850,-100,-0.67,3321,49239800
010950,S-Oil,98900,97800,-1100,-1.11,169742,16722308900
010955,S-Oil우,59900,59800,-100,-0.17,5612,335510700
034120,SBS,18600,18650,50,0.27,72218,1354225250
101060,SBS미디어홀딩스,2145,2150,5,0.23,18694,40136150
004060,SG세계물산,1080,1075,-5,-0.46,2279211,2503124150
001380,SG충방,2015,2005,-10,-0.5,71093,142314310
002360,SH에너지화학,1060,1060,0,0.0,555382,588218470
009160,SIMPAC,3670,3710,40,1.09,473683,1761985095
123700,SJM,3095,3095,0,0.0,1224,3759210
025530,SJM홀딩스,3100,3105,5,0.16,1242,3841835
034730,SK,224000,227000,3000,1.34,394423,90773649000
011790,SKC,39900,39700,-200,-0.5,203641,8192067050
018670,SK가스,75200,74300,-900,-1.2,6950,517613100
001740,SK네트웍스,5530,5400,-130,-2.35,588892,3208527340
001745,SK네트웍스우,89000,87100,-1900,-2.13,2071,181526100
006120,SK디스커버리,22400,21900,-500,-2.23,54923,1208655416
006125,SK디스커버리우,14750,14550,-200,-1.36,3057,44589500
210980,SK디앤디,28100,28400,300,1.07,6471,183352000
03473K,SK우,147000,145000,-2000,-1.36,2124,309728500
096770,SK이노베이션,165500,162500,-3000,-1.81,126155,20602913000
096775,SK이노베이션우,117500,116500,-1000,-0.85,1782,207942500
001510,SK증권,624,616,-8,-1.28,769544,475148033
001515,SK증권우,2795,2760,-35,-1.25,2199,6107930
285130,SK케미칼,46550,45350,-1200,-2.58,19264,878365350
28513K,SK케미칼우,20550,20000,-550,-2.68,7081,142551500
017670,SK텔레콤,239000,235000,-4000,-1.67,168013,39709647000
000660,SK하이닉스,82000,79500,-2500,-3.05,2188097,175305316400
005610,SPC삼립,97100,96700,-400,-0.41,3150,304924100
011810,STX,8180,8150,-30,-0.37,18275,149161040
077970,STX엔진,7910,7610,-300,-3.79,30322,234145220
071970,STX중공업,2455,2465,10,0.41,134059,326123380
084870,TBH글로벌,3035,3080,45,1.48,75516,230721630
002710,TCC스틸,2840,2880,40,1.41,18152,50845430
024070,WISCOM,2670,2645,-25,-0.94,6115,16099475
037270,YGPLUS,1165,1170,5,0.43,18051,20933490
000500,가온전선,16750,16700,-50,-0.3,3443,57461050
000860,강남제비스코,22500,22400,-100,-0.44,4214,94092150
035250,강원랜드,30100,29700,-400,-1.33,254834,7587652425
011420,갤럭시아에스엠,1900,1920,20,1.05,218655,414568510
002100,경농,15450,15650,200,1.29,255286,4029218950
009450,경동나비엔,40750,40250,-500,-1.23,29338,1186176650
267290,경동도시가스,27250,26750,-500,-1.83,6157,165313000
012320,경동인베스트,33950,34400,450,1.33,436,14925400
000050,경방,9880,9870,-10,-0.1,2599,25688700
214390,경보제약,8320,8300,-20,-0.24,17683,146058420
012610,경인양행,8120,8070,-50,-0.62,481791,3926046930
009140,경인전자,20500,20450,-50,-0.24,1105,22469000
013580,계룡건설,22600,22300,-300,-1.33,4042,90166550
012200,계양전기,2865,2850,-15,-0.52,30213,85588325
012205,계양전기우,7570,7600,30,0.4,11234,85792020
004200,고려개발,9460,9460,0,0.0,6744,63101440
002140,고려산업,3670,3665,-5,-0.14,2485636,9202144790
010130,고려아연,446500,435000,-11500,-2.58,22603,9889723500
002240,고려제강,24000,23300,-700,-2.92,7510,175539800
009290,광동제약,6930,6770,-160,-2.31,56202,380993900
017040,광명전기,2425,2470,45,1.86,1103285,2738624425
017900,광전자,2225,2180,-45,-2.02,90943,200155330
037710,광주신세계,172000,171000,-1000,-0.58,309,52867000
030610,교보증권,9830,9700,-130,-1.32,19554,189259860
007690,국도화학,48200,49100,900,1.87,36228,1768231600
005320,국동,1530,1490,-40,-2.61,820047,1227938655
002720,국제약품,4325,4245,-80,-1.85,86733,367063305
083420,그린케미칼,3440,3430,-10,-0.29,2735,9401225
014530,극동유화,3380,3350,-30,-0.89,96027,322114815
014280,금강공업,4075,4020,-55,-1.35,76524,307297510
014285,금강공업우,9210,9150,-60,-0.65,1508,13722290
008870,금비,64200,63900,-300,-0.47,269,17180900
001570,금양,2180,2140,-40,-1.83,29343,62914090
002990,금호산업,12500,12250,-250,-2.0,115563,1415944650
002995,금호산업우,48600,48500,-100,-0.21,2402,116105800
011780,금호석유,71300,69700,-1600,-2.24,124709,8739841000
011785,금호석유우,29200,28450,-750,-2.57,19072,547424800
214330,금호에이치티,3895,3965,70,1.8,60165,234784090
001210,금호전기,2100,2155,55,2.62,72208,157521300
073240,금호타이어,4320,4185,-135,-3.13,277213,1169968705
092440,기신정기,3580,3540,-40,-1.12,38314,135084085
000270,기아차,45050,44300,-750,-1.66,783799,35082907550
024110,기업은행,13200,12950,-250,-1.89,891769,11575935850
013700,까뮤이앤씨,1230,1235,5,0.41,24439,30127470
004540,깨끗한나라,2350,2305,-45,-1.91,142862,329200785
004545,깨끗한나라우,17950,18050,100,0.56,3538,63356600
074610,나노메딕스,8140,7450,-690,-8.48,3487957,26785172830
001260,남광토건,13400,14050,650,4.85,98530,1391791100
008350,남선알미늄,3360,3365,5,0.15,1751109,5834915150
008355,남선알미우,32750,32900,150,0.46,6888,223899350
004270,남성,3425,3420,-5,-0.15,1765518,6081469725
003920,남양유업,494500,489000,-5500,-1.11,452,221266500
003925,남양유업우,177500,176500,-1000,-0.56,44,7780500
002070,남영비비안,16650,16900,250,1.5,72005,1229177050
025860,남해화학,9120,9130,10,0.11,132482,1218320130
005720,넥센,5880,6000,120,2.04,36103,212583150
005725,넥센우,3645,3630,-15,-0.41,282,1024285
002350,넥센타이어,9150,8920,-230,-2.51,69862,626382880
002355,넥센타이어1우B,3520,3505,-15,-0.43,8761,30781480
003580,넥스트사이언스,4295,4100,-195,-4.54,311204,1275728715
251270,넷마블,96600,92400,-4200,-4.35,249884,23527335200
090350,노루페인트,7630,7550,-80,-1.05,12680,95823560
090355,노루페인트우,11650,11600,-50,-0.43,1416,16468000
000320,노루홀딩스,11800,11700,-100,-0.85,1696,19728000
000325,노루홀딩스우,17600,17450,-150,-0.85,360,6275950
006280,녹십자,114500,112500,-2000,-1.75,13594,1536478500
005250,녹십자홀딩스,20800,20400,-400,-1.92,28881,594805500
005257,녹십자홀딩스2우,16000,16150,150,0.94,548,8858650
004370,농심,251000,246500,-4500,-1.79,9546,2377805000
072710,농심홀딩스,89000,89200,200,0.22,816,72054800
058730,다스코,5910,6000,90,1.52,40712,245479590
023590,다우기술,19900,19400,-500,-2.51,70797,1382023550
019680,대교,6150,6050,-100,-1.63,20702,125704180
019685,대교우B,4215,4210,-5,-0.12,4583,19234250
006370,대구백화점,6120,6000,-120,-1.96,16599,99397920
008060,대덕전자,10900,10650,-250,-2.29,638729,6891861100
00806K,대덕전자1우,6400,6410,10,0.16,5040,32158830
000490,대동공업,7060,6700,-360,-5.1,465821,3218173090
008110,대동전자,3755,3670,-85,-2.26,26545,97479155
005750,대림BCo,3980,3950,-30,-0.75,4992,19771455
000210,대림산업,102500,100000,-2500,-2.44,94779,9505126200
000215,대림산업우,42300,40850,-1450,-3.43,14536,597072600
004440,대림씨엔에스,7570,7400,-170,-2.25,13279,98831480
006570,대림통상,4135,4025,-110,-2.66,1776,7186655
001680,대상,22450,21800,-650,-2.9,67113,1479396650
001685,대상우,13200,12900,-300,-2.27,1355,17550700
084690,대상홀딩스,7100,6930,-170,-2.39,18711,130645540
084695,대상홀딩스우,6670,6640,-30,-0.45,68801,450116350
128820,대성산업,4020,3940,-80,-1.99,35435,140612425
117580,대성에너지,5380,5370,-10,-0.19,3833,20537860
016710,대성홀딩스,7700,7730,30,0.39,3966,30722700
003540,대신증권,13200,12900,-300,-2.27,165663,2148203000
003547,대신증권2우B,8680,8630,-50,-0.58,13490,116480820
003545,대신증권우,9360,9330,-30,-0.32,55131,514621530
009190,대양금속,14000,12450,-1550,-11.07,612577,7741587500
014160,대영포장,1105,1105,0,0.0,475595,526141210
047040,대우건설,4795,4705,-90,-1.88,732773,3466926230
009320,대우부품,2435,2445,10,0.41,21681788,55433294685
042660,대우조선해양,30600,29750,-850,-2.78,120254,3607391450
003090,대웅,15250,14950,-300,-1.97,41605,624268750
069620,대웅제약,157000,156000,-1000,-0.64,40277,6327742500
000430,대원강업,3960,3865,-95,-2.4,19455,75605490
006340,대원전선,1310,1340,30,2.29,564432,758789810
006345,대원전선우,3240,3275,35,1.08,11987,38833740
003220,대원제약,15300,15500,200,1.31,62279,964160150
024890,대원화성,1405,1410,5,0.36,21665,30165660
002880,대유에이텍,970,940,-30,-3.09,230759,216016157
000300,대유플러스,837,842,5,0.6,95405,78622333
012800,대창,1190,1175,-15,-1.26,1446251,1703121600
015230,대창단조,28750,28700,-50,-0.17,655,18723850
001070,대한방직,19300,19300,0,0.0,1057,20317300
006650,대한유화,129000,124500,-4500,-3.49,21228,2668684500
001440,대한전선,588,576,-12,-2.04,2188623,1260307201
084010,대한제강,6180,6220,40,0.65,83543,513700440
001790,대한제당,20100,20100,0,0.0,52726,1063005650
001799,대한제당3우B,38400,39100,700,1.82,39395,1555145550
001795,대한제당우,13350,13300,-50,-0.37,22636,300188350
001130,대한제분,169500,165000,-4500,-2.65,969,160898500
003490,대한항공,23450,22950,-500,-2.13,348555,8056133150
003495,대한항공우,15300,15400,100,0.65,52314,789513200
005880,대한해운,22250,21900,-350,-1.57,58394,1278222150
003830,대한화섬,95400,93700,-1700,-1.78,251,23611200
016090,대현,2400,2380,-20,-0.83,75063,178020875
069460,대호에이엘,4635,4980,345,7.44,701059,3426632365
192080,더블유게임즈,56100,55800,-300,-0.53,26687,1490219300
012510,더존비즈온,65100,65700,600,0.92,26926,1760521600
004830,덕성,3125,3065,-60,-1.92,65089,200324660
004835,덕성우,3830,3865,35,0.91,18942,72149735
024900,덕양산업,1165,1150,-15,-1.29,33862,38981480
145720,덴티움,65500,65200,-300,-0.46,36695,2383153165
002150,도화엔지니어링,11000,10700,-300,-2.73,276646,3030778350
001230,동국제강,6630,6460,-170,-2.56,242204,1570267280
023450,동남합성,24150,24150,0,0.0,13,312750
004140,동방,1755,1760,5,0.28,211272,368854015
007590,동방아그로,6840,6840,0,0.0,6806,46247950
005960,동부건설,8920,8770,-150,-1.68,36270,318094750
005965,동부건설우,19250,19050,-200,-1.04,613,11559050
016380,동부제철,10650,10150,-500,-4.69,26146,270142450
016385,동부제철우,83700,83000,-700,-0.84,995,83604800
083370,동북아12호,5020,5030,10,0.2,9,45270
083380,동북아13호,5000,5090,90,1.8,69,351210
026960,동서,17900,17700,-200,-1.12,35461,629265300
002210,동성제약,17250,16950,-300,-1.74,458700,7802310050
102260,동성코퍼레이션,5550,5510,-40,-0.72,19320,106158980
005190,동성화학,16850,16600,-250,-1.48,1681,27983950
000640,동아쏘시오홀딩스,88500,87900,-600,-0.68,7289,639435200
170900,동아에스티,87000,83300,-3700,-4.25,17480,1478256900
028100,동아지질,23000,22750,-250,-1.09,176836,4066981900
282690,동아타이어,12450,12200,-250,-2.01,762,9339900
001520,동양,1530,1510,-20,-1.31,153224,232459325
001527,동양2우B,9130,9120,-10,-0.11,1020,9329340
001529,동양3우B,27800,27550,-250,-0.9,12,330850
084670,동양고속,27650,27700,50,0.18,570,15736350
030790,동양네트웍스,921,950,29,3.15,15779907,15519450934
002900,동양물산,1000,992,-8,-0.8,604722,602305185
082640,동양생명,3770,3745,-25,-0.66,41278,154924250
001525,동양우,7160,7110,-50,-0.7,994,7072050
008970,동양철관,1265,1275,10,0.79,979795,1267516080
092780,동양피스톤,4765,4730,-35,-0.73,30750,144725175
049770,동원FB,226500,223000,-3500,-1.55,4822,1083906500
018500,동원금속,894,898,4,0.45,65269,58151277
006040,동원산업,215000,218500,3500,1.63,2119,464408500
030720,동원수산,9700,9520,-180,-1.86,434963,4189288280
014820,동원시스템즈,39100,38800,-300,-0.77,15119,590964200
014825,동원시스템즈우,28500,27500,-1000,-3.51,1182,32865650
163560,동일고무벨트,5520,5490,-30,-0.54,2574,14090090
004890,동일산업,56600,56300,-300,-0.53,420,23664800
002690,동일제강,2775,2740,-35,-1.26,7163,19755400
000020,동화약품,8100,7680,-420,-5.19,291165,2279798670
000150,두산,106000,106000,0,0.0,0,0
000157,두산2우B,89100,89100,0,0.0,0,0
011160,두산건설,1300,1290,-10,-0.77,99295,128812600
241560,두산밥캣,34900,34550,-350,-1.0,111726,3872251000
000155,두산우,81000,81000,0,0.0,0,0
042670,두산인프라코어,6410,6210,-200,-3.12,1129688,7067226600
034020,두산중공업,6820,6610,-210,-3.08,1318712,8782640690
016740,두올,3420,3295,-125,-3.65,243414,809470165
192650,드림텍,6570,6490,-80,-1.22,170699,1107233880
024090,디씨엠,12450,12400,-50,-0.4,116,1439400
003160,디아이,3225,3185,-40,-1.24,25544,81475310
092200,디아이씨,2455,2360,-95,-3.87,290161,691565330
013570,디와이,4885,4890,5,0.1,47542,231571795
210540,디와이파워,10050,9870,-180,-1.79,58244,575557710
007340,디티알오토모티브,30500,30050,-450,-1.48,3478,104932150
026890,디피씨,5090,5050,-40,-0.79,404656,2055429620
115390,락앤락,12700,12650,-50,-0.39,60760,770616750
032350,롯데관광개발,11150,11000,-150,-1.35,255424,2785880600
000400,롯데손해보험,2175,2150,-25,-1.15,362278,776107840
023530,롯데쇼핑,129500,127000,-2500,-1.93,43808,5631825000
004000,롯데정밀화학,46050,44500,-1550,-3.37,63603,2855588200
286940,롯데정보통신,46000,45600,-400,-0.87,45128,2043163050
280360,롯데제과,146500,144000,-2500,-1.71,1999,288598500
004990,롯데지주,36850,35750,-1100,-2.99,75230,2716962000
00499K,롯데지주우,50300,49850,-450,-0.89,730,36225100
005300,롯데칠성,137500,135500,-2000,-1.45,7074,963864000
005305,롯데칠성우,72400,72100,-300,-0.41,194,13912600
011170,롯데케미칼,239000,232000,-7000,-2.93,76239,17784582000
002270,롯데푸드,451500,442000,-9500,-2.1,970,429707000
071840,롯데하이마트,30300,29750,-550,-1.82,74790,2243361300
027740,마니커,1210,1235,25,2.07,64376585,81032395485
204320,만도,35050,33650,-1400,-3.99,569030,19271514550
001080,만호제강,17250,17200,-50,-0.29,419,7157150
088980,맥쿼리인프라,11700,11750,50,0.43,448950,5260240400
094800,맵스리얼티1,5020,5000,-20,-0.4,132747,666626750
015540,메디파트너생명공학,6650,6680,30,0.45,21751,143789080
138040,메리츠금융지주,12800,12650,-150,-1.17,66269,839518350
008560,메리츠종금증권,4990,4900,-90,-1.8,1226340,6000206160
000060,메리츠화재,19050,18450,-600,-3.15,294811,5468139150
090370,메타랩스,1425,1400,-25,-1.75,221312,308762845
017180,명문제약,4245,4150,-95,-2.24,112016,465715320
012690,모나리자,3890,3905,15,0.39,563737,2197888730
005360,모나미,4525,4390,-135,-2.98,1867283,8536383565
204210,모두투어리츠,2910,2900,-10,-0.34,4167,11933665
009680,모토닉,8800,8600,-200,-2.27,34728,300507720
009580,무림PP,4480,4480,0,0.0,139207,615565170
009200,무림페이퍼,2655,2620,-35,-1.32,30856,81244610
033920,무학,9400,9300,-100,-1.06,45412,424791650
008420,문배철강,2765,2780,15,0.54,111638,310638785
025560,미래산업,172,172,0,0.0,14777044,2547692599
007120,미래아이앤지,290,290,0,0.0,73445,21091603
006800,미래에셋대우,7520,7360,-160,-2.13,1864855,13679078810
00680K,미래에셋대우2우B,4240,4210,-30,-0.71,237229,1000626315
006805,미래에셋대우우,4700,4635,-65,-1.38,15104,70030685
085620,미래에셋생명,4235,4180,-55,-1.3,28469,120031110
002840,미원상사,57000,55800,-1200,-2.11,1829,102937600
268280,미원에스씨,70100,70000,-100,-0.14,368,25824800
107590,미원홀딩스,41100,40950,-150,-0.36,43,1764800
134380,미원화학,41300,41100,-200,-0.48,137,5652100
003650,미창석유,77500,77400,-100,-0.13,368,28361100
155900,바다로19호,2940,2945,5,0.17,6765,19889130
003610,방림,2010,2000,-10,-0.5,18402,36754280
001340,백광산업,2635,2585,-50,-1.9,306509,796298060
014580,백광소재,5170,5450,280,5.42,6412116,34432855300
035150,백산,6280,6370,90,1.43,277642,1766395240
002410,범양건영,1655,1645,-10,-0.6,58760,97389280
096300,베트남개발1,439,439,0,0.0,117892,51460985
007210,벽산,1905,1850,-55,-2.89,854022,1589128805
002760,보락,2095,2065,-30,-1.43,1070737,2191937755
003850,보령제약,12350,12350,0,0.0,141058,1741768200
000890,보해양조,1195,1200,5,0.42,3009708,3572585115
003000,부광약품,14200,13800,-400,-2.82,101662,1416442050
001270,부국증권,20400,20300,-100,-0.49,1546,31256300
001275,부국증권우,19000,18900,-100,-0.53,337,6369250
026940,부국철강,3800,3810,10,0.26,36204,136592545
015350,부산가스,35600,35450,-150,-0.42,6542,232660600
011390,부산산업,171500,184500,13000,7.58,266744,49813902500
005030,부산주공,503,497,-6,-1.19,105840,52540265
100220,비상교육,7680,7670,-10,-0.13,12076,92711810
101140,비티원,2795,2780,-15,-0.54,198310,545955890
005180,빙그레,58200,57200,-1000,-1.72,10529,604096600
003960,사조대림,17650,17500,-150,-0.85,20427,354580550
008040,사조동아원,1105,1105,0,0.0,672440,745680535
007160,사조산업,42300,42050,-250,-0.59,4750,200723600
014710,사조씨푸드,5650,5620,-30,-0.53,75558,421935360
006090,사조오양,9110,9190,80,0.88,455096,4213394400
005090,삼광글라스,32100,32000,-100,-0.31,2350,74996800
001470,삼부토건,717,699,-18,-2.51,1039239,725932786
006400,삼성SDI,225500,220500,-5000,-2.22,187488,41687265000
006405,삼성SDI우,88200,86000,-2200,-2.49,4125,358470700
006660,삼성공조,8710,8700,-10,-0.11,5904,51350370
028260,삼성물산,90100,87900,-2200,-2.44,202055,17916130600
02826K,삼성물산우B,69000,68700,-300,-0.43,399,27444700
207940,삼성바이오로직스,323000,318000,-5000,-1.55,82123,26220975000
032830,삼성생명,71900,70100,-1800,-2.5,155561,10980937500
018260,삼성에스디에스,192500,189500,-3000,-1.56,70729,13472501500
028050,삼성엔지니어링,17100,16850,-250,-1.46,546656,9244004750
009150,삼성전기,106000,105000,-1000,-0.94,815177,85783969000
009155,삼성전기우,43150,42650,-500,-1.16,11643,499745850
005930,삼성전자,48850,47600,-1250,-2.56,8382463,401924907550
005935,삼성전자우,39500,38900,-600,-1.52,1349938,52564311175
001360,삼성제약,2805,2740,-65,-2.32,551464,1513261435
010140,삼성중공업,7910,7770,-140,-1.77,1337019,10460291110
010145,삼성중공우,60100,60300,200,0.33,1106,66537300
016360,삼성증권,35400,34650,-750,-2.12,291313,10083462900
068290,삼성출판사,12350,12100,-250,-2.02,69746,849789850
029780,삼성카드,34950,34000,-950,-2.72,94576,3218108150
000810,삼성화재,227000,221000,-6000,-2.64,103322,22962443500
000815,삼성화재우,163500,162000,-1500,-0.92,5658,915604000
006110,삼아알미늄,4455,4390,-65,-1.46,27884,123297655
145990,삼양사,50500,49400,-1100,-2.18,3925,194846750
145995,삼양사우,34200,34400,200,0.58,212,7289100
003230,삼양식품,78600,81200,2600,3.31,110242,9014594600
002170,삼양통상,60000,59300,-700,-1.17,5169,306960100
272550,삼양패키징,16400,16450,50,0.3,7559,123518200
000070,삼양홀딩스,62400,60300,-2100,-3.37,8170,496780500
000075,삼양홀딩스우,44600,44400,-200,-0.45,28,1242700
002810,삼영무역,16300,16250,-50,-0.31,8718,141734500
005680,삼영전자,9270,9110,-160,-1.73,40326,369091740
003720,삼영화학,1100,1090,-10,-0.91,18794,20468400
023000,삼원강재,2860,2855,-5,-0.17,3872,11046415
004380,삼익THK,12400,12350,-50,-0.4,6934,85271750
002450,삼익악기,1835,1845,10,0.54,247360,455641270
000520,삼일제약,22600,21500,-1100,-4.87,113983,2467019250
009770,삼정펄프,34600,34500,-100,-0.29,166,5704700
005500,삼진제약,25900,25550,-350,-1.35,18905,485579550
004690,삼천리,84100,83600,-500,-0.59,5307,443777700
001880,삼호,20300,19700,-600,-2.96,7346,145237450
010960,삼호개발,4490,4490,0,0.0,51597,231305725
004450,삼화왕관,45950,45900,-50,-0.11,98,4476300
009470,삼화전기,15750,15250,-500,-3.17,47450,726645850
011230,삼화전자,2805,2800,-5,-0.18,29621,81793460
001820,삼화콘덴서,50200,49500,-700,-1.39,203793,10068909750
000390,삼화페인트,5520,5450,-70,-1.27,13888,75579300
001290,상상인증권,1850,1820,-30,-1.62,114468,207203175
041650,상신브레이크,4060,4065,5,0.12,47942,193920250
075180,새론오토모티브,4685,4630,-55,-1.17,4371,20186600
007540,샘표,41850,41950,100,0.24,28725,1205668900
248170,샘표식품,31450,30400,-1050,-3.34,15709,485598750
007860,서연,3745,3695,-50,-1.34,21235,78545515
200880,서연이화,6590,6370,-220,-3.34,51537,330066060
017390,서울가스,68400,68500,100,0.15,118,8110700
004410,서울식품,185,184,-1,-0.54,1204318,220430883
004415,서울식품우,3720,3730,10,0.27,7520,27809870
021050,서원,1125,1115,-10,-0.89,163270,182212600
008490,서흥,32900,32700,-200,-0.61,7627,248588100
007610,선도전기,3730,3840,110,2.95,252762,972251440
136490,선진,10500,10500,0,0.0,143220,1510851850
002820,선창산업,4870,4945,75,1.54,4075,19444175
014910,성문전자,2300,2340,40,1.74,194486,450081940
014915,성문전자우,12300,12450,150,1.22,25880,314523350
003080,성보화학,4890,4895,5,0.1,617,3016760
004980,성신양회,9100,9240,140,1.54,265766,2476373400
004985,성신양회우,12400,12700,300,2.42,32588,419184800
011300,성안,464,458,-6,-1.29,95229,43135826
000180,성창기업지주,1800,1800,0,0.0,73473,131285490
002420,세기상사,58300,57700,-600,-1.03,1250,71279600
004360,세방,12050,11850,-200,-1.66,16362,192757550
004365,세방우,6740,6740,0,0.0,16,106850
004490,세방전지,39750,38600,-1150,-2.89,10564,409365100
001430,세아베스틸,16450,16200,-250,-1.52,24581,397715300
306200,세아제강,62200,62800,600,0.96,4940,306836600
003030,세아제강지주,50900,50900,0,0.0,1490,75563400
019440,세아특수강,13500,13550,50,0.37,3629,49030850
058650,세아홀딩스,82500,82000,-500,-0.61,202,16472100
013000,세우글로벌,1965,2010,45,2.29,842867,1667086335
091090,세원셀론텍,3010,2950,-60,-1.99,119781,355020320
021820,세원정공,8090,8090,0,0.0,0,0
067830,세이브존IC,3375,3390,15,0.44,16569,55468225
033530,세종공업,4555,4555,0,0.0,55681,250490210
075580,세진중공업,5480,5350,-130,-2.37,79011,424745590
027970,세하,2720,2545,-175,-6.43,309098,820389145
145210,세화아이엠씨,2990,2990,0,0.0,0,0
068270,셀트리온,173500,172500,-1000,-0.58,614668,106760953500
004430,송원산업,18950,18650,-300,-1.58,102733,1917854250
017550,수산중공업,1555,1550,-5,-0.32,500143,780809355
002200,수출포장,18700,18550,-150,-0.8,6879,128065400
053210,스카이라이프,9100,9020,-80,-0.88,18791,169905230
134790,시디즈,40500,40400,-100,-0.25,1215,49572700
016590,신대양제지,66500,65100,-1400,-2.11,6982,457520600
029530,신도리코,39750,39100,-650,-1.64,8370,328503450
004970,신라교역,13150,13100,-50,-0.38,20867,270978200
011930,신성이엔지,923,925,2,0.22,254414,235417688
005390,신성통상,1615,1605,-10,-0.62,3150761,5070403195
004170,신세계,257000,250000,-7000,-2.72,54433,13754141500
035510,신세계IC,117000,113500,-3500,-2.99,6722,772570000
034300,신세계건설,25450,24900,-550,-2.16,3704,93265500
031430,신세계인터내셔날,196000,194500,-1500,-0.77,31364,6148689500
031440,신세계푸드,76700,76100,-600,-0.78,1992,151170900
006880,신송홀딩스,4525,4325,-200,-4.42,177462,778330045
005800,신영와코루,109500,107500,-2000,-1.83,37,3978500
001720,신영증권,56200,55400,-800,-1.42,3284,182443300
001725,신영증권우,52900,52500,-400,-0.76,351,18484200
009270,신원,2415,2510,95,3.93,6511939,16383164520
009275,신원우,54300,55700,1400,2.58,4975,276910500
002700,신일산업,1610,1595,-15,-0.93,1663013,2654771880
019170,신풍제약,6410,6210,-200,-3.12,279122,1746346760
019175,신풍제약우,5660,5580,-80,-1.41,7017,38718300
002870,신풍제지,1345,1340,-5,-0.37,42323,56709930
005450,신한,4945,4945,0,0.0,0,0
293940,신한알파리츠,7990,8020,30,0.38,110639,885533180
055550,신한지주,42350,41650,-700,-1.65,708320,29474414800
001770,신화실업,23300,23050,-250,-1.07,6416,148578350
004080,신흥,9400,9400,0,0.0,2693,25204570
102280,쌍방울,1000,1010,10,1.0,968584,974235548
003410,쌍용양회,6120,6030,-90,-1.47,537954,3260215350
003415,쌍용양회우,9670,10200,530,5.48,48260,483302650
003620,쌍용차,2915,2830,-85,-2.92,228685,648984810
004770,써니전자,4085,4365,280,6.85,14848561,62994833805
004920,씨아이테크,458,458,0,0.0,279468,126669305
112610,씨에스윈드,32800,32000,-800,-2.44,29396,951638200
008700,아남전자,2365,2320,-45,-1.9,303302,705149320
002790,아모레G,66700,66100,-600,-0.9,56807,3781869800
002795,아모레G우,25450,25350,-100,-0.39,794,20160050
090430,아모레퍼시픽,143500,144000,500,0.35,283990,40776710500
090435,아모레퍼시픽우,74000,73200,-800,-1.08,7347,540353300
002030,아세아,114500,112500,-2000,-1.75,410,46350000
183190,아세아시멘트,93900,94100,200,0.21,2450,230940400
002310,아세아제지,30300,30000,-300,-0.99,15112,453531150
267850,아시아나IDT,16650,16400,-250,-1.5,46963,769016300
020560,아시아나항공,5100,5080,-20,-0.39,676860,3418393510
122900,아이마켓코리아,10550,10650,100,0.95,74974,791576950
010780,아이에스동서,31000,30500,-500,-1.61,34075,1043693450
033660,아주캐피탈,11100,11000,-100,-0.9,28605,314416700
001780,알루코,2360,2340,-20,-0.85,96444,225399330
018250,애경산업,30650,29950,-700,-2.28,60258,1814464950
161000,애경유화,7760,7700,-60,-0.77,54843,421950800
011090,에넥스,1080,1070,-10,-0.93,59735,63581680
005850,에스엘,23350,22550,-800,-3.43,45163,1027040050
012750,에스원,98700,96700,-2000,-2.03,40477,3933395000
023960,에쓰씨엔지니어링,1530,1500,-30,-1.96,55368,83527090
298690,에어부산,6150,6110,-40,-0.65,290778,1770403500
140910,에이리츠,6520,6540,20,0.31,5385,35200430
078520,에이블씨엔씨,11150,10800,-350,-3.14,41574,452827750
015260,에이엔피,352,346,-6,-1.7,283874,98113527
007460,에이프로젠KIC,1935,1900,-35,-1.81,1858071,3579438285
003060,에이프로젠제약,724,710,-14,-1.93,740916,529543244
036570,엔씨소프트,526000,510000,-16000,-3.04,68237,35061338000
138250,엔에스쇼핑,9800,9710,-90,-0.92,14306,138531670
085310,엔케이,1225,1225,0,0.0,122343,148905845
009810,엔케이물산,744,807,63,8.47,5115237,4090883709
900140,엘브이엠씨홀딩스,3375,3515,140,4.15,457610,1607847275
014440,영보화학,3410,3370,-40,-1.17,5383,18178435
111770,영원무역,36100,35400,-700,-1.94,78475,2781352450
009970,영원무역홀딩스,47900,47800,-100,-0.21,6489,311191837
003520,영진약품,4815,4720,-95,-1.97,472470,2224306840
000670,영풍,604000,581000,-23000,-3.81,1054,620968000
006740,영풍제지,3040,3015,-25,-0.82,20209,60699915
012280,영화금속,1445,1405,-40,-2.77,282969,399815400
012160,영흥철강,1120,1120,0,0.0,167172,187894135
015360,예스코홀딩스,38200,38300,100,0.26,284,10867350
007310,오뚜기,581000,569000,-12000,-2.07,2472,1417156000
079440,오렌지라이프,27250,27200,-50,-0.18,49983,1352327550
002630,오리엔트바이오,424,419,-5,-1.18,873202,367666307
271560,오리온,98100,97700,-400,-0.41,68549,6700808700
001800,오리온홀딩스,16100,15650,-450,-2.8,46017,727010950
070960,용평리조트,7490,7620,130,1.74,745564,5739265170
316140,우리금융지주,12300,11900,-400,-3.25,1619725,19397534800
004720,우리들제약,6270,6180,-90,-1.44,32213,199609410
118000,우리들휴브레인,2460,2550,90,3.66,257705,657456775
010050,우리종금,688,681,-7,-1.02,635721,433581610
006980,우성사료,3535,3450,-85,-2.4,2621108,9275208145
017370,우신시스템,4705,4725,20,0.43,3678,17290005
105840,우진,5080,5050,-30,-0.59,187084,945495360
010400,우진아이엔에스,8390,8250,-140,-1.67,28060,232027750
049800,우진플라임,3935,3860,-75,-1.91,6889,26432100
016880,웅진,1290,1275,-15,-1.16,111439,142256160
095720,웅진씽크빅,2440,2440,0,0.0,375847,912210745
103130,웅진에너지,914,914,0,0.0,0,0
021240,웅진코웨이,86100,86200,100,0.12,151272,13054051200
005820,원림,17650,17900,250,1.42,1140,20091450
010600,웰바이오텍,2480,2525,45,1.81,349151,876206795
008600,윌비스,1110,1115,5,0.45,72591,80468275
033270,유나이티드제약,19700,19250,-450,-2.28,14773,286918850
014830,유니드,46950,46100,-850,-1.81,6226,287542950
000910,유니온,4630,4775,145,3.13,343374,1627799610
047400,유니온머티리얼,2585,2590,5,0.19,597131,1555033500
011330,유니켐,1820,1800,-20,-1.1,249669,448927940
077500,유니퀘스트,6860,6860,0,0.0,206907,1424873480
002920,유성기업,2770,2740,-30,-1.08,3471,9524095
000700,유수홀딩스,7330,7320,-10,-0.14,11507,84374280
003470,유안타증권,2695,2650,-45,-1.67,166855,440035675
003475,유안타증권우,1995,1930,-65,-3.26,7986,15539350
011690,유양디앤유,6320,6060,-260,-4.11,240043,1469650590
072130,유엔젤,3520,3415,-105,-2.98,31766,109535120
000220,유유제약,10700,10750,50,0.47,16859,180489250
000225,유유제약1우,6830,6750,-80,-1.17,1953,13303450
000227,유유제약2우B,18850,18850,0,0.0,42,789100
001200,유진투자증권,2165,2125,-40,-1.85,145525,308429895
000100,유한양행,229500,222500,-7000,-3.05,35657,8018490000
000105,유한양행우,203500,204500,1000,0.49,61,12415000
003460,유화증권,12300,12150,-150,-1.22,5104,61962200
003465,유화증권우,13200,13200,0,0.0,506,6628850
008730,율촌화학,14100,13900,-200,-1.42,94283,1319002050
008250,이건산업,8500,8610,110,1.29,68641,596134100
025820,이구산업,1680,1665,-15,-0.89,87975,146661030
214320,이노션,66100,65200,-900,-1.36,28150,1837454700
088260,이리츠코크렙,6620,6690,70,1.06,116268,779980390
139480,이마트,114000,112000,-2000,-1.75,156567,17665065000
007660,이수페타시스,4315,4200,-115,-2.67,574159,2417530785
005950,이수화학,11200,11200,0,0.0,121147,1360940300
015020,이스타코,608,608,0,0.0,50454,30553256
093230,이아이디,280,275,-5,-1.79,18074125,4995701601
102460,이연제약,13100,12950,-150,-1.15,14622,188189600
084680,이월드,3155,3155,0,0.0,415700,1307351980
000760,이화산업,15400,15500,100,0.65,42,649450
014990,인디에프,3355,3595,240,7.15,9510303,34497205975
006490,인스코비,3040,2930,-110,-3.62,828910,2439020245
023800,인지컨트롤스,5060,5180,120,2.37,55654,287200660
034590,인천도시가스,29200,29150,-50,-0.17,418,12197850
129260,인터지스,2125,2085,-40,-1.88,25082,52136725
023810,인팩,3830,3755,-75,-1.96,4299,16251035
249420,일동제약,15700,15650,-50,-0.32,20673,323702250
000230,일동홀딩스,10900,10800,-100,-0.92,5499,59179050
013360,일성건설,1420,1470,50,3.52,815879,1190624800
003120,일성신약,83600,83600,0,0.0,146,12178500
003200,일신방직,77800,76400,-1400,-1.8,2916,222419200
007110,일신석재,3620,3710,90,2.49,7192556,27084227020
007570,일양약품,20750,20200,-550,-2.65,18140,370124200
007575,일양약품우,16550,16350,-200,-1.21,5008,80653900
008500,일정실업,18900,18700,-200,-1.06,965,18248250
081000,일진다이아,31650,31300,-350,-1.11,130284,4120795600
020760,일진디스플,3700,3575,-125,-3.38,102086,368668840
020150,일진머티리얼즈,37800,37050,-750,-1.98,245215,9141367150
103590,일진전기,3160,3160,0,0.0,10775,33868935
015860,일진홀딩스,4935,5040,105,2.13,214431,1068814395
226320,잇츠한불,18750,18250,-500,-2.67,10499,193251650
033240,자화전자,10450,10400,-50,-0.48,92997,980998700
000950,전방,16450,16900,450,2.74,649,10741450
194370,제이에스코퍼레이션,14700,14700,0,0.0,4661,67607500
025620,제이준코스메틱,4130,4010,-120,-2.91,106672,430772580
030000,제일기획,24850,24700,-150,-0.6,203344,5040880100
271980,제일약품,31750,31500,-250,-0.79,9607,300964350
001560,제일연마,6330,6390,60,0.95,7549,47239950
002620,제일파마홀딩스,15350,15450,100,0.65,4971,76476950
006220,제주은행,4210,4215,5,0.12,19520,82172900
089590,제주항공,24700,24000,-700,-2.83,71300,1721274650
004910,조광페인트,6310,6190,-120,-1.9,20975,129746540
004700,조광피혁,37050,37050,0,0.0,4068,148327650
001550,조비,20000,20550,550,2.75,53852,1115177450
000480,조선내화,87100,87300,200,0.23,954,82897200
120030,조선선재,83200,83100,-100,-0.12,1126,93468100
018470,조일알미늄,749,725,-24,-3.2,83662,61185698
002600,조흥,153000,152000,-1000,-0.65,6,912000
185750,종근당,84800,83100,-1700,-2.0,10745,904833600
063160,종근당바이오,28900,28700,-200,-0.69,27075,775455750
001630,종근당홀딩스,94600,94400,-200,-0.21,24924,2364588100
044380,주연테크,393,398,5,1.27,157911,62331374
013870,지엠비코리아,5160,5160,0,0.0,24097,124104440
071320,지역난방공사,50200,49750,-450,-0.9,3588,178888650
010580,지코,850,837,-13,-1.53,99960,83838393
035000,지투알,6930,6850,-80,-1.15,9776,66706610
088790,진도,3800,3820,20,0.53,4413,16815835
003780,진양산업,3380,3325,-55,-1.63,31167,104092015
010640,진양폴리,2570,2520,-50,-1.95,34214,86116075
100250,진양홀딩스,2510,2505,-5,-0.2,13064,32651020
051630,진양화학,4565,4630,65,1.42,134004,612169040
272450,진에어,15450,15000,-450,-2.91,60990,919591100
011000,진원생명과학,4220,4215,-5,-0.12,59767,250653705
002780,진흥기업,1990,1990,0,0.0,74176,147711745
002787,진흥기업2우B,13700,13400,-300,-2.19,2367,31621750
002785,진흥기업우B,5040,5010,-30,-0.6,4953,24805140
009310,참엔지니어링,1100,1070,-30,-2.73,171946,182472190
000650,천일고속,71800,71400,-400,-0.56,269,19041800
012600,청호컴넷,3010,3010,0,0.0,19396,57695615
033250,체시스,4360,4630,270,6.19,5096946,23091671530
001140,카리스국보,5250,5210,-40,-0.76,617368,3251833140
035720,카카오,137500,135500,-2000,-1.45,152309,20759664500
006380,카프로,3710,3700,-10,-0.27,50204,185822200
109070,컨버즈,3260,3260,0,0.0,0,0
001620,케이비아이동국실업,783,777,-6,-0.77,16817,13141618
029460,케이씨,13600,13500,-100,-0.74,13607,183521200
281820,케이씨텍,18300,17950,-350,-1.91,118466,2157796100
145270,케이탑리츠,907,907,0,0.0,61697,55767399
007815,코리아써우,2770,2745,-25,-0.9,1159,3164590
007810,코리아써키트,6380,6460,80,1.25,136752,877803720
00781K,코리아써키트2우B,4405,4215,-190,-4.31,434,1840930
152330,코리아오토글라스,16750,16700,-50,-0.3,27203,455298400
003690,코리안리,8100,7900,-200,-2.47,113075,900133280
192820,코스맥스,75300,74000,-1300,-1.73,47879,3565643000
044820,코스맥스비티아이,14000,13600,-400,-2.86,10113,138677250
005070,코스모신소재,8370,8210,-160,-1.91,73358,602847760
005420,코스모화학,6400,6560,160,2.5,72595,465787700
071950,코아스,1515,1555,40,2.64,1051736,1626754365
002020,코오롱,16450,16250,-200,-1.22,10945,178879750
003070,코오롱글로벌,9120,9100,-20,-0.22,24409,221312830
003075,코오롱글로벌우,17350,17100,-250,-1.44,1247,21183350
144620,코오롱머티리얼,1420,1400,-20,-1.41,125969,175040035
002025,코오롱우,10700,10600,-100,-0.93,3078,32587700
120110,코오롱인더,42500,41700,-800,-1.88,43079,1805823900
120115,코오롱인더우,20250,19800,-450,-2.22,4983,99590550
138490,코오롱플라스틱,4925,4815,-110,-2.23,138325,670242375
031820,콤텍시스템,1310,1300,-10,-0.76,614037,790279835
192400,쿠쿠홀딩스,120000,118000,-2000,-1.67,6024,715640500
284740,쿠쿠홈시스,42950,42550,-400,-0.93,6300,270702550
015590,큐로,918,917,-1,-0.11,402351,367760605
264900,크라운제과,8880,8800,-80,-0.9,9423,82281590
26490K,크라운제과우,8410,8310,-100,-1.19,11982,99664520
005740,크라운해태홀딩스,11000,11000,0,0.0,44532,491476500
005745,크라운해태홀딩스우,14200,14150,-50,-0.35,15657,223112900
020120,키다리스튜디오,4430,4430,0,0.0,48616,216733950
039490,키움증권,68700,67000,-1700,-2.47,61736,4131940800
012170,키위미디어그룹,150,150,0,0.0,0,0
015890,태경산업,5680,5660,-20,-0.35,63853,362761230
006890,태경화학,5230,5170,-60,-1.15,50187,259013200
003240,태광산업,1149000,1116000,-33000,-2.87,710,798109000
011280,태림포장,5270,5250,-20,-0.38,390046,2061677550
004100,태양금속,1065,1065,0,0.0,75495,79178845
004105,태양금속우,2970,2980,10,0.34,1049,3128275
009410,태영건설,13350,12900,-450,-3.37,157254,2050884250
009415,태영건설우,7250,7050,-200,-2.76,109598,764693620
001420,태원물산,4430,4425,-5,-0.11,20956,91966565
007980,태평양물산,2825,2825,0,0.0,40189,112804590
055490,테이팩스,24100,23900,-200,-0.83,7965,189208350
078000,텔코웨어,14100,13900,-200,-1.42,12093,168295550
214420,토니모리,10100,9850,-250,-2.48,65289,645971330
019180,티에이치엔,4570,4350,-220,-4.81,380239,1671789705
091810,티웨이항공,4895,4835,-60,-1.23,67658,326999040
004870,티웨이홀딩스,1700,1665,-35,-2.06,628081,1056389585
005690,파미셀,7410,7300,-110,-1.48,318708,2320937240
036580,팜스코,5400,5440,40,0.74,554367,3040288110
028670,팬오션,4525,4390,-135,-2.98,1646624,7253891660
010820,퍼스텍,2235,2235,0,0.0,332023,747578175
016800,퍼시스,31800,31650,-150,-0.47,768,24413500
001020,페이퍼코리아,713,709,-4,-0.56,20300,14458221
090080,평화산업,1315,1315,0,0.0,150054,196250710
010770,평화홀딩스,4095,4110,15,0.37,10228,41946310
058430,포스코강판,18100,18000,-100,-0.55,2052,36892850
047050,포스코인터내셔널,18900,18300,-600,-3.17,229095,4226809450
003670,포스코케미칼,45000,44100,-900,-2.0,449567,19819252000
007630,폴루스바이오팜,1225,1225,0,0.0,0,0
017810,풀무원,9570,9310,-260,-2.72,48778,457026510
103140,풍산,22450,21850,-600,-2.67,70193,1542160150
005810,풍산홀딩스,35200,34700,-500,-1.42,2111,73378750
033180,필룩스,3840,3885,45,1.17,2914880,11255528710
086790,하나금융지주,34850,34300,-550,-1.58,1111930,38023777750
099340,하나니켈1호,445,488,43,9.66,16813005,8729567612
099350,하나니켈2호,1015,1315,300,29.56,2850696,3583909185
293480,하나제약,23550,23700,150,0.64,27115,639581350
039130,하나투어,44250,43000,-1250,-2.82,118166,5077591300
172580,하이골드12호,2800,2800,0,0.0,2391,6682900
153360,하이골드3호,1805,1810,5,0.28,3983,7171600
159650,하이골드8호,1890,1915,25,1.32,2008,3836630
071090,하이스틸,23150,23850,700,3.02,33772,810682400
019490,하이트론,3700,3705,5,0.14,820,3056010
000080,하이트진로,27450,27600,150,0.55,500837,13897783750
000087,하이트진로2우B,17800,17750,-50,-0.28,1199,21354250
000140,하이트진로홀딩스,11150,11250,100,0.9,96797,1092170300
000145,하이트진로홀딩스우,18700,18800,100,0.53,27016,513562950
152550,한국ANKOR유전,1760,1760,0,0.0,6133,10799265
036460,한국가스공사,40500,39800,-700,-1.73,145844,5818152250
005430,한국공항,40800,39950,-850,-2.08,8662,345180600
071050,한국금융지주,74700,73600,-1100,-1.47,146633,10743567200
071055,한국금융지주우,43750,43250,-500,-1.14,3052,131863500
010040,한국내화,5190,5270,80,1.54,245297,1303093660
025540,한국단자,46350,45500,-850,-1.83,12620,576412050
004090,한국석유,113000,115000,2000,1.77,5189,597655000
002960,한국쉘석유,337500,333500,-4000,-1.19,941,314360000
123890,한국자산신탁,3395,3370,-25,-0.74,85611,288395030
015760,한국전력,26050,25350,-700,-2.69,1492271,38126405500
006200,한국전자홀딩스,722,730,8,1.11,46752,33495455
002300,한국제지,18050,17900,-150,-0.83,2147,38094000
009540,한국조선해양,126000,124000,-2000,-1.59,143547,18041587500
023350,한국종합기술,4280,4290,10,0.23,40287,174608790
025890,한국주강,1645,1645,0,0.0,5227,8584925
000970,한국주철관,10900,10950,50,0.46,110888,1214291050
104700,한국철강,4850,4835,-15,-0.31,47904,232107680
017960,한국카본,8300,8270,-30,-0.36,202531,1688562580
161890,한국콜마,42550,41550,-1000,-2.35,210509,8782112100
024720,한국콜마홀딩스,21150,20750,-400,-1.89,27458,571130250
161390,한국타이어앤테크놀로지,33100,31700,-1400,-4.23,558535,17897688588
000240,한국테크놀로지그룹,14400,14050,-350,-2.43,22273,314926900
034830,한국토지신탁,2085,2060,-25,-1.2,220770,456140780
007280,한국특수형강,1410,1385,-25,-1.77,22643,31232575
168490,한국패러랠,2235,2235,0,0.0,5507,12285125
010100,한국프랜지,2210,2190,-20,-0.9,1620300,3562000050
047810,한국항공우주,38850,38550,-300,-0.77,272412,10562266300
123690,한국화장품,8160,8030,-130,-1.59,61639,496915970
003350,한국화장품제조,29000,27900,-1100,-3.79,99806,2791209000
011500,한농화성,4000,4000,0,0.0,2442,9737480
002390,한독,21400,20900,-500,-2.34,16514,346543000
014790,한라,3350,3370,20,0.6,166345,574882335
060980,한라홀딩스,42950,41750,-1200,-2.79,9429,397214100
053690,한미글로벌,9010,9080,70,0.78,29217,264520900
042700,한미반도체,6830,6680,-150,-2.2,85043,571021160
008930,한미사이언스,41450,40050,-1400,-3.38,103480,4185508450
128940,한미약품,288500,285000,-3500,-1.21,30666,8779313000
009240,한샘,60800,59800,-1000,-1.64,84439,5069100500
020000,한섬,29550,28700,-850,-2.88,62506,1807984200
003680,한성기업,6080,6100,20,0.33,98332,599205550
105630,한세실업,19400,19000,-400,-2.06,107081,2035479600
069640,한세엠케이,4410,4355,-55,-1.25,17311,75475570
016450,한세예스24홀딩스,7400,7320,-80,-1.08,19226,140673090
010420,한솔PNS,1680,1695,15,0.89,97107,164601270
009180,한솔로지스틱스,1265,1275,10,0.79,32231,40693330
213500,한솔제지,15500,15450,-50,-0.32,41720,643467900
014680,한솔케미칼,81600,81000,-600,-0.74,20194,1640038100
004710,한솔테크닉스,7000,6900,-100,-1.43,123880,859212020
004150,한솔홀딩스,4155,4100,-55,-1.32,39065,160003495
025750,한솔홈데코,1265,1250,-15,-1.19,520251,653821400
004960,한신공영,15800,15750,-50,-0.32,7228,113305900
011700,한신기계,1715,1675,-40,-2.33,164451,277228055
001750,한양증권,7420,7430,10,0.13,26636,195355010
001755,한양증권우,8230,7920,-310,-3.77,11081,87493250
018880,한온시스템,12200,11850,-350,-2.87,700112,8284160150
009420,한올바이오파마,27700,27500,-200,-0.72,184553,5078615300
014130,한익스프레스,5690,5640,-50,-0.88,57095,319799990
300720,한일시멘트,102000,101000,-1000,-0.98,3549,361533500
002220,한일철강,2195,2190,-5,-0.23,804,1758150
006390,한일현대시멘트,37750,38400,650,1.72,47141,1826007750
003300,한일홀딩스,51300,51300,0,0.0,2779,142067500
051600,한전KPS,34750,34350,-400,-1.15,75411,2602906300
052690,한전기술,22350,21450,-900,-4.03,139961,3018908500
130660,한전산업,3400,3400,0,0.0,0,0
002320,한진,31850,32550,700,2.2,136498,4464122000
097230,한진중공업,4505,4495,-10,-0.22,65360,293832230
003480,한진중공업홀딩스,2820,2820,0,0.0,1141,3192860
180640,한진칼,28350,28550,200,0.71,257064,7355313250
18064K,한진칼우,37650,36500,-1150,-3.05,122864,4681526200
005110,한창,4065,4220,155,3.81,18692913,81585459985
009460,한창제지,2890,3030,140,4.84,1959774,5779840490
000880,한화,25050,24200,-850,-3.39,162987,3989396500
00088K,한화3우B,13750,13600,-150,-1.09,16354,222431950
027390,한화갤러리아타임월드,18350,18150,-200,-1.09,5024,90683950
088350,한화생명,2415,2250,-165,-6.83,4631897,10593249490
000370,한화손해보험,3025,2990,-35,-1.16,189200,564541465
012450,한화에어로스페이스,42700,42400,-300,-0.7,215819,9198466700
000885,한화우,30600,33350,2750,8.99,346394,11697219800
009830,한화케미칼,17850,17500,-350,-1.96,382953,6744718900
009835,한화케미칼우,12150,12250,100,0.82,40110,494168600
003530,한화투자증권,2130,2090,-40,-1.88,162729,339451005
003535,한화투자증권우,2120,2120,0,0.0,6332,13326375
195870,해성디에스,14200,13950,-250,-1.76,30688,429614200
101530,해태제과식품,7710,7700,-10,-0.13,6086,46976910
143210,핸즈코퍼레이션,7420,7330,-90,-1.21,19165,140201580
000720,현대건설,46400,46150,-250,-0.54,461269,21534793550
267270,현대건설기계,31850,31150,-700,-2.2,42039,1321551150
000725,현대건설우,172500,177500,5000,2.9,3543,636792000
005440,현대그린푸드,11600,11250,-350,-3.02,146043,1654832450
086280,현대글로비스,155500,155000,-500,-0.32,37188,5737601500
064350,현대로템,19400,19750,350,1.8,831953,16580096500
079430,현대리바트,13850,13600,-250,-1.81,20412,278722650
012330,현대모비스,247500,245500,-2000,-0.81,211452,51750882000
010620,현대미포조선,45650,44650,-1000,-2.19,76503,3449011550
069960,현대백화점,77600,75800,-1800,-2.32,30607,2338359400
004560,현대비앤지스틸,8960,9020,60,0.67,7125,63673550
004565,현대비앤지스틸우,59800,59100,-700,-1.17,884,53082300
011760,현대상사,19600,19950,350,1.79,104563,2094161400
011200,현대상선,3660,3650,-10,-0.27,461765,1684914205
004310,현대약품,4955,4820,-135,-2.72,295754,1433672655
126560,현대에이치씨엔,3745,3655,-90,-2.4,8382,30988120
017800,현대엘리베이,89200,91100,1900,2.13,554311,50863669700
307950,현대오토에버,54700,53900,-800,-1.46,50360,2698523400
011210,현대위아,49450,48650,-800,-1.62,132624,6473146350
267260,현대일렉트릭,10950,10900,-50,-0.46,158071,1724494500
004020,현대제철,39000,37550,-1450,-3.72,415130,15711457150
267250,현대중공업지주,348000,343000,-5000,-1.44,13907,4782870000
005380,현대차,132500,128500,-4000,-3.02,448012,58078847500
005387,현대차2우B,84800,82200,-2600,-3.07,35623,2961483486
005389,현대차3우B,75200,73800,-1400,-1.86,3803,280565200
005385,현대차우,76000,74500,-1500,-1.97,19212,1439726000
001500,현대차증권,10700,10400,-300,-2.8,68524,715712150
227840,현대코퍼레이션홀딩스,14350,14600,250,1.74,687397,10011616900
001450,현대해상,26550,26150,-400,-1.51,383593,10046392200
057050,현대홈쇼핑,91000,89100,-1900,-2.09,22456,2004494400
093240,형지엘리트,1405,1380,-25,-1.78,83844,116910370
003010,혜인,4925,5050,125,2.54,487431,2534367800
111110,호전실업,13550,13200,-350,-2.58,543,7219450
008770,호텔신라,82500,81000,-1500,-1.82,541381,44224506300
008775,호텔신라우,51100,51400,300,0.59,11119,572958600
002460,화성산업,12350,12200,-150,-1.21,18902,230574950
013520,화승알앤에이,2030,2025,-5,-0.25,126451,257409040
241590,화승엔터프라이즈,16000,15850,-150,-0.94,195409,3134463550
006060,화승인더,10500,10850,350,3.33,362749,3878532850
010690,화신,3360,3225,-135,-4.02,115672,382141660
133820,화인베스틸,3195,3230,35,1.1,155423,499793935
010660,화천기계,5100,5100,0,0.0,12548514,64579374435
000850,화천기공,39850,39450,-400,-1.0,6384,252909000
016580,환인제약,16050,15900,-150,-0.93,20023,318766200
032560,황금에스티,7880,7870,-10,-0.13,46769,367517480
004800,효성,85700,84500,-1200,-1.4,30740,2608170300
094280,효성ITX,9780,10100,320,3.27,24133,240328320
298040,효성중공업,31600,31200,-400,-1.27,13620,425627500
298050,효성첨단소재,126000,122000,-4000,-3.17,22465,2778572500
298020,효성티앤씨,160000,158000,-2000,-1.25,7644,1203725500
298000,효성화학,164500,164500,0,0.0,10311,1703885000
093370,후성,8620,8590,-30,-0.35,1764665,15284713200
081660,휠라코리아,58700,58000,-700,-1.19,567843,33345178100
005870,휴니드,7250,7190,-60,-0.83,14428,102230040
079980,휴비스,6170,6090,-80,-1.3,64777,397067050
005010,휴스틸,10500,10400,-100,-0.95,23016,238569950
069260,휴켐스,21700,21400,-300,-1.38,34903,749359150
000540,흥국화재,3200,3170,-30,-0.94,28095,89364745
000547,흥국화재2우B,19400,19600,200,1.03,165,3195100
000545,흥국화재우,4765,4760,-5,-0.1,3516,16499150
003280,흥아해운,436,436,0,0.0,371121,158080597
