티커,종목명,시가,종가,변동폭,등락률,거래량,거래대금
095570,AJ네트웍스,4945,4920,-25,-0.51,137476,675760825
068400,AJ렌터카,11200,11250,50,0.45,57494,645485000
006840,AK홀딩스,44600,45350,750,1.68,22320,1010580550
027410,BGF,6700,6830,130,1.94,89758,608338850
282330,BGF리테일,203500,208000,4500,2.21,18075,3743983000
138930,BNK금융지주,7210,7330,120,1.66,423714,3099798400
001460,BYC,227500,228000,500,0.22,361,82306500
001465,BYC우,132500,132500,0,0.0,50,6641000
001040,CJ,95700,98000,2300,2.4,38216,3718590100
079160,CJCGV,37450,38350,900,2.4,151131,5773239050
000120,CJ대한통운,140500,138500,-2000,-1.42,44878,6223207500
011150,CJ씨푸드,2510,2545,35,1.39,127397,323792970
011155,CJ씨푸드1우,31450,31450,0,0.0,1045,32805550
001045,CJ우,53000,53600,600,1.13,2230,118914000
097950,CJ제일제당,284000,284500,500,0.18,18480,5279104000
097955,CJ제일제당우,122500,124000,1500,1.22,1042,127930500
037560,CJ헬로,6470,6480,10,0.15,83747,543717420
000590,CS홀딩스,60400,61400,1000,1.66,291,17571700
012030,DB,826,820,-6,-0.73,453458,370852659
016610,DB금융투자,4825,4905,80,1.66,71244,347716140
005830,DB손해보험,53000,54500,1500,2.83,109475,5936683300
000990,DB하이텍,13850,14000,150,1.08,575837,8102313350
000995,DB하이텍1우,40800,41350,550,1.35,445,18291150
139130,DGB금융지주,7730,7780,50,0.65,573651,4455700540
001530,DI동일,79400,79500,100,0.13,2245,179383300
004840,DRB동일,5630,5720,90,1.6,13948,78789970
155660,DSR,4680,4745,65,1.39,26822,126332190
069730,DSR제강,4745,4825,80,1.69,41688,200508820
017940,E1,56800,57200,400,0.7,4009,228456000
007700,FF,79700,79700,0,0.0,37820,3010253100
114090,GKL,18200,18600,400,2.2,212336,3926906500
078930,GS,51900,52700,800,1.54,95924,5035443700
006360,GS건설,34250,34800,550,1.61,308401,10721476450
001250,GS글로벌,2630,2660,30,1.14,158832,420524680
007070,GS리테일,38700,39400,700,1.81,136459,5353761600
078935,GS우,37100,37450,350,0.94,3854,143860350
012630,HDC,13150,13400,250,1.9,182268,2426608800
039570,HDC아이콘트롤스,9500,9600,100,1.05,5008,47563800
089470,HDC현대EP,5400,5580,180,3.33,115270,643069170
294870,HDC현대산업개발,35300,35600,300,0.85,204901,7251350350
082740,HSD엔진,3400,3415,15,0.44,23243,78986640
003560,IHQ,1825,1840,15,0.82,770733,1424340170
175330,JB금융지주,5730,5750,20,0.35,117707,677541740
234080,JW생명과학,23700,23900,200,0.84,29035,695027050
001060,JW중외제약,31700,31750,50,0.16,143657,4630098100
001067,JW중외제약2우B,41400,41400,0,0.0,550,22755350
001065,JW중외제약우,26350,26700,350,1.33,822,21922050
096760,JW홀딩스,6880,6620,-260,-3.78,1112578,7565524360
105560,KB금융,45000,45500,500,1.11,620422,28222781850
002380,KCC,247000,255000,8000,3.24,23366,5927948500
009070,KCTC,3075,3150,75,2.44,56604,177781610
009440,KC그린홀딩스,4000,4060,60,1.5,44221,178547135
119650,KC코트렐,6160,6340,180,2.92,94107,595041050
092220,KEC,1130,1155,25,2.21,1013762,1166187610
001390,KG케미칼,12000,12200,200,1.67,121187,1471195900
001940,KISCO홀딩스,13100,13250,150,1.15,7740,101642600
025000,KPX케미칼,58800,58700,-100,-0.17,3022,176278000
092230,KPX홀딩스,57000,57200,200,0.35,125,7134700
000040,KR모터스,494,500,6,1.21,918055,450229776
044450,KSS해운,6820,6870,50,0.73,13776,94231490
030200,KT,27900,27950,50,0.18,291241,8136720850
033780,KTG,98000,98900,900,0.92,299543,29652851800
030210,KTB투자증권,2850,2915,65,2.28,83682,242477310
058850,KTcs,2145,2150,5,0.23,71074,152892635
058860,KTis,2290,2295,5,0.22,23121,52910460
093050,LF,25250,25550,300,1.19,97917,2501526650
003550,LG,74200,73900,-300,-0.4,188863,13947487200
034220,LG디스플레이,16750,16800,50,0.3,1984158,32988604650
001120,LG상사,18500,18800,300,1.62,114204,2136789300
051900,LG생활건강,1318000,1329000,11000,0.83,28881,38289637000
051905,LG생활건강우,809000,802000,-7000,-0.87,1501,1211708000
003555,LG우,48000,48900,900,1.88,2776,135293000
032640,LG유플러스,13950,14150,200,1.43,869767,12223839050
011070,LG이노텍,108000,114500,6500,6.02,185406,20931914000
066570,LG전자,69100,70600,1500,2.17,582803,41015610500
066575,LG전자우,28650,29150,500,1.75,13779,399258450
108670,LG하우시스,56700,57600,900,1.59,16526,944262300
108675,LG하우시스우,29500,29300,-200,-0.68,1040,30502050
051910,LG화학,356000,361500,5500,1.54,158745,57080705000
051915,LG화학우,192500,195000,2500,1.3,13941,2699009500
079550,LIG넥스원,28950,29800,850,2.94,128004,3793171750
006260,LS,48300,48450,150,0.31,88044,4225148600
000680,LS네트웍스,3130,3135,5,0.16,10379,32489765
010120,LS산전,48150,48500,350,0.73,43695,2113935000
229640,LS전선아시아,8010,8080,70,0.87,44343,357541020
023150,MH에탄올,6400,6410,10,0.16,3306,21147580
035420,NAVER,120500,122500,2000,1.66,445122,54438920500
181710,NHN,63500,66100,2600,4.09,131433,8608397300
005940,NH투자증권,14050,14450,400,2.85,636533,9136940150
005945,NH투자증권우,9180,9240,60,0.65,58332,538004540
034310,NICE,21300,22000,700,3.29,44428,968392500
008260,NI스틸,2600,2625,25,0.96,60319,156647720
004250,NPC,3555,3545,-10,-0.28,56085,198012685
004255,NPC우,2270,2270,0,0.0,55,124775
010060,OCI,91200,91000,-200,-0.22,61607,5612344600
005490,POSCO,234000,236500,2500,1.07,176983,41836809500
100840,STC,15000,15250,250,1.67,6817,103229800
064960,ST모티브,45750,47150,1400,3.06,27327,1286206800
003570,ST중공업,6980,7000,20,0.29,6517,45181090
036530,ST홀딩스,14750,15150,400,2.71,10105,151143250
010950,S-Oil,90300,90500,200,0.22,177537,16076461600
010955,S-Oil우,60900,61400,500,0.82,6551,400682300
034120,SBS,19150,19250,100,0.52,27622,531033200
101060,SBS미디어홀딩스,2325,2370,45,1.94,93584,219512115
004060,SG세계물산,1035,1035,0,0.0,2224458,2296006585
001380,SG충방,2020,2055,35,1.73,105330,214898140
002360,SH에너지화학,1100,1125,25,2.27,669256,751741045
009160,SIMPAC,2785,2835,50,1.8,172231,485228130
123700,SJM,3410,3440,30,0.88,5290,18145850
025530,SJM홀딩스,3240,3250,10,0.31,2379,7713825
034730,SK,226000,228000,2000,0.88,63490,14415502000
011790,SKC,44000,43600,-400,-0.91,205587,8999157750
018670,SK가스,78900,78400,-500,-0.63,4561,358302300
001740,SK네트웍스,5460,5330,-130,-2.38,1320843,7091605110
001745,SK네트웍스우,115000,130000,15000,13.04,80124,10260691500
006120,SK디스커버리,25850,26500,650,2.51,36611,951956650
006125,SK디스커버리우,17500,17700,200,1.14,60795,1090364950
210980,SK디앤디,26250,26150,-100,-0.38,5891,153960600
03473K,SK우,142000,142500,500,0.35,1238,175039500
096770,SK이노베이션,169000,170000,1000,0.59,161228,27422823500
096775,SK이노베이션우,120000,120000,0,0.0,3686,443633000
001510,SK증권,682,693,11,1.61,941945,648640135
001515,SK증권우,3100,3100,0,0.0,36748,112677285
285130,SK케미칼,48700,49300,600,1.23,33352,1632775350
28513K,SK케미칼우,23600,23800,200,0.85,6964,163724050
017670,SK텔레콤,259500,258500,-1000,-0.39,168533,43893476000
000660,SK하이닉스,74700,76800,2100,2.81,2635348,201127777100
005610,SPC삼립,97300,100500,3200,3.29,10540,1054235100
011810,STX,9940,9900,-40,-0.4,40974,405344440
077970,STX엔진,6940,6930,-10,-0.14,8052,55675220
071970,STX중공업,3495,3490,-5,-0.14,41329,143527820
084870,TBH글로벌,2960,3025,65,2.2,131842,397840520
002710,TCC스틸,2380,2405,25,1.05,15461,36923190
024070,WISCOM,2720,2735,15,0.55,15024,41604820
037270,YGPLUS,1165,1205,40,3.43,220781,267608775
000500,가온전선,18950,19200,250,1.32,2046,38536400
000860,강남제비스코,24950,25000,50,0.2,6301,154826300
035250,강원랜드,30650,30800,150,0.49,228282,6998883600
011420,갤럭시아에스엠,1870,2430,560,29.95,4597111,10138251365
002100,경농,14850,15050,200,1.35,112540,1701009850
009450,경동나비엔,39050,38900,-150,-0.38,43207,1687268650
267290,경동도시가스,30450,30650,200,0.66,3212,98066850
012320,경동인베스트,38400,38550,150,0.39,1378,52882250
000050,경방,10050,10200,150,1.49,4608,46486300
214390,경보제약,9420,9400,-20,-0.21,8738,82213630
012610,경인양행,7210,7110,-100,-1.39,1113713,7951084480
009140,경인전자,25600,25800,200,0.78,3049,77630950
013580,계룡건설,26150,26450,300,1.15,6101,160670000
012200,계양전기,3375,3380,5,0.15,21285,71772305
012205,계양전기우,8350,8380,30,0.36,3245,27132560
004200,고려개발,4280,4260,-20,-0.47,15995,67899080
002140,고려산업,3170,3220,50,1.58,1478835,4763784850
010130,고려아연,451500,459000,7500,1.66,27279,12434780500
002240,고려제강,24600,25500,900,3.66,7400,187051950
009290,광동제약,7200,7390,190,2.64,341803,2515584870
017040,광명전기,2320,2355,35,1.51,77451,182768420
017900,광전자,2170,2160,-10,-0.46,98972,213439840
037710,광주신세계,172500,175500,3000,1.74,91,15860000
030610,교보증권,10050,10550,500,4.98,105009,1087782000
007690,국도화학,46300,46850,550,1.19,5670,265372550
005320,국동,1670,1675,5,0.3,503698,853152885
001140,국보,7170,6880,-290,-4.04,4790218,35835082790
002720,국제약품,4440,4455,15,0.34,97303,434222170
083420,그린케미칼,3690,3685,-5,-0.14,8786,32380070
014530,극동유화,3475,3520,45,1.29,40099,140140455
014280,금강공업,4295,4350,55,1.28,61807,266740415
014285,금강공업우,10150,10400,250,2.46,12319,125811200
008870,금비,64400,64800,400,0.62,146,9448300
001570,금양,2220,2210,-10,-0.45,15002,33076195
002990,금호산업,12650,12800,150,1.19,129688,1643425300
002995,금호산업우,57000,58800,1800,3.16,22497,1322511600
011780,금호석유,86500,87100,600,0.69,142884,12478083600
011785,금호석유우,34650,34900,250,0.72,1679,58349850
214330,금호에이치티,5070,5150,80,1.58,14570,74541650
001210,금호전기,3015,3065,50,1.66,32226,98850555
073240,금호타이어,4370,4515,145,3.32,278478,1244463105
092440,기신정기,4075,4130,55,1.35,41988,171163185
000270,기아차,43100,43300,200,0.46,762843,32764195900
024110,기업은행,13700,13800,100,0.73,345172,4754790200
013700,까뮤이앤씨,1290,1295,5,0.39,59606,76718355
004540,깨끗한나라,2355,2385,30,1.27,1018319,2526672055
004545,깨끗한나라우,16200,16300,100,0.62,53883,894923650
074610,나노메딕스,8550,8390,-160,-1.87,471883,4012005920
001260,남광토건,12050,12150,100,0.83,14336,174591800
008350,남선알미늄,3640,3645,5,0.14,2813153,10216874250
008355,남선알미우,39200,38650,-550,-1.4,11674,451282600
004270,남성,4070,4090,20,0.49,6261658,26183004050
003920,남양유업,554000,562000,8000,1.44,350,196102000
003925,남양유업우,202500,203500,1000,0.49,50,10146500
002070,남영비비안,6710,6800,90,1.34,1368,9089050
025860,남해화학,9810,9920,110,1.12,50093,496388760
005720,넥센,6240,6250,10,0.16,7143,44691670
005725,넥센우,3750,3700,-50,-1.33,2246,8311775
002350,넥센타이어,8950,9010,60,0.67,128099,1154700160
002355,넥센타이어1우B,4195,4160,-35,-0.83,124,517090
003580,넥스트사이언스,4075,4200,125,3.07,233476,968215780
251270,넷마블,92100,92500,400,0.43,410428,37639159300
090350,노루페인트,7370,7440,70,0.95,27848,206677570
090355,노루페인트우,11300,11200,-100,-0.88,1289,14480350
000320,노루홀딩스,11900,11850,-50,-0.42,2618,30985500
000325,노루홀딩스우,18900,19000,100,0.53,801,15075800
006280,녹십자,106500,109000,2500,2.35,57330,6217046500
005250,녹십자홀딩스,21500,22700,1200,5.58,59111,1318046750
005257,녹십자홀딩스2우,16800,16900,100,0.6,1460,24702100
004370,농심,239500,240000,500,0.21,14003,3358245000
072710,농심홀딩스,82900,82600,-300,-0.36,5757,477769200
058730,다스코,6270,6350,80,1.28,29110,184205100
023590,다우기술,20800,20850,50,0.24,33668,705682500
019680,대교,6090,6110,20,0.33,25691,157380580
019685,대교우B,4485,4490,5,0.11,809,3630970
006370,대구백화점,6330,6280,-50,-0.79,5199,32640730
008060,대덕전자,10650,10900,250,2.35,367810,3955725750
00806K,대덕전자1우,6350,6360,10,0.16,3780,23986750
000490,대동공업,5750,5780,30,0.52,19883,114782640
008110,대동전자,5160,5270,110,2.13,17158,88948600
005750,대림BCo,4310,4330,20,0.46,13886,60066500
000210,대림산업,102000,106000,4000,3.92,143203,15124733500
000215,대림산업우,41650,42600,950,2.28,6301,267040550
004440,대림씨엔에스,9440,9520,80,0.85,1966,18515920
006570,대림통상,4130,4180,50,1.21,851,3505070
001680,대상,24700,25000,300,1.21,101305,2519471650
001685,대상우,13550,13700,150,1.11,2400,32782200
084690,대상홀딩스,7090,7170,80,1.13,7518,53819150
084695,대상홀딩스우,5990,6040,50,0.83,43581,273155180
128820,대성산업,4575,4530,-45,-0.98,109286,491049945
117580,대성에너지,5480,5510,30,0.55,6450,35384100
016710,대성홀딩스,7580,7530,-50,-0.66,1274,9614420
003540,대신증권,12850,13050,200,1.56,123714,1611641350
003547,대신증권2우B,8410,8520,110,1.31,12767,107770280
003545,대신증권우,9230,9340,110,1.19,38986,362583730
009190,대양금속,6860,6800,-60,-0.87,11587,79359310
014160,대영포장,1130,1155,25,2.21,759216,866311600
047040,대우건설,4435,4525,90,2.03,537312,2411978695
009320,대우부품,2265,2215,-50,-2.21,2299774,5210737725
042660,대우조선해양,30750,31300,550,1.79,91881,2875117450
003090,대웅,16150,16650,500,3.1,107396,1779913600
069620,대웅제약,160500,167000,6500,4.05,57500,9573081000
000430,대원강업,4245,4240,-5,-0.12,11030,46783530
006340,대원전선,1265,1285,20,1.58,184615,235112755
006345,대원전선우,3170,3150,-20,-0.63,9225,28843625
003220,대원제약,16200,16250,50,0.31,21221,344068100
024890,대원화성,1575,1585,10,0.63,44327,70706705
002880,대유에이텍,928,932,4,0.43,389621,361391981
000300,대유플러스,854,858,4,0.47,274727,235079622
012800,대창,1450,1440,-10,-0.69,4716928,6754585360
015230,대창단조,39900,40000,100,0.25,257,10222550
001070,대한방직,20250,20450,200,0.99,3050,62388050
006650,대한유화,122000,127000,5000,4.1,37706,4740695000
001440,대한전선,702,701,-1,-0.14,494858,345860802
084010,대한제강,7300,7290,-10,-0.14,12568,91238590
001790,대한제당,20300,20200,-100,-0.49,15229,306282400
001799,대한제당3우B,23350,23400,50,0.21,393,9223750
001795,대한제당우,12650,12800,150,1.19,1721,21883100
001130,대한제분,200000,197000,-3000,-1.5,547,108236500
003490,대한항공,28100,28550,450,1.6,191047,5420104100
003495,대한항공우,15800,16200,400,2.53,15079,243485650
005880,대한해운,27150,27300,150,0.55,107502,2934999550
003830,대한화섬,102000,103000,1000,0.98,1019,104102000
016090,대현,2605,2715,110,4.22,234719,632102800
069460,대호에이엘,3955,4100,145,3.67,211583,862675430
192080,더블유게임즈,59300,59300,0,0.0,39741,2354423700
012510,더존비즈온,63200,64400,1200,1.9,73224,4628506000
004830,덕성,3750,3750,0,0.0,289604,1096980395
004835,덕성우,4045,4105,60,1.48,41506,170580990
024900,덕양산업,1370,1410,40,2.92,4266006,6300525850
145720,덴티움,71100,74400,3300,4.64,68654,5041805200
002150,도화엔지니어링,9710,10150,440,4.53,724710,7523895020
001230,동국제강,6980,7070,90,1.29,132958,938402920
023450,동남합성,24850,24500,-350,-1.41,4110,100844950
004140,동방,1840,1820,-20,-1.09,166780,305757090
007590,동방아그로,7050,7040,-10,-0.14,4072,28687500
005960,동부건설,9910,10000,90,0.91,43498,431810490
005965,동부건설우,20750,20900,150,0.72,4494,92553900
016380,동부제철,6800,6770,-30,-0.44,25755,173779930
016385,동부제철우,32100,32400,300,0.93,3531,112682050
083370,동북아12호,5010,5010,0,0.0,13,65130
083380,동북아13호,5010,5010,0,0.0,0,0
026960,동서,18000,18200,200,1.11,104233,1882013650
002210,동성제약,21000,21350,350,1.67,835687,17919962500
102260,동성코퍼레이션,5580,5650,70,1.25,29428,164652960
005190,동성화학,16700,16700,0,0.0,2964,49644700
000640,동아쏘시오홀딩스,94600,96300,1700,1.8,3838,368529900
170900,동아에스티,97200,101000,3800,3.91,16439,1651279200
028100,동아지질,24800,24950,150,0.6,153869,3844746600
282690,동아타이어,13400,13400,0,0.0,398,5304200
001520,동양,1720,1805,85,4.94,359399,641184275
001527,동양2우B,10850,10850,0,0.0,12,130200
001529,동양3우B,29850,29850,0,0.0,63,1865700
084670,동양고속,25950,25950,0,0.0,775,20019350
030790,동양네트웍스,1685,1720,35,2.08,1112699,1889494680
002900,동양물산,1605,1620,15,0.93,176009,283287605
082640,동양생명,4295,4270,-25,-0.58,10125,43249860
001525,동양우,8370,8700,330,3.94,119,1032220
008970,동양철관,1240,1260,20,1.61,1165778,1482580775
092780,동양피스톤,5020,5010,-10,-0.2,35331,177074700
049770,동원FB,286500,291000,4500,1.57,7554,2220367500
018500,동원금속,866,867,1,0.12,52888,45434643
006040,동원산업,244000,243000,-1000,-0.41,1338,326913000
030720,동원수산,8170,8180,10,0.12,46039,377496920
014820,동원시스템즈,41350,41100,-250,-0.6,23909,989663000
014825,동원시스템즈우,33250,33250,0,0.0,1050,34945500
163560,동일고무벨트,6280,6260,-20,-0.32,8286,51943700
004890,동일산업,60500,60800,300,0.5,291,17570300
002690,동일제강,2840,2850,10,0.35,13567,38621020
000020,동화약품,9690,9770,80,0.83,18237,177998340
000150,두산,93700,95100,1400,1.49,39093,3688138900
000157,두산2우B,76500,76800,300,0.39,70,5330500
011160,두산건설,1415,1420,5,0.35,71273,100672800
241560,두산밥캣,36050,35650,-400,-1.11,117756,4209235950
000155,두산우,74100,74700,600,0.81,777,57932200
042670,두산인프라코어,6100,6230,130,2.13,1727920,10763838260
034020,두산중공업,6060,6260,200,3.3,820511,5075326730
016740,두올,3235,3225,-10,-0.31,197301,638374800
192650,드림텍,8580,8480,-100,-1.17,651840,5527868370
024090,디씨엠,11900,11950,50,0.42,1867,22323900
003160,디아이,3585,3615,30,0.84,84744,306936450
092200,디아이씨,3165,3170,5,0.16,129740,407785895
013570,디와이,5420,5500,80,1.48,47061,257562960
210540,디와이파워,12700,12850,150,1.18,49786,637482400
007340,디티알오토모티브,32500,32500,0,0.0,3489,112721000
026890,디피씨,5140,5180,40,0.78,316816,1646621840
115390,락앤락,15000,15100,100,0.67,43444,655633950
032350,롯데관광개발,11600,11650,50,0.43,56981,668157700
000400,롯데손해보험,2185,2190,5,0.23,168610,368183085
023530,롯데쇼핑,143000,144000,1000,0.7,78321,11253331500
004000,롯데정밀화학,51900,53600,1700,3.28,123578,6583813800
286940,롯데정보통신,43150,43400,250,0.58,75287,3242567300
280360,롯데제과,154000,156000,2000,1.3,3559,548312500
004990,롯데지주,38450,38750,300,0.78,117218,4542591750
00499K,롯데지주우,48500,48900,400,0.82,1384,67200050
005300,롯데칠성,151000,153500,2500,1.66,16273,2490565500
005305,롯데칠성우,74800,75500,700,0.94,142,10593800
011170,롯데케미칼,243500,247000,3500,1.44,106455,26162101500
002270,롯데푸드,510000,529000,19000,3.73,1366,717620000
071840,롯데하이마트,38650,38700,50,0.13,36262,1404580300
027740,마니커,895,917,22,2.46,4066627,3719737354
204320,만도,28600,28500,-100,-0.35,227620,6496625250
001080,만호제강,18100,18200,100,0.55,2904,52744100
088980,맥쿼리인프라,11300,11550,250,2.21,1128154,12916707300
094800,맵스리얼티1,4300,4370,70,1.63,86348,374373965
015540,메디파트너생명공학,6530,6500,-30,-0.46,52547,344094820
138040,메리츠금융지주,13750,13900,150,1.09,46016,638926850
008560,메리츠종금증권,5280,5350,70,1.33,939903,4996855470
000060,메리츠화재,19800,19650,-150,-0.76,219981,4309890950
090370,메타랩스,1520,1580,60,3.95,1047541,1662025125
017180,명문제약,4950,5020,70,1.41,117838,588620990
012690,모나리자,3250,3290,40,1.23,58989,193085930
005360,모나미,4350,4000,-350,-8.05,5931237,24077875555
204210,모두투어리츠,3095,3100,5,0.16,269,833940
009680,모토닉,10000,10150,150,1.5,44031,445089590
009580,무림PP,4920,4940,20,0.41,88571,436074305
009200,무림페이퍼,2935,2965,30,1.02,58204,172338945
033920,무학,10600,10600,0,0.0,46440,491873500
008420,문배철강,2910,2970,60,2.06,72315,213239365
025560,미래산업,163,161,-2,-1.23,5629760,904608768
007120,미래아이앤지,364,364,0,0.0,194856,69845224
006800,미래에셋대우,7790,7990,200,2.57,1109935,8827261380
00680K,미래에셋대우2우B,4005,4060,55,1.37,157499,638057105
006805,미래에셋대우우,4750,4850,100,2.11,59629,287563945
085620,미래에셋생명,4210,4275,65,1.54,75268,319226980
002840,미원상사,44050,44000,-50,-0.11,774,34077850
268280,미원에스씨,74400,74500,100,0.13,445,32967200
107590,미원홀딩스,42200,42350,150,0.36,5033,212915950
134380,미원화학,40500,40450,-50,-0.12,318,12828300
003650,미창석유,78900,78200,-700,-0.89,233,18247100
155900,바다로19호,2960,2965,5,0.17,11606,34302950
003610,방림,2210,2195,-15,-0.68,17926,39440910
001340,백광산업,2965,2995,30,1.01,345131,1038132975
014580,백광소재,3955,4005,50,1.26,3746469,15263381085
035150,백산,7960,8010,50,0.63,111419,891341560
002410,범양건영,1635,1725,90,5.5,1344137,2394304015
096300,베트남개발1,422,420,-2,-0.47,133749,55993185
007210,벽산,2155,2185,30,1.39,64241,139687470
002760,보락,2085,2105,20,0.96,94606,199213715
003850,보령제약,11800,12650,850,7.2,1546180,19476007500
000890,보해양조,1155,1175,20,1.73,1142302,1328540260
003000,부광약품,16450,16700,250,1.52,93384,1554199750
001270,부국증권,20850,20900,50,0.24,1597,33341400
001275,부국증권우,19150,19100,-50,-0.26,3135,59928500
026940,부국철강,3850,3835,-15,-0.39,50131,192147965
015350,부산가스,37150,37150,0,0.0,541,20115150
011390,부산산업,115500,116000,500,0.43,5696,661044000
005030,부산주공,553,558,5,0.9,134141,74513484
100220,비상교육,8220,8260,40,0.49,26984,223744360
101140,비티원,3840,3705,-135,-3.52,316161,1181629910
005180,빙그레,66500,66400,-100,-0.15,13571,906046300
003960,사조대림,18750,19000,250,1.33,29166,543824850
008040,사조동아원,1240,1310,70,5.65,1183447,1521863745
007160,사조산업,49850,50300,450,0.9,7181,358491350
014710,사조씨푸드,6000,5990,-10,-0.17,23405,139790100
006090,사조오양,7540,7540,0,0.0,18558,138375320
005090,삼광글라스,37350,39600,2250,6.02,24426,957295800
001470,삼부토건,796,815,19,2.39,415274,338053631
006400,삼성SDI,242000,242000,0,0.0,127094,30814803500
006405,삼성SDI우,91800,92100,300,0.33,1159,106751600
006660,삼성공조,9960,10050,90,0.9,1222,12160720
028260,삼성물산,92100,93400,1300,1.41,180782,16814719100
02826K,삼성물산우B,68900,69000,100,0.15,1113,76688400
207940,삼성바이오로직스,286000,287500,1500,0.52,137026,39148229000
032830,삼성생명,78700,79600,900,1.14,197942,15708136400
018260,삼성에스디에스,214000,217000,3000,1.4,45542,9865048000
028050,삼성엔지니어링,16050,16350,300,1.87,374441,6083332500
009150,삼성전기,93700,96600,2900,3.09,979732,93983136500
009155,삼성전기우,39700,40350,650,1.64,8969,360790350
005930,삼성전자,46100,46800,700,1.52,8819393,412852787848
005935,삼성전자우,37750,38500,750,1.99,720571,27781579150
001360,삼성제약,2365,2425,60,2.54,163477,393413990
010140,삼성중공업,7590,7720,130,1.71,1422760,10960906870
010145,삼성중공우,58800,59800,1000,1.7,468,27617300
016360,삼성증권,37650,38900,1250,3.32,319673,12345021400
068290,삼성출판사,15450,15950,500,3.24,82195,1306676700
029780,삼성카드,36650,36550,-100,-0.27,51606,1890451350
000810,삼성화재,257000,269500,12500,4.86,113610,30155254000
000815,삼성화재우,182000,184500,2500,1.37,13901,2562961000
006110,삼아알미늄,4500,4460,-40,-0.89,33681,151183410
145990,삼양사,52700,53400,700,1.33,3422,182034500
145995,삼양사우,35750,36300,550,1.54,372,13475000
003230,삼양식품,70200,70100,-100,-0.14,12953,908650300
002170,삼양통상,57300,59000,1700,2.97,7503,441638000
272550,삼양패키징,18450,18500,50,0.27,29317,536096400
000070,삼양홀딩스,70800,72100,1300,1.84,8923,640878500
000075,삼양홀딩스우,48550,48900,350,0.72,146,7040100
002810,삼영무역,16050,16050,0,0.0,8080,129249300
005680,삼영전자,10850,10900,50,0.46,17868,194100150
003720,삼영화학,1130,1125,-5,-0.44,127409,141661820
023000,삼원강재,2980,2975,-5,-0.17,3369,10001500
004380,삼익THK,13550,13250,-300,-2.21,231888,3145964250
002450,삼익악기,1920,1960,40,2.08,592822,1159685930
000520,삼일제약,24250,24700,450,1.86,22105,539211800
009770,삼정펄프,33050,33200,150,0.45,661,21785600
005500,삼진제약,28900,29200,300,1.04,22889,667412850
004690,삼천리,91900,92300,400,0.44,1537,141455000
001880,삼호,18850,19050,200,1.06,32585,624710850
010960,삼호개발,4825,4830,5,0.1,39053,188834030
004450,삼화왕관,46000,46100,100,0.22,506,23254850
009470,삼화전기,21100,19400,-1700,-8.06,611612,12122623700
011230,삼화전자,3250,3170,-80,-2.46,144096,457677150
001820,삼화콘덴서,52800,53100,300,0.57,280468,14885120300
000390,삼화페인트,5240,5250,10,0.19,1312,6859970
001290,상상인증권,2175,2200,25,1.15,26980,58966080
041650,상신브레이크,3925,3905,-20,-0.51,5923,23100050
075180,새론오토모티브,5330,5340,10,0.19,2055,10848510
007540,샘표,39600,41100,1500,3.79,91975,3880539000
248170,샘표식품,30000,30200,200,0.67,32561,994748600
007860,서연,4205,4330,125,2.97,207159,893331345
200880,서연이화,5070,5120,50,0.99,63121,319780355
017390,서울가스,74800,74900,100,0.13,73,5467300
004410,서울식품,190,194,4,2.11,2897316,547150810
004415,서울식품우,3935,4010,75,1.91,12184,48794780
021050,서원,1345,1320,-25,-1.86,1018198,1351691205
008490,서흥,32150,32000,-150,-0.47,10287,328138800
007610,선도전기,3595,3620,25,0.7,29932,108601125
136490,선진,10550,10700,150,1.42,3984,42439750
002820,선창산업,5100,5090,-10,-0.2,2448,12489070
014910,성문전자,2395,2375,-20,-0.84,69989,166298560
014915,성문전자우,12600,12650,50,0.4,7120,89241600
003080,성보화학,5070,5060,-10,-0.2,3810,19146700
004980,성신양회,8730,8830,100,1.15,61472,542868490
004985,성신양회우,10550,10750,200,1.9,2310,24707050
011300,성안,563,563,0,0.0,27792,15461285
000180,성창기업지주,1925,1920,-5,-0.26,111232,211649675
002420,세기상사,63100,63500,400,0.63,333,21031400
004360,세방,13000,13000,0,0.0,9784,128143950
004365,세방우,6790,6760,-30,-0.44,6535,44372640
004490,세방전지,43500,44250,750,1.72,14075,620819750
001430,세아베스틸,16850,17250,400,2.37,18512,319611000
306200,세아제강,69800,69800,0,0.0,2544,177048300
003030,세아제강지주,55900,56300,400,0.72,4157,232771100
019440,세아특수강,13900,14250,350,2.52,8669,122599100
058650,세아홀딩스,91400,91200,-200,-0.22,286,26153000
013000,세우글로벌,1830,1880,50,2.73,2903890,5570068985
091090,세원셀론텍,3095,3175,80,2.58,122935,384918005
021820,세원정공,7880,8250,370,4.7,10094,80977270
067830,세이브존IC,3910,3900,-10,-0.26,5180,20084725
033530,세종공업,5150,5150,0,0.0,64036,329398420
075580,세진중공업,4545,4510,-35,-0.77,59502,267112405
027970,세하,1375,1380,5,0.36,15305,20929950
145210,세화아이엠씨,2990,2990,0,0.0,0,0
068270,셀트리온,180500,184500,4000,2.22,453800,83147603000
004430,송원산업,21950,21900,-50,-0.23,265415,5864295050
017550,수산중공업,1560,1575,15,0.96,186501,294270315
002200,수출포장,20250,20550,300,1.48,1887,38697050
053210,스카이라이프,10350,10550,200,1.93,21593,225708900
134790,시디즈,43600,43350,-250,-0.57,936,40302850
016590,신대양제지,75700,76600,900,1.19,6739,516264500
029530,신도리코,46500,45700,-800,-1.72,3889,178064850
004970,신라교역,13100,13150,50,0.38,6505,85137250
011930,신성이엔지,1170,1160,-10,-0.85,4834589,5909379655
005390,신성통상,1360,1380,20,1.47,11204513,15065478885
004170,신세계,269000,273500,4500,1.67,32031,8708869500
035510,신세계IC,125000,124500,-500,-0.4,9000,1115813500
034300,신세계건설,28500,28450,-50,-0.18,3518,99740850
031430,신세계인터내셔날,180000,184500,4500,2.5,21369,3898246500
031440,신세계푸드,83000,82400,-600,-0.72,4953,405562700
006880,신송홀딩스,5240,5230,-10,-0.19,85546,450914610
005800,신영와코루,115000,115500,500,0.43,46,5332500
001720,신영증권,59300,60100,800,1.35,2366,141161300
001725,신영증권우,54200,54300,100,0.18,834,45260300
009270,신원,2195,2285,90,4.1,2195227,5020625280
009275,신원우,55600,56400,800,1.44,3552,198998300
002700,신일산업,1775,1830,55,3.1,4808693,8801222235
019170,신풍제약,6420,6510,90,1.4,113681,736915980
019175,신풍제약우,6050,6090,40,0.66,2072,12606200
002870,신풍제지,1355,1375,20,1.48,70355,95916890
005450,신한,4945,4945,0,0.0,0,0
293940,신한알파리츠,6990,7080,90,1.29,101348,718524620
055550,신한지주,45250,45800,550,1.22,1444975,65975832200
001770,신화실업,21600,26700,5100,23.61,141907,3509338450
004080,신흥,10000,10000,0,0.0,1328,13243990
102280,쌍방울,1020,1050,30,2.94,644412,667443110
003410,쌍용양회,5900,5890,-10,-0.17,470160,2779483050
003415,쌍용양회우,6350,6250,-100,-1.57,4062,25619000
003620,쌍용차,3575,3665,90,2.52,78622,286209230
004770,써니전자,2955,2920,-35,-1.18,991098,2845936955
004920,씨아이테크,492,509,17,3.46,165513,82606885
112610,씨에스윈드,36650,37050,400,1.09,70601,2596557500
008700,아남전자,2515,2575,60,2.39,675871,1732162395
002790,아모레G,58100,58800,700,1.2,145959,8545899800
002795,아모레G우,25200,25300,100,0.4,6409,161135350
090430,아모레퍼시픽,158500,159500,1000,0.63,148986,23724414500
090435,아모레퍼시픽우,86000,85700,-300,-0.35,1398,120514200
002030,아세아,111000,112000,1000,0.9,1343,147944500
183190,아세아시멘트,91400,91200,-200,-0.22,1718,156907800
002310,아세아제지,35200,36250,1050,2.98,14483,525265650
267850,아시아나IDT,20600,21650,1050,5.1,243426,5239194350
020560,아시아나항공,6030,6200,170,2.82,1899506,11694760920
122900,아이마켓코리아,11150,11250,100,0.9,48788,549013700
010780,아이에스동서,34500,35200,700,2.03,44822,1565887300
033660,아주캐피탈,10450,10650,200,1.91,40775,431223750
001780,알루코,2495,2555,60,2.4,88244,223687980
018250,애경산업,35500,35950,450,1.27,55725,2001976700
161000,애경유화,8020,8120,100,1.25,236734,1919108900
011090,에넥스,1180,1175,-5,-0.42,171024,201261035
005850,에스엘,21000,21450,450,2.14,49903,1061794350
012750,에스원,98400,99200,800,0.81,63194,6246375100
023960,에쓰씨엔지니어링,1450,1470,20,1.38,20927,30567325
298690,에어부산,7640,7950,310,4.06,5938112,47072117170
140910,에이리츠,6070,6020,-50,-0.82,3844,23297990
078520,에이블씨엔씨,11200,11300,100,0.89,88548,1014366300
015260,에이엔피,399,412,13,3.26,113302,45728994
007460,에이프로젠KIC,2420,2460,40,1.65,2462600,6107080370
003060,에이프로젠제약,967,991,24,2.48,6343561,6362507992
036570,엔씨소프트,495500,502000,6500,1.31,48490,24237811000
138250,엔에스쇼핑,10600,10750,150,1.42,18959,202302550
085310,엔케이,1325,1265,-60,-4.53,1261679,1618957910
009810,엔케이물산,1205,1180,-25,-2.07,985856,1151252880
900140,엘브이엠씨홀딩스,2845,2975,130,4.57,131783,387547375
014440,영보화학,3785,3870,85,2.25,31810,120262035
111770,영원무역,35150,35150,0,0.0,81513,2870169900
009970,영원무역홀딩스,54700,55400,700,1.28,3078,169298200
003520,영진약품,4915,5060,145,2.95,903023,4565670690
000670,영풍,720000,745000,25000,3.47,1059,779548000
006740,영풍제지,3235,3280,45,1.39,12592,40873855
012280,영화금속,1465,1495,30,2.05,177739,264451965
012160,영흥철강,1315,1340,25,1.9,101522,135097835
015360,예스코홀딩스,41600,41450,-150,-0.36,115,4760400
007310,오뚜기,662000,664000,2000,0.3,3825,2548955000
079440,오렌지라이프,29200,29200,0,0.0,74870,2193379000
002630,오리엔트바이오,494,496,2,0.4,563126,278433480
271560,오리온,84600,84600,0,0.0,84991,7169469200
001800,오리온홀딩스,17300,17500,200,1.16,34918,606871800
070960,용평리조트,7310,7410,100,1.37,302817,2263665420
316140,우리금융지주,13800,13800,0,0.0,650271,8986939400
004720,우리들제약,6760,6840,80,1.18,43519,295666190
118000,우리들휴브레인,2365,2295,-70,-2.96,200655,466419675
010050,우리종금,750,756,6,0.8,670262,507117365
006980,우성사료,3115,3395,280,8.99,4060043,13543871115
017370,우신시스템,5810,5830,20,0.34,2146,12423690
105840,우진,5300,5360,60,1.13,68152,363593000
010400,우진아이엔에스,9500,9710,210,2.21,21990,210743920
049800,우진플라임,4050,4120,70,1.73,13544,55158375
016880,웅진,1490,1510,20,1.34,143536,215651610
095720,웅진씽크빅,2475,2480,5,0.2,335129,834613755
103130,웅진에너지,914,914,0,0.0,0,0
021240,웅진코웨이,83000,84900,1900,2.29,187721,16015186400
005820,원림,18250,18300,50,0.27,130,2368050
010600,웰바이오텍,4800,4810,10,0.21,662420,3220793770
008600,윌비스,1105,1110,5,0.45,113199,125981080
033270,유나이티드제약,23150,23950,800,3.46,46535,1091803750
014830,유니드,47850,47350,-500,-1.04,17221,814217650
000910,유니온,4960,4795,-165,-3.33,1324448,6655114180
047400,유니온머티리얼,3015,2915,-100,-3.32,6064867,18488380645
011330,유니켐,2010,1935,-75,-3.73,2368564,4840840030
077500,유니퀘스트,6460,6690,230,3.56,75210,499130190
002920,유성기업,2975,3000,25,0.84,5552,16593160
000700,유수홀딩스,6900,7020,120,1.74,8701,60327680
003470,유안타증권,3015,3055,40,1.33,141684,431538455
003475,유안타증권우,2155,2165,10,0.46,5848,12585120
011690,유양디앤유,7450,7450,0,0.0,105844,787286070
072130,유엔젤,3745,3890,145,3.87,60293,231439165
000220,유유제약,11050,11100,50,0.45,9713,107966550
000225,유유제약1우,7100,7140,40,0.56,1950,13855990
000227,유유제약2우B,18900,19050,150,0.79,12,227900
001200,유진투자증권,2440,2525,85,3.48,226868,566976830
000100,유한양행,226500,231500,5000,2.21,40624,9368207500
000105,유한양행우,208000,210000,2000,0.96,68,14223500
003460,유화증권,12500,12550,50,0.4,763,9559250
003465,유화증권우,12750,12700,-50,-0.39,102,1297450
008730,율촌화학,13350,13350,0,0.0,13280,177123050
008250,이건산업,8360,8490,130,1.56,41630,351798460
025820,이구산업,1950,1980,30,1.54,155467,306647080
214320,이노션,68700,69500,800,1.16,44740,3117001800
088260,이리츠코크렙,6050,6150,100,1.65,62418,381088120
139480,이마트,130000,129000,-1000,-0.77,343784,44205786500
007660,이수페타시스,5020,5110,90,1.79,308905,1565794175
005950,이수화학,9440,9400,-40,-0.42,8059,75738060
015020,이스타코,620,635,15,2.42,76546,49236147
093230,이아이디,599,536,-63,-10.52,72529902,40823802439
102460,이연제약,14950,15250,300,2.01,13119,198262150
084680,이월드,3125,3195,70,2.24,446470,1415010335
000760,이화산업,17200,17250,50,0.29,87,1495850
014990,인디에프,3225,3450,225,6.98,8565605,29107986330
006490,인스코비,2645,2750,105,3.97,1727052,4819960780
023800,인지컨트롤스,6240,6180,-60,-0.96,76722,479790970
034590,인천도시가스,29400,29400,0,0.0,1800,52808150
129260,인터지스,2430,2445,15,0.62,13384,32933020
023810,인팩,4040,4080,40,0.99,6098,24476625
249420,일동제약,19200,18700,-500,-2.6,2329891,51063842100
000230,일동홀딩스,12650,12650,0,0.0,3725,47046550
013360,일성건설,1365,1380,15,1.1,217590,301353710
003120,일성신약,89300,89200,-100,-0.11,537,47957600
003200,일신방직,91100,91500,400,0.44,267,24356300
007110,일신석재,3105,3200,95,3.06,3066369,9784826565
007570,일양약품,24900,26250,1350,5.42,41651,1074446450
007575,일양약품우,19400,19550,150,0.77,1313,25501950
008500,일정실업,19150,19350,200,1.04,47,906950
081000,일진다이아,37400,37900,500,1.34,1315277,48976794750
020760,일진디스플,5510,4875,-635,-11.52,1681981,8431524550
020150,일진머티리얼즈,40400,40500,100,0.25,240033,9806267100
103590,일진전기,3130,3140,10,0.32,23793,74363730
015860,일진홀딩스,3250,3215,-35,-1.08,255611,824168405
226320,잇츠한불,21000,21150,150,0.71,18514,392919150
033240,자화전자,10650,10650,0,0.0,82604,887714450
000950,전방,17400,17050,-350,-2.01,14661,250004500
194370,제이에스코퍼레이션,13600,14650,1050,7.72,137619,1976475950
025620,제이준코스메틱,5590,5660,70,1.25,137020,771793140
030000,제일기획,29100,29850,750,2.58,261003,7728412700
271980,제일약품,35050,36150,1100,3.14,17267,617884650
001560,제일연마,6650,6580,-70,-1.05,41062,270792050
002620,제일파마홀딩스,20850,20800,-50,-0.24,2168,44945450
006220,제주은행,4585,4595,10,0.22,8115,37146400
089590,제주항공,27800,28150,350,1.26,78403,2174445650
004910,조광페인트,6200,6260,60,0.97,1298,8070630
004700,조광피혁,35550,35700,150,0.42,793,28290250
001550,조비,21100,21550,450,2.13,23429,502961750
000480,조선내화,85000,85600,600,0.71,1555,132449400
120030,조선선재,80500,81300,800,0.99,505,40929900
018470,조일알미늄,897,900,3,0.33,59176,52880189
002600,조흥,159000,161500,2500,1.57,62,9977500
185750,종근당,89600,94400,4800,5.36,39809,3714862900
063160,종근당바이오,26700,27050,350,1.31,14900,399600300
001630,종근당홀딩스,112500,111500,-1000,-0.89,29356,3266688000
044380,주연테크,403,412,9,2.23,437431,178661129
013870,지엠비코리아,6120,6130,10,0.16,42241,257162000
071320,지역난방공사,54300,55300,1000,1.84,13309,740991600
010580,지코,845,863,18,2.13,713170,607112828
035000,지투알,7940,7890,-50,-0.63,2573,20362770
088790,진도,3760,3745,-15,-0.4,7380,27811345
003780,진양산업,3645,3740,95,2.61,185009,687985065
010640,진양폴리,3090,3215,125,4.05,596903,1869032775
100250,진양홀딩스,2580,2585,5,0.19,29120,75041730
051630,진양화학,7050,6940,-110,-1.56,428947,2960670620
272450,진에어,17050,17250,200,1.17,94024,1614062600
011000,진원생명과학,4565,4520,-45,-0.99,347598,1609743640
002780,진흥기업,2245,2250,5,0.22,47576,106534625
002787,진흥기업2우B,14050,13800,-250,-1.78,4032,55584850
002785,진흥기업우B,5370,5370,0,0.0,9036,48328800
009310,참엔지니어링,1365,1350,-15,-1.1,132563,178145800
000650,천일고속,72600,72500,-100,-0.14,313,22705600
012600,청호컴넷,3375,3405,30,0.89,15002,50640475
033250,체시스,1815,1875,60,3.31,3878483,7766364870
035720,카카오,131500,135000,3500,2.66,656218,88209088000
006380,카프로,3970,4000,30,0.76,65837,261714715
109070,컨버즈,3260,3260,0,0.0,0,0
001620,케이비아이동국실업,861,868,7,0.81,36617,31600034
029460,케이씨,14950,14550,-400,-2.68,70642,1036154850
281820,케이씨텍,17500,17450,-50,-0.29,273008,4787159450
145270,케이탑리츠,902,902,0,0.0,162224,145887096
007815,코리아써우,2760,2750,-10,-0.36,300,824890
007810,코리아써키트,5150,5150,0,0.0,18525,94584760
00781K,코리아써키트2우B,4290,4385,95,2.21,50,214685
152330,코리아오토글라스,17500,17850,350,2.0,60388,1080863150
003690,코리안리,8150,8210,60,0.74,91791,749817300
192820,코스맥스,98800,100000,1200,1.21,50644,5053610700
044820,코스맥스비티아이,19050,18700,-350,-1.84,7140,134312400
005070,코스모신소재,14000,13950,-50,-0.36,223808,3124630400
005420,코스모화학,11450,11250,-200,-1.75,138194,1570884350
071950,코아스,1405,1445,40,2.85,260888,373654695
002020,코오롱,17300,17400,100,0.58,15759,273915200
003070,코오롱글로벌,8790,9050,260,2.96,47531,423993820
003075,코오롱글로벌우,16200,16450,250,1.54,649,10528450
144620,코오롱머티리얼,1920,1870,-50,-2.6,349785,666483455
002025,코오롱우,11100,11350,250,2.25,844,9507150
120110,코오롱인더,41000,43000,2000,4.88,221769,9399550700
120115,코오롱인더우,20500,21050,550,2.68,23451,490207400
138490,코오롱플라스틱,5200,6190,990,19.04,11241875,73490701030
031820,콤텍시스템,1805,1805,0,0.0,1302286,2338803995
192400,쿠쿠홀딩스,130000,131000,1000,0.77,2764,360379000
284740,쿠쿠홈시스,43800,44000,200,0.46,19738,868622000
015590,큐로,780,744,-36,-4.62,918586,689334769
264900,크라운제과,9400,9450,50,0.53,12065,113546300
26490K,크라운제과우,8050,8180,130,1.61,2155,17470690
005740,크라운해태홀딩스,11350,11450,100,0.88,66829,776134350
005745,크라운해태홀딩스우,13600,13750,150,1.1,7746,105986500
020120,키다리스튜디오,4450,4335,-115,-2.58,1520533,6677385495
039490,키움증권,77100,78400,1300,1.69,59169,4610642900
012170,키위미디어그룹,153,149,-4,-2.61,3769683,564147288
015890,태경산업,5880,5910,30,0.51,42679,252833540
006890,태경화학,5350,5480,130,2.43,129650,710689630
003240,태광산업,1313000,1331000,18000,1.37,484,642488000
011280,태림포장,6260,6560,300,4.79,724768,4696148930
004100,태양금속,1120,1165,45,4.02,207446,239923825
004105,태양금속우,3125,3190,65,2.08,160691,534062085
009410,태영건설,13700,13700,0,0.0,206844,2832360400
009415,태영건설우,7240,7310,70,0.97,4645,33790840
001420,태원물산,4790,4830,40,0.84,34425,164551395
007980,태평양물산,2905,2915,10,0.34,49565,144218965
055490,테이팩스,21100,21350,250,1.18,3338,70482400
078000,텔코웨어,16500,16550,50,0.3,10522,173796750
214420,토니모리,10750,10750,0,0.0,45787,493826200
019180,티에이치엔,3770,3990,220,5.84,341977,1354412440
091810,티웨이항공,5750,5850,100,1.74,170806,992650020
004870,티웨이홀딩스,1785,1800,15,0.84,112468,202266900
005690,파미셀,8490,8200,-290,-3.42,1368551,11267300200
036580,팜스코,5520,5520,0,0.0,93916,520530250
028670,팬오션,4910,5010,100,2.04,2134960,10723957705
010820,퍼스텍,2325,2315,-10,-0.43,146780,338571225
016800,퍼시스,30300,30050,-250,-0.83,3101,93142450
001020,페이퍼코리아,815,800,-15,-1.84,327539,261883680
090080,평화산업,1535,1510,-25,-1.63,226743,339115200
010770,평화홀딩스,4750,4710,-40,-0.84,56668,265622810
058430,포스코강판,17600,17800,200,1.14,2014,35293100
047050,포스코인터내셔널,17750,17850,100,0.56,101046,1802535500
003670,포스코케미칼,52000,52500,500,0.96,222523,11713492300
007630,폴루스바이오팜,1610,1640,30,1.86,540084,873342820
017810,풀무원,12200,12350,150,1.23,96492,1188497700
103140,풍산,24300,25000,700,2.88,75381,1872492900
005810,풍산홀딩스,37850,39150,1300,3.43,3133,120966350
033180,필룩스,5460,5770,310,5.68,1966773,11165245720
086790,하나금융지주,35450,36000,550,1.55,1094225,39170640250
099340,하나니켈1호,829,832,3,0.36,88200,73237273
099350,하나니켈2호,1530,1520,-10,-0.65,121425,186109460
293480,하나제약,24000,24200,200,0.83,40406,974795300
039130,하나투어,43400,44700,1300,3.0,144828,6465066000
172580,하이골드12호,2770,2780,10,0.36,15759,43652565
153360,하이골드3호,1760,1780,20,1.14,117,208310
159650,하이골드8호,1895,1880,-15,-0.79,13745,25755560
071090,하이스틸,21200,21450,250,1.18,4821,101450550
019490,하이트론,3750,3735,-15,-0.4,5416,20283365
000080,하이트진로,21950,22000,50,0.23,206104,4528540700
000087,하이트진로2우B,16600,16800,200,1.2,2622,43784750
000140,하이트진로홀딩스,9770,9720,-50,-0.51,89070,868490760
000145,하이트진로홀딩스우,14900,15300,400,2.68,113662,1664202850
152550,한국ANKOR유전,1765,1765,0,0.0,26,45760
036460,한국가스공사,43400,43650,250,0.58,89052,3894374650
005430,한국공항,45150,45300,150,0.33,1225,55361300
071050,한국금융지주,76600,79800,3200,4.18,255920,20161827900
071055,한국금융지주우,46850,48300,1450,3.09,10084,482569750
010040,한국내화,5120,5220,100,1.95,85893,446558700
025540,한국단자,62400,63500,1100,1.76,12544,800651600
004090,한국석유,110000,110000,0,0.0,2073,226445500
002960,한국쉘석유,320000,325500,5500,1.72,1306,424646500
123890,한국자산신탁,3980,4015,35,0.88,77667,310665960
015760,한국전력,25500,25850,350,1.37,1014697,26142304400
006200,한국전자홀딩스,790,791,1,0.13,81313,64207519
002300,한국제지,18300,18350,50,0.27,3130,57578250
009540,한국조선해양,110000,111500,1500,1.36,181002,20105351500
023350,한국종합기술,4230,4265,35,0.83,30064,128433495
025890,한국주강,1810,1850,40,2.21,8713,15888815
000970,한국주철관,12750,12800,50,0.39,202633,2573537200
104700,한국철강,5750,5800,50,0.87,30919,177687180
017960,한국카본,7720,8000,280,3.63,451563,3586617670
161890,한국콜마,55700,56800,1100,1.97,56565,3195608800
024720,한국콜마홀딩스,25000,25350,350,1.4,50040,1258577150
161390,한국타이어앤테크놀로지,31350,32000,650,2.07,297954,9540244400
000240,한국테크놀로지그룹,15700,16100,400,2.55,33555,536531000
034830,한국토지신탁,2220,2190,-30,-1.35,293735,644319810
007280,한국특수형강,1585,1595,10,0.63,59041,94975520
168490,한국패러랠,2225,2220,-5,-0.22,9479,21059420
010100,한국프랜지,1735,1745,10,0.58,84719,146187465
047810,한국항공우주,35000,35550,550,1.57,273767,9713170400
123690,한국화장품,8840,8870,30,0.34,29201,259718650
003350,한국화장품제조,26700,27000,300,1.12,9114,245292200
011500,한농화성,4280,4275,-5,-0.12,18609,79678205
002390,한독,23350,23750,400,1.71,40584,954869100
014790,한라,3415,3445,30,0.88,71006,244974150
060980,한라홀딩스,44450,44550,100,0.22,9458,420551200
053690,한미글로벌,9660,9750,90,0.93,24840,242143220
042700,한미반도체,7060,7110,50,0.71,38708,274461370
008930,한미사이언스,47850,48150,300,0.63,65076,3126662500
128940,한미약품,294000,296000,2000,0.68,37959,11235170500
009240,한샘,68200,70800,2600,3.81,72891,5127534300
020000,한섬,35850,36750,900,2.51,42617,1558996300
003680,한성기업,5930,5980,50,0.84,28559,170148440
105630,한세실업,19700,20350,650,3.3,100635,2032497550
069640,한세엠케이,5350,5330,-20,-0.37,4086,21887130
016450,한세예스24홀딩스,7980,8050,70,0.88,37251,298447670
010420,한솔PNS,1645,1735,90,5.47,1094141,1861532530
009180,한솔로지스틱스,1360,1390,30,2.21,40583,55705115
213500,한솔제지,15050,15050,0,0.0,63398,951215050
014680,한솔케미칼,85900,84500,-1400,-1.63,29153,2467690000
004710,한솔테크닉스,6370,6410,40,0.63,395713,2505137660
004150,한솔홀딩스,4770,4800,30,0.63,72420,346045970
025750,한솔홈데코,1280,1315,35,2.73,258884,337794560
004960,한신공영,16800,16850,50,0.3,13683,228996550
011700,한신기계,1780,1740,-40,-2.25,1306948,2293705605
001750,한양증권,7320,7260,-60,-0.82,17654,128837260
001755,한양증권우,8430,8530,100,1.19,357,2982100
018880,한온시스템,11800,12050,250,2.12,702570,8387854950
009420,한올바이오파마,26850,27550,700,2.61,221979,6126853200
014130,한익스프레스,6470,6550,80,1.24,82649,539736350
300720,한일시멘트,118500,117000,-1500,-1.27,2924,341563000
002220,한일철강,2235,2230,-5,-0.22,37479,83085530
006390,한일현대시멘트,32000,33100,1100,3.44,18953,622538150
003300,한일홀딩스,52000,52300,300,0.58,2824,147896000
051600,한전KPS,30450,31200,750,2.46,118614,3696151200
052690,한전기술,18850,19700,850,4.51,72699,1419566250
130660,한전산업,3455,3450,-5,-0.14,15142,52266645
002320,한진,31700,32350,650,2.05,40271,1299538750
097230,한진중공업,5550,5740,190,3.42,517248,3019372050
003480,한진중공업홀딩스,3305,3280,-25,-0.76,14986,49570505
180640,한진칼,28000,28950,950,3.39,371362,10631935600
18064K,한진칼우,36150,37900,1750,4.84,42847,1626021300
005110,한창,3080,3125,45,1.46,954396,2991118805
009460,한창제지,2795,2890,95,3.4,637484,1821570500
000880,한화,25200,25850,650,2.58,179149,4590766700
00088K,한화3우B,13600,13950,350,2.57,30694,422730400
027390,한화갤러리아타임월드,19900,20000,100,0.5,9848,195691750
088350,한화생명,2725,2780,55,2.02,1403146,3883599255
000370,한화손해보험,3545,3645,100,2.82,132789,478029435
012450,한화에어로스페이스,32900,33100,200,0.61,114680,3803275750
000885,한화우,33150,34050,900,2.71,47228,1593731050
009830,한화케미칼,20650,20750,100,0.48,670708,13799154300
009835,한화케미칼우,12950,13100,150,1.16,6288,82121500
003530,한화투자증권,2250,2335,85,3.78,287426,661424950
003535,한화투자증권우,2290,2310,20,0.87,37289,85984320
195870,해성디에스,13800,13600,-200,-1.45,36200,499151600
101530,해태제과식품,8820,8910,90,1.02,11142,100271610
143210,핸즈코퍼레이션,6430,6370,-60,-0.93,39829,251261420
000720,현대건설,46200,46150,-50,-0.11,728912,33649553800
267270,현대건설기계,36350,36450,100,0.28,56737,2048642400
000725,현대건설우,170500,171000,500,0.29,668,114271500
005440,현대그린푸드,13300,13250,-50,-0.38,131038,1750493450
086280,현대글로비스,153500,160000,6500,4.23,66165,10434443500
064350,현대로템,18650,18950,300,1.61,272200,5143249200
079430,현대리바트,17200,17300,100,0.58,18606,322079850
012330,현대모비스,231000,233500,2500,1.08,134565,31212381500
010620,현대미포조선,46100,47350,1250,2.71,155701,7326543900
069960,현대백화점,78000,78700,700,0.9,41013,3215589200
004560,현대비앤지스틸,9200,9200,0,0.0,28625,264012210
004565,현대비앤지스틸우,63000,63100,100,0.16,141,8901500
011760,현대상사,21300,21650,350,1.64,35414,763371650
011200,현대상선,3480,3540,60,1.72,358062,1253422090
004310,현대약품,5040,4925,-115,-2.28,1174506,5871435780
126560,현대에이치씨엔,3815,3825,10,0.26,19450,73701320
017800,현대엘리베이,84800,86500,1700,2.0,191864,16562929200
307950,현대오토에버,51200,53400,2200,4.3,49236,2620120100
011210,현대위아,49650,50200,550,1.11,126851,6293085350
267260,현대일렉트릭,15950,15850,-100,-0.63,52256,827993450
004020,현대제철,39000,39850,850,2.18,239656,9531889200
267250,현대중공업지주,329000,331000,2000,0.61,15401,5110082500
005380,현대차,134000,134500,500,0.37,363374,48674446500
005387,현대차2우B,82400,83900,1500,1.82,53445,4444958400
005389,현대차3우B,73700,74500,800,1.09,2866,211816200
005385,현대차우,75700,76500,800,1.06,14415,1096499600
001500,현대차증권,10050,10300,250,2.49,60254,619130400
227840,현대코퍼레이션홀딩스,12950,13050,100,0.77,22889,296635300
001450,현대해상,26550,27700,1150,4.33,332374,9052966900
057050,현대홈쇼핑,101000,100500,-500,-0.5,16554,1667071000
093240,형지엘리트,1610,1630,20,1.24,124142,202064895
003010,혜인,4995,5070,75,1.5,62154,314377620
111110,호전실업,12200,12500,300,2.46,7200,90946600
008770,호텔신라,81900,82500,600,0.73,438778,36012318200
008775,호텔신라우,50200,51000,800,1.59,3321,169425100
002460,화성산업,13300,13400,100,0.75,21636,288855550
013520,화승알앤에이,2040,2070,30,1.47,12857,26402250
241590,화승엔터프라이즈,13600,14200,600,4.41,82572,1148890250
006060,화승인더,9310,9370,60,0.64,123003,1149658280
010690,화신,2590,2895,305,11.78,37061,103052250
133820,화인베스틸,3005,3090,85,2.83,1836276,5899897095
010660,화천기계,3500,3330,-170,-4.86,2666602,8988855230
000850,화천기공,44700,44200,-500,-1.12,6756,297379000
016580,환인제약,17100,17300,200,1.17,14032,241282150
032560,황금에스티,8340,8700,360,4.32,217608,1879571240
004800,효성,78400,77900,-500,-0.64,79821,6234725700
094280,효성ITX,9700,9750,50,0.52,19465,190022090
298040,효성중공업,29350,30650,1300,4.43,45770,1388283550
298050,효성첨단소재,130000,125500,-4500,-3.46,92729,11591103000
298020,효성티앤씨,145000,143500,-1500,-1.03,9708,1388126000
298000,효성화학,159500,164500,5000,3.13,18781,3083207000
093370,후성,11150,10700,-450,-4.04,26842553,290748124250
081660,휠라코리아,69900,69700,-200,-0.29,504911,35091695436
005870,휴니드,7510,7500,-10,-0.13,8133,60859650
079980,휴비스,7100,7100,0,0.0,28474,202047350
005010,휴스틸,11500,11700,200,1.74,6679,77335050
069260,휴켐스,22600,22600,0,0.0,84523,1900857400
000540,흥국화재,4160,4140,-20,-0.48,13961,57881280
000547,흥국화재2우B,22200,22450,250,1.13,65,1446750
000545,흥국화재우,5470,5420,-50,-0.91,5004,27052430
003280,흥아해운,575,569,-6,-1.04,344846,195638321
