티커,종목명,시가,종가,변동폭,등락률,거래량,거래대금
095570,AJ네트웍스,5870,6140,270,4.6,734115,4557748070
068400,AJ렌터카,11700,11850,150,1.28,138178,1634407350
006840,AK홀딩스,55400,55700,300,0.54,11386,634323700
027410,BGF,8350,8340,-10,-0.12,119825,1000844020
282330,BGF리테일,217000,220000,3000,1.38,23250,5102355500
138930,BNK금융지주,7130,7120,-10,-0.14,632392,4515953650
001460,BYC,248500,252000,3500,1.41,3570,896338000
001465,BYC우,129000,150000,21000,16.28,9217,1374822500
001040,CJ,128000,128500,500,0.39,33266,4257491500
079160,CJCGV,44150,44250,100,0.23,78069,3443633150
000120,CJ대한통운,170000,169000,-1000,-0.59,48446,8185442500
011150,CJ씨푸드,2325,2315,-10,-0.43,48420,111147380
011155,CJ씨푸드1우,28000,28000,0,0.0,243,6768850
001045,CJ우,58900,59000,100,0.17,3662,213987200
097950,CJ제일제당,328500,329000,500,0.15,23311,7664385500
097955,CJ제일제당우,138000,140000,2000,1.45,6348,880574500
037560,CJ헬로,9220,9200,-20,-0.22,109470,1009272350
000590,CS홀딩스,62700,62900,200,0.32,394,24574200
012030,DB,882,884,2,0.23,432598,381555349
016610,DB금융투자,5080,5080,0,0.0,32429,164122170
005830,DB손해보험,68600,67900,-700,-1.02,133277,9094127300
000990,DB하이텍,13950,13600,-350,-2.51,412663,5645653300
000995,DB하이텍1우,36950,37650,700,1.89,726,26912750
139130,DGB금융지주,8440,8330,-110,-1.3,974345,8108969330
004840,DRB동일,6430,6510,80,1.24,31061,199574940
155660,DSR,4865,4810,-55,-1.13,49324,237415530
069730,DSR제강,5420,5390,-30,-0.55,112917,605006970
017940,E1,64000,64100,100,0.16,7748,495683300
007700,FF,79600,81000,1400,1.76,111774,8914583100
114090,GKL,23050,22800,-250,-1.08,212069,4824109550
078930,GS,53600,53100,-500,-0.93,76583,4087539600
006360,GS건설,42200,41350,-850,-2.01,605440,25140241400
001250,GS글로벌,2685,2685,0,0.0,90591,243190320
007070,GS리테일,37650,37600,-50,-0.13,119321,4495617400
078935,GS우,37850,37850,0,0.0,699,26389200
012630,HDC,19400,19200,-200,-1.03,172403,3343589600
039570,HDC아이콘트롤스,10400,10400,0,0.0,18613,192974350
089470,HDC현대EP,4470,4475,5,0.11,27893,125145635
294870,HDC현대산업개발,48800,48300,-500,-1.02,90155,4377853500
082740,HSD엔진,4695,4700,5,0.11,118551,554486755
003560,IHQ,2075,2045,-30,-1.45,1675989,3424584325
175330,JB금융지주,5730,5680,-50,-0.87,284826,1620545590
234080,JW생명과학,23700,24250,550,2.32,102453,2463863850
001060,JW중외제약,38100,38000,-100,-0.26,26893,1022946450
001067,JW중외제약2우B,43150,43150,0,0.0,250,10747750
001065,JW중외제약우,27150,27100,-50,-0.18,1050,28412500
096760,JW홀딩스,7020,6990,-30,-0.43,54824,385935010
105560,KB금융,45000,44800,-200,-0.44,1255478,56282648600
002380,KCC,314000,312500,-1500,-0.48,11775,3685971000
009070,KCTC,3495,3445,-50,-1.43,211055,732264020
009440,KC그린홀딩스,5310,5350,40,0.75,111309,596152600
119650,KC코트렐,7790,7540,-250,-3.21,729056,5575182610
092220,KEC,1175,1200,25,2.13,1076539,1280298575
001390,KG케미칼,15000,15000,0,0.0,45394,683533200
001940,KISCO홀딩스,13250,13100,-150,-1.13,9578,125999500
025000,KPX케미칼,59400,59500,100,0.17,3032,180001100
092230,KPX홀딩스,60400,60000,-400,-0.66,179,10738700
000040,KR모터스,528,530,2,0.38,190453,99934526
044450,KSS해운,7120,7100,-20,-0.28,37977,268650620
030200,KT,27450,27200,-250,-0.91,602810,16510232056
033780,KTG,103500,102000,-1500,-1.45,216458,22209880500
030210,KTB투자증권,3170,3190,20,0.63,131307,416925365
058850,KTcs,2355,2360,5,0.21,56035,131586970
093050,LF,26800,26500,-300,-1.12,75973,2026219750
003550,LG,76900,78300,1400,1.82,253267,19766048300
034220,LG디스플레이,20750,21750,1000,4.82,3635185,78521821200
001120,LG상사,17500,17700,200,1.14,165486,2928374200
051900,LG생활건강,1404000,1443000,39000,2.78,31343,44836707000
051905,LG생활건강우,814000,826000,12000,1.47,3630,2973298000
003555,LG우,45450,45700,250,0.55,3165,144281850
032640,LG유플러스,14600,14450,-150,-1.03,1972196,28686504000
011070,LG이노텍,117000,122500,5500,4.7,215647,25965963000
066570,LG전자,76400,77600,1200,1.57,1049976,81233225900
066575,LG전자우,30400,31100,700,2.3,31083,959587500
108670,LG하우시스,63100,63100,0,0.0,20283,1284501100
108675,LG하우시스우,31150,31150,0,0.0,350,10879600
051910,LG화학,383500,387000,3500,0.91,159712,61633060500
051915,LG화학우,209500,213000,3500,1.67,8904,1882559000
079550,LIG넥스원,37650,37500,-150,-0.4,46228,1739145100
006260,LS,53800,53600,-200,-0.37,49243,2653937400
000680,LS네트웍스,3315,3320,5,0.15,66413,219267760
010120,LS산전,49750,49700,-50,-0.1,77867,3865469850
229640,LS전선아시아,6050,6050,0,0.0,18591,111956410
023150,MH에탄올,6780,6770,-10,-0.15,6843,46161820
035420,NAVER,121500,121500,0,0.0,423498,51453372250
181710,NHN엔터테인먼트,86200,86100,-100,-0.12,151753,12909763200
005940,NH투자증권,14450,14350,-100,-0.69,834303,11962664750
005945,NH투자증권우,9080,9080,0,0.0,33507,303212130
034310,NICE,20500,21550,1050,5.12,218385,4660378200
008260,NI스틸,2525,2520,-5,-0.2,25751,64746490
004250,NPC,4190,4140,-50,-1.19,17799,74441240
004255,NPC우,2230,2230,0,0.0,8283,18451195
010060,OCI,97900,97200,-700,-0.72,56241,5494310000
005490,POSCO,276500,273000,-3500,-1.27,167007,45804212400
100840,STC,12700,12600,-100,-0.79,1471,18561450
064960,ST모티브,41800,42050,250,0.6,65367,2770849250
003570,ST중공업,7280,7500,220,3.02,21063,156493650
036530,ST홀딩스,13100,13000,-100,-0.76,5680,73575550
010950,S-Oil,95400,93500,-1900,-1.99,321458,30241966000
010955,S-Oil우,63500,63400,-100,-0.16,10507,666043600
034120,SBS,28000,27600,-400,-1.43,111747,3144330450
101060,SBS미디어홀딩스,2400,2420,20,0.83,124353,298902015
004060,SG세계물산,791,787,-4,-0.51,280066,222497618
001380,SG충방,2365,2365,0,0.0,273295,643614655
002360,SH에너지화학,1120,1115,-5,-0.45,419678,466046410
009160,SIMPAC,2710,2730,20,0.74,60643,163744880
123700,SJM,3265,3295,30,0.92,8075,26413130
025530,SJM홀딩스,3205,3215,10,0.31,5051,16327720
034730,SK,276000,276000,0,0.0,80283,22139385000
011790,SKC,36150,35950,-200,-0.55,72906,2627999750
018670,SK가스,91700,92500,800,0.87,17532,1612106500
001740,SK네트웍스,6150,6130,-20,-0.33,879073,5431267240
001745,SK네트웍스우,55100,54500,-600,-1.09,90,4936000
006120,SK디스커버리,27200,27350,150,0.55,19397,531091300
006125,SK디스커버리우,16000,16100,100,0.63,4970,79715700
210980,SK디앤디,29250,29500,250,0.85,11486,337145800
03473K,SK우,148000,148000,0,0.0,1129,166543000
096770,SK이노베이션,185500,185500,0,0.0,138952,25827021500
096775,SK이노베이션우,130000,130500,500,0.38,3632,471933500
001510,SK증권,710,711,1,0.14,833382,591492410
001515,SK증권우,3360,3360,0,0.0,17060,57321425
285130,SK케미칼,69000,68200,-800,-1.16,32088,2195153700
28513K,SK케미칼우,24400,24350,-50,-0.2,2849,69524150
017670,SK텔레콤,245500,244000,-1500,-0.61,113083,27647147500
000660,SK하이닉스,77900,77800,-100,-0.13,2322860,181154774600
005610,SPC삼립,135000,136000,1000,0.74,10002,1354431500
011810,STX,16200,16100,-100,-0.62,20345,326067450
077970,STX엔진,7430,7370,-60,-0.81,8866,65665330
071970,STX중공업,5920,5860,-60,-1.01,67050,393878850
084870,TBH글로벌,2810,2800,-10,-0.36,87002,244922615
002710,TCC동양,2665,2560,-105,-3.94,294380,757089945
024070,WISCOM,2680,2670,-10,-0.37,16267,43434480
037270,YGPLUS,1975,1945,-30,-1.52,78460,152418900
000500,가온전선,17350,17500,150,0.86,2599,45452350
000860,강남제비스코,27100,27200,100,0.37,6016,162553100
035250,강원랜드,31500,31250,-250,-0.79,402461,12557840080
011420,갤럭시아에스엠,1565,1550,-15,-0.96,29860,46020290
002100,경농,15400,15500,100,0.65,312876,4787347550
009450,경동나비엔,54800,54000,-800,-1.46,123716,6658974700
267290,경동도시가스,35050,34950,-100,-0.29,13961,488956250
012320,경동인베스트,40400,40150,-250,-0.62,6502,262138100
000050,경방,10600,10600,0,0.0,40225,429655650
214390,경보제약,10650,10600,-50,-0.47,27431,290551650
012610,경인양행,6240,6190,-50,-0.8,212328,1310641520
009140,경인전자,32200,32600,400,1.24,2414,77778550
013580,계룡건설,24750,24600,-150,-0.61,5553,137506550
012200,계양전기,3635,3665,30,0.83,44106,161260100
012205,계양전기우,8250,8230,-20,-0.24,5848,48232400
004200,고려개발,4910,4875,-35,-0.71,7821,38386145
002140,고려산업,2265,2260,-5,-0.22,63380,142854825
010130,고려아연,480500,480500,0,0.0,36881,17795771500
002240,고려제강,26100,25850,-250,-0.96,6169,160870100
001290,골든브릿지증권,2770,2735,-35,-1.26,37208,102486845
009290,광동제약,7020,7060,40,0.57,41233,290392020
017040,광명전기,2615,2610,-5,-0.19,217559,564091275
017900,광전자,2725,2690,-35,-1.28,394432,1070483200
037710,광주신세계,188000,191000,3000,1.6,634,119650500
030610,교보증권,9890,9920,30,0.3,38135,377228660
007690,국도화학,50800,50300,-500,-0.98,3809,192556400
005320,국동,2605,2690,85,3.26,146288,389311405
001140,국보,22750,23650,900,3.96,93624,2204470200
002720,국제약품,5390,5170,-220,-4.08,646561,3388362060
083420,그린케미칼,3535,3530,-5,-0.14,6893,24235870
014530,극동유화,3545,3540,-5,-0.14,66324,234850405
014280,금강공업,24850,24850,0,0.0,24192,597597250
014285,금강공업우,78500,77300,-1200,-1.53,8979,684767800
008870,금비,69300,69300,0,0.0,901,62727600
001570,금양,2350,2355,5,0.21,34241,80497025
002990,금호산업,9750,9740,-10,-0.1,186876,1816728290
002995,금호산업우,22050,22050,0,0.0,1410,31314850
011780,금호석유,104000,103500,-500,-0.48,88032,9092400000
011785,금호석유우,36400,36350,-50,-0.14,2343,84917050
214330,금호에이치티,6320,6300,-20,-0.32,46302,289688570
001210,금호전기,4990,5000,10,0.2,82756,407819345
073240,금호타이어,4555,4555,0,0.0,198797,907929525
092440,기신정기,3850,3850,0,0.0,6572,25385170
000270,기아차,39000,38950,-50,-0.13,1140676,44471079206
024110,기업은행,14500,14450,-50,-0.34,475222,6874905650
013700,까뮤이앤씨,1350,1350,0,0.0,279041,373355120
004540,깨끗한나라,2425,2450,25,1.03,114848,282693420
004545,깨끗한나라우,14800,15100,300,2.03,4218,63374350
074610,나노메딕스,5160,5080,-80,-1.55,276407,1408180890
001260,남광토건,14350,14250,-100,-0.7,15609,221800950
008350,남선알미늄,2450,2480,30,1.22,2018354,4991397170
008355,남선알미우,25250,25900,650,2.57,19331,488646600
004270,남성,1895,1910,15,0.79,314603,602318195
003920,남양유업,613000,611000,-2000,-0.33,394,241988000
003925,남양유업우,208000,208000,0,0.0,1,208000
002070,남영비비안,6370,6350,-20,-0.31,406,2565170
025860,남해화학,11600,11550,-50,-0.43,91947,1061101700
005720,넥센,6380,6450,70,1.1,18205,116817830
005725,넥센우,3790,3800,10,0.26,99,375195
002350,넥센타이어,10950,10950,0,0.0,74645,817891550
002355,넥센타이어1우B,4000,4000,0,0.0,339,1357535
003580,넥스트사이언스,6640,6550,-90,-1.36,132940,869171900
251270,넷마블,123500,123000,-500,-0.4,102691,12628499500
090350,노루페인트,8170,8220,50,0.61,35817,293385180
090355,노루페인트우,10850,11150,300,2.76,27402,303749150
000320,노루홀딩스,12950,12850,-100,-0.77,4957,63765400
000325,노루홀딩스우,18400,18350,-50,-0.27,318,5802650
006280,녹십자,143500,142000,-1500,-1.05,31589,4502050500
005250,녹십자홀딩스,24800,24300,-500,-2.02,33841,827458000
005257,녹십자홀딩스2우,17700,17350,-350,-1.98,4753,83249000
004370,농심,290000,287000,-3000,-1.03,18951,5443789000
072710,농심홀딩스,83600,84200,600,0.72,1492,124624600
058730,다스코,7800,7800,0,0.0,67312,523573720
023590,다우기술,23650,23300,-350,-1.48,88114,2055008050
019680,대교,6220,6170,-50,-0.8,84965,526096280
019685,대교우B,4455,4455,0,0.0,3469,15424310
006370,대구백화점,7870,7780,-90,-1.14,12088,94122930
008060,대덕전자,9660,9700,40,0.41,318250,3077036000
00806K,대덕전자1우,5670,5680,10,0.18,5460,30870330
000490,대동공업,5860,5840,-20,-0.34,34717,202404660
008110,대동전자,3440,3480,40,1.16,3382,11727635
005750,대림BCo,5350,5350,0,0.0,21966,116701000
000210,대림산업,98700,97900,-800,-0.81,90480,8866132700
000215,대림산업우,39100,39050,-50,-0.13,1211,46983350
004440,대림씨엔에스,11100,11100,0,0.0,10143,111929900
006570,대림통상,4265,4200,-65,-1.52,2305,9691390
001680,대상,27600,27050,-550,-1.99,110792,3004504800
001685,대상우,13250,13100,-150,-1.13,3062,40187900
084690,대상홀딩스,8770,8770,0,0.0,17493,153423970
084695,대상홀딩스우,6050,6070,20,0.33,117,710490
128820,대성산업,5190,5410,220,4.24,374479,2000854480
117580,대성에너지,5450,5420,-30,-0.55,4360,23667650
016710,대성홀딩스,7390,7400,10,0.14,12710,93856960
003540,대신증권,11600,11600,0,0.0,139238,1612038200
003547,대신증권2우B,8300,8300,0,0.0,2127,17631350
003545,대신증권우,8880,8910,30,0.34,54273,483365510
009190,대양금속,6000,6000,0,0.0,33484,194816810
014160,대영포장,1215,1210,-5,-0.41,1626848,1982789565
047040,대우건설,5100,5060,-40,-0.78,504234,2567744370
009320,대우부품,2660,2655,-5,-0.19,609094,1616581355
042660,대우조선해양,28550,28900,350,1.23,242188,7046053750
003090,대웅,19800,19900,100,0.51,33380,663163500
069620,대웅제약,185500,187000,1500,0.81,21374,4025529000
000430,대원강업,4900,4920,20,0.41,95043,467060905
006340,대원전선,1535,1550,15,0.98,227281,348753920
006345,대원전선우,3480,3490,10,0.29,12430,42845385
003220,대원제약,16900,17250,350,2.07,91138,1561901800
024890,대원화성,1860,1845,-15,-0.81,89400,164363815
002880,대유에이텍,1130,1125,-5,-0.44,808773,908467410
000300,대유플러스,977,965,-12,-1.23,426069,410854220
012800,대창,1005,996,-9,-0.9,167909,167281676
015230,대창단조,40250,40250,0,0.0,3841,154675150
001070,대한방직,14000,13900,-100,-0.71,810,11240900
006650,대한유화,161000,160500,-500,-0.31,14658,2365516000
001440,대한전선,1125,1135,10,0.89,1114753,1256435865
084010,대한제강,6150,6160,10,0.16,34426,212234630
001790,대한제당,21000,20800,-200,-0.95,1612,33563700
001799,대한제당3우B,23500,23500,0,0.0,54,1267350
001795,대한제당우,12300,12350,50,0.41,120,1488300
001130,대한제분,220500,229500,9000,4.08,16434,3800388000
003490,대한항공,32500,32050,-450,-1.38,1270717,41403802900
003495,대한항공우,15800,18400,2600,16.46,1276455,23337631500
005880,대한해운,21800,21900,100,0.46,25999,570328250
003830,대한화섬,108000,107500,-500,-0.46,162,17447500
016090,대현,2620,2625,5,0.19,147442,389223795
069460,대호에이엘,5420,5420,0,0.0,0,0
192080,더블유게임즈,60800,60300,-500,-0.82,47369,2877371300
012510,더존비즈온,47800,47050,-750,-1.57,86468,4062626300
004830,덕성,3220,3230,10,0.31,12094,38920390
004835,덕성우,4020,4000,-20,-0.5,13531,53350805
024900,덕양산업,1380,1385,5,0.36,111697,154198700
145720,덴티움,61700,61500,-200,-0.32,12128,746448700
002150,도화엔지니어링,10650,11050,400,3.76,339729,3683819750
001620,동국실업,923,918,-5,-0.54,65240,59817220
001230,동국제강,7990,7950,-40,-0.5,130598,1047310910
023450,동남합성,23150,23400,250,1.08,1622,37690550
004140,동방,1820,1810,-10,-0.55,283063,514110865
007590,동방아그로,7150,7200,50,0.7,4141,29539030
005960,동부건설,8580,8510,-70,-0.82,35659,304016990
005965,동부건설우,16750,16750,0,0.0,2418,39895000
016380,동부제철,8730,9550,820,9.39,352517,3395366000
016385,동부제철우,35800,36950,1150,3.21,4501,166163550
083370,동북아12호,5010,5010,0,0.0,0,0
083380,동북아13호,5030,5040,10,0.2,109,548910
026960,동서,19900,19750,-150,-0.75,135914,2692103050
002210,동성제약,16100,16050,-50,-0.31,206882,3341447150
102260,동성코퍼레이션,5360,5310,-50,-0.93,26692,142457640
005190,동성화학,14250,14250,0,0.0,6448,91889250
000640,동아쏘시오홀딩스,110000,111500,1500,1.36,8376,934594000
170900,동아에스티,96800,98100,1300,1.34,19890,1947169000
028100,동아지질,17650,18100,450,2.55,162853,2932918250
282690,동아타이어,13050,12850,-200,-1.53,1640,21248750
001520,동양,1965,1965,0,0.0,222119,437565050
001527,동양2우B,10850,10700,-150,-1.38,2173,23158450
001529,동양3우B,30750,30750,0,0.0,100,3068850
084670,동양고속,27700,27450,-250,-0.9,949,26006000
030790,동양네트웍스,2720,3085,365,13.42,38529191,119339659785
002900,동양물산,1805,1790,-15,-0.83,392140,702392600
082640,동양생명,4515,4505,-10,-0.22,122918,552771435
001525,동양우,8370,8590,220,2.63,1390,11920930
008970,동양철관,1400,1415,15,1.07,1165762,1645535375
092780,동양피스톤,5920,5860,-60,-1.01,192479,1128196750
049770,동원FB,252500,250500,-2000,-0.79,7348,1842560000
018500,동원금속,883,853,-30,-3.4,461509,395936306
006040,동원산업,260000,264000,4000,1.54,7691,2030778000
030720,동원수산,8650,8720,70,0.81,16395,142059910
014820,동원시스템즈,33850,33300,-550,-1.62,21422,717429700
014825,동원시스템즈우,21950,22600,650,2.96,4272,96150500
163560,동일고무벨트,6880,6830,-50,-0.73,6489,44389440
001530,동일방직,84100,85800,1700,2.02,38755,3372835800
004890,동일산업,57200,56900,-300,-0.52,3147,179063700
002690,동일제강,3235,3200,-35,-1.08,25344,80662715
000020,동화약품,9450,9390,-60,-0.63,35620,335159490
000150,두산,97300,97200,-100,-0.1,37904,3694438000
000157,두산2우B,72700,72900,200,0.28,132,9529400
011160,두산건설,1325,1315,-10,-0.75,184029,240852780
241560,두산밥캣,31150,31400,250,0.8,142369,4479701950
000155,두산우,72600,72500,-100,-0.14,1553,112597000
042670,두산인프라코어,7520,7540,20,0.27,821687,6212444010
034020,두산중공업,7300,7300,0,0.0,456850,3340315940
016740,두올,3565,3590,25,0.7,457990,1631576825
192650,드림텍,14400,14300,-100,-0.69,472953,6844108900
024090,디씨엠,11350,11100,-250,-2.2,1899,21327600
003160,디아이,4140,4110,-30,-0.72,99778,409318255
092200,디아이씨,6160,6230,70,1.14,82525,514633450
013570,디와이,5650,5590,-60,-1.06,89992,505622080
210540,디와이파워,18200,18200,0,0.0,70924,1292767550
007340,디티알오토모티브,32600,32250,-350,-1.07,4732,153564450
026890,디피씨,8300,8150,-150,-1.81,2788362,22833961080
115390,락앤락,19450,19500,50,0.26,71347,1390955950
032350,롯데관광개발,13500,13300,-200,-1.48,233955,3121850000
000400,롯데손해보험,2930,2905,-25,-0.85,91171,265606605
023530,롯데쇼핑,178500,179000,500,0.28,135078,24053320500
004000,롯데정밀화학,50800,50600,-200,-0.39,60476,3080094400
286940,롯데정보통신,48300,48850,550,1.14,45661,2218092800
280360,롯데제과,181500,180500,-1000,-0.55,3025,543037500
004990,롯데지주,50600,50600,0,0.0,68946,3492407800
00499K,롯데지주우,50400,50500,100,0.2,286,14394500
005300,롯데칠성,1692000,1715000,23000,1.36,1612,2752261000
005305,롯데칠성우,728000,730000,2000,0.27,59,43026000
011170,롯데케미칼,299000,298500,-500,-0.17,76991,23059141500
002270,롯데푸드,637000,638000,1000,0.16,1429,913137000
071840,롯데하이마트,51500,50400,-1100,-2.14,88434,4450039000
027740,마니커,829,825,-4,-0.48,758581,626607752
204320,만도,31900,32550,650,2.04,577249,18798876050
001080,만호제강,17500,17950,450,2.57,1834,32641100
088980,맥쿼리인프라,10800,10850,50,0.46,772473,8349670750
094800,맵스리얼티1,4220,4175,-45,-1.07,81455,341656970
015540,메디파트너생명공학,6510,6510,0,0.0,12404,79934290
138040,메리츠금융지주,14100,14300,200,1.42,110810,1585938850
008560,메리츠종금증권,5180,5250,70,1.35,3870500,20385904300
000060,메리츠화재,24650,23900,-750,-3.04,339032,8166466500
090370,메타랩스,1960,2430,470,23.98,21417093,49999912310
017180,명문제약,5480,5510,30,0.55,147924,817020810
012690,모나리자,4270,4190,-80,-1.87,418586,1760803420
005360,모나미,2790,2880,90,3.23,1597946,4763014425
204210,모두투어리츠,3050,3030,-20,-0.66,4559,13897855
009680,모토닉,12450,12650,200,1.61,230373,2904899550
009580,무림PP,5940,5920,-20,-0.34,177224,1048750200
009200,무림페이퍼,3345,3345,0,0.0,159677,535907735
033920,무학,13000,13050,50,0.38,16296,213109650
008420,문배철강,3170,3185,15,0.47,120637,383903255
025560,미래산업,163,165,2,1.23,2744908,448600039
007120,미래아이앤지,400,395,-5,-1.25,213619,83846989
006800,미래에셋대우,7860,7780,-80,-1.02,1524333,11816288730
00680K,미래에셋대우2우B,3890,3870,-20,-0.51,243435,939670515
006805,미래에셋대우우,4280,4290,10,0.23,11701,49994700
085620,미래에셋생명,5140,5150,10,0.19,66131,339974450
002840,미원상사,51900,51700,-200,-0.39,2353,121780600
268280,미원에스씨,69300,68800,-500,-0.72,1156,80310200
107590,미원홀딩스,40250,41000,750,1.86,4343,176967800
134380,미원화학,40650,40550,-100,-0.25,716,29064150
003650,미창석유,79700,81200,1500,1.88,1202,96591100
155900,바다로19호,2955,2955,0,0.0,2490,7362545
003610,방림,2315,2320,5,0.22,28302,65559995
001340,백광산업,2880,2890,10,0.35,261681,756986850
014580,백광소재,3180,3150,-30,-0.94,297621,935915670
035150,백산,7960,7990,30,0.38,174678,1396477680
002410,범양건영,1900,1915,15,0.79,76688,146438455
096300,베트남개발1,383,386,3,0.78,193019,74229078
007210,벽산,2875,2840,-35,-1.22,282660,803195855
002760,보락,2320,2320,0,0.0,169730,392033280
003850,보령제약,12500,12150,-350,-2.8,481799,5922018550
000890,보해양조,1545,1525,-20,-1.29,1926521,2962562325
003000,부광약품,18000,18050,50,0.28,327277,5917665050
001270,부국증권,21000,20900,-100,-0.48,4242,88851950
001275,부국증권우,19300,19400,100,0.52,50,969450
026940,부국철강,3090,3090,0,0.0,74847,229512705
015350,부산가스,38700,38600,-100,-0.26,2357,91254850
011390,부산산업,132000,132500,500,0.38,7096,930984500
005030,부산주공,662,633,-29,-4.38,3349564,2164758783
100220,비상교육,7440,7450,10,0.13,15641,115757080
005180,빙그레,69900,68900,-1000,-1.43,11158,773470900
003960,사조대림,21850,21850,0,0.0,5737,124663050
008040,사조동아원,1575,1540,-35,-2.22,2512168,3874634175
007160,사조산업,56200,55900,-300,-0.53,5010,279236300
014710,사조씨푸드,6240,6240,0,0.0,32584,202585800
006090,사조오양,8960,8990,30,0.33,41347,369599760
079660,사조해표,9590,9540,-50,-0.52,20693,197227500
005090,삼광글라스,39100,39150,50,0.13,10915,426469000
001470,삼부토건,4845,4850,5,0.1,31599,152662250
006400,삼성SDI,218500,220000,1500,0.69,364801,80749484500
006405,삼성SDI우,89400,91100,1700,1.9,3444,312649600
006660,삼성공조,9680,9690,10,0.1,3435,33267330
028260,삼성물산,110500,111500,1000,0.9,140883,15661254000
02826K,삼성물산우B,73800,74200,400,0.54,2297,170761100
207940,삼성바이오로직스,345500,356500,11000,3.18,125301,44430103000
032830,삼성생명,84500,84300,-200,-0.24,152930,12930354000
018260,삼성에스디에스,233500,233000,-500,-0.21,58456,13611156500
028050,삼성엔지니어링,16850,16750,-100,-0.59,1008567,16829646950
009150,삼성전기,108500,110500,2000,1.84,923788,101258853500
009155,삼성전기우,43850,43950,100,0.23,7339,322944700
005930,삼성전자,46650,46650,0,0.0,6878761,320647245000
005935,삼성전자우,37700,37900,200,0.53,613959,23116297200
001360,삼성제약,2625,2610,-15,-0.57,109599,286161575
010140,삼성중공업,8590,8790,200,2.33,3368042,29565620570
010145,삼성중공우,52800,53200,400,0.76,1264,66567700
016360,삼성증권,36300,36400,100,0.28,238300,8678328900
068290,삼성출판사,18700,18300,-400,-2.14,260226,4781901650
029780,삼성카드,35050,34900,-150,-0.43,38177,1336442700
000810,삼성화재,292000,292000,0,0.0,215098,62933350000
000815,삼성화재우,197000,199000,2000,1.02,8638,1704593500
006110,삼아알미늄,4530,4605,75,1.66,26755,123109545
145990,삼양사,61900,62100,200,0.32,3921,243689200
145995,삼양사우,38000,37600,-400,-1.05,953,35743000
003230,삼양식품,76600,76600,0,0.0,34770,2656428500
002170,삼양통상,57900,59000,1100,1.9,15850,929134700
272550,삼양패키징,17500,17500,0,0.0,16693,288957500
000070,삼양홀딩스,83200,82900,-300,-0.36,6372,529274000
000075,삼양홀딩스우,49900,49900,0,0.0,629,31437700
002810,삼영무역,16550,16700,150,0.91,24130,397428400
005680,삼영전자,12350,12600,250,2.02,43773,548493600
003720,삼영화학,800,802,2,0.25,39581,31705432
023000,삼원강재,3025,2985,-40,-1.32,19649,58553705
004380,삼익THK,15500,15450,-50,-0.32,165821,2554151350
002450,삼익악기,2065,2045,-20,-0.97,958309,1972079175
000520,삼일제약,36650,36500,-150,-0.41,178925,6482565300
009770,삼정펄프,35400,35100,-300,-0.85,199,7032250
005500,삼진제약,39000,39350,350,0.9,34519,1355416400
004690,삼천리,94000,94400,400,0.43,4963,466261800
001880,삼호,15350,15200,-150,-0.98,9669,146148050
010960,삼호개발,5180,5150,-30,-0.58,42907,220649180
004450,삼화왕관,45500,45650,150,0.33,171,7799100
009470,삼화전기,19600,20100,500,2.55,26594,528008850
011230,삼화전자,3280,3250,-30,-0.91,52380,171172910
001820,삼화콘덴서,59200,60600,1400,2.36,108947,6531821100
000390,삼화페인트,6200,6180,-20,-0.32,5967,37118140
041650,상신브레이크,4425,4380,-45,-1.02,39450,172073000
075180,새론오토모티브,5570,5660,90,1.62,2998,16872790
007540,샘표,37250,37150,-100,-0.27,6337,234914750
248170,샘표식품,29350,29500,150,0.51,6555,192086200
007860,서연,4635,4675,40,0.86,15892,73582375
200880,서연이화,7090,7030,-60,-0.85,424907,2971384170
017390,서울가스,82700,82500,-200,-0.24,92,7601700
004410,서울식품,196,193,-3,-1.53,1895418,366689505
004415,서울식품우,3995,3965,-30,-0.75,13508,53709260
021050,서원,1180,1170,-10,-0.85,65535,76437420
008490,서흥,26450,27000,550,2.08,34853,930713500
007610,선도전기,4215,4220,5,0.12,61746,260121495
136490,선진,13000,13400,400,3.08,115663,1532680450
002820,선창산업,5470,5400,-70,-1.28,10238,55585440
014910,성문전자,3000,2995,-5,-0.17,166990,504612010
014915,성문전자우,12700,12700,0,0.0,27599,349448650
003080,성보화학,5190,5180,-10,-0.19,5104,26405100
004980,성신양회,11150,11050,-100,-0.9,229843,2548360500
004987,성신양회2우B,13350,13650,300,2.25,5043,67657250
004989,성신양회3우B,10850,11100,250,2.3,868,9429650
004985,성신양회우,11450,11450,0,0.0,16320,184642450
011300,성안,590,598,8,1.36,277556,165082758
000180,성창기업지주,2105,2090,-15,-0.71,94953,197801170
002420,세기상사,67900,67900,0,0.0,439,29723100
004360,세방,14100,14250,150,1.06,11317,160523950
004365,세방우,6440,6430,-10,-0.16,81,521090
004490,세방전지,47350,47850,500,1.06,30581,1466416300
001430,세아베스틸,21450,21150,-300,-1.4,48904,1042257900
306200,세아제강,66900,69600,2700,4.04,30975,2156370600
003030,세아제강지주,54700,56300,1600,2.93,18348,1027015300
019440,세아특수강,15700,15500,-200,-1.27,20072,311992600
058650,세아홀딩스,100500,100500,0,0.0,902,90436200
013000,세우글로벌,1760,1825,65,3.69,776612,1403909510
091090,세원셀론텍,3510,3510,0,0.0,149840,527710775
021820,세원정공,7900,7910,10,0.13,13063,104438600
067830,세이브존IC,3830,3825,-5,-0.13,12897,49310670
033530,세종공업,7160,7380,220,3.07,283285,2081768470
075580,세진중공업,5180,5080,-100,-1.93,311174,1618246280
027970,세하,1490,1480,-10,-0.67,50418,73837505
145210,세화아이엠씨,2990,2990,0,0.0,0,0
068270,셀트리온,195500,204500,9000,4.6,1026289,208061649500
004430,송원산업,18900,18800,-100,-0.53,99809,1877769150
017550,수산중공업,1645,1660,15,0.91,303157,500332965
002200,수출포장,22250,23000,750,3.37,20445,465771250
053210,스카이라이프,11950,11950,0,0.0,29503,353649200
134790,시디즈,52900,52300,-600,-1.13,11216,600184900
016590,신대양제지,89000,88600,-400,-0.45,28428,2536278600
029530,신도리코,47950,48400,450,0.94,22571,1089440750
004970,신라교역,15200,15250,50,0.33,18633,283172150
011930,신성이엔지,1230,1215,-15,-1.22,516127,626684940
005390,신성통상,942,939,-3,-0.32,140925,131698865
004170,신세계,321500,330500,9000,2.8,145616,47337270000
035510,신세계IC,152500,152000,-500,-0.33,5899,890449000
034300,신세계건설,30000,29750,-250,-0.83,5887,175742100
031430,신세계인터내셔날,309500,308000,-1500,-0.48,34320,10543385500
031440,신세계푸드,92700,91700,-1000,-1.08,20367,1859754000
006880,신송홀딩스,4645,4550,-95,-2.05,16303,74181230
005800,신영와코루,116500,115500,-1000,-0.86,2765,319455000
001720,신영증권,59200,59600,400,0.68,1697,100372100
001725,신영증권우,54000,54000,0,0.0,897,48354700
009270,신원,2145,2155,10,0.47,1005174,2160212405
009275,신원우,50400,50000,-400,-0.79,1002,50037850
002700,신일산업,1970,1995,25,1.27,4895916,9767537435
019170,신풍제약,7750,7700,-50,-0.65,401663,3099427430
019175,신풍제약우,6340,6290,-50,-0.79,2207,13868810
002870,신풍제지,1335,1325,-10,-0.75,137990,182646105
005450,신한,4945,4945,0,0.0,0,0
293940,신한알파리츠,5880,5910,30,0.51,63410,373450720
055550,신한지주,45600,45500,-100,-0.22,558062,25359235750
001770,신화실업,22950,22950,0,0.0,1682,38423600
004080,신흥,10000,10100,100,1.0,2535,25302280
102280,쌍방울,1015,1010,-5,-0.49,348619,351098685
003410,쌍용양회,6300,6290,-10,-0.16,686475,4309509940
003415,쌍용양회우,6280,6250,-30,-0.48,12995,80710330
003620,쌍용차,5220,5210,-10,-0.19,124080,646691430
004770,써니전자,2970,3035,65,2.19,4261167,13067209660
004920,씨아이테크,548,553,5,0.91,306770,167907534
112610,씨에스윈드,38700,38750,50,0.13,46365,1799109300
008700,아남전자,2575,2565,-10,-0.39,544536,1410090610
002790,아모레G,70900,72000,1100,1.55,135947,9671339300
002795,아모레G우,29950,30100,150,0.5,6753,202458200
090430,아모레퍼시픽,200500,207000,6500,3.24,264193,53656098500
090435,아모레퍼시픽우,113000,115500,2500,2.21,9372,1071875000
002030,아세아,132000,132000,0,0.0,299,39543000
183190,아세아시멘트,115500,115000,-500,-0.43,3063,349886500
002310,아세아제지,45800,46650,850,1.86,66466,3111840600
267850,아시아나IDT,12000,11900,-100,-0.83,41206,493166750
020560,아시아나항공,3635,3695,60,1.65,2625460,9684054410
122900,아이마켓코리아,9670,9620,-50,-0.52,38002,366836070
010780,아이에스동서,33600,34050,450,1.34,70254,2389786050
033660,아주캐피탈,10750,10700,-50,-0.47,30604,328842900
101140,아티스,4750,4695,-55,-1.16,215249,1004933595
001780,알루코,2760,2795,35,1.27,284734,793660175
002250,알보젠코리아,28700,28700,0,0.0,0,0
018250,애경산업,46400,47100,700,1.51,208190,9677212100
161000,애경유화,9590,9520,-70,-0.73,125011,1186389710
011090,에넥스,1655,1640,-15,-0.91,727229,1192545955
005850,에스엘,22750,22800,50,0.22,36449,839304900
012750,에스원,101000,101000,0,0.0,42159,4256542300
023960,에쓰씨엔지니어링,1705,1650,-55,-3.23,100277,166211605
298690,에어부산,4600,4555,-45,-0.98,310963,1407246260
140910,에이리츠,5960,5940,-20,-0.34,1240,7341150
078520,에이블씨엔씨,13050,13350,300,2.3,420255,5483308450
015260,에이엔피,545,538,-7,-1.28,1436399,781860261
007460,에이프로젠KIC,3960,3835,-125,-3.16,23843296,95456460105
003060,에이프로젠제약,2490,2475,-15,-0.6,895218,2250476850
036570,엔씨소프트,498500,496000,-2500,-0.5,58655,29027490044
138250,엔에스쇼핑,11700,11650,-50,-0.43,55915,650184550
085310,엔케이,1635,1640,5,0.31,425138,700031540
009810,엔케이물산,761,759,-2,-0.26,728043,549557663
900140,엘브이엠씨홀딩스,2645,2640,-5,-0.19,42957,113365380
014440,영보화학,3835,3805,-30,-0.78,20923,79624685
111770,영원무역,36250,36500,250,0.69,121737,4478486450
009970,영원무역홀딩스,65600,65700,100,0.15,4917,324259900
003520,영진약품,6620,6490,-130,-1.96,860362,5615956100
000670,영풍,837000,822000,-15000,-1.79,787,651808000
006740,영풍제지,3675,3640,-35,-0.95,56131,204652630
012280,영화금속,1455,1465,10,0.69,198255,287346180
012160,영흥철강,1270,1255,-15,-1.18,231326,290446815
015360,예스코홀딩스,40800,40800,0,0.0,414,16923550
007310,오뚜기,742000,740000,-2000,-0.27,2432,1798825000
079440,오렌지라이프,35050,34800,-250,-0.71,201529,7010872350
002630,오리엔트바이오,492,491,-1,-0.2,886613,434834622
271560,오리온,100000,103500,3500,3.5,316772,32262872600
001800,오리온홀딩스,19150,19300,150,0.78,32026,620018300
070960,용평리조트,7860,7860,0,0.0,577509,4533350040
316140,우리금융지주,14300,14350,50,0.35,1097314,15773197650
004720,우리들제약,7950,7940,-10,-0.13,69977,556841540
118000,우리들휴브레인,2490,2485,-5,-0.2,112784,283708790
010050,우리종금,779,783,4,0.51,2528983,1974549510
006980,우성사료,2810,2840,30,1.07,494579,1399254150
017370,우신시스템,5600,5700,100,1.79,22246,126494720
105840,우진,5500,5560,60,1.09,121252,667132910
010400,우진아이엔에스,13450,12900,-550,-4.09,281667,3670305400
049800,우진플라임,5260,5370,110,2.09,47862,253061370
016880,웅진,2345,2330,-15,-0.64,144271,334903480
095720,웅진씽크빅,2995,2930,-65,-2.17,889347,2612526685
103130,웅진에너지,914,914,0,0.0,0,0
021240,웅진코웨이,94800,91600,-3200,-3.38,142795,13212877300
005820,원림,18250,18150,-100,-0.55,418,7575100
010600,웰바이오텍,3920,3935,15,0.38,472614,1878790220
008600,윌비스,1380,1390,10,0.72,346752,478856075
033270,유나이티드제약,26000,26650,650,2.5,102981,2724305850
014830,유니드,49450,49350,-100,-0.2,9024,447706000
000910,유니온,4160,4125,-35,-0.84,26539,109629960
047400,유니온머티리얼,1930,1940,10,0.52,27503,53339395
011330,유니켐,2365,2325,-40,-1.69,1276288,2967918895
077500,유니퀘스트,6350,6290,-60,-0.94,111563,699971170
002920,유성기업,2850,2860,10,0.35,14950,42619720
000700,유수홀딩스,8700,8910,210,2.41,131917,1174877260
003470,유안타증권,3250,3255,5,0.15,113349,367471665
003475,유안타증권우,2235,2245,10,0.45,8268,18434965
011690,유양디앤유,8440,8550,110,1.3,257675,2200868910
072130,유엔젤,4350,4545,195,4.48,446770,2010208120
000220,유유제약,12700,12550,-150,-1.18,18677,235187100
000225,유유제약1우,7700,7650,-50,-0.65,4403,33664330
000227,유유제약2우B,18650,18450,-200,-1.07,392,7212250
001200,유진투자증권,2685,2695,10,0.37,199857,536200660
000100,유한양행,237000,238000,1000,0.42,33661,8027067000
000105,유한양행우,210000,212000,2000,0.95,7,1476000
003460,유화증권,12600,12650,50,0.4,2717,34433900
003465,유화증권우,12550,12550,0,0.0,20,251000
008730,율촌화학,13150,13300,150,1.14,16784,222667800
008250,이건산업,10950,10950,0,0.0,112935,1231945300
025820,이구산업,1870,1850,-20,-1.07,68851,127290355
214320,이노션,65700,67300,1600,2.44,66081,4425557600
088260,이리츠코크렙,4965,4945,-20,-0.4,89809,444822065
139480,이마트,180500,181500,1000,0.55,209824,38043060000
007660,이수페타시스,5590,5720,130,2.33,1968823,11264973670
005950,이수화학,10000,10000,0,0.0,80947,818471500
015020,이스타코,716,712,-4,-0.56,188338,134071430
093230,이아이디,249,267,18,7.23,88264146,24055915403
102460,이연제약,18450,19250,800,4.34,123265,2352879750
084680,이월드,2215,2275,60,2.71,271096,604891110
000760,이화산업,19400,19050,-350,-1.8,1732,32807100
014990,인디에프,2460,2465,5,0.2,478770,1173372740
006490,인스코비,4675,4685,10,0.21,568381,2646544820
023800,인지컨트롤스,7450,7440,-10,-0.13,66289,495506430
034590,인천도시가스,29300,29250,-50,-0.17,359,10531100
129260,인터지스,2435,2425,-10,-0.41,33383,81585800
023810,인팩,5270,5300,30,0.57,23002,121370010
249420,일동제약,21700,21850,150,0.69,43950,950685300
000230,일동홀딩스,12450,12450,0,0.0,8642,108367050
013360,일성건설,1570,1560,-10,-0.64,335524,518833675
003120,일성신약,92800,92800,0,0.0,277,25620100
003200,일신방직,97800,97500,-300,-0.31,2647,257603700
007110,일신석재,2690,2645,-45,-1.67,3951067,10509521960
007570,일양약품,28150,28150,0,0.0,33087,934825600
007575,일양약품우,19350,19100,-250,-1.29,883,17037800
008500,일정실업,19550,19250,-300,-1.53,728,14087650
081000,일진다이아,32300,31750,-550,-1.7,109359,3486838400
020760,일진디스플,3710,3690,-20,-0.54,47160,173110090
020150,일진머티리얼즈,38050,38400,350,0.92,268027,10368995200
103590,일진전기,3380,3385,5,0.15,21959,73727535
015860,일진홀딩스,3855,3855,0,0.0,81417,314346835
226320,잇츠한불,30600,30900,300,0.98,65272,1998094300
033240,자화전자,14100,14200,100,0.71,64490,919037150
000950,전방,17550,17600,50,0.28,459,8038050
194370,제이에스코퍼레이션,14400,14800,400,2.78,35476,525934600
025620,제이준코스메틱,10550,10500,-50,-0.47,473196,4903608550
030000,제일기획,24950,25000,50,0.2,172283,4306242000
271980,제일약품,43650,43000,-650,-1.49,31683,1361929950
001560,제일연마,6330,6340,10,0.16,1649,10421290
002620,제일파마홀딩스,24800,24750,-50,-0.2,4489,110983200
006220,제주은행,4915,4980,65,1.32,20296,100320865
089590,제주항공,38700,38550,-150,-0.39,67968,2620750450
004910,조광페인트,7120,7150,30,0.42,15113,107647680
004700,조광피혁,38000,37300,-700,-1.84,2726,103156850
001550,조비,22550,22650,100,0.44,25998,581444000
000480,조선내화,89000,88000,-1000,-1.12,27779,2519194600
120030,조선선재,82600,83400,800,0.97,1495,124395700
018470,조일알미늄,933,933,0,0.0,30451,28369860
002600,조흥,184500,184000,-500,-0.27,49,9001000
185750,종근당,101000,100500,-500,-0.5,33403,3356369500
063160,종근당바이오,22750,22900,150,0.66,10110,230521000
001630,종근당홀딩스,70500,71600,1100,1.56,13930,996281600
044380,주연테크,413,421,8,1.94,1057084,449306870
013870,지엠비코리아,8240,8320,80,0.97,238015,1987578770
071320,지역난방공사,57700,57700,0,0.0,6643,384244400
010580,지코,703,684,-19,-2.7,474059,327536997
035000,지투알,8530,8560,30,0.35,9191,79109960
088790,진도,4455,4450,-5,-0.11,2526,11206640
003780,진양산업,3685,3675,-10,-0.27,107418,394644350
010640,진양폴리,2150,2175,25,1.16,21418,45772170
100250,진양홀딩스,2540,2540,0,0.0,54067,137187230
051630,진양화학,4460,4460,0,0.0,47326,211475000
272450,진에어,24350,23600,-750,-3.08,353890,8504298750
011000,진원생명과학,4700,4715,15,0.32,53457,251382130
002780,진흥기업,1915,1910,-5,-0.26,25502,48592610
002787,진흥기업2우B,10900,11000,100,0.92,4087,44626050
002785,진흥기업우B,4140,4135,-5,-0.12,14131,58291365
009310,참엔지니어링,1600,1590,-10,-0.63,22695,35976080
000650,천일고속,75900,75600,-300,-0.4,330,24979600
012600,청호컴넷,3455,3325,-130,-3.76,309544,1027969180
033250,체시스,929,1005,76,8.18,931277,929442864
035720,카카오,102000,100500,-1500,-1.47,383038,38549375500
006380,카프로,4785,4795,10,0.21,78064,373262875
109070,컨버즈,3260,3260,0,0.0,0,0
029460,케이씨,16000,16050,50,0.31,117716,1899211150
281820,케이씨텍,16650,17350,700,4.2,142314,2435380600
145270,케이탑리츠,949,942,-7,-0.74,206885,195561447
058860,케이티스,2630,2690,60,2.28,79810,212207180
007815,코리아써우,2805,2780,-25,-0.89,9563,26649315
007810,코리아써키트,6100,5980,-120,-1.97,46412,276554430
00781K,코리아써키트2우B,4170,4160,-10,-0.24,748,3067510
152330,코리아오토글라스,16300,16500,200,1.23,90181,1480782800
003690,코리안리,9120,9200,80,0.88,168047,1550032460
192820,코스맥스,139000,142500,3500,2.52,113818,15940308500
044820,코스맥스비티아이,23600,23900,300,1.27,22024,517536350
005070,코스모신소재,15500,15550,50,0.32,180461,2802150650
005420,코스모화학,14450,14700,250,1.73,233518,3450159650
071950,코아스,1720,1655,-65,-3.78,1208804,2003817665
002020,코오롱,27750,27000,-750,-2.7,136119,3689887500
003070,코오롱글로벌,10200,10000,-200,-1.96,52611,528683060
003075,코오롱글로벌우,14150,13950,-200,-1.41,1756,24436000
144620,코오롱머티리얼,2440,2425,-15,-0.61,113806,275410500
002025,코오롱우,15600,15100,-500,-3.21,6241,94350700
120110,코오롱인더,51300,49600,-1700,-3.31,247559,12333061200
120115,코오롱인더우,22600,21800,-800,-3.54,12182,267609400
138490,코오롱플라스틱,6200,6160,-40,-0.65,27139,166762030
031820,콤텍시스템,1635,1705,70,4.28,5539122,9389664485
192400,쿠쿠홀딩스,145000,146500,1500,1.03,8132,1191678000
284740,쿠쿠홈시스,204500,201000,-3500,-1.71,7251,1455235500
015590,큐로,776,770,-6,-0.77,871661,664543174
264900,크라운제과,10300,10200,-100,-0.97,11060,113239550
26490K,크라운제과우,8020,7980,-40,-0.5,703,5582040
005740,크라운해태홀딩스,12250,12150,-100,-0.82,42910,519977300
005745,크라운해태홀딩스우,12900,12900,0,0.0,2461,31495350
020120,키다리스튜디오,2750,2750,0,0.0,3470,9544885
039490,키움증권,92000,90900,-1100,-1.2,127154,11461991300
012170,키위미디어그룹,305,307,2,0.66,2091000,650073116
015890,태경산업,5780,5730,-50,-0.87,83050,473532220
006890,태경화학,5800,5660,-140,-2.41,230281,1312835900
003240,태광산업,1655000,1670000,15000,0.91,836,1406159000
011280,태림포장,4700,4815,115,2.45,418200,2007336085
004100,태양금속,1330,1325,-5,-0.38,89546,118264595
004105,태양금속우,3385,3420,35,1.03,5062,17273575
009410,태영건설,12900,12750,-150,-1.16,194691,2491558000
009415,태영건설우,6370,6400,30,0.47,41004,261701330
001420,태원물산,5400,5290,-110,-2.04,38657,203571000
007980,태평양물산,2630,2620,-10,-0.38,20060,52581345
055490,테이팩스,19500,19150,-350,-1.79,13589,258958600
078000,텔코웨어,14400,15000,600,4.17,121355,1806106600
214420,토니모리,13850,14250,400,2.89,256820,3609428150
140890,트러스제7호,3535,3595,60,1.7,4198,15091540
019180,티에이치엔,2625,2650,25,0.95,100179,268325985
091810,티웨이항공,7870,7780,-90,-1.14,184057,1439403260
004870,티웨이홀딩스,2400,2390,-10,-0.42,156617,373793995
005690,파미셀,11950,12000,50,0.42,816026,9811388050
036580,팜스코,8150,8710,560,6.87,345567,2942267450
028670,팬오션,4270,4260,-10,-0.23,439295,1874838370
010820,퍼스텍,2870,2885,15,0.52,194884,562058800
016800,퍼시스,35200,35100,-100,-0.28,4560,160506200
001020,페이퍼코리아,925,928,3,0.32,96142,90241673
090080,평화산업,2155,2145,-10,-0.46,124928,268265185
010770,평화홀딩스,5730,5720,-10,-0.17,33087,188062320
058430,포스코강판,19950,19950,0,0.0,4189,83959100
047050,포스코인터내셔널,18500,18500,0,0.0,165726,3067859000
007630,폴루스바이오팜,2525,2655,130,5.15,14488740,38865031975
017810,풀무원,98200,98700,500,0.51,5787,570957500
103140,풍산,30450,30350,-100,-0.33,63462,1942004100
005810,풍산홀딩스,41400,41700,300,0.72,1922,80546000
033180,필룩스,8630,8710,80,0.93,1350268,11741574400
086790,하나금융지주,39550,39200,-350,-0.88,760774,29949275575
099340,하나니켈1호,781,783,2,0.26,36418,28411946
099350,하나니켈2호,1080,1080,0,0.0,40526,43471050
293480,하나제약,25100,25250,150,0.6,157074,3982888150
039130,하나투어,73300,72900,-400,-0.55,111946,8089552400
172580,하이골드12호,2890,2890,0,0.0,8593,24825270
153360,하이골드3호,1855,1850,-5,-0.27,7467,13772575
159650,하이골드8호,1605,1620,15,0.93,61403,97837090
071090,하이스틸,23500,23300,-200,-0.85,8405,195386200
019490,하이트론,3765,3730,-35,-0.93,1454,5415525
000080,하이트진로,18150,17950,-200,-1.1,232625,4170906550
000087,하이트진로2우B,14950,14950,0,0.0,625,9345450
000140,하이트진로홀딩스,8180,8140,-40,-0.49,7611,61902340
000145,하이트진로홀딩스우,8370,8270,-100,-1.19,19,158100
152550,한국ANKOR유전,1700,1695,-5,-0.29,75624,128092950
036460,한국가스공사,48300,47050,-1250,-2.59,335867,15899654600
005430,한국공항,46200,45200,-1000,-2.16,13872,638768450
071050,한국금융지주,70700,70100,-600,-0.85,239588,16821366500
071055,한국금융지주우,40650,40600,-50,-0.12,7790,316718300
010040,한국내화,6190,6240,50,0.81,358171,2228618100
025540,한국단자,60200,63700,3500,5.81,93809,6016432600
004090,한국석유,124500,124500,0,0.0,983,121690500
002960,한국쉘석유,322500,322000,-500,-0.16,523,168819500
123890,한국자산신탁,4165,4190,25,0.6,80398,335113160
015760,한국전력,29400,28750,-650,-2.21,1322040,38297283950
006200,한국전자홀딩스,812,817,5,0.62,24018,19402074
002300,한국제지,19300,19100,-200,-1.04,7338,140824650
023350,한국종합기술,5280,5210,-70,-1.33,89192,458555050
025890,한국주강,1945,1855,-90,-4.63,15550,29592605
000970,한국주철관,10000,9990,-10,-0.1,12913,129081430
104700,한국철강,6080,6080,0,0.0,37669,226718880
017960,한국카본,8200,8170,-30,-0.37,293169,2381404140
161890,한국콜마,73900,75500,1600,2.17,187973,14041655400
024720,한국콜마홀딩스,36250,37000,750,2.07,32697,1194665150
161390,한국타이어,40550,40150,-400,-0.99,175034,7021056400
000240,한국타이어월드와이드,16400,16650,250,1.52,99489,1668026350
034830,한국토지신탁,2660,2695,35,1.32,527196,1407616190
007280,한국특수형강,2125,2055,-70,-3.29,77170,160168345
168490,한국패러랠,2295,2300,5,0.22,33804,77607905
010100,한국프랜지,1690,1670,-20,-1.18,93123,156530480
047810,한국항공우주,36750,36450,-300,-0.82,193338,7068219050
123690,한국화장품,12200,12550,350,2.87,998655,12611246400
003350,한국화장품제조,36250,37750,1500,4.14,242404,9260971000
011500,한농화성,4260,4230,-30,-0.7,47200,198656295
002390,한독,31100,30600,-500,-1.61,81547,2480243900
014790,한라,4120,4075,-45,-1.09,96549,392011815
060980,한라홀딩스,43100,43500,400,0.93,18814,819409200
053690,한미글로벌,12350,12100,-250,-2.02,167884,2022805200
042700,한미반도체,8420,8400,-20,-0.24,301004,2540632240
008930,한미사이언스,75700,75100,-600,-0.79,33996,2562663100
128940,한미약품,442500,441000,-1500,-0.34,32305,14290902000
009240,한샘,94900,93900,-1000,-1.05,90243,8489657000
020000,한섬,44450,44400,-50,-0.11,70837,3153720450
003680,한성기업,5770,5770,0,0.0,4525,25973120
105630,한세실업,29050,28950,-100,-0.34,116742,3371576800
069640,한세엠케이,7120,7210,90,1.26,26624,192190600
016450,한세예스24홀딩스,9810,9820,10,0.1,58899,572879430
010420,한솔PNS,1455,1470,15,1.03,74292,108369760
009180,한솔로지스틱스,1430,1450,20,1.4,192203,276203170
213500,한솔제지,15400,15400,0,0.0,84516,1300491800
014680,한솔케미칼,82000,87000,5000,6.1,75716,6468524100
004710,한솔테크닉스,7280,7570,290,3.98,89948,669613190
004150,한솔홀딩스,4630,4590,-40,-0.86,47934,221181440
025750,한솔홈데코,1465,1450,-15,-1.02,424151,616195575
004960,한신공영,19000,18950,-50,-0.26,10664,201235300
011700,한신기계,2340,2340,0,0.0,58740,136709400
001750,한양증권,6890,6900,10,0.15,9195,63404060
001755,한양증권우,7800,7780,-20,-0.26,277,2154510
018880,한온시스템,12300,12200,-100,-0.81,551769,6768315300
009420,한올바이오파마,33900,34000,100,0.29,220556,7487996850
014130,한익스프레스,5370,5470,100,1.86,119160,645470210
300720,한일시멘트,151000,149500,-1500,-0.99,4333,641638000
002220,한일철강,22500,22500,0,0.0,2690,60200150
006390,한일현대시멘트,42200,42200,0,0.0,19345,819408850
003300,한일홀딩스,58000,57300,-700,-1.21,4538,263160100
051600,한전KPS,36350,35650,-700,-1.93,132681,4765775000
052690,한전기술,24500,24200,-300,-1.22,40394,983328550
130660,한전산업,3555,3565,10,0.28,18169,64756075
002320,한진,41500,39700,-1800,-4.34,723237,30069335950
097230,한진중공업,1190,1190,0,0.0,0,0
003480,한진중공업홀딩스,4120,4055,-65,-1.58,21578,88072040
180640,한진칼,30400,30150,-250,-0.82,15262072,490878589550
18064K,한진칼우,21500,27950,6450,30.0,938084,25543611850
005110,한창,3980,3920,-60,-1.51,10286301,41316569885
009460,한창제지,2590,2595,5,0.19,978557,2551056410
000880,한화,31000,30900,-100,-0.32,122436,3781037600
00088K,한화3우B,15050,15000,-50,-0.33,23880,357540800
027390,한화갤러리아타임월드,37700,38300,600,1.59,90265,3400890500
088350,한화생명,3995,3985,-10,-0.25,861732,3443481425
000370,한화손해보험,5210,5160,-50,-0.96,152772,786211700
012450,한화에어로스페이스,33300,33050,-250,-0.75,133522,4420131000
000885,한화우,21000,21000,0,0.0,448,9343600
009830,한화케미칼,22800,23150,350,1.54,741570,17234938800
009835,한화케미칼우,12100,12200,100,0.83,1866,22640300
003530,한화투자증권,2285,2280,-5,-0.22,87712,199546950
003535,한화투자증권우,2280,2280,0,0.0,2231,5062395
195870,해성디에스,15200,15100,-100,-0.66,105276,1616437150
101530,해태제과식품,10400,10250,-150,-1.44,15452,158559900
143210,핸즈코퍼레이션,6680,6780,100,1.5,26912,182467160
000720,현대건설,54900,54400,-500,-0.91,338872,18546754100
267270,현대건설기계,51600,50800,-800,-1.55,78154,3974591700
000725,현대건설우,186000,186000,0,0.0,1543,285319000
005440,현대그린푸드,13950,14000,50,0.36,97025,1361583050
086280,현대글로비스,137500,138000,500,0.36,60814,8393762500
064350,현대로템,23800,23700,-100,-0.42,455464,10740469250
079430,현대리바트,20950,20950,0,0.0,25134,528276350
012330,현대모비스,223500,224500,1000,0.45,147330,32987034500
010620,현대미포조선,59100,58800,-300,-0.51,97451,5786507900
069960,현대백화점,99500,99600,100,0.1,42128,4191201200
004560,현대비앤지스틸,11100,10850,-250,-2.25,71243,772690500
004565,현대비앤지스틸우,62800,62400,-400,-0.64,1232,76501600
011760,현대상사,25400,25500,100,0.39,78792,1996653150
011200,현대상선,3745,3760,15,0.4,472757,1770910140
004310,현대약품,4940,4980,40,0.81,257956,1291201540
126560,현대에이치씨엔,4045,4085,40,0.99,58043,235232455
017800,현대엘리베이,92600,92500,-100,-0.11,287692,26543798200
307950,현대오토에버,76700,80300,3600,4.69,241415,18972169900
011210,현대위아,48450,49700,1250,2.58,409628,20307128450
267260,현대일렉트릭,25750,25550,-200,-0.78,36426,936950450
004020,현대제철,48150,47450,-700,-1.45,218323,10406219800
009540,현대중공업,122000,121500,-500,-0.41,119650,14606307500
267250,현대중공업지주,340500,338000,-2500,-0.73,26026,8827345500
005380,현대차,128000,127000,-1000,-0.78,317656,40300979500
005387,현대차2우B,81300,81400,100,0.12,50558,4083863000
005389,현대차3우B,70700,70600,-100,-0.14,4057,285618100
005385,현대차우,73700,73900,200,0.27,28232,2076271200
001500,현대차증권,9970,10000,30,0.3,40186,400904840
227840,현대코퍼레이션홀딩스,14450,14500,50,0.35,24013,347874650
001450,현대해상,38600,38100,-500,-1.3,126393,4850091600
057050,현대홈쇼핑,106000,105000,-1000,-0.94,32228,3400886000
093240,형지엘리트,1950,1925,-25,-1.28,1898434,3733705395
003010,혜인,5640,5680,40,0.71,122356,688359200
111110,호전실업,12900,12750,-150,-1.16,10134,129189500
008770,호텔신라,98300,103000,4700,4.78,864936,87916873300
008775,호텔신라우,51100,52900,1800,3.52,14791,773795700
002460,화성산업,14650,14600,-50,-0.34,22283,325100600
013520,화승알앤에이,2245,2250,5,0.22,90053,200241180
241590,화승엔터프라이즈,12750,12650,-100,-0.78,72280,907875350
006060,화승인더,9920,9990,70,0.71,187034,1851038910
010690,화신,2675,2660,-15,-0.56,68082,181764835
133820,화인베스틸,3190,3225,35,1.1,186661,600386375
010660,화천기계,22850,22500,-350,-1.53,1142,25640700
000850,화천기공,42600,42600,0,0.0,1098,46808250
016580,환인제약,18450,18650,200,1.08,16090,297975200
032560,황금에스티,9600,9600,0,0.0,44551,426295190
004800,효성,76400,75300,-1100,-1.44,59460,4524358000
094280,효성ITX,10700,10750,50,0.47,13800,146914650
298040,효성중공업,41000,41000,0,0.0,20571,847123600
298050,효성첨단소재,128000,128000,0,0.0,18906,2416041500
298020,효성티앤씨,179000,175000,-4000,-2.23,14156,2478247500
298000,효성화학,147500,148500,1000,0.68,4910,726631000
093370,후성,7820,7910,90,1.15,522471,4153267150
081660,휠라코리아,75500,75000,-500,-0.66,358712,26872783600
005870,휴니드,9470,9460,-10,-0.11,61335,581540770
079980,휴비스,8150,8090,-60,-0.74,118506,960084930
005010,휴스틸,12400,12450,50,0.4,26293,325601300
069260,휴켐스,23100,22550,-550,-2.38,110873,2521345450
000540,흥국화재,4970,4940,-30,-0.6,27937,138247390
000547,흥국화재2우B,23650,23650,0,0.0,666,15691000
000545,흥국화재우,5390,5370,-20,-0.37,1387,7446850
003280,흥아해운,316,318,2,0.63,1377523,432324287
