티커,종목명,시가,종가,변동폭,등락률,거래량,거래대금
095570,AJ네트웍스,4060,4065,5,0.12,13288,54051695
068400,AJ렌터카,11450,11400,-50,-0.44,139702,1580747300
006840,AK홀딩스,30250,30000,-250,-0.83,29938,899597550
027410,BGF,5340,5310,-30,-0.56,202554,1069995920
282330,BGF리테일,163000,159500,-3500,-2.15,66174,10549158000
138930,BNK금융지주,7370,7520,150,2.04,1224996,9148339370
001460,BYC,235000,234000,-1000,-0.43,168,39322500
001465,BYC우,124500,124500,0,0.0,159,19741500
001040,CJ,95900,96000,100,0.1,64913,6228894200
079160,CJCGV,36150,37000,850,2.35,67861,2492893350
00104K,CJ4우전환,69700,69800,100,0.14,8834,613363000
000120,CJ대한통운,157000,155000,-2000,-1.27,27078,4199431000
011150,CJ씨푸드,2735,2695,-40,-1.46,140071,379649960
011155,CJ씨푸드1우,31900,32000,100,0.31,1505,48193000
001045,CJ우,43450,43750,300,0.69,6169,269077850
097950,CJ제일제당,253500,252000,-1500,-0.59,24453,6159433500
097955,CJ제일제당우,105500,106000,500,0.47,4019,424377000
037560,CJ헬로,5760,5840,80,1.39,123108,713827090
000590,CS홀딩스,57400,57400,0,0.0,131,7465600
012030,DB,763,789,26,3.41,532090,417005223
016610,DB금융투자,4245,4250,5,0.12,53691,227640055
005830,DB손해보험,55100,54600,-500,-0.91,152582,8330796512
000990,DB하이텍,20900,21350,450,2.15,732923,15601830700
000995,DB하이텍1우,46200,46650,450,0.97,43114,2037891900
139130,DGB금융지주,7080,7150,70,0.99,572939,4078307530
001530,DI동일,73300,72500,-800,-1.09,2576,187610400
004840,DRB동일,5360,5300,-60,-1.12,21242,112851200
155660,DSR,4235,4245,10,0.24,9394,39674835
069730,DSR제강,4410,4370,-40,-0.91,30434,132893650
017940,E1,48000,47850,-150,-0.31,5604,268492600
007700,FF,110500,109000,-1500,-1.36,104624,11603377000
114090,GKL,19200,19400,200,1.04,95668,1845604750
078930,GS,49350,49350,0,0.0,111410,5494368250
006360,GS건설,30850,31100,250,0.81,233200,7229169500
001250,GS글로벌,2225,2215,-10,-0.45,77184,171644790
007070,GS리테일,37400,37250,-150,-0.4,134931,5004943650
078935,GS우,37350,37400,50,0.13,3238,120909050
012630,HDC,10750,10300,-450,-4.19,1180709,12218481500
039570,HDC아이콘트롤스,10650,10850,200,1.88,211163,2280895950
089470,HDC현대EP,4750,4885,135,2.84,248281,1199252410
294870,HDC현대산업개발,26700,25200,-1500,-5.62,915672,23232714350
082740,HSD엔진,4210,4365,155,3.68,123628,528786880
003560,IHQ,1665,1660,-5,-0.3,552947,919987535
175330,JB금융지주,5440,5480,40,0.74,236195,1290258570
234080,JW생명과학,18900,19250,350,1.85,27667,529389850
001060,JW중외제약,28750,28600,-150,-0.52,35785,1022995300
001067,JW중외제약2우B,39800,39250,-550,-1.38,4576,180388500
001065,JW중외제약우,26650,26250,-400,-1.5,1282,33685550
096760,JW홀딩스,6220,6190,-30,-0.48,63196,390961110
105560,KB금융,48300,48000,-300,-0.62,973843,46666696402
002380,KCC,218500,215500,-3000,-1.37,23628,5119100000
009070,KCTC,2710,2720,10,0.37,27088,73366335
009440,KC그린홀딩스,4525,4575,50,1.1,30769,140087170
119650,KC코트렐,7200,7120,-80,-1.11,80240,573506310
092220,KEC,961,967,6,0.62,171545,165631215
001390,KG케미칼,11050,11100,50,0.45,24995,278783650
001940,KISCO홀딩스,13050,13150,100,0.77,7307,94844150
025000,KPX케미칼,56700,56400,-300,-0.53,2343,132479200
092230,KPX홀딩스,55100,55000,-100,-0.18,755,41533600
000040,KR모터스,270,274,4,1.48,448268,122294967
044450,KSS해운,7490,7480,-10,-0.13,18542,139423650
030200,KT,26850,26850,0,0.0,679718,18211668350
033780,KTG,95600,95300,-300,-0.31,493920,47074167700
030210,KTB투자증권,2225,2235,10,0.45,113193,252577665
058850,KTcs,2125,2150,25,1.18,104293,222112155
058860,KTis,2240,2250,10,0.45,13446,29984950
093050,LF,17250,17900,650,3.77,118736,2115032500
003550,LG,74000,74800,800,1.08,387337,29127813639
034220,LG디스플레이,16200,15800,-400,-2.47,1811847,28786783150
001120,LG상사,14950,14850,-100,-0.67,108489,1615392400
051900,LG생활건강,1265000,1255000,-10000,-0.79,27959,35024537000
051905,LG생활건강우,737000,735000,-2000,-0.27,606,445787000
003555,LG우,47000,48700,1700,3.62,14538,697058050
032640,LG유플러스,13750,13700,-50,-0.36,1368274,18691623937
011070,LG이노텍,131000,133500,2500,1.91,183420,24309678250
066570,LG전자,71200,71200,0,0.0,339949,24115634300
066575,LG전자우,28550,28650,100,0.35,18565,530381800
108670,LG하우시스,52800,53600,800,1.52,22834,1216672800
108675,LG하우시스우,27400,27400,0,0.0,1542,42121900
051910,LG화학,299000,300500,1500,0.5,137285,41274678500
051915,LG화학우,162000,161500,-500,-0.31,14780,2396070000
079550,LIG넥스원,33450,33100,-350,-1.05,36810,1218198500
006260,LS,45150,45800,650,1.44,78445,3587429550
000680,LS네트웍스,2255,2255,0,0.0,14132,31747785
010120,LS산전,52500,53300,800,1.52,71366,3787601400
229640,LS전선아시아,8010,8010,0,0.0,83849,671451180
023150,MH에탄올,6260,6190,-70,-1.12,5602,34763500
035420,NAVER,174500,174000,-500,-0.29,200711,35003282000
181710,NHN,65600,65500,-100,-0.15,39220,2581430000
005940,NH투자증권,12350,12500,150,1.21,666609,8292648450
005945,NH투자증권우,9090,9120,30,0.33,41782,380701800
338100,NH프라임리츠,6100,6020,-80,-1.31,612664,3702102660
034310,NICE,19550,19700,150,0.77,43176,849059850
008260,NI스틸,2215,2210,-5,-0.23,10755,23767290
004250,NPC,3730,3695,-35,-0.94,5674,21040290
004255,NPC우,2295,2280,-15,-0.65,2024,4615785
010060,OCI,60700,60400,-300,-0.49,106325,6410311200
005490,POSCO,231500,231000,-500,-0.22,188402,43485672000
100840,STC,18350,18500,150,0.82,6939,128051500
064960,ST모티브,44050,44150,100,0.23,43212,1910974450
003570,ST중공업,6720,6710,-10,-0.15,10943,72959040
036530,ST홀딩스,15250,15000,-250,-1.64,4521,67694750
010950,S-Oil,88300,90000,1700,1.93,238483,21335985790
010955,S-Oil우,53500,53500,0,0.0,9065,483249300
034120,SBS,19700,19350,-350,-1.78,90828,1768990950
101060,SBS미디어홀딩스,2015,1920,-95,-4.71,884828,1726360655
004060,SG세계물산,849,858,9,1.06,417873,356818029
001380,SG충방,1650,1615,-35,-2.12,160461,260459515
002360,SH에너지화학,1000,1000,0,0.0,234948,234932602
009160,SIMPAC,2915,2865,-50,-1.72,67993,195327070
123700,SJM,3765,3765,0,0.0,11536,43909165
025530,SJM홀딩스,3270,3270,0,0.0,4385,14265945
034730,SK,261000,259000,-2000,-0.77,127158,33084901000
011790,SKC,45350,45700,350,0.77,107997,4937695350
018670,SK가스,86800,86500,-300,-0.35,2754,238664900
001740,SK네트웍스,5830,5890,60,1.03,561040,3293621590
001745,SK네트웍스우,78300,78100,-200,-0.26,1351,105094000
006120,SK디스커버리,25250,25350,100,0.4,73071,1855580800
006125,SK디스커버리우,16450,16300,-150,-0.91,30456,505325500
210980,SK디앤디,28850,28950,100,0.35,4483,128270300
03473K,SK우,173000,169500,-3500,-2.02,29340,5028323500
096770,SK이노베이션,145500,146000,500,0.34,282151,41195176500
096775,SK이노베이션우,111500,112500,1000,0.9,5992,673562000
001510,SK증권,584,580,-4,-0.68,1079039,624782925
001515,SK증권우,2730,2720,-10,-0.37,11508,31160675
285130,SK케미칼,61400,61600,200,0.33,245179,15264593500
28513K,SK케미칼우,28750,28900,150,0.52,265597,7892955650
017670,SK텔레콤,240000,241000,1000,0.42,147833,35645725500
000660,SK하이닉스,80700,80600,-100,-0.12,2009331,162019263700
005610,SPC삼립,84200,84100,-100,-0.12,4885,411129800
011810,STX,8030,8030,0,0.0,37537,299834990
077970,STX엔진,6730,6660,-70,-1.04,13328,88131350
071970,STX중공업,3020,3080,60,1.99,140943,425143640
084870,TBH글로벌,2590,2590,0,0.0,25809,66105150
002710,TCC스틸,2695,2655,-40,-1.48,8012,21376170
024070,WISCOM,2640,2640,0,0.0,11985,31508465
037270,YGPLUS,1345,1310,-35,-2.6,346053,454972825
000500,가온전선,23150,23550,400,1.73,19239,448903600
000860,강남제비스코,19550,19550,0,0.0,8629,166828850
035250,강원랜드,29150,29550,400,1.37,254625,7520341550
011420,갤럭시아에스엠,1550,1575,25,1.61,52968,82822925
002100,경농,11100,11200,100,0.9,25018,279794150
009450,경동나비엔,45050,45200,150,0.33,32688,1478762550
267290,경동도시가스,21250,21300,50,0.24,2096,44527050
012320,경동인베스트,35800,35900,100,0.28,1854,66543750
000050,경방,9800,9790,-10,-0.1,4244,41242310
214390,경보제약,8130,8200,70,0.86,8381,68225890
012610,경인양행,7470,7480,10,0.13,148889,1115535260
009140,경인전자,20300,20350,50,0.25,508,10284400
013580,계룡건설,19050,18700,-350,-1.84,11765,221034550
012200,계양전기,2840,2780,-60,-2.11,341572,952012530
012205,계양전기우,6770,6720,-50,-0.74,2577,17456050
004200,고려개발,9170,8880,-290,-3.16,11195,99619740
002140,고려산업,3450,3325,-125,-3.62,413372,1393572320
010130,고려아연,406500,417000,10500,2.58,43578,18054071000
002240,고려제강,19700,19450,-250,-1.27,22767,441259900
009290,광동제약,6670,6660,-10,-0.15,47990,318280240
017040,광명전기,2140,2155,15,0.7,70317,152448885
017900,광전자,2010,2030,20,1.0,14145,28493230
037710,광주신세계,166000,168000,2000,1.2,382,63623500
030610,교보증권,9130,9100,-30,-0.33,80701,735769610
007690,국도화학,45350,45450,100,0.22,1430,64855800
005320,국동,1175,1175,0,0.0,214800,250505195
002720,국제약품,4510,4550,40,0.89,262654,1203273350
083420,그린케미칼,3355,3430,75,2.24,42049,142977175
014530,극동유화,3415,3440,25,0.73,53646,183912340
014280,금강공업,3820,3805,-15,-0.39,20551,78283465
014285,금강공업우,8190,8220,30,0.37,981,8064440
008870,금비,63000,63500,500,0.79,52,3289400
001570,금양,2335,2445,110,4.71,309648,747910815
002990,금호산업,10900,10800,-100,-0.92,85770,930346250
002995,금호산업우,35800,36900,1100,3.07,10113,373406800
011780,금호석유,71300,74100,2800,3.93,156593,11500180100
011785,금호석유우,31500,32900,1400,4.44,31949,1031653600
214330,금호에이치티,5280,5570,290,5.49,273305,1500016670
001210,금호전기,3345,3375,30,0.9,155262,525679510
073240,금호타이어,4105,4060,-45,-1.1,639979,2575894260
092440,기신정기,3785,3820,35,0.92,5086,19174735
000270,기아차,44050,44250,200,0.45,944325,41757849050
024110,기업은행,11850,11850,0,0.0,1796182,21236749450
013700,까뮤이앤씨,1190,1185,-5,-0.42,141616,167389530
004540,깨끗한나라,2260,2215,-45,-1.99,132310,293096255
004545,깨끗한나라우,17000,17100,100,0.59,8064,135246850
074610,나노메딕스,7910,7900,-10,-0.13,687153,5470511590
001260,남광토건,10850,11100,250,2.3,20321,222976050
008350,남선알미늄,3015,3000,-15,-0.5,1767628,5303910540
008355,남선알미우,20850,20850,0,0.0,5418,112665050
004270,남성,2940,2965,25,0.85,196759,579162985
003920,남양유업,423000,424500,1500,0.35,479,202578000
003925,남양유업우,150000,146500,-3500,-2.33,203,29623500
002070,남영비비안,18900,19400,500,2.65,39521,776726350
025860,남해화학,7890,7910,20,0.25,79916,631370750
005720,넥센,5830,5750,-80,-1.37,11381,65524980
005725,넥센우,3405,3375,-30,-0.88,1566,5193030
002350,넥센타이어,8920,8850,-70,-0.78,60679,539109430
002355,넥센타이어1우B,3470,3470,0,0.0,37,128390
003580,넥스트사이언스,7340,7180,-160,-2.18,928532,6674050480
251270,넷마블,87200,88300,1100,1.26,104365,9171352200
090350,노루페인트,8140,8070,-70,-0.86,42833,345684390
090355,노루페인트우,13250,12850,-400,-3.02,13416,173638100
000320,노루홀딩스,12300,12250,-50,-0.41,2775,33795200
000325,노루홀딩스우,19600,19550,-50,-0.26,1707,33109250
006280,녹십자,123500,124000,500,0.4,10880,1344664000
005250,녹십자홀딩스,21550,21900,350,1.62,27432,598311250
005257,녹십자홀딩스2우,17500,17350,-150,-0.86,6424,110618700
004370,농심,230000,232000,2000,0.87,6447,1498776000
072710,농심홀딩스,73700,74200,500,0.68,350,25793900
058730,다스코,6650,6700,50,0.75,491238,3310895610
023590,다우기술,18550,18400,-150,-0.81,80516,1478443450
019680,대교,6030,6050,20,0.33,72971,439007170
019685,대교우B,4190,4190,0,0.0,7928,33157250
006370,대구백화점,5810,5920,110,1.89,14597,86976860
008060,대덕전자,10050,10100,50,0.5,254410,2562586270
00806K,대덕전자1우,6280,6310,30,0.48,8350,52771170
000490,대동공업,5490,5510,20,0.36,26904,147869410
008110,대동전자,3485,3440,-45,-1.29,23283,80361785
005750,대림BCo,4115,4105,-10,-0.24,19842,81132665
000210,대림산업,87300,89200,1900,2.18,116582,10344030700
000215,대림산업우,38800,39550,750,1.93,4078,160680650
004440,대림씨엔에스,7300,7330,30,0.41,3139,22930830
006570,대림통상,4000,4000,0,0.0,288,1145770
001680,대상,23050,23100,50,0.22,60371,1395602100
001685,대상우,13300,13400,100,0.75,1042,13868150
084690,대상홀딩스,6800,6750,-50,-0.74,29259,198134420
084695,대상홀딩스우,6080,6020,-60,-0.99,1647,9954830
128820,대성산업,3195,3290,95,2.97,53692,174185545
117580,대성에너지,5320,5330,10,0.19,5227,27816850
016710,대성홀딩스,7860,7860,0,0.0,3731,29445140
003540,대신증권,11700,11800,100,0.85,140198,1640600750
003547,대신증권2우B,8620,8630,10,0.12,4217,36316760
003545,대신증권우,9290,9290,0,0.0,56348,523894080
009190,대양금속,16750,18250,1500,8.96,536499,9709554050
014160,대영포장,1075,1070,-5,-0.47,664167,708421300
047040,대우건설,4570,4615,45,0.98,644166,2977042170
009320,대우부품,2155,2135,-20,-0.93,211002,451707295
042660,대우조선해양,27050,27950,900,3.33,223647,6214967100
003090,대웅,12550,12550,0,0.0,15050,188196150
069620,대웅제약,130500,131000,500,0.38,14494,1889164000
000430,대원강업,3285,3320,35,1.07,16891,55564990
006340,대원전선,1165,1170,5,0.43,222174,260253370
006345,대원전선우,2975,2910,-65,-2.18,7331,21275755
003220,대원제약,16800,16800,0,0.0,20765,346657450
024890,대원화성,1395,1425,30,2.15,72335,102071750
002880,대유에이텍,854,855,1,0.12,128059,108703462
000300,대유플러스,744,732,-12,-1.61,120323,88168986
012800,대창,1475,1490,15,1.02,18477728,28402728075
015230,대창단조,28400,28750,350,1.23,6556,187028800
001070,대한방직,19300,19400,100,0.52,649,12479100
006650,대한유화,114000,115500,1500,1.32,19215,2206069000
001440,대한전선,570,570,0,0.0,683619,390137377
084010,대한제강,5530,5520,-10,-0.18,34378,189385880
001790,대한제당,19300,19250,-50,-0.26,11284,217724250
001799,대한제당3우B,25400,25250,-150,-0.59,1487,37179000
001795,대한제당우,13400,13200,-200,-1.49,1287,16919050
001130,대한제분,152000,149000,-3000,-1.97,1846,275502000
003490,대한항공,26650,26650,0,0.0,446755,11956539400
003495,대한항공우,15100,15100,0,0.0,7245,108773200
005880,대한해운,22100,22100,0,0.0,27787,611781850
003830,대한화섬,88200,88800,600,0.68,697,61428200
016090,대현,2445,2430,-15,-0.61,70123,172642395
069460,대호에이엘,5230,5240,10,0.19,117746,611938990
192080,더블유게임즈,46250,47400,1150,2.49,52454,2469389900
012510,더존비즈온,70100,71700,1600,2.28,50771,3624207500
004830,덕성,2880,2885,5,0.17,72613,210591700
004835,덕성우,3435,3425,-10,-0.29,4994,17030315
024900,덕양산업,1295,1245,-50,-3.86,15775688,22810529600
145720,덴티움,50600,52400,1800,3.56,36696,1902139800
002150,도화엔지니어링,8560,8650,90,1.05,59002,512396110
001230,동국제강,5800,5800,0,0.0,125032,723700560
023450,동남합성,24050,24100,50,0.21,954,22953350
004140,동방,1510,1525,15,0.99,131472,198814205
007590,동방아그로,6940,6950,10,0.14,2058,14264440
005960,동부건설,8250,8390,140,1.7,40417,338154300
005965,동부건설우,21200,21850,650,3.07,73367,1690642250
016380,동부제철,7330,7200,-130,-1.77,6604,47807810
016385,동부제철우,72500,72000,-500,-0.69,268,19161400
083370,동북아12호,5030,5030,0,0.0,1,5030
083380,동북아13호,4970,4970,0,0.0,468,2325960
026960,동서,17550,17500,-50,-0.28,55998,980915950
002210,동성제약,15550,15550,0,0.0,202049,3156225450
102260,동성코퍼레이션,5180,5220,40,0.77,29033,150715360
005190,동성화학,17450,17150,-300,-1.72,8000,137827050
000640,동아쏘시오홀딩스,101000,102000,1000,0.99,10108,1033262000
170900,동아에스티,107500,109000,1500,1.4,12539,1366755500
028100,동아지질,17700,17600,-100,-0.56,74086,1311966900
282690,동아타이어,12400,12400,0,0.0,162,2005350
001520,동양,1235,1170,-65,-5.26,1634220,1924170560
001527,동양2우B,8840,8920,80,0.9,250,2214000
001529,동양3우B,27600,27850,250,0.91,677,18619350
084670,동양고속,26950,26950,0,0.0,47296,1282923450
030790,동양네트웍스,523,513,-10,-1.91,1759470,907978661
002900,동양물산,886,887,1,0.11,957477,850200843
082640,동양생명,3835,3835,0,0.0,48461,185187710
001525,동양우,5990,5990,0,0.0,1224,7330330
008970,동양철관,1025,1035,10,0.98,175439,181781485
092780,동양피스톤,4705,4690,-15,-0.32,31291,146701185
049770,동원FB,224000,223500,-500,-0.22,3221,719890500
018500,동원금속,876,856,-20,-2.28,65214,57059840
006040,동원산업,205500,207000,1500,0.73,1209,248939000
030720,동원수산,10500,10600,100,0.95,81305,854766200
014820,동원시스템즈,28300,28450,150,0.53,11424,325694450
014825,동원시스템즈우,28450,27400,-1050,-3.69,4685,129051200
163560,동일고무벨트,5480,5490,10,0.18,10034,54865000
004890,동일산업,57700,57600,-100,-0.17,612,35084800
002690,동일제강,2505,2515,10,0.4,4564,11461235
000020,동화약품,7600,7700,100,1.32,99110,760668590
000150,두산,68400,69400,1000,1.46,62069,4297365200
000157,두산2우B,60700,61000,300,0.49,151,9187400
011160,두산건설,1250,1270,20,1.6,236308,300170795
241560,두산밥캣,32550,32900,350,1.08,87119,2864748250
336370,두산솔루스,19900,19950,50,0.25,132877,2655403350
33637K,두산솔루스1우,6890,6970,80,1.16,289008,2030832000
33637L,두산솔루스2우B,15100,18200,3100,20.53,691613,11880767650
000155,두산우,60400,60700,300,0.5,5522,334068700
042670,두산인프라코어,5230,5290,60,1.15,712673,3775785790
034020,두산중공업,5310,5340,30,0.56,429098,2288093080
336260,두산퓨얼셀,7960,8290,330,4.15,1228865,10006406160
33626K,두산퓨얼셀1우,4360,4460,100,2.29,764425,3453449260
33626L,두산퓨얼셀2우B,9440,10900,1460,15.47,1104170,11608002190
016740,두올,3205,3205,0,0.0,69558,220736495
192650,드림텍,6030,6020,-10,-0.17,93843,566654460
024090,디씨엠,12050,12050,0,0.0,3870,46493500
003160,디아이,2905,3010,105,3.61,114279,339800805
092200,디아이씨,2190,2185,-5,-0.23,96243,208493320
013570,디와이,5480,5500,20,0.36,63629,348300810
210540,디와이파워,9330,9430,100,1.07,42649,399472710
007340,디티알오토모티브,29800,29700,-100,-0.34,3380,100605200
026890,디피씨,5060,5090,30,0.59,262871,1338626440
115390,락앤락,14250,13950,-300,-2.11,84494,1188364400
032350,롯데관광개발,12600,13100,500,3.97,212083,2721016000
330590,롯데리츠,6310,6310,0,0.0,851236,5371711850
000400,롯데손해보험,1960,1945,-15,-0.77,112805,220118940
023530,롯데쇼핑,127500,129500,2000,1.57,52147,6738459500
004000,롯데정밀화학,44000,44550,550,1.25,48097,2133575800
286940,롯데정보통신,42600,42250,-350,-0.82,20529,866592500
280360,롯데제과,148500,149500,1000,0.67,800,118495000
004990,롯데지주,34650,34650,0,0.0,131110,4539015300
00499K,롯데지주우,51300,50600,-700,-1.36,2568,129945100
005300,롯데칠성,132500,135500,3000,2.26,14023,1901491500
005305,롯데칠성우,72300,73300,1000,1.38,106,7678000
011170,롯데케미칼,212000,215000,3000,1.42,66379,14205963500
002270,롯데푸드,411000,406000,-5000,-1.22,2226,903958000
071840,롯데하이마트,30200,29650,-550,-1.82,93888,2788965050
027740,마니커,809,812,3,0.37,2869475,2345327490
204320,만도,35300,36750,1450,4.11,333119,12083318300
001080,만호제강,16100,16000,-100,-0.62,498,7926150
088980,맥쿼리인프라,12000,12050,50,0.42,540733,6507115450
094800,맵스리얼티1,4810,4625,-185,-3.85,550037,2571947050
015540,메디파트너생명공학,6040,6040,0,0.0,70872,428966180
138040,메리츠금융지주,11400,11900,500,4.39,212475,2483997650
008560,메리츠종금증권,3700,3715,15,0.41,2802905,10363742390
000060,메리츠화재,18150,18200,50,0.28,221684,4020244850
090370,메타랩스,1290,1300,10,0.78,216237,278827865
017180,명문제약,4815,4780,-35,-0.73,168297,812830040
012690,모나리자,3685,3685,0,0.0,291863,1084728355
005360,모나미,3630,3645,15,0.41,560333,2053435905
204210,모두투어리츠,3230,3210,-20,-0.62,922,2959915
009680,모토닉,8750,8650,-100,-1.14,19180,166254970
009580,무림PP,4180,4190,10,0.24,76988,321315020
009200,무림페이퍼,2470,2460,-10,-0.4,74267,181590840
033920,무학,8560,8400,-160,-1.87,26778,227038490
008420,문배철강,2480,2475,-5,-0.2,40390,100053750
025560,미래산업,142,143,1,0.7,4897394,700604223
007120,미래아이앤지,309,307,-2,-0.65,165009,50868936
006800,미래에셋대우,7390,7410,20,0.27,1170310,8668245570
00680K,미래에셋대우2우B,4250,4235,-15,-0.35,163553,692897275
006805,미래에셋대우우,4705,4715,10,0.21,7512,35332320
085620,미래에셋생명,4200,4140,-60,-1.43,32986,136990575
002840,미원상사,56800,57800,1000,1.76,16000,922087200
268280,미원에스씨,71000,70900,-100,-0.14,987,69733700
107590,미원홀딩스,40950,41450,500,1.22,1502,61780150
134380,미원화학,43850,43900,50,0.11,97,4255100
003650,미창석유,79100,78700,-400,-0.51,4714,371085900
155900,바다로19호,2920,2920,0,0.0,5773,16852160
003610,방림,2060,2040,-20,-0.97,60789,122722430
001340,백광산업,2385,2355,-30,-1.26,138647,326669110
014580,백광소재,4325,4365,40,0.92,245348,1071027730
035150,백산,8390,8690,300,3.58,1209199,10390982310
002410,범양건영,1905,1850,-55,-2.89,137751,259614530
096300,베트남개발1,344,346,2,0.58,196886,67497718
007210,벽산,1950,1880,-70,-3.59,381933,722988730
002760,보락,2100,2080,-20,-0.95,791818,1643773235
003850,보령제약,15650,15700,50,0.32,209544,3277572850
000890,보해양조,997,997,0,0.0,1430804,1421046555
003000,부광약품,14100,14000,-100,-0.71,197363,2768843100
001270,부국증권,21600,21750,150,0.69,5509,120251050
001275,부국증권우,19100,19100,0,0.0,810,15400900
026940,부국철강,5060,5280,220,4.35,987029,5199544870
015350,부산가스,35400,35500,100,0.28,1171,41390650
011390,부산산업,138000,141500,3500,2.54,24527,3485661000
005030,부산주공,466,466,0,0.0,186513,86911878
100220,비상교육,7660,7660,0,0.0,20121,154722000
101140,비티원,3325,3260,-65,-1.95,436747,1487196210
005180,빙그레,53500,53200,-300,-0.56,16450,876386600
003960,사조대림,15700,15950,250,1.59,12975,203189300
008040,사조동아원,997,997,0,0.0,234397,232775602
007160,사조산업,36800,37200,400,1.09,3613,133691900
014710,사조씨푸드,5130,5090,-40,-0.78,19557,100190520
006090,사조오양,7540,7590,50,0.66,13838,104676130
005090,삼광글라스,30100,30100,0,0.0,425,12781700
001470,삼부토건,667,681,14,2.1,1469237,1008650431
006400,삼성SDI,226500,227500,1000,0.44,174129,39596653500
006405,삼성SDI우,88700,88800,100,0.11,2452,217275500
006660,삼성공조,8200,8030,-170,-2.07,11372,91672840
028260,삼성물산,100500,101000,500,0.5,137557,13895373300
02826K,삼성물산우B,74400,74500,100,0.13,1807,134266600
207940,삼성바이오로직스,390000,389000,-1000,-0.26,39782,15477518000
032830,삼성생명,72800,74200,1400,1.92,242751,18019053400
018260,삼성에스디에스,192500,195500,3000,1.56,49032,9555843000
028050,삼성엔지니어링,18950,19100,150,0.79,511170,9755208950
009150,삼성전기,118000,118500,500,0.42,550759,65532193500
009155,삼성전기우,45800,46300,500,1.09,20228,934175250
005930,삼성전자,51500,51900,400,0.78,11379521,589979802358
005935,삼성전자우,42000,42200,200,0.48,750327,31678200300
001360,삼성제약,4650,4580,-70,-1.51,9005811,41464652825
010140,삼성중공업,6960,7090,130,1.87,2112532,14913118510
010145,삼성중공우,61900,61500,-400,-0.65,1725,105316000
016360,삼성증권,36500,36850,350,0.96,232850,8573580950
068290,삼성출판사,20850,22050,1200,5.76,2394549,51784577100
029780,삼성카드,37800,38450,650,1.72,93172,3579581900
000810,삼성화재,236000,238000,2000,0.85,68123,16150098000
000815,삼성화재우,168000,168000,0,0.0,5351,901256000
006110,삼아알미늄,4095,4085,-10,-0.24,4264,17391960
145990,삼양사,50800,51200,400,0.79,4635,236419200
145995,삼양사우,36450,36400,-50,-0.14,125,4573200
003230,삼양식품,88000,87000,-1000,-1.14,11684,1020372400
002170,삼양통상,60800,61300,500,0.82,2398,146928800
272550,삼양패키징,15600,15500,-100,-0.64,25847,398279450
000070,삼양홀딩스,64200,65100,900,1.4,6002,387616300
000075,삼양홀딩스우,43850,44050,200,0.46,127,5622350
002810,삼영무역,15950,15750,-200,-1.25,3921,62034400
005680,삼영전자,8700,8660,-40,-0.46,8886,77127520
003720,삼영화학,999,1005,6,0.6,23842,23807309
023000,삼원강재,3050,3050,0,0.0,6460,19703280
004380,삼익THK,11150,11350,200,1.79,12499,141647700
002450,삼익악기,1765,1785,20,1.13,130522,231483120
000520,삼일제약,20150,20150,0,0.0,35699,713703650
009770,삼정펄프,32300,32250,-50,-0.15,656,21191400
005500,삼진제약,23850,23900,50,0.21,50757,1207894500
004690,삼천리,84300,84300,0,0.0,1149,96982400
001880,삼호,19000,19000,0,0.0,10969,207496250
010960,삼호개발,4320,4315,-5,-0.12,79025,340094080
004450,삼화왕관,45550,45900,350,0.77,548,24895100
009470,삼화전기,14400,14500,100,0.69,35089,505776250
011230,삼화전자,2370,2450,80,3.38,41007,98640605
001820,삼화콘덴서,46550,48000,1450,3.11,111494,5337385500
000390,삼화페인트,4975,4975,0,0.0,12881,63869470
001290,상상인증권,1255,1245,-10,-0.8,26629,33389510
041650,상신브레이크,3680,3675,-5,-0.14,14169,51898210
075180,새론오토모티브,4470,4505,35,0.78,1639,7349335
007540,샘표,39950,39650,-300,-0.75,11376,448890500
248170,샘표식품,34000,33800,-200,-0.59,9792,330110050
007860,서연,2975,2970,-5,-0.17,14977,44569755
200880,서연이화,4910,4925,15,0.31,50296,248866580
017390,서울가스,70900,70700,-200,-0.28,268,18818600
004410,서울식품,161,161,0,0.0,1403534,225419457
004415,서울식품우,3460,3440,-20,-0.58,9679,33290620
021050,서원,2035,2190,155,7.62,10788732,23398208040
008490,서흥,34850,35000,150,0.43,9437,329772900
007610,선도전기,2915,2915,0,0.0,38389,111990525
136490,선진,9230,9270,40,0.43,5182,47813720
002820,선창산업,4185,4300,115,2.75,27112,111740510
014910,성문전자,2165,2050,-115,-5.31,426500,878422865
014915,성문전자우,10950,10850,-100,-0.91,5994,65862950
003080,성보화학,4570,4540,-30,-0.66,2476,11233785
004980,성신양회,6940,7010,70,1.01,57889,407351370
004985,성신양회우,9650,9600,-50,-0.52,2302,22171200
011300,성안,506,496,-10,-1.98,628033,309493418
000180,성창기업지주,1575,1550,-25,-1.59,131766,203907655
002420,세기상사,57300,58500,1200,2.09,626,36164100
004360,세방,11250,11200,-50,-0.44,10611,119161900
004365,세방우,6430,6430,0,0.0,31896,205093400
004490,세방전지,36700,36500,-200,-0.54,15348,561411300
001430,세아베스틸,15500,15450,-50,-0.32,39165,607136500
306200,세아제강,60800,60900,100,0.16,3822,231511900
003030,세아제강지주,45450,45450,0,0.0,3177,143495400
019440,세아특수강,13800,13850,50,0.36,1971,27226400
058650,세아홀딩스,78300,77900,-400,-0.51,1444,112645900
013000,세우글로벌,2245,2160,-85,-3.79,5466768,12022336275
091090,세원셀론텍,2700,2705,5,0.19,46312,124539425
021820,세원정공,8090,8090,0,0.0,0,0
067830,세이브존IC,3210,3175,-35,-1.09,26755,85019405
033530,세종공업,4280,4270,-10,-0.23,28404,121661265
075580,세진중공업,4560,4500,-60,-1.32,65175,290950090
027970,세하,2700,2730,30,1.11,105720,285954935
145210,세화아이엠씨,2990,2990,0,0.0,0,0
308170,센트랄모텍,14700,13250,-1450,-9.86,1919351,26257964300
068270,셀트리온,166500,164500,-2000,-1.2,484732,80048646000
004430,송원산업,15100,15150,50,0.33,92244,1403092600
017550,수산중공업,1470,1640,170,11.56,19031116,30572981200
002200,수출포장,19400,19350,-50,-0.26,1550,29859450
053210,스카이라이프,8670,8640,-30,-0.35,27753,240009300
134790,시디즈,40300,40950,650,1.61,2342,95810500
016590,신대양제지,58800,57700,-1100,-1.87,3645,212360700
029530,신도리코,37000,37300,300,0.81,6206,232607200
004970,신라교역,11600,11650,50,0.43,10001,116748000
011930,신성이엔지,890,898,8,0.9,287788,257308937
005390,신성통상,1490,1505,15,1.01,1099018,1654970075
004170,신세계,287500,287000,-500,-0.17,27769,7978014500
035510,신세계IC,108000,107500,-500,-0.46,2408,259396000
034300,신세계건설,26650,26800,150,0.56,1036,27708950
031430,신세계인터내셔날,228000,230500,2500,1.1,56274,13103557000
031440,신세계푸드,68200,67800,-400,-0.59,7615,515584700
006880,신송홀딩스,3880,3845,-35,-0.9,69956,268032285
005800,신영와코루,100500,100500,0,0.0,130,13001900
001720,신영증권,52900,52700,-200,-0.38,1754,92511600
001725,신영증권우,51900,52000,100,0.19,374,19409700
009270,신원,1860,1890,30,1.61,436978,826024455
009275,신원우,47200,47300,100,0.21,371,17383950
002700,신일산업,1730,1700,-30,-1.73,3189557,5513279860
019170,신풍제약,6990,6870,-120,-1.72,428688,2980299310
019175,신풍제약우,6050,6030,-20,-0.33,5409,32613660
002870,신풍제지,1475,1490,15,1.02,28710,42277650
005450,신한,4945,4945,0,0.0,0,0
293940,신한알파리츠,7560,7380,-180,-2.38,392713,2912365100
055550,신한지주,44050,43650,-400,-0.91,1118191,48916674550
001770,신화실업,21150,21350,200,0.95,3409,72053900
004080,신흥,9540,9580,40,0.42,1768,16998400
102280,쌍방울,1030,1055,25,2.43,2067381,2167277700
003410,쌍용양회,5380,5440,60,1.12,591636,3191181000
003415,쌍용양회우,12150,12050,-100,-0.82,6944,82960450
003620,쌍용차,1810,1825,15,0.83,353737,646432210
004770,써니전자,3460,3460,0,0.0,558841,1926357995
004920,씨아이테크,442,445,3,0.68,103429,45795313
112610,씨에스윈드,36300,35800,-500,-1.38,32780,1165135300
008700,아남전자,1940,1945,5,0.26,156094,302009890
002790,아모레G,78500,78200,-300,-0.38,84453,6634250200
002795,아모레G우,30950,31350,400,1.29,1130,35347150
090430,아모레퍼시픽,192500,193000,500,0.26,167907,32272677500
090435,아모레퍼시픽우,88100,88400,300,0.34,8165,726557000
002030,아세아,106000,104500,-1500,-1.42,348,36543500
183190,아세아시멘트,75500,75600,100,0.13,958,72199300
002310,아세아제지,28550,28300,-250,-0.88,8228,233884450
267850,아시아나IDT,24700,26800,2100,8.5,2396459,63823742700
020560,아시아나항공,5300,5480,180,3.4,2497116,13606712870
122900,아이마켓코리아,10150,10150,0,0.0,13017,131935700
010780,아이에스동서,32200,32350,150,0.47,66967,2175282550
033660,아주캐피탈,11400,11700,300,2.63,14392,165921200
001780,알루코,2295,2310,15,0.65,331138,766648180
018250,애경산업,26000,25900,-100,-0.38,99056,2576807650
161000,애경유화,8130,8170,40,0.49,39881,323961120
011090,에넥스,1145,1170,25,2.18,231396,266884715
005850,에스엘,17950,17650,-300,-1.67,134527,2366856950
012750,에스원,95800,97500,1700,1.77,49601,4804891800
023960,에쓰씨엔지니어링,1410,1395,-15,-1.06,28341,39332460
298690,에어부산,6380,6540,160,2.51,2065807,13670295070
140910,에이리츠,7170,7180,10,0.14,10918,78031030
078520,에이블씨엔씨,9870,9910,40,0.41,89924,902006150
015260,에이엔피,337,339,2,0.59,151025,50858158
007460,에이프로젠KIC,3130,2950,-180,-5.75,136693017,421653536725
003060,에이프로젠제약,1440,1520,80,5.56,198463967,313055925850
036570,엔씨소프트,540000,545000,5000,0.93,77125,42046920000
138250,엔에스쇼핑,9520,9650,130,1.37,6089,58290510
085310,엔케이,1215,1215,0,0.0,317280,381236030
009810,엔케이물산,1210,1230,20,1.65,12809958,15306418065
900140,엘브이엠씨홀딩스,4300,4300,0,0.0,119957,515746875
014440,영보화학,3365,3355,-10,-0.3,6947,23259360
111770,영원무역,34650,34500,-150,-0.43,110829,3801085600
009970,영원무역홀딩스,47750,48150,400,0.84,3722,177935750
003520,영진약품,6400,6370,-30,-0.47,576269,3671474980
000670,영풍,632000,638000,6000,0.95,1158,732657000
006740,영풍제지,2840,2870,30,1.06,13291,37914620
012280,영화금속,1560,1565,5,0.32,214115,334629590
012160,영흥철강,1165,1170,5,0.43,140297,162847155
015360,예스코홀딩스,38300,37950,-350,-0.91,588,22393350
007310,오뚜기,526000,535000,9000,1.71,2222,1181291000
079440,오렌지라이프,28750,28500,-250,-0.87,134425,3840935150
002630,오리엔트바이오,278,283,5,1.8,2935192,832350222
271560,오리온,103000,106000,3000,2.91,40228,4223111000
001800,오리온홀딩스,16800,16500,-300,-1.79,60069,989716450
070960,용평리조트,6040,6150,110,1.82,75134,458723760
316140,우리금융지주,11350,11350,0,0.0,1484637,16842594950
004720,우리들제약,5950,5940,-10,-0.17,35920,212614480
118000,우리들휴브레인,2330,2420,90,3.86,180007,427584445
010050,우리종금,618,618,0,0.0,447897,276500114
006980,우성사료,2885,2870,-15,-0.52,145009,418206740
017370,우신시스템,4900,4810,-90,-1.84,24778,120288755
105840,우진,4320,4305,-15,-0.35,86490,372043850
010400,우진아이엔에스,8040,8050,10,0.12,9181,73715210
049800,우진플라임,3485,3505,20,0.57,7135,24910940
016880,웅진,1320,1365,45,3.41,263990,354270615
095720,웅진씽크빅,2460,2475,15,0.61,929819,2272747935
103130,웅진에너지,914,914,0,0.0,0,0
021240,웅진코웨이,90900,89000,-1900,-2.09,173987,15539882600
005820,원림,17150,16950,-200,-1.17,81,1374500
010600,웰바이오텍,2325,2260,-65,-2.8,250590,569450935
008600,윌비스,1335,1355,20,1.5,1244193,1666363580
033270,유나이티드제약,18050,18300,250,1.39,16094,292819950
014830,유니드,44700,44550,-150,-0.34,8685,388377550
000910,유니온,3995,3945,-50,-1.25,89821,356634295
047400,유니온머티리얼,2410,2400,-10,-0.41,365348,877550570
011330,유니켐,1850,1850,0,0.0,414731,766362425
077500,유니퀘스트,6040,6230,190,3.15,65451,405528010
002920,유성기업,2610,2620,10,0.38,2541,6660180
000700,유수홀딩스,6570,6500,-70,-1.07,77720,493994230
003470,유안타증권,2760,2770,10,0.36,81248,224613290
003475,유안타증권우,2080,2080,0,0.0,2262,4681600
011690,유양디앤유,4820,4780,-40,-0.83,238527,1133638595
072130,유엔젤,5090,5230,140,2.75,7628364,41948148095
000220,유유제약,10850,10600,-250,-2.3,77372,825129750
000225,유유제약1우,7020,6990,-30,-0.43,10141,70128940
000227,유유제약2우B,18150,18150,0,0.0,9748,175797650
001200,유진투자증권,2170,2170,0,0.0,143952,309697690
000100,유한양행,224500,226500,2000,0.89,36532,8250403500
000105,유한양행우,208500,206000,-2500,-1.2,2019,406363500
003460,유화증권,12750,12750,0,0.0,721,9165200
003465,유화증권우,13100,13100,0,0.0,2,26250
008730,율촌화학,13800,13650,-150,-1.09,74563,1016270350
008250,이건산업,7000,6970,-30,-0.43,19873,138226870
025820,이구산업,1550,1590,40,2.58,199888,317543740
214320,이노션,67300,67100,-200,-0.3,23323,1568695500
088260,이리츠코크렙,6510,6320,-190,-2.92,349387,2237956100
139480,이마트,129000,132000,3000,2.33,180177,23589386500
007660,이수페타시스,3750,3860,110,2.93,291116,1115377460
005950,이수화학,10100,10200,100,0.99,19894,201543050
015020,이스타코,600,601,1,0.17,74072,44448115
093230,이아이디,225,230,5,2.22,4625679,1054194555
102460,이연제약,14900,14700,-200,-1.34,23081,339785300
084680,이월드,4985,5060,75,1.5,838752,4212871035
000760,이화산업,15500,15550,50,0.32,299,4663100
014990,인디에프,2395,2460,65,2.71,455902,1120690525
006490,인스코비,3085,3015,-70,-2.27,951995,2883445130
023800,인지컨트롤스,4635,4640,5,0.11,31230,143522050
034590,인천도시가스,29550,29400,-150,-0.51,761,22397450
129260,인터지스,2270,2320,50,2.2,66505,151514745
023810,인팩,3780,3805,25,0.66,5347,20195110
249420,일동제약,16700,16400,-300,-1.8,59928,987940000
000230,일동홀딩스,11100,11100,0,0.0,5383,59569200
013360,일성건설,1210,1215,5,0.41,98107,119691885
003120,일성신약,82700,82800,100,0.12,356,29261300
003200,일신방직,71500,72000,500,0.7,834,59801400
007110,일신석재,2445,2510,65,2.66,1182334,2966502080
007570,일양약품,22300,22100,-200,-0.9,63575,1409214250
007575,일양약품우,17250,17250,0,0.0,70,1206350
008500,일정실업,18300,18300,0,0.0,311,5691300
081000,일진다이아,25900,26700,800,3.09,125861,3347565100
020760,일진디스플,3300,3330,30,0.91,272044,897834190
020150,일진머티리얼즈,38000,38800,800,2.11,248543,9602346900
103590,일진전기,3065,3025,-40,-1.31,340698,1041575090
015860,일진홀딩스,5350,4875,-475,-8.88,5543145,29626438660
226320,잇츠한불,17400,17400,0,0.0,23906,419802650
317400,자이에스앤디,5390,5500,110,2.04,111633,608269150
033240,자화전자,9890,9870,-20,-0.2,64094,633365980
000950,전방,15450,15650,200,1.29,663,10135400
194370,제이에스코퍼레이션,11350,11850,500,4.41,33920,391987850
025620,제이준코스메틱,4000,4025,25,0.63,248698,1002726695
036420,제이콘텐트리,38000,37450,-550,-1.45,67851,2552876350
030000,제일기획,24650,25200,550,2.23,243290,6146897450
271980,제일약품,33500,34300,800,2.39,21531,731443700
001560,제일연마,7340,7070,-270,-3.68,25019,179781450
002620,제일파마홀딩스,17650,17500,-150,-0.85,4097,71425750
006220,제주은행,4020,4025,5,0.12,1990,8006745
089590,제주항공,25100,25050,-50,-0.2,18320,460228950
004910,조광페인트,5490,5500,10,0.18,5633,30697170
004700,조광피혁,37800,37750,-50,-0.13,247,9244350
001550,조비,14850,15200,350,2.36,7196,108321350
000480,조선내화,87800,88800,1000,1.14,4998,440722500
120030,조선선재,82900,82800,-100,-0.12,1439,118542000
018470,조일알미늄,728,739,11,1.51,20256,14906676
002600,조흥,148000,147500,-500,-0.34,14,2052000
185750,종근당,92500,91700,-800,-0.86,13694,1258321900
063160,종근당바이오,29050,29750,700,2.41,42458,1259677000
001630,종근당홀딩스,100500,101500,1000,1.0,44513,4519628800
044380,주연테크,493,495,2,0.41,1472236,724781166
013890,지누스,82800,83400,600,0.72,47787,3966855900
013870,지엠비코리아,4830,4820,-10,-0.21,32161,155446485
071320,지역난방공사,48250,48650,400,0.83,4744,228101600
010580,지코,906,907,1,0.11,377447,342158139
035000,지투알,6600,6600,0,0.0,7172,47347960
088790,진도,3700,3650,-50,-1.35,5676,20959985
003780,진양산업,3805,3845,40,1.05,42635,163377180
010640,진양폴리,2815,2780,-35,-1.24,16608,46367805
100250,진양홀딩스,2620,2615,-5,-0.19,22539,58844190
051630,진양화학,4815,4830,15,0.31,51885,247555310
272450,진에어,14500,14600,100,0.69,63604,921605000
011000,진원생명과학,2520,2525,5,0.2,109161,276047590
002780,진흥기업,2215,2265,50,2.26,169772,377324095
002787,진흥기업2우B,13900,14350,450,3.24,13134,183311600
002785,진흥기업우B,5140,5300,160,3.11,13286,68283810
009310,참엔지니어링,1310,1270,-40,-3.05,552447,719592855
000650,천일고속,71100,71000,-100,-0.14,413,29376300
012600,청호컴넷,2615,2630,15,0.57,13845,36637280
033250,체시스,2975,2920,-55,-1.85,722275,2085087630
001140,카리스국보,2955,2955,0,0.0,207722,609401680
035720,카카오,149500,150000,500,0.33,480071,71489354500
006380,카프로,3015,3020,5,0.17,37666,112926310
109070,컨버즈,1630,2115,485,29.75,4095065,8011458910
001620,케이비아이동국실업,716,715,-1,-0.14,16786,11967130
029460,케이씨,13050,12950,-100,-0.77,19813,256341750
281820,케이씨텍,18000,17700,-300,-1.67,67534,1190469200
145270,케이탑리츠,917,925,8,0.87,205551,189447617
007815,코리아써우,3600,3665,65,1.81,578,2098600
007810,코리아써키트,10900,11100,200,1.83,400307,4412618250
00781K,코리아써키트2우B,4490,4525,35,0.78,935,4195560
152330,코리아오토글라스,16200,16200,0,0.0,21918,357216350
003690,코리안리,8390,8440,50,0.6,140448,1177438170
192820,코스맥스,78500,79500,1000,1.27,35294,2796497200
044820,코스맥스비티아이,12600,12850,250,1.98,3503,44456000
005070,코스모신소재,8480,8590,110,1.3,6051278,53266035990
005420,코스모화학,5330,6410,1080,20.26,13968046,87028029620
071950,코아스,1325,1335,10,0.75,125253,166199690
002020,코오롱,17050,17100,50,0.29,7148,122294350
003070,코오롱글로벌,9470,9550,80,0.84,8908,84525970
003075,코오롱글로벌우,18000,18050,50,0.28,854,15321300
144620,코오롱머티리얼,1430,1520,90,6.29,1775190,2702713545
002025,코오롱우,10850,10800,-50,-0.46,5582,59787200
120110,코오롱인더,48150,47800,-350,-0.73,68636,3278909400
120115,코오롱인더우,22400,22300,-100,-0.45,2925,65055600
138490,코오롱플라스틱,4225,4270,45,1.07,27095,115216750
031820,콤텍시스템,1625,1580,-45,-2.77,2721339,4361598060
192400,쿠쿠홀딩스,101500,101000,-500,-0.49,2448,246965500
284740,쿠쿠홈시스,43400,42900,-500,-1.15,19907,852293300
015590,큐로,997,996,-1,-0.1,1049529,1050054907
264900,크라운제과,8420,8390,-30,-0.36,5610,47065930
26490K,크라운제과우,7500,7500,0,0.0,3878,29093960
005740,크라운해태홀딩스,10600,10600,0,0.0,7498,79180750
005745,크라운해태홀딩스우,12600,12650,50,0.4,2026,25287650
020120,키다리스튜디오,3800,3800,0,0.0,35393,133690170
039490,키움증권,71600,73100,1500,2.09,21185,1537495700
012170,키위미디어그룹,150,150,0,0.0,0,0
015890,태경산업,5570,5630,60,1.08,27203,152565100
006890,태경화학,5060,5120,60,1.19,56899,289556290
003240,태광산업,994000,988000,-6000,-0.6,743,732621000
011280,태림포장,4195,4165,-30,-0.72,116351,482957300
004100,태양금속,1170,1205,35,2.99,241845,287383585
004105,태양금속우,2855,2860,5,0.18,17088,48579920
009410,태영건설,10700,11000,300,2.8,82648,901046750
009415,태영건설우,6620,6690,70,1.06,2051,13693230
001420,태원물산,4110,4090,-20,-0.49,18420,74552960
007980,태평양물산,2505,2525,20,0.8,98595,248618985
055490,테이팩스,21850,22150,300,1.37,9003,197608600
078000,텔코웨어,14300,13950,-350,-2.45,20783,291266350
214420,토니모리,9290,9500,210,2.26,117485,1123530810
019180,티에이치엔,3450,3485,35,1.01,60514,208102395
091810,티웨이항공,5700,5640,-60,-1.05,115729,651233930
004870,티웨이홀딩스,1665,1650,-15,-0.9,233490,386168710
005690,파미셀,7640,7720,80,1.05,337673,2581770140
036580,팜스코,4385,4360,-25,-0.57,45904,200117450
028670,팬오션,4330,4370,40,0.92,550313,2398320800
010820,퍼스텍,2170,2160,-10,-0.46,101516,218877440
016800,퍼시스,29700,29900,200,0.67,1108,32946700
001020,페이퍼코리아,631,633,2,0.32,57231,36268712
090080,평화산업,1230,1225,-5,-0.41,286576,347990110
010770,평화홀딩스,3545,3575,30,0.85,15431,54756475
058430,포스코강판,17350,17300,-50,-0.29,3831,66319200
047050,포스코인터내셔널,19050,19200,150,0.79,137750,2642646900
003670,포스코케미칼,46700,47350,650,1.39,106905,5028978750
007630,폴루스바이오팜,1225,1225,0,0.0,0,0
017810,풀무원,9380,9520,140,1.49,72690,687085910
103140,풍산,22350,22350,0,0.0,95389,2129399750
005810,풍산홀딩스,34150,34000,-150,-0.44,1502,51282950
033180,필룩스,7790,7460,-330,-4.24,5599402,42600579840
086790,하나금융지주,36850,37000,150,0.41,1018505,37523096850
099340,하나니켈1호,445,443,-2,-0.45,58052,25856182
099350,하나니켈2호,1100,1100,0,0.0,41918,46071415
293480,하나제약,22550,22500,-50,-0.22,18077,405224150
039130,하나투어,49050,48100,-950,-1.94,47648,2306776950
172580,하이골드12호,2785,2790,5,0.18,7502,20901235
153360,하이골드3호,1805,1800,-5,-0.28,57103,102768300
159650,하이골드8호,2195,2185,-10,-0.46,35625,77925580
071090,하이스틸,18750,18600,-150,-0.8,4451,83271100
019490,하이트론,3190,3200,10,0.31,4943,15937925
000080,하이트진로,27900,28450,550,1.97,223127,6336935650
000087,하이트진로2우B,17600,17600,0,0.0,468,8223850
000140,하이트진로홀딩스,12300,12250,-50,-0.41,63852,783647250
000145,하이트진로홀딩스우,15700,16000,300,1.91,4104,65383100
152550,한국ANKOR유전,1750,1765,15,0.86,10242,18051975
036460,한국가스공사,37900,37850,-50,-0.13,111967,4245824150
005430,한국공항,43400,43200,-200,-0.46,4507,198269400
071050,한국금융지주,67800,68200,400,0.59,202631,13935232800
071055,한국금융지주우,42250,42400,150,0.36,9971,421416600
010040,한국내화,3950,3990,40,1.01,52188,208534645
025540,한국단자,41900,42200,300,0.72,12650,535556450
004090,한국석유,101000,100500,-500,-0.5,832,83316300
002960,한국쉘석유,331000,329500,-1500,-0.45,1233,407799500
123890,한국자산신탁,3360,3370,10,0.3,151183,507400800
015760,한국전력,28150,28500,350,1.24,1476080,42160594300
006200,한국전자홀딩스,720,719,-1,-0.14,4754,3412806
002300,한국제지,17100,16850,-250,-1.46,11681,197334800
009540,한국조선해양,122000,123000,1000,0.82,152048,18722931000
023350,한국종합기술,3925,3940,15,0.38,15993,62766845
025890,한국주강,1860,1865,5,0.27,35362,65475750
000970,한국주철관,9940,9980,40,0.4,20645,207365960
104700,한국철강,4750,4700,-50,-1.05,41922,196883025
017960,한국카본,7470,7390,-80,-1.07,153352,1129374990
161890,한국콜마,45500,46050,550,1.21,72292,3314644850
024720,한국콜마홀딩스,20500,20650,150,0.73,23656,487345350
161390,한국타이어앤테크놀로지,33450,33350,-100,-0.3,228947,7598434250
000240,한국테크놀로지그룹,14000,14000,0,0.0,43389,605311200
034830,한국토지신탁,2200,2200,0,0.0,294876,646646015
007280,한국특수형강,1775,1735,-40,-2.25,336901,580768855
168490,한국패러랠,2255,2250,-5,-0.22,11435,25688215
010100,한국프랜지,2165,2150,-15,-0.69,161057,346929120
047810,한국항공우주,35050,34700,-350,-1.0,244368,8500039550
123690,한국화장품,8800,9320,520,5.91,1962202,18204330540
003350,한국화장품제조,28350,29750,1400,4.94,329746,9978285350
011500,한농화성,4290,4360,70,1.63,23730,102947035
002390,한독,21550,21700,150,0.7,60583,1312212950
014790,한라,2940,2915,-25,-0.85,19162,56112570
060980,한라홀딩스,46050,47250,1200,2.61,24685,1158950150
053690,한미글로벌,10700,10500,-200,-1.87,205607,2138239050
042700,한미반도체,6160,6170,10,0.16,48098,295298270
008930,한미사이언스,37550,36450,-1100,-2.93,216848,7911393300
128940,한미약품,298000,294000,-4000,-1.34,88804,25978458500
009240,한샘,60000,59900,-100,-0.17,31769,1911088700
020000,한섬,30950,31850,900,2.91,57418,1818624500
003680,한성기업,5330,5350,20,0.38,2193,11832870
105630,한세실업,16850,16700,-150,-0.89,78631,1316069500
069640,한세엠케이,4325,4325,0,0.0,11263,48418315
016450,한세예스24홀딩스,7270,7300,30,0.41,13807,100517550
010420,한솔PNS,1650,1645,-5,-0.3,90361,149968660
009180,한솔로지스틱스,1355,1360,5,0.37,45700,61952940
213500,한솔제지,14150,14200,50,0.35,56041,791754550
014680,한솔케미칼,95600,98000,2400,2.51,46027,4490231500
004710,한솔테크닉스,8840,9100,260,2.94,1000185,9042206590
004150,한솔홀딩스,3990,3990,0,0.0,16004,63579945
025750,한솔홈데코,1070,1070,0,0.0,227105,242887160
004960,한신공영,14600,14800,200,1.37,7219,106566150
011700,한신기계,1605,1615,10,0.62,94971,153466365
001750,한양증권,8060,7970,-90,-1.12,23120,184363590
001755,한양증권우,9380,9110,-270,-2.88,507,4653180
018880,한온시스템,10800,10850,50,0.46,484364,5237568200
009420,한올바이오파마,35400,35050,-350,-0.99,266026,9294581600
014130,한익스프레스,4170,4165,-5,-0.12,39771,165048825
300720,한일시멘트,92600,92600,0,0.0,1276,117855800
002220,한일철강,2055,2055,0,0.0,4144,8436990
006390,한일현대시멘트,29550,30100,550,1.86,7664,230949450
003300,한일홀딩스,44150,43550,-600,-1.36,10600,458838000
051600,한전KPS,38750,38500,-250,-0.65,123601,4773710300
052690,한전기술,19000,19050,50,0.26,32840,625782800
130660,한전산업,3500,3490,-10,-0.29,16961,59437900
002320,한진,30550,31050,500,1.64,81741,2527003500
097230,한진중공업,4775,4785,10,0.21,151300,723262230
003480,한진중공업홀딩스,2680,2645,-35,-1.31,14517,38858755
180640,한진칼,40050,40650,600,1.5,746618,30668505300
18064K,한진칼우,38000,38050,50,0.13,18431,708342700
005110,한창,2760,2795,35,1.27,978372,2750748115
009460,한창제지,2880,2925,45,1.56,956202,2773425020
000880,한화,23900,24100,200,0.84,119906,2874264500
00088K,한화3우B,13700,13700,0,0.0,12170,166939250
027390,한화갤러리아타임월드,25850,25800,-50,-0.19,15479,399759800
088350,한화생명,2250,2245,-5,-0.22,1186845,2667156465
000370,한화손해보험,2710,2705,-5,-0.18,229616,621376430
272210,한화시스템,10950,10900,-50,-0.46,460356,5020860400
012450,한화에어로스페이스,37250,37100,-150,-0.4,137437,5094776500
000885,한화우,28600,28450,-150,-0.52,2406,68743350
009830,한화케미칼,17550,17650,100,0.57,277554,4897440800
009835,한화케미칼우,11850,11900,50,0.42,1981,23483900
003530,한화투자증권,1975,1990,15,0.76,159877,316379105
003535,한화투자증권우,2025,2020,-5,-0.25,2758,5556310
195870,해성디에스,14600,14700,100,0.68,37140,543275550
101530,해태제과식품,7100,7100,0,0.0,11974,84836900
143210,핸즈코퍼레이션,6630,6800,170,2.56,3082,20633080
000720,현대건설,42000,42250,250,0.6,342658,14464715400
267270,현대건설기계,28300,27950,-350,-1.24,52119,1470373700
000725,현대건설우,138500,139000,500,0.36,363,50073000
005440,현대그린푸드,11700,11750,50,0.43,89319,1048205150
086280,현대글로비스,146500,145000,-1500,-1.02,58911,8583944500
064350,현대로템,14800,15000,200,1.35,249460,3742888850
079430,현대리바트,12750,12550,-200,-1.57,123939,1542103000
012330,현대모비스,257000,256000,-1000,-0.39,278919,70989726500
010620,현대미포조선,45000,44850,-150,-0.33,101532,4561257200
069960,현대백화점,82300,82600,300,0.36,95536,7850754000
004560,현대비앤지스틸,8900,8880,-20,-0.22,22694,198392430
004565,현대비앤지스틸우,59900,58600,-1300,-2.17,1778,104838600
011760,현대상사,17250,17800,550,3.19,44699,787042250
011200,현대상선,3330,3290,-40,-1.2,719949,2368661370
004310,현대약품,5070,5020,-50,-0.99,943941,4737048975
322000,현대에너지솔루션,13300,14000,700,5.26,218749,3047571500
126560,현대에이치씨엔,3545,3420,-125,-3.53,1786303,6147935485
017800,현대엘리베이,67300,68400,1100,1.63,143976,9833866400
307950,현대오토에버,49700,49450,-250,-0.5,17577,866456200
011210,현대위아,50000,51000,1000,2.0,81190,4086828400
267260,현대일렉트릭,8940,9000,60,0.67,109063,970426320
004020,현대제철,30850,30900,50,0.16,315280,9741945100
267250,현대중공업지주,341000,341000,0,0.0,19032,6499802500
005380,현대차,120000,119000,-1000,-0.83,1015977,121699714000
005387,현대차2우B,80400,80900,500,0.62,57566,4647185700
005389,현대차3우B,71700,72000,300,0.42,4569,328796800
005385,현대차우,72900,72500,-400,-0.55,45286,3289633800
001500,현대차증권,9960,10050,90,0.9,31237,311959470
227840,현대코퍼레이션홀딩스,11750,11800,50,0.43,11299,132921800
001450,현대해상,27600,27500,-100,-0.36,183378,5028642600
057050,현대홈쇼핑,80200,80200,0,0.0,18290,1467006900
093240,형지엘리트,1395,1405,10,0.72,1222757,1696676285
003010,혜인,4415,4470,55,1.25,66095,295969870
111110,호전실업,13900,13950,50,0.36,7803,108441400
008770,호텔신라,81400,83700,2300,2.83,274529,22719169400
008775,호텔신라우,49450,49850,400,0.81,6756,336101000
002460,화성산업,11750,11650,-100,-0.85,10286,120338550
013520,화승알앤에이,2210,2195,-15,-0.68,74331,162410215
241590,화승엔터프라이즈,16100,16200,100,0.62,131047,2105251150
006060,화승인더,10850,10950,100,0.92,244073,2662576250
010690,화신,3150,3075,-75,-2.38,28538,88170150
133820,화인베스틸,2530,2575,45,1.78,175989,451296660
010660,화천기계,2975,2795,-180,-6.05,3206780,9553445885
000850,화천기공,38100,38000,-100,-0.26,4780,181555000
016580,환인제약,16000,16100,100,0.63,15878,253010200
032560,황금에스티,6880,6870,-10,-0.15,13514,92635060
004800,효성,79700,81700,2000,2.51,64934,5275839100
094280,효성ITX,14950,15350,400,2.68,119516,1822095350
298040,효성중공업,24550,24600,50,0.2,24263,597390150
298050,효성첨단소재,105500,108000,2500,2.37,17458,1873639500
298020,효성티앤씨,150500,152500,2000,1.33,3880,587801500
298000,효성화학,135000,136500,1500,1.11,21505,2897057000
093370,후성,7500,7830,330,4.4,926630,7130839020
081660,휠라코리아,52900,52500,-400,-0.76,230204,12081656100
005870,휴니드,7520,7420,-100,-1.33,27926,206256380
079980,휴비스,5900,5940,40,0.68,51199,301734340
005010,휴스틸,9980,9970,-10,-0.1,6076,60569390
069260,휴켐스,21750,21650,-100,-0.46,38338,834130350
000540,흥국화재,3170,3155,-15,-0.47,3186,10045655
000547,흥국화재2우B,20750,20200,-550,-2.65,798,16096400
000545,흥국화재우,4670,4740,70,1.5,715,3374425
003280,흥아해운,614,597,-17,-2.77,4580581,2726765959
