티커,종목명,시가,종가,변동폭,등락률,거래량,거래대금
095570,AJ네트웍스,6090,6110,20,0.33,40013,242050890
068400,AJ렌터카,11150,11250,100,0.9,55894,626580050
006840,AK홀딩스,51700,52100,400,0.77,10613,552397100
027410,BGF,8310,8270,-40,-0.48,122039,1011900490
282330,BGF리테일,215000,216000,1000,0.47,14955,3222540500
138930,BNK금융지주,6980,7040,60,0.86,550275,3847055960
001460,BYC,260000,260000,0,0.0,439,114170500
001465,BYC우,135000,139000,4000,2.96,154,21260500
001040,CJ,119000,119500,500,0.42,33516,3964271000
079160,CJCGV,42350,42450,100,0.24,74167,3149122550
000120,CJ대한통운,158000,158500,500,0.32,67626,10610289000
011150,CJ씨푸드,2980,2925,-55,-1.85,1518155,4449980965
011155,CJ씨푸드1우,39150,35450,-3700,-9.45,38231,1384563450
001045,CJ우,59300,59200,-100,-0.17,7832,465748600
097950,CJ제일제당,315500,317500,2000,0.63,20910,6593257000
097955,CJ제일제당우,137500,136000,-1500,-1.09,1656,225312500
037560,CJ헬로,8830,8790,-40,-0.45,81260,715999470
000590,CS홀딩스,63200,63600,400,0.63,200,12731100
012030,DB,871,858,-13,-1.49,444993,382624654
016610,DB금융투자,5050,5090,40,0.79,38333,195036510
005830,DB손해보험,68800,69500,700,1.02,64845,4467436700
000990,DB하이텍,14750,15300,550,3.73,499079,7585965700
000995,DB하이텍1우,71000,71900,900,1.27,14503,1055362400
139130,DGB금융지주,8340,8370,30,0.36,572147,4753354534
001530,DI동일,99900,103500,3600,3.6,9094,915557900
004840,DRB동일,6440,6510,70,1.09,7834,50631420
155660,DSR,4635,4595,-40,-0.86,26746,123185335
069730,DSR제강,5110,5090,-20,-0.39,91509,464501830
017940,E1,63600,64200,600,0.94,6460,411175500
007700,FF,80600,80500,-100,-0.12,77109,6277579600
114090,GKL,23050,23500,450,1.95,88945,2076867000
078930,GS,52000,52800,800,1.54,65197,3414830300
006360,GS건설,39550,40500,950,2.4,817354,32881229150
001250,GS글로벌,2665,2670,5,0.19,172728,459675645
007070,GS리테일,38600,39050,450,1.17,52874,2049736000
078935,GS우,38300,38550,250,0.65,579,22248800
012630,HDC,17350,17650,300,1.73,210321,3694473150
039570,HDC아이콘트롤스,10900,11300,400,3.67,42416,473601700
089470,HDC현대EP,5580,5600,20,0.36,196385,1096655060
294870,HDC현대산업개발,46600,46500,-100,-0.21,100932,4663655250
082740,HSD엔진,3910,3990,80,2.05,91440,361800475
003560,IHQ,2215,2315,100,4.51,9419506,21564594355
175330,JB금융지주,5570,5570,0,0.0,177057,986537840
234080,JW생명과학,23750,24100,350,1.47,59765,1428599250
001060,JW중외제약,36300,37000,700,1.93,27779,1020776950
001067,JW중외제약2우B,46900,47400,500,1.07,234,11111150
001065,JW중외제약우,29950,29700,-250,-0.83,4124,122324800
096760,JW홀딩스,6750,6760,10,0.15,77462,521991100
105560,KB금융,45400,46450,1050,2.31,1041225,47690962600
002380,KCC,355500,361500,6000,1.69,15391,5527211000
009070,KCTC,3405,3425,20,0.59,129368,437228260
009440,KC그린홀딩스,5840,5880,40,0.68,63599,372094710
119650,KC코트렐,9460,9030,-430,-4.55,786970,7230652260
092220,KEC,1190,1200,10,0.84,968092,1159026950
001390,KG케미칼,14250,14500,250,1.75,29502,422259400
001940,KISCO홀딩스,13400,13450,50,0.37,5443,72564850
025000,KPX케미칼,55700,55700,0,0.0,2608,145798700
092230,KPX홀딩스,59200,59000,-200,-0.34,518,30612400
000040,KR모터스,516,527,11,2.13,519158,269941434
044450,KSS해운,7160,7270,110,1.54,38552,275787090
030200,KT,27450,27500,50,0.18,349905,9615012500
033780,KTG,102000,102500,500,0.49,137984,14069069000
030210,KTB투자증권,3110,3185,75,2.41,186990,590732600
058850,KTcs,2395,2420,25,1.04,127467,306095405
058860,KTis,2560,2570,10,0.39,66089,169168360
093050,LF,24200,24850,650,2.69,32714,808014350
003550,LG,74500,74400,-100,-0.13,179957,13310334800
034220,LG디스플레이,19700,20250,550,2.79,1722278,34596175500
001120,LG상사,18450,18900,450,2.44,352561,6614830200
051900,LG생활건강,1388000,1417000,29000,2.09,30411,42636241000
051905,LG생활건강우,812000,800000,-12000,-1.48,1564,1255770000
003555,LG우,46200,45950,-250,-0.54,805,37019100
032640,LG유플러스,14500,14400,-100,-0.69,1232702,17757407100
011070,LG이노텍,120000,122000,2000,1.67,174867,21453121000
066570,LG전자,74800,75900,1100,1.47,413655,31182839100
066575,LG전자우,29950,30200,250,0.83,10042,302146950
108670,LG하우시스,60300,61900,1600,2.65,26522,1629400000
108675,LG하우시스우,33300,33300,0,0.0,624,20565050
051910,LG화학,358500,365000,6500,1.81,208561,75027811000
051915,LG화학우,201000,202000,1000,0.5,6186,1246225000
079550,LIG넥스원,36750,36450,-300,-0.82,89795,3252525550
006260,LS,49400,50300,900,1.82,49478,2464088000
000680,LS네트웍스,3360,3455,95,2.83,46722,159369925
010120,LS산전,48150,49500,1350,2.8,72885,3563719000
229640,LS전선아시아,6690,6790,100,1.49,73321,494903780
023150,MH에탄올,6680,6700,20,0.3,7386,49302930
035420,NAVER,118000,120000,2000,1.69,429353,50977023500
181710,NHN,81400,82300,900,1.11,59567,4828585204
005940,NH투자증권,13850,14150,300,2.17,417068,5845865850
005945,NH투자증권우,9020,9080,60,0.67,57454,518134140
034310,NICE,22100,22550,450,2.04,61442,1384755550
008260,NI스틸,2565,2525,-40,-1.56,34383,87439250
004250,NPC,4015,4010,-5,-0.12,8044,32286940
004255,NPC우,2330,2300,-30,-1.29,3914,9133245
010060,OCI,91200,93000,1800,1.97,83338,7690782600
005490,POSCO,254500,257000,2500,0.98,222998,56724935500
100840,STC,13050,13100,50,0.38,10565,137789950
064960,ST모티브,38700,39800,1100,2.84,23243,912465300
003570,ST중공업,7410,7570,160,2.16,10801,81195880
036530,ST홀딩스,12850,13100,250,1.95,6879,89704850
010950,S-Oil,92300,92000,-300,-0.33,250574,22942300700
010955,S-Oil우,64600,65000,400,0.62,5975,382628500
034120,SBS,24050,24750,700,2.91,57109,1401585150
101060,SBS미디어홀딩스,2360,2385,25,1.06,21141,49974670
004060,SG세계물산,810,817,7,0.86,261141,212853230
001380,SG충방,2240,2230,-10,-0.45,276474,616020930
002360,SH에너지화학,1195,1195,0,0.0,1430803,1718272425
009160,SIMPAC,2590,2590,0,0.0,75041,194162820
123700,SJM,3570,3550,-20,-0.56,26564,95100465
025530,SJM홀딩스,3385,3390,5,0.15,3602,12200170
034730,SK,256000,259000,3000,1.17,97373,25005992500
011790,SKC,36200,36350,150,0.41,46460,1672366500
018670,SK가스,86000,85400,-600,-0.7,26119,2219718200
001740,SK네트웍스,5800,5780,-20,-0.34,973147,5598148040
001745,SK네트웍스우,107500,101000,-6500,-6.05,16593,1694055900
006120,SK디스커버리,30500,30600,100,0.33,44149,1348383500
006125,SK디스커버리우,17050,16900,-150,-0.88,63232,1073861800
210980,SK디앤디,29500,29500,0,0.0,14359,420857750
03473K,SK우,145500,147500,2000,1.37,1539,224971000
096770,SK이노베이션,186500,187000,500,0.27,160129,29606191000
096775,SK이노베이션우,131000,129500,-1500,-1.15,6953,898489500
001510,SK증권,709,714,5,0.71,1454491,1031526690
001515,SK증권우,3375,3440,65,1.93,38127,130034565
285130,SK케미칼,66000,67700,1700,2.58,25183,1693040900
28513K,SK케미칼우,25850,26500,650,2.51,38434,1027752900
017670,SK텔레콤,246500,247500,1000,0.41,112198,27722086500
000660,SK하이닉스,78600,80000,1400,1.78,2987384,237185391000
005610,SPC삼립,131500,133500,2000,1.52,8850,1170530000
011810,STX,14400,14550,150,1.04,7028,101890100
077970,STX엔진,7120,7210,90,1.26,14456,105792700
071970,STX중공업,5100,5170,70,1.37,38634,197526740
084870,TBH글로벌,2790,2760,-30,-1.08,18131,50367175
002710,TCC스틸,2705,2745,40,1.48,70542,191381935
024070,WISCOM,2800,2800,0,0.0,10841,30005435
037270,YGPLUS,1890,1895,5,0.26,64409,121739335
000500,가온전선,18500,18500,0,0.0,1873,34422350
000860,강남제비스코,26800,27150,350,1.31,2933,78950100
035250,강원랜드,33850,34000,150,0.44,291799,9846601800
011420,갤럭시아에스엠,1520,1500,-20,-1.32,91946,136449500
002100,경농,15200,14650,-550,-3.62,213337,3127990000
009450,경동나비엔,51600,52000,400,0.78,66552,3469907600
267290,경동도시가스,36200,36600,400,1.1,4812,175126650
012320,경동인베스트,41550,41700,150,0.36,4573,190467600
000050,경방,11100,11150,50,0.45,9400,103876400
214390,경보제약,10400,10300,-100,-0.96,33323,341999400
012610,경인양행,6240,6390,150,2.4,319873,2036523220
009140,경인전자,32600,33400,800,2.45,8728,288769700
013580,계룡건설,24350,24550,200,0.82,2763,67529150
012200,계양전기,3940,3900,-40,-1.02,24785,97028340
012205,계양전기우,8890,8560,-330,-3.71,33495,289406590
004200,고려개발,4880,4865,-15,-0.31,5599,27074250
002140,고려산업,2410,2455,45,1.87,350420,862400230
010130,고려아연,445000,452500,7500,1.69,34664,15646118000
002240,고려제강,25950,26700,750,2.89,4922,128571750
009290,광동제약,7030,7420,390,5.55,3971037,31133111130
017040,광명전기,2480,2435,-45,-1.81,160969,395002620
017900,광전자,2750,2795,45,1.64,641092,1794791035
037710,광주신세계,197000,195500,-1500,-0.76,294,57781000
030610,교보증권,10150,10350,200,1.97,144829,1489151750
007690,국도화학,47650,47500,-150,-0.31,8551,409003350
005320,국동,2600,2630,30,1.15,218630,579115160
001140,국보,23550,23550,0,0.0,0,0
002720,국제약품,5010,5110,100,2.0,231051,1163925460
083420,그린케미칼,3705,3730,25,0.67,15034,55528170
014530,극동유화,3805,3765,-40,-1.05,107289,406077535
014280,금강공업,25700,24350,-1350,-5.25,70151,1709599650
014285,금강공업우,77000,76500,-500,-0.65,13817,1057644800
008870,금비,75300,75000,-300,-0.4,819,62019400
001570,금양,2455,2405,-50,-2.04,58360,139954375
002990,금호산업,14050,13800,-250,-1.78,305538,4212297950
002995,금호산업우,58600,50300,-8300,-14.16,77286,4015416400
011780,금호석유,91600,93200,1600,1.75,94404,8771568600
011785,금호석유우,35200,35750,550,1.56,20441,727719700
214330,금호에이치티,6180,6190,10,0.16,25432,156882750
001210,금호전기,3855,3985,130,3.37,136337,542476030
073240,금호타이어,4515,4635,120,2.66,323380,1485509715
092440,기신정기,3990,4010,20,0.5,13548,54283695
000270,기아차,42950,45250,2300,5.36,2828522,126262133450
024110,기업은행,14100,14400,300,2.13,372229,5310008900
013700,까뮤이앤씨,1290,1295,5,0.39,228720,296601240
004540,깨끗한나라,2790,2820,30,1.08,37299,104510010
004545,깨끗한나라우,17650,17400,-250,-1.42,2116,36555050
074610,나노메딕스,4735,4525,-210,-4.44,674055,3055618550
001260,남광토건,13000,12850,-150,-1.15,15458,197988700
008350,남선알미늄,2960,2970,10,0.34,8324188,25097688285
008355,남선알미우,35850,36100,250,0.7,91151,3455239100
004270,남성,2000,1920,-80,-4.0,569927,1100210835
003920,남양유업,615000,616000,1000,0.16,335,205332000
003925,남양유업우,221000,221500,500,0.23,8,1772000
002070,남영비비안,6680,6660,-20,-0.3,447,2951740
025860,남해화학,10800,10800,0,0.0,106568,1142461000
005720,넥센,6130,6150,20,0.33,82405,503186390
005725,넥센우,3825,3690,-135,-3.53,75752,278800040
002350,넥센타이어,10000,10350,350,3.5,51467,525211700
002355,넥센타이어1우B,4200,4290,90,2.14,5550,22951070
003580,넥스트사이언스,6010,5970,-40,-0.67,93503,563245620
251270,넷마블,126000,127000,1000,0.79,89570,11306955000
090350,노루페인트,7930,7980,50,0.63,47682,377258510
090355,노루페인트우,12850,12450,-400,-3.11,21199,269475750
000320,노루홀딩스,12800,12700,-100,-0.78,5735,72356350
000325,노루홀딩스우,20700,20950,250,1.21,5109,105976800
006280,녹십자,144500,144500,0,0.0,30750,4481260000
005250,녹십자홀딩스,23850,24450,600,2.52,44787,1086586250
005257,녹십자홀딩스2우,18750,23300,4550,24.27,92580,1976533650
004370,농심,279500,281500,2000,0.72,11150,3127882500
072710,농심홀딩스,85400,85200,-200,-0.23,1468,124631100
058730,다스코,7230,7210,-20,-0.28,56968,407828700
023590,다우기술,22000,22450,450,2.05,47991,1067966750
019680,대교,6180,6190,10,0.16,41066,253399940
019685,대교우B,4515,4505,-10,-0.22,7743,34847090
006370,대구백화점,7200,7160,-40,-0.56,16573,118412150
008060,대덕전자,9980,10600,620,6.21,2136798,22416819450
00806K,대덕전자1우,6030,6160,130,2.16,41585,254753700
000490,대동공업,5890,5910,20,0.34,22070,129790360
008110,대동전자,3755,3610,-145,-3.86,8477,30799410
005750,대림BCo,5020,5050,30,0.6,26769,135164720
000210,대림산업,94400,97000,2600,2.75,89347,8587029300
000215,대림산업우,40250,40850,600,1.49,1031,41733450
004440,대림씨엔에스,11000,11000,0,0.0,5473,60241800
006570,대림통상,4245,4300,55,1.3,1361,5853640
001680,대상,26600,26800,200,0.75,64584,1715811100
001685,대상우,13650,13550,-100,-0.73,5337,72067400
084690,대상홀딩스,8240,8200,-40,-0.49,10664,87234320
084695,대상홀딩스우,6700,6760,60,0.9,4324,28938730
128820,대성산업,5700,5630,-70,-1.23,61994,350362420
117580,대성에너지,5500,5640,140,2.55,442171,2538727730
016710,대성홀딩스,7820,7890,70,0.9,3774,29668130
003540,대신증권,12050,12450,400,3.32,381726,4693447850
003547,대신증권2우B,8480,8540,60,0.71,8426,71831580
003545,대신증권우,9100,9190,90,0.99,44234,405620540
009190,대양금속,7430,7420,-10,-0.13,29032,213688260
014160,대영포장,1290,1285,-5,-0.39,4135823,5399924350
047040,대우건설,5080,5100,20,0.39,755261,3840629920
009320,대우부품,2420,2440,20,0.83,346696,850915890
042660,대우조선해양,28250,29000,750,2.65,144552,4142516600
003090,대웅,20850,21600,750,3.6,81810,1758748300
069620,대웅제약,200500,205000,4500,2.24,39413,8013852000
000430,대원강업,5030,5120,90,1.79,239881,1226506280
006340,대원전선,1435,1410,-25,-1.74,340270,479039020
006345,대원전선우,3595,3500,-95,-2.64,14238,50282070
003220,대원제약,17400,17600,200,1.15,22163,388389300
024890,대원화성,1800,1790,-10,-0.56,34760,62274680
002880,대유에이텍,1200,1190,-10,-0.83,763092,911427980
000300,대유플러스,968,960,-8,-0.83,407087,390661581
012800,대창,1365,1090,-275,-20.15,26428229,29519274085
015230,대창단조,41300,41000,-300,-0.73,7337,301989000
001070,대한방직,16400,16650,250,1.52,4054,67089100
006650,대한유화,148000,151000,3000,2.03,31773,4765085000
001440,대한전선,987,997,10,1.01,820415,814733045
084010,대한제강,6380,6580,200,3.13,37914,246895570
001790,대한제당,20550,20650,100,0.49,27526,570666000
001799,대한제당3우B,35000,32000,-3000,-8.57,26129,859822950
001795,대한제당우,15400,14550,-850,-5.52,106459,1598425650
001130,대한제분,213000,207500,-5500,-2.58,5332,1110731500
003490,대한항공,33300,33150,-150,-0.45,507368,16735932400
003495,대한항공우,21900,21050,-850,-3.88,97000,2026213350
005880,대한해운,23750,23550,-200,-0.84,36870,870762350
003830,대한화섬,108000,108500,500,0.46,1204,130819000
016090,대현,2610,2655,45,1.72,86489,226740560
069460,대호에이엘,3220,3675,455,14.13,2725098,9794246920
192080,더블유게임즈,74400,73100,-1300,-1.75,225567,16453851000
012510,더존비즈온,55600,55100,-500,-0.9,147843,8015698700
004830,덕성,3125,3150,25,0.8,23108,72213015
004835,덕성우,4290,4235,-55,-1.28,19511,82996760
024900,덕양산업,1400,1405,5,0.36,114598,160827130
145720,덴티움,68400,69200,800,1.17,20060,1379914300
002150,도화엔지니어링,10200,9910,-290,-2.84,146335,1454091040
001230,동국제강,7440,7670,230,3.09,203843,1538836550
023450,동남합성,24500,24500,0,0.0,1184,29002900
004140,동방,2025,2030,5,0.25,712656,1430460375
007590,동방아그로,7050,7040,-10,-0.14,10737,74650080
005960,동부건설,8250,8350,100,1.21,18877,156937940
005965,동부건설우,19000,19300,300,1.58,10868,206212050
016380,동부제철,10500,10000,-500,-4.76,86904,902332570
016385,동부제철우,44500,42500,-2000,-4.49,9020,384716650
083370,동북아12호,5030,5030,0,0.0,0,0
083380,동북아13호,5050,5020,-30,-0.59,3,15060
026960,동서,19250,19650,400,2.08,79509,1551986550
002210,동성제약,19200,24950,5750,29.95,13935420,322315854750
102260,동성코퍼레이션,5650,5600,-50,-0.88,60479,337762030
005190,동성화학,14900,15150,250,1.68,25485,388729900
000640,동아쏘시오홀딩스,107000,109000,2000,1.87,4582,492841000
170900,동아에스티,100000,102500,2500,2.5,12278,1238331200
028100,동아지질,17850,17800,-50,-0.28,69790,1243145050
282690,동아타이어,13000,13000,0,0.0,1462,18977400
001520,동양,2005,2015,10,0.5,210598,419488860
001527,동양2우B,11500,11400,-100,-0.87,2014,22829550
001529,동양3우B,32400,33000,600,1.85,1359,43640850
084670,동양고속,26300,26400,100,0.38,2614,69538300
030790,동양네트웍스,2255,2300,45,2.0,2979780,6781326475
002900,동양물산,1725,1725,0,0.0,207021,352159430
082640,동양생명,4500,4495,-5,-0.11,36241,162965390
001525,동양우,9540,9240,-300,-3.14,2967,27639560
008970,동양철관,1355,1320,-35,-2.58,1461327,1929877615
092780,동양피스톤,5480,5730,250,4.56,132346,752079400
049770,동원FB,244500,246500,2000,0.82,3705,910901000
018500,동원금속,864,866,2,0.23,106319,91209786
006040,동원산업,269000,272000,3000,1.12,5239,1423016000
030720,동원수산,9230,9330,100,1.08,190247,1789283040
014820,동원시스템즈,35400,35950,550,1.55,50502,1807549400
014825,동원시스템즈우,38000,37700,-300,-0.79,13275,491981850
163560,동일고무벨트,6810,6830,20,0.29,11251,76429080
004890,동일산업,62600,62300,-300,-0.48,2441,151547000
002690,동일제강,3150,3150,0,0.0,83984,261997595
000020,동화약품,9880,9850,-30,-0.3,46248,457799610
000150,두산,105000,104500,-500,-0.48,36813,3825883000
000157,두산2우B,77400,77600,200,0.26,243,18788100
011160,두산건설,1290,1275,-15,-1.16,73810,94257405
241560,두산밥캣,31200,31700,500,1.6,148894,4690826250
000155,두산우,76900,76500,-400,-0.52,3724,284546100
042670,두산인프라코어,7130,7230,100,1.4,1495343,10720658500
034020,두산중공업,7030,6920,-110,-1.56,1264291,8755835180
016740,두올,3625,3840,215,5.93,433352,1628514535
192650,드림텍,15700,19400,3700,23.57,9338391,174019589650
024090,디씨엠,11800,11750,-50,-0.42,1118,13160200
003160,디아이,4185,4780,595,14.22,11356844,53438958020
092200,디아이씨,6150,6280,130,2.11,63693,399361470
013570,디와이,5810,5840,30,0.52,32790,190016460
210540,디와이파워,15900,16000,100,0.63,83696,1329391900
007340,디티알오토모티브,34750,34550,-200,-0.58,2068,72013500
026890,디피씨,5970,6100,130,2.18,1323813,7997266300
115390,락앤락,17850,17300,-550,-3.08,352042,6098760100
032350,롯데관광개발,13400,13450,50,0.37,72251,970658100
000400,롯데손해보험,2740,2755,15,0.55,315722,864004750
023530,롯데쇼핑,177500,179000,1500,0.85,37062,6602113000
004000,롯데정밀화학,46250,48800,2550,5.51,117175,5665065250
286940,롯데정보통신,46650,47350,700,1.5,29816,1411946250
280360,롯데제과,186500,186000,-500,-0.27,1251,230581000
004990,롯데지주,49150,49500,350,0.71,88753,4363672350
00499K,롯데지주우,57900,56700,-1200,-2.07,18245,1037134500
005300,롯데칠성,1731000,1731000,0,0.0,0,0
005305,롯데칠성우,795000,795000,0,0.0,0,0
011170,롯데케미칼,266000,275000,9000,3.38,138075,37524656500
002270,롯데푸드,624000,629000,5000,0.8,730,457340000
071840,롯데하이마트,47900,47150,-750,-1.57,117016,5516334150
027740,마니커,1215,1235,20,1.65,20474437,25091820690
204320,만도,32000,34550,2550,7.97,671093,22563794700
001080,만호제강,19200,19400,200,1.04,5644,107444200
088980,맥쿼리인프라,10900,11150,250,2.29,1481276,16357631950
094800,맵스리얼티1,4525,4440,-85,-1.88,446538,1998349585
015540,메디파트너생명공학,6310,6210,-100,-1.58,16336,101487650
138040,메리츠금융지주,13350,13300,-50,-0.37,23343,310921750
008560,메리츠종금증권,5150,5200,50,0.97,1407649,7280812110
000060,메리츠화재,23400,23500,100,0.43,48255,1134247150
090370,메타랩스,2235,2150,-85,-3.8,1378372,2937789000
017180,명문제약,5560,5650,90,1.62,172254,970155210
012690,모나리자,3930,3910,-20,-0.51,139766,547822930
005360,모나미,2795,2800,5,0.18,13179,36922975
204210,모두투어리츠,3020,3020,0,0.0,25515,76482035
009680,모토닉,12500,12800,300,2.4,84536,1068478500
009580,무림PP,6010,6030,20,0.33,172772,1036261360
009200,무림페이퍼,3520,3580,60,1.7,140189,498425100
033920,무학,13700,13850,150,1.09,49029,676634900
008420,문배철강,3190,3150,-40,-1.25,103246,324892635
025560,미래산업,163,162,-1,-0.61,2670422,435761896
007120,미래아이앤지,455,455,0,0.0,0,0
006800,미래에셋대우,7740,7870,130,1.68,940229,7309476480
00680K,미래에셋대우2우B,3960,3980,20,0.51,131517,521415810
006805,미래에셋대우우,4500,4610,110,2.44,20492,93519550
085620,미래에셋생명,5160,5220,60,1.16,230620,1190057860
002840,미원상사,44500,45000,500,1.12,3292,147604250
268280,미원에스씨,74400,74000,-400,-0.54,1797,133313300
107590,미원홀딩스,44950,43950,-1000,-2.22,4865,215142150
134380,미원화학,44150,44700,550,1.25,1867,83200400
003650,미창석유,80100,79700,-400,-0.5,552,44321100
155900,바다로19호,2960,2980,20,0.68,14760,43749515
003610,방림,2390,2390,0,0.0,33810,80307275
001340,백광산업,3025,3085,60,1.98,200874,614838170
014580,백광소재,3125,3110,-15,-0.48,130221,405625380
035150,백산,8780,9200,420,4.78,666180,6103404830
002410,범양건영,1945,1950,5,0.26,92830,179616420
096300,베트남개발1,409,410,1,0.24,248062,101554935
007210,벽산,2730,2735,5,0.18,98855,270435285
002760,보락,2395,2410,15,0.63,281679,678222500
003850,보령제약,13550,13450,-100,-0.74,2970765,42172036450
000890,보해양조,1405,1390,-15,-1.07,2128611,2973138785
003000,부광약품,18250,18500,250,1.37,152053,2800009650
001270,부국증권,21250,21300,50,0.24,4241,90509750
001275,부국증권우,19750,19600,-150,-0.76,414,8113650
026940,부국철강,3505,3290,-215,-6.13,419815,1415779835
015350,부산가스,38600,38900,300,0.78,3030,117248000
011390,부산산업,125500,122500,-3000,-2.39,8034,978671500
005030,부산주공,595,594,-1,-0.17,227909,135915837
100220,비상교육,7280,7390,110,1.51,5815,42635410
101140,비티원,4805,4640,-165,-3.43,248314,1157007425
005180,빙그레,73000,72600,-400,-0.55,22627,1638685300
003960,사조대림,22600,22700,100,0.44,5608,125912000
008040,사조동아원,1495,1460,-35,-2.34,1838273,2695799625
007160,사조산업,56600,57700,1100,1.94,4217,241715400
014710,사조씨푸드,6450,6540,90,1.4,16131,104862000
006090,사조오양,9250,9340,90,0.97,25689,238113660
079660,사조해표,9950,9900,-50,-0.5,35391,350606370
005090,삼광글라스,42550,42650,100,0.24,13645,575000750
001470,삼부토건,4685,4685,0,0.0,0,0
006400,삼성SDI,229000,234000,5000,2.18,179456,41654917500
006405,삼성SDI우,90400,92400,2000,2.21,1988,182245200
006660,삼성공조,10000,10000,0,0.0,1434,14285280
028260,삼성물산,103000,103500,500,0.49,302882,31183072000
02826K,삼성물산우B,74700,74700,0,0.0,4160,309787900
207940,삼성바이오로직스,345500,347500,2000,0.58,103369,35447038000
032830,삼성생명,84000,85100,1100,1.31,151870,12778314700
018260,삼성에스디에스,220000,218000,-2000,-0.91,87128,18868745500
028050,삼성엔지니어링,16350,16600,250,1.53,794323,13197530600
009150,삼성전기,107000,105500,-1500,-1.4,1510696,159053055000
009155,삼성전기우,45250,45350,100,0.22,12853,579048350
005930,삼성전자,44850,46150,1300,2.9,8777517,401124009550
005935,삼성전자우,36450,36900,450,1.23,866894,31884424625
001360,삼성제약,2830,3060,230,8.13,3397671,10299451245
010140,삼성중공업,8270,8390,120,1.45,2185689,18186440620
010145,삼성중공우,61600,74000,12400,20.13,143620,10580028000
016360,삼성증권,35950,36450,500,1.39,131892,4776678050
068290,삼성출판사,17150,17500,350,2.04,150049,2585583500
029780,삼성카드,36750,37050,300,0.82,67353,2474338700
000810,삼성화재,300000,303000,3000,1.0,60261,18117240800
000815,삼성화재우,197000,199000,2000,1.02,1129,223776000
006110,삼아알미늄,4745,4845,100,2.11,26903,127685980
145990,삼양사,59500,60000,500,0.84,5786,345732000
145995,삼양사우,40400,39200,-1200,-2.97,843,33231950
003230,삼양식품,77600,77000,-600,-0.77,23330,1801747900
002170,삼양통상,61600,60800,-800,-1.3,10766,649581000
272550,삼양패키징,17650,17750,100,0.57,5886,104494750
000070,삼양홀딩스,80400,81300,900,1.12,5057,407964300
000075,삼양홀딩스우,49950,49450,-500,-1.0,431,21423250
002810,삼영무역,16000,15950,-50,-0.31,27365,434184600
005680,삼영전자,12650,12650,0,0.0,8650,109270400
003720,삼영화학,951,948,-3,-0.32,232718,221996189
023000,삼원강재,3015,3020,5,0.17,13817,41770190
004380,삼익THK,14250,14450,200,1.4,65262,936020450
002450,삼익악기,2215,2250,35,1.58,620678,1379140440
000520,삼일제약,32450,33350,900,2.77,91296,2966824250
009770,삼정펄프,35050,35100,50,0.14,459,16007600
005500,삼진제약,38500,38700,200,0.52,35684,1371946150
004690,삼천리,92500,93100,600,0.65,4040,373785700
001880,삼호,15500,15800,300,1.94,6006,93754850
010960,삼호개발,5110,5110,0,0.0,65873,334528850
004450,삼화왕관,47000,46300,-700,-1.49,642,30168350
009470,삼화전기,18800,18800,0,0.0,22905,433689400
011230,삼화전자,3395,3305,-90,-2.65,62864,210413055
001820,삼화콘덴서,59800,58900,-900,-1.51,205664,12107462500
000390,삼화페인트,6180,6100,-80,-1.29,7307,44577680
001290,상상인증권,2550,2500,-50,-1.96,63210,158792290
041650,상신브레이크,4440,4565,125,2.82,24722,111003935
075180,새론오토모티브,5730,5820,90,1.57,6888,39735230
007540,샘표,39200,40300,1100,2.81,26733,1079270700
248170,샘표식품,32200,32850,650,2.02,47461,1541179100
007860,서연,4640,4725,85,1.83,13079,61180740
200880,서연이화,7230,7520,290,4.01,159577,1188432690
017390,서울가스,82400,81700,-700,-0.85,293,23921200
004410,서울식품,199,200,1,0.5,1835704,367852392
004415,서울식품우,4120,4175,55,1.33,272876,1173821995
021050,서원,1470,1200,-270,-18.37,7105960,8631601420
008490,서흥,26250,27000,750,2.86,11203,300967250
007610,선도전기,3930,3870,-60,-1.53,105507,409068475
136490,선진,12600,12900,300,2.38,107731,1383652150
002820,선창산업,5570,5570,0,0.0,6271,34665830
014910,성문전자,2940,2990,50,1.7,119762,357515040
014915,성문전자우,14000,14000,0,0.0,13499,188238100
003080,성보화학,5100,5090,-10,-0.2,4870,24856320
004980,성신양회,10100,9810,-290,-2.87,205515,2023720080
004987,성신양회2우B,13600,13600,0,0.0,0,0
004989,성신양회3우B,10700,10700,0,0.0,0,0
004985,성신양회우,12350,11900,-450,-3.64,15398,182170700
011300,성안,608,607,-1,-0.16,58419,35278618
000180,성창기업지주,2060,2090,30,1.46,50483,105154280
002420,세기상사,91000,73300,-17700,-19.45,112084,8907495500
004360,세방,14300,14500,200,1.4,16160,232422200
004365,세방우,7270,7290,20,0.28,1272,9249890
004490,세방전지,46150,47250,1100,2.38,11337,529401550
001430,세아베스틸,20300,20600,300,1.48,30863,624693900
306200,세아제강,64300,64200,-100,-0.16,5858,374147400
003030,세아제강지주,55600,55800,200,0.36,4725,263743600
019440,세아특수강,15650,15750,100,0.64,6997,110220750
058650,세아홀딩스,95800,96900,1100,1.15,978,93816200
013000,세우글로벌,1745,1760,15,0.86,198064,348035525
091090,세원셀론텍,3440,3570,130,3.78,965874,3477518275
021820,세원정공,8200,8470,270,3.29,17455,144584170
067830,세이브존IC,3875,3850,-25,-0.65,9409,35972050
033530,세종공업,7320,7310,-10,-0.14,121179,892154730
075580,세진중공업,5170,5360,190,3.68,203660,1080946340
027970,세하,1555,1550,-5,-0.32,53770,82264895
145210,세화아이엠씨,2990,2990,0,0.0,0,0
068270,셀트리온,212000,216000,4000,1.89,273604,58649366500
004430,송원산업,20000,20300,300,1.5,168401,3394408250
017550,수산중공업,1915,1660,-255,-13.32,5428475,9064108860
002200,수출포장,22750,23100,350,1.54,3805,87114900
053210,스카이라이프,11700,11750,50,0.43,29118,340809250
134790,시디즈,50900,49500,-1400,-2.75,3448,171040700
016590,신대양제지,82600,84900,2300,2.78,17940,1507453500
029530,신도리코,49100,49250,150,0.31,3000,147668250
004970,신라교역,15300,15250,-50,-0.33,5181,78010800
011930,신성이엔지,1165,1170,5,0.43,327994,380537785
005390,신성통상,949,957,8,0.84,225551,213648608
004170,신세계,319000,329500,10500,3.29,82323,27047883000
035510,신세계IC,137500,139000,1500,1.09,4663,646470000
034300,신세계건설,30750,31050,300,0.98,2322,71764150
031430,신세계인터내셔날,298500,304500,6000,2.01,36166,11004198500
031440,신세계푸드,89000,90300,1300,1.46,6080,543527400
006880,신송홀딩스,4730,4690,-40,-0.85,1484,6967265
005800,신영와코루,120000,119500,-500,-0.42,119,14262000
001720,신영증권,58200,58400,200,0.34,1091,63584700
001725,신영증권우,53900,53800,-100,-0.19,636,34222700
009270,신원,1995,1960,-35,-1.75,481045,945199795
009275,신원우,53900,52500,-1400,-2.6,1249,64801700
002700,신일산업,1930,1985,55,2.85,2711808,5335856095
019170,신풍제약,7580,7620,40,0.53,1573578,12298671770
019175,신풍제약우,6610,7120,510,7.72,1703238,12954262250
002870,신풍제지,1370,1370,0,0.0,76444,104358015
005450,신한,4945,4945,0,0.0,0,0
293940,신한알파리츠,6110,6150,40,0.65,103823,635748020
055550,신한지주,43700,44550,850,1.95,741916,32549029350
001770,신화실업,24850,24300,-550,-2.21,16140,396705650
004080,신흥,10000,10100,100,1.0,664,6643400
102280,쌍방울,1005,1005,0,0.0,171283,172443570
003410,쌍용양회,5750,5880,130,2.26,700955,4101174330
003415,쌍용양회우,6100,6100,0,0.0,31245,187637890
003620,쌍용차,5100,5210,110,2.16,111806,576874840
004770,써니전자,3155,3150,-5,-0.16,1079578,3423017305
004920,씨아이테크,532,528,-4,-0.75,257004,136503896
112610,씨에스윈드,37300,37950,650,1.74,47136,1757072650
008700,아남전자,2735,2790,55,2.01,3024960,8471997090
002790,아모레G,80600,80500,-100,-0.12,143210,11393898400
002795,아모레G우,36250,36300,50,0.14,10108,367937950
090430,아모레퍼시픽,226500,221000,-5500,-2.43,363153,80048517500
090435,아모레퍼시픽우,128000,123500,-4500,-3.52,5972,745622000
002030,아세아,130000,129500,-500,-0.38,1983,253385500
183190,아세아시멘트,103000,102500,-500,-0.49,13316,1349836000
002310,아세아제지,42500,43550,1050,2.47,32373,1392933800
267850,아시아나IDT,16550,15950,-600,-3.63,140353,2227504050
020560,아시아나항공,6540,6210,-330,-5.05,6466468,40079575020
122900,아이마켓코리아,9690,9750,60,0.62,64567,628811270
010780,아이에스동서,35200,36250,1050,2.98,37287,1342781050
033660,아주캐피탈,10450,10700,250,2.39,33553,353955700
001780,알루코,2710,2725,15,0.55,83479,226850320
002250,알보젠코리아,28700,28700,0,0.0,0,0
018250,애경산업,46600,46650,50,0.11,125425,5834037400
161000,애경유화,8990,9110,120,1.33,70585,639970200
011090,에넥스,1610,1610,0,0.0,261947,419524060
005850,에스엘,23650,24150,500,2.11,77367,1855328050
012750,에스원,98100,97900,-200,-0.2,54652,5328538900
023960,에쓰씨엔지니어링,1930,1895,-35,-1.81,71463,136019380
298690,에어부산,6830,6680,-150,-2.2,1381157,9154972790
140910,에이리츠,5940,5950,10,0.17,7531,44775480
078520,에이블씨엔씨,13400,13300,-100,-0.75,182659,2408138250
015260,에이엔피,550,561,11,2.0,1485020,836969375
007460,에이프로젠KIC,4080,4060,-20,-0.49,12512867,50728994790
003060,에이프로젠제약,2500,2615,115,4.6,4321653,11453525500
036570,엔씨소프트,504000,511000,7000,1.39,38932,19669520500
138250,엔에스쇼핑,13800,14300,500,3.62,109337,1532240650
085310,엔케이,1510,1575,65,4.3,582724,907898280
009810,엔케이물산,763,746,-17,-2.23,900609,673577976
900140,엘브이엠씨홀딩스,2705,2685,-20,-0.74,79529,211412260
014440,영보화학,3985,3960,-25,-0.63,8039,31939880
111770,영원무역,36650,37300,650,1.77,43402,1606581250
009970,영원무역홀딩스,64800,64800,0,0.0,4741,303793300
003520,영진약품,6260,6470,210,3.35,468240,2995752020
000670,영풍,781000,791000,10000,1.28,662,519713000
006740,영풍제지,3780,3760,-20,-0.53,57750,215195720
012280,영화금속,1510,1515,5,0.33,95094,143379180
012160,영흥철강,1365,1330,-35,-2.56,409514,548454915
015360,예스코홀딩스,41800,41700,-100,-0.24,475,19849200
007310,오뚜기,722000,735000,13000,1.8,2187,1596693000
079440,오렌지라이프,34600,35450,850,2.46,73908,2620104450
002630,오리엔트바이오,567,565,-2,-0.35,6008278,3398525673
271560,오리온,96500,97600,1100,1.14,60830,5889674800
001800,오리온홀딩스,19100,19350,250,1.31,36691,702556550
070960,용평리조트,7300,7130,-170,-2.33,374061,2673384120
316140,우리금융지주,13850,14000,150,1.08,497794,6928360050
004720,우리들제약,7780,7570,-210,-2.7,116728,890324970
118000,우리들휴브레인,2675,2620,-55,-2.06,106838,281909560
010050,우리종금,745,748,3,0.4,1179113,880262226
006980,우성사료,3765,3725,-40,-1.06,8631773,32998838450
017370,우신시스템,6320,6300,-20,-0.32,5735,36064570
105840,우진,5750,5890,140,2.43,316091,1841003730
010400,우진아이엔에스,11650,11900,250,2.15,41297,490269350
049800,우진플라임,5390,5500,110,2.04,46765,251419450
016880,웅진,2220,2235,15,0.68,88283,197543660
095720,웅진씽크빅,2855,2950,95,3.33,465627,1356701435
103130,웅진에너지,914,914,0,0.0,0,0
021240,웅진코웨이,86500,87800,1300,1.5,91189,7925013900
005820,원림,18300,18000,-300,-1.64,1835,33342350
010600,웰바이오텍,3520,3445,-75,-2.13,499172,1732573060
008600,윌비스,1425,1415,-10,-0.7,245360,346779025
033270,유나이티드제약,25650,26050,400,1.56,28826,741520250
014830,유니드,49000,48950,-50,-0.1,10808,528314650
000910,유니온,4150,4100,-50,-1.2,71426,294329980
047400,유니온머티리얼,2225,2170,-55,-2.47,657707,1442821585
011330,유니켐,2220,2190,-30,-1.35,461406,1012402780
077500,유니퀘스트,6540,6900,360,5.5,1253378,8726409890
002920,유성기업,2905,2955,50,1.72,74447,219979885
000700,유수홀딩스,8780,8850,70,0.8,55911,486644580
003470,유안타증권,3280,3345,65,1.98,191883,635609670
003475,유안타증권우,2310,2315,5,0.22,27513,62875720
011690,유양디앤유,8000,8040,40,0.5,92618,749286370
072130,유엔젤,4250,4430,180,4.24,85674,374128565
000220,유유제약,12500,12600,100,0.8,22445,283416200
000225,유유제약1우,7880,8040,160,2.03,172617,1429922090
000227,유유제약2우B,20250,20350,100,0.49,23057,481245050
001200,유진투자증권,2695,2760,65,2.41,161126,440830675
000100,유한양행,245000,247000,2000,0.82,38735,9418078000
000105,유한양행우,209500,211000,1500,0.72,16,3360000
003460,유화증권,12700,12650,-50,-0.39,3278,41455750
003465,유화증권우,12700,12650,-50,-0.39,320,4048250
008730,율촌화학,14200,14200,0,0.0,19820,280433350
008250,이건산업,10350,10450,100,0.97,67606,700165850
025820,이구산업,2410,2165,-245,-10.17,10726562,24145300845
214320,이노션,67900,69500,1600,2.36,47392,3294279700
088260,이리츠코크렙,5200,5280,80,1.54,293979,1564538720
139480,이마트,171000,171500,500,0.29,47578,8146049000
007660,이수페타시스,5100,5360,260,5.1,549454,2895298430
005950,이수화학,10000,10000,0,0.0,15406,153720240
015020,이스타코,713,710,-3,-0.42,79524,56181427
093230,이아이디,230,234,4,1.74,1596018,371303511
102460,이연제약,17800,18450,650,3.65,25391,461969900
084680,이월드,2470,2485,15,0.61,923696,2252103575
000760,이화산업,19150,19000,-150,-0.78,2036,38350400
014990,인디에프,2205,2155,-50,-2.27,247908,534388960
006490,인스코비,4200,4190,-10,-0.24,508047,2140348375
023800,인지컨트롤스,7020,7100,80,1.14,86350,608789040
034590,인천도시가스,29450,29450,0,0.0,465,13678650
129260,인터지스,2430,2455,25,1.03,51077,125148055
023810,인팩,5180,5240,60,1.16,19334,98612050
249420,일동제약,21850,22050,200,0.92,37433,822121900
000230,일동홀딩스,12700,12750,50,0.39,14485,184432700
013360,일성건설,1395,1385,-10,-0.72,594370,835966445
003120,일성신약,92000,92100,100,0.11,274,25231100
003200,일신방직,102000,103000,1000,0.98,1761,178622500
007110,일신석재,2510,2440,-70,-2.79,1436150,3532235480
007570,일양약품,27350,27650,300,1.1,28880,797410750
007575,일양약품우,22600,22900,300,1.33,26382,624467650
008500,일정실업,19300,19600,300,1.55,379,7503650
081000,일진다이아,32650,32600,-50,-0.15,140408,4606533200
020760,일진디스플,4830,5260,430,8.9,960668,4915962180
020150,일진머티리얼즈,36950,37600,650,1.76,173600,6472468650
103590,일진전기,3400,3495,95,2.79,82848,285866675
015860,일진홀딩스,3960,3960,0,0.0,34508,136299930
226320,잇츠한불,31350,31500,150,0.48,33215,1036163850
033240,자화전자,12800,13300,500,3.91,91786,1206190650
000950,전방,18850,18700,-150,-0.8,1120,21151350
194370,제이에스코퍼레이션,15600,16000,400,2.56,110603,1749204150
025620,제이준코스메틱,10200,10150,-50,-0.49,440328,4441284540
030000,제일기획,25400,25200,-200,-0.79,225454,5651687050
271980,제일약품,41900,42600,700,1.67,17010,715144000
001560,제일연마,6570,6570,0,0.0,9065,59033520
002620,제일파마홀딩스,24850,24750,-100,-0.4,2082,51273200
006220,제주은행,4900,4925,25,0.51,9560,47015680
089590,제주항공,39100,39900,800,2.05,50265,1990354700
004910,조광페인트,6880,7040,160,2.33,7495,51799170
004700,조광피혁,37750,38100,350,0.93,1421,53918200
001550,조비,20750,20150,-600,-2.89,30642,623165550
000480,조선내화,86600,85900,-700,-0.81,11271,972954500
120030,조선선재,86600,86600,0,0.0,1025,88649500
018470,조일알미늄,966,966,0,0.0,23390,22662351
002600,조흥,188000,189000,1000,0.53,420,78879000
185750,종근당,99000,101500,2500,2.53,23001,2312781200
063160,종근당바이오,24150,24300,150,0.62,36510,904473550
001630,종근당홀딩스,76900,76900,0,0.0,13367,1028078000
044380,주연테크,422,428,6,1.42,388297,163746937
013870,지엠비코리아,7700,7880,180,2.34,94706,742855230
071320,지역난방공사,57900,57900,0,0.0,1371,79095800
010580,지코,800,798,-2,-0.25,206795,165410612
035000,지투알,8430,8410,-20,-0.24,1757,14731300
088790,진도,4600,4600,0,0.0,16097,74128480
003780,진양산업,3605,3630,25,0.69,105493,380533940
010640,진양폴리,2280,2280,0,0.0,12862,29072000
100250,진양홀딩스,2580,2590,10,0.39,22728,58760260
051630,진양화학,4445,4370,-75,-1.69,49883,219471955
272450,진에어,24700,24500,-200,-0.81,261269,6520545200
011000,진원생명과학,4685,4720,35,0.75,96504,456031180
002780,진흥기업,1910,1910,0,0.0,17235,32655070
002787,진흥기업2우B,12700,12450,-250,-1.97,11919,148706200
002785,진흥기업우B,4440,4465,25,0.56,6784,30108965
009310,참엔지니어링,1535,1570,35,2.28,72487,113650960
000650,천일고속,76900,76600,-300,-0.39,242,18498300
012600,청호컴넷,4950,5880,930,18.79,2383805,13735773120
033250,체시스,1855,1835,-20,-1.08,612541,1126257220
035720,카카오,115000,119500,4500,3.91,512703,60550942500
006380,카프로,4570,4650,80,1.75,72790,335830755
109070,컨버즈,3260,3260,0,0.0,0,0
001620,케이비아이동국실업,917,912,-5,-0.55,31714,29057951
029460,케이씨,15350,15600,250,1.63,33310,517255900
281820,케이씨텍,17250,18000,750,4.35,246540,4417583800
145270,케이탑리츠,929,934,5,0.54,132771,123568297
007815,코리아써우,3010,2970,-40,-1.33,4359,12737585
007810,코리아써키트,5980,6050,70,1.17,37020,221924690
00781K,코리아써키트2우B,4425,4450,25,0.56,77,342050
152330,코리아오토글라스,17750,18200,450,2.54,45450,817726000
003690,코리안리,9130,9110,-20,-0.22,209282,1899621990
192820,코스맥스,136500,139500,3000,2.2,23707,3289146000
044820,코스맥스비티아이,22950,23150,200,0.87,11390,260926550
005070,코스모신소재,14500,14350,-150,-1.03,208123,2980802150
005420,코스모화학,12850,13100,250,1.95,48111,625614050
071950,코아스,1555,1475,-80,-5.14,558239,829874700
002020,코오롱,26700,26600,-100,-0.37,45758,1210186400
003070,코오롱글로벌,11650,12200,550,4.72,289286,3465654900
003075,코오롱글로벌우,17400,17800,400,2.3,16596,294426800
144620,코오롱머티리얼,2500,2475,-25,-1.0,149062,370147390
002025,코오롱우,15250,15750,500,3.28,7244,112420750
120110,코오롱인더,45250,45950,700,1.55,89789,4096094200
120115,코오롱인더우,22250,22200,-50,-0.22,6946,153697750
138490,코오롱플라스틱,5990,5970,-20,-0.33,33665,200426320
031820,콤텍시스템,1620,1695,75,4.63,1218173,2048429485
192400,쿠쿠홀딩스,147500,147500,0,0.0,2902,424263500
284740,쿠쿠홈시스,215000,214500,-500,-0.23,2038,440819500
015590,큐로,930,930,0,0.0,623202,584580393
264900,크라운제과,10050,10050,0,0.0,11304,113570670
26490K,크라운제과우,8400,8310,-90,-1.07,8171,67697490
005740,크라운해태홀딩스,11850,12000,150,1.27,18608,221498400
005745,크라운해태홀딩스우,14050,13750,-300,-2.14,14015,190663200
020120,키다리스튜디오,2905,2955,50,1.72,34671,102246135
039490,키움증권,81800,84000,2200,2.69,83567,6944993200
012170,키위미디어그룹,292,292,0,0.0,823915,240202055
015890,태경산업,5850,5900,50,0.85,48257,282657240
006890,태경화학,6120,6320,200,3.27,140373,878054550
003240,태광산업,1484000,1513000,29000,1.95,603,903913000
011280,태림포장,5730,5400,-330,-5.76,749694,4099001080
004100,태양금속,1285,1270,-15,-1.17,111552,142890225
004105,태양금속우,3480,3520,40,1.15,28215,98984225
009410,태영건설,12850,12750,-100,-0.78,212413,2730219950
009415,태영건설우,6800,6770,-30,-0.44,31267,211600490
001420,태원물산,4715,4760,45,0.95,9484,44521210
007980,태평양물산,2790,2945,155,5.56,156338,453625715
055490,테이팩스,20800,21500,700,3.37,24543,523672250
078000,텔코웨어,14450,14600,150,1.04,14708,213461350
214420,토니모리,14600,14450,-150,-1.03,102461,1483061700
140890,트러스제7호,3595,3595,0,0.0,0,0
019180,티에이치엔,2715,2725,10,0.37,58563,158443540
091810,티웨이항공,7580,7800,220,2.9,289426,2245194010
004870,티웨이홀딩스,2440,2455,15,0.61,187732,458598185
005690,파미셀,10850,11100,250,2.3,485846,5341736850
036580,팜스코,8810,9050,240,2.72,190881,1729648700
028670,팬오션,4695,4740,45,0.96,779805,3665176220
010820,퍼스텍,2760,2705,-55,-1.99,178885,486473405
016800,퍼시스,35300,36150,850,2.41,1391,49921500
001020,페이퍼코리아,936,928,-8,-0.85,78255,72899174
090080,평화산업,2010,2025,15,0.75,82120,166347285
010770,평화홀딩스,5010,5170,160,3.19,48931,250293260
058430,포스코강판,19700,20000,300,1.52,9405,185501100
047050,포스코인터내셔널,18500,18350,-150,-0.81,298606,5445108700
007630,폴루스바이오팜,2460,2460,0,0.0,426461,1063145945
017810,풀무원,118500,129000,10500,8.86,45966,5738367000
103140,풍산,28250,28350,100,0.35,74186,2079709350
005810,풍산홀딩스,40550,40900,350,0.86,3318,136289750
033180,필룩스,8760,9030,270,3.08,9102581,84110176870
086790,하나금융지주,36450,37350,900,2.47,845751,31076113350
099340,하나니켈1호,764,762,-2,-0.26,148163,113323688
099350,하나니켈2호,1090,1070,-20,-1.83,241833,258899830
293480,하나제약,25050,25300,250,1.0,76285,1923527400
039130,하나투어,65000,64000,-1000,-1.54,130491,8337255000
172580,하이골드12호,2875,2860,-15,-0.52,6024,17281250
153360,하이골드3호,1840,1820,-20,-1.09,9988,18214605
159650,하이골드8호,1765,1755,-10,-0.57,15470,26759800
071090,하이스틸,23850,23150,-700,-2.94,10145,234001550
019490,하이트론,3870,3995,125,3.23,9912,39388815
000080,하이트진로,20100,20550,450,2.24,581332,11903525850
000087,하이트진로2우B,16300,16550,250,1.53,7220,118231150
000140,하이트진로홀딩스,9040,9090,50,0.55,23251,210695920
000145,하이트진로홀딩스우,11200,10400,-800,-7.14,65193,671111900
152550,한국ANKOR유전,1715,1730,15,0.87,56014,96425925
036460,한국가스공사,46500,46350,-150,-0.32,306113,14138187900
005430,한국공항,48550,49600,1050,2.16,13578,675944150
071050,한국금융지주,68800,69800,1000,1.45,123890,8544559900
071055,한국금융지주우,41400,42000,600,1.45,1268,53067450
010040,한국내화,5700,5240,-460,-8.07,1211538,6406836590
025540,한국단자,58100,60200,2100,3.61,21476,1279140700
004090,한국석유,119500,119000,-500,-0.42,1777,212313500
002960,한국쉘석유,323000,323500,500,0.15,1406,453703500
123890,한국자산신탁,4240,4235,-5,-0.12,52280,221066075
015760,한국전력,27900,28700,800,2.87,1407157,40167688250
006200,한국전자홀딩스,812,815,3,0.37,26225,21275226
002300,한국제지,18750,19150,400,2.13,5841,109720700
023350,한국종합기술,4865,4795,-70,-1.44,46965,226106310
025890,한국주강,1900,1935,35,1.84,19778,37791460
000970,한국주철관,10250,10350,100,0.98,90013,938600550
104700,한국철강,5900,6110,210,3.56,57527,347072480
017960,한국카본,8090,8250,160,1.98,217237,1781604830
161890,한국콜마,74000,74900,900,1.22,49786,3702179300
024720,한국콜마홀딩스,36600,36100,-500,-1.37,46412,1669329900
161390,한국타이어,39300,40000,700,1.78,142627,5675984800
000240,한국타이어월드와이드,16650,17250,600,3.6,46486,796802600
034830,한국토지신탁,2605,2585,-20,-0.77,300972,780450425
007280,한국특수형강,1980,1975,-5,-0.25,31506,62254800
168490,한국패러랠,2275,2290,15,0.66,30176,69013385
010100,한국프랜지,1735,1740,5,0.29,41348,72215150
047810,한국항공우주,34700,35200,500,1.44,282431,9788204100
123690,한국화장품,12400,12300,-100,-0.81,73263,901174950
003350,한국화장품제조,36200,36400,200,0.55,8853,320883350
011500,한농화성,4310,4280,-30,-0.7,18155,78117570
002390,한독,29250,30750,1500,5.13,178747,5417830300
014790,한라,4055,4070,15,0.37,69827,283676120
060980,한라홀딩스,43050,44450,1400,3.25,9963,437724550
053690,한미글로벌,11400,11300,-100,-0.88,28841,324520200
042700,한미반도체,9200,9400,200,2.17,498622,4699398000
008930,한미사이언스,72400,74200,1800,2.49,27220,1999387300
128940,한미약품,425000,429000,4000,0.94,15013,6397530500
009240,한샘,108000,101500,-6500,-6.02,327868,33223021900
020000,한섬,40900,43000,2100,5.13,52732,2248427400
003680,한성기업,6580,6750,170,2.58,104748,702633210
105630,한세실업,28350,29050,700,2.47,151894,4382062600
069640,한세엠케이,7030,7060,30,0.43,6004,42360990
016450,한세예스24홀딩스,9500,9550,50,0.53,16437,155492230
010420,한솔PNS,1450,1460,10,0.69,57144,82934885
009180,한솔로지스틱스,1430,1415,-15,-1.05,59976,85308855
213500,한솔제지,14750,14950,200,1.36,64085,952304300
014680,한솔케미칼,83500,85600,2100,2.51,67149,5707114700
004710,한솔테크닉스,6210,6220,10,0.16,241808,1514411990
004150,한솔홀딩스,4670,4655,-15,-0.32,57178,266726020
025750,한솔홈데코,1470,1465,-5,-0.34,371934,546377870
004960,한신공영,18200,18250,50,0.27,9372,171469950
011700,한신기계,2315,2350,35,1.51,100003,232391010
001750,한양증권,7250,7190,-60,-0.83,5239,37720640
001755,한양증권우,8460,8520,60,0.71,2267,18903080
018880,한온시스템,12150,12700,550,4.53,1005969,12672096200
009420,한올바이오파마,31550,32400,850,2.69,142470,4575962900
014130,한익스프레스,7530,7220,-310,-4.12,409544,2948642490
300720,한일시멘트,145000,148000,3000,2.07,7876,1143906500
002220,한일철강,2155,2155,0,0.0,14958,32181025
006390,한일현대시멘트,39700,39150,-550,-1.39,20932,816526800
003300,한일홀딩스,57300,57400,100,0.17,6003,344618200
051600,한전KPS,35300,37400,2100,5.95,398155,14685400150
052690,한전기술,21900,23150,1250,5.71,171854,3919112750
130660,한전산업,3600,3635,35,0.97,34062,123254140
002320,한진,39700,39950,250,0.63,84677,3354282450
097230,한진중공업,1680,1645,-35,-2.08,2879592,4721646395
003480,한진중공업홀딩스,3575,3655,80,2.24,29415,106387385
180640,한진칼,36250,35800,-450,-1.24,1068272,38346311400
18064K,한진칼우,53900,47500,-6400,-11.87,187888,9267374800
005110,한창,3655,3470,-185,-5.06,4108383,14539995990
009460,한창제지,2865,2815,-50,-1.75,1817841,5094487170
000880,한화,29950,30250,300,1.0,112467,3376290050
00088K,한화3우B,14700,14750,50,0.34,67005,985150300
027390,한화갤러리아타임월드,38400,38700,300,0.78,40116,1563345850
088350,한화생명,3930,3990,60,1.53,631126,2503218680
000370,한화손해보험,5010,5000,-10,-0.2,152848,764586550
012450,한화에어로스페이스,30400,30750,350,1.15,112833,3448543450
000885,한화우,43050,36550,-6500,-15.1,209918,7861363650
009830,한화케미칼,20050,21000,950,4.74,676153,14053742950
009835,한화케미칼우,17850,15750,-2100,-11.76,447109,7070683500
003530,한화투자증권,2340,2380,40,1.71,191536,452666500
003535,한화투자증권우,2810,2620,-190,-6.76,527292,1372169695
195870,해성디에스,15750,15900,150,0.95,32145,504340100
101530,해태제과식품,10300,10300,0,0.0,15864,162010500
143210,핸즈코퍼레이션,7170,7140,-30,-0.42,10338,73853350
000720,현대건설,53300,53100,-200,-0.38,432180,22890272800
267270,현대건설기계,47700,48600,900,1.89,93702,4473870750
000725,현대건설우,184000,181500,-2500,-1.36,1179,212291000
005440,현대그린푸드,13650,13900,250,1.83,122408,1689304850
086280,현대글로비스,147000,157500,10500,7.14,307584,47854879000
064350,현대로템,22350,21800,-550,-2.46,553780,12073690750
079430,현대리바트,20650,20800,150,0.73,38911,805039000
012330,현대모비스,226000,234500,8500,3.76,260452,60723587500
010620,현대미포조선,56300,57600,1300,2.31,107924,6174024300
069960,현대백화점,98400,100000,1600,1.63,43217,4281933900
004560,현대비앤지스틸,10250,10250,0,0.0,31192,319650000
004565,현대비앤지스틸우,72000,69600,-2400,-3.33,4585,319433300
011760,현대상사,23500,23350,-150,-0.64,62738,1460050200
011200,현대상선,3910,3975,65,1.66,604237,2394695585
004310,현대약품,4820,4925,105,2.18,265442,1297852445
126560,현대에이치씨엔,4245,4270,25,0.59,306856,1283180571
017800,현대엘리베이,88000,86000,-2000,-2.27,229678,19701914800
307950,현대오토에버,78400,79100,700,0.89,128295,9926631800
011210,현대위아,46400,50500,4100,8.84,399501,19872645250
267260,현대일렉트릭,23150,23600,450,1.94,45347,1059291800
004020,현대제철,45800,47350,1550,3.38,222099,10402147400
009540,현대중공업,123000,126500,3500,2.85,143693,17891402500
267250,현대중공업지주,337500,341500,4000,1.19,12451,4215156500
005380,현대차,135500,139000,3500,2.58,758885,105162567000
005387,현대차2우B,86000,87900,1900,2.21,75097,6606351700
005389,현대차3우B,74600,76400,1800,2.41,4595,349720300
005385,현대차우,79200,80900,1700,2.15,52677,4244089700
001500,현대차증권,10250,10250,0,0.0,35646,365676350
227840,현대코퍼레이션홀딩스,14600,14550,-50,-0.34,28360,411981200
001450,현대해상,38250,38900,650,1.7,80609,3108629750
057050,현대홈쇼핑,100000,101500,1500,1.5,14007,1410921400
093240,형지엘리트,1880,1905,25,1.33,176664,333876650
003010,혜인,5200,4990,-210,-4.04,563804,2814340925
111110,호전실업,13200,13350,150,1.14,10485,140433750
008770,호텔신라,107500,112000,4500,4.19,740348,82607288500
008775,호텔신라우,61300,63600,2300,3.75,88699,5782443000
002460,화성산업,15200,15200,0,0.0,33938,515269400
013520,화승알앤에이,2190,2260,70,3.2,22414,50358605
241590,화승엔터프라이즈,13250,13300,50,0.38,158881,2120620900
006060,화승인더,10200,10450,250,2.45,284878,2972898150
010690,화신,3200,3445,245,7.66,140313,465305405
133820,화인베스틸,4465,3500,-965,-21.61,8600535,30524460365
010660,화천기계,22500,22500,0,0.0,0,0
000850,화천기공,42700,42850,150,0.35,2085,88871750
016580,환인제약,18400,19300,900,4.89,36314,695063450
032560,황금에스티,8840,9010,170,1.92,28362,250697730
004800,효성,76400,77300,900,1.18,29527,2263124800
094280,효성ITX,11050,11200,150,1.36,27194,299595800
298040,효성중공업,39050,40550,1500,3.84,33813,1357223450
298050,효성첨단소재,127000,128000,1000,0.79,8292,1062837000
298020,효성티앤씨,163500,167000,3500,2.14,9333,1554811500
298000,효성화학,140000,140000,0,0.0,8631,1207112500
093370,후성,7750,7960,210,2.71,249556,1970194920
081660,휠라코리아,79500,80900,1400,1.76,214294,17172507900
005870,휴니드,9220,9300,80,0.87,31859,294124450
079980,휴비스,8420,8200,-220,-2.61,257616,2122694250
005010,휴스틸,12300,12250,-50,-0.41,14019,170879600
069260,휴켐스,21700,22300,600,2.76,45365,1006303600
000540,흥국화재,4895,4865,-30,-0.61,12036,58771200
000547,흥국화재2우B,26850,26100,-750,-2.79,2384,62755900
000545,흥국화재우,6210,6130,-80,-1.29,7985,49531470
003280,흥아해운,340,337,-3,-0.88,928552,312061464
