티커,종목명,시가,종가,변동폭,등락률,거래량,거래대금
095570,AJ네트웍스,4880,4870,-10,-0.2,9033,43932820
068400,AJ렌터카,10950,10950,0,0.0,90346,989901400
006840,AK홀딩스,34900,35200,300,0.86,17217,606189750
027410,BGF,5810,5850,40,0.69,144568,839733250
282330,BGF리테일,206500,207000,500,0.24,18340,3831969750
138930,BNK금융지주,6570,6550,-20,-0.3,676090,4425882310
001460,BYC,230000,227000,-3000,-1.3,1288,292753000
001465,BYC우,133000,129500,-3500,-2.63,2051,265723500
001040,CJ,76900,77200,300,0.39,130658,10170554600
079160,CJCGV,31700,32600,900,2.84,129676,4176206600
00104K,CJ4우전환,51800,51900,100,0.19,95402,4986014100
000120,CJ대한통운,141500,142000,500,0.35,36303,5151069000
011150,CJ씨푸드,2850,3705,855,30.0,49235526,173664662200
011155,CJ씨푸드1우,31350,40750,9400,29.98,312149,11926657300
001045,CJ우,41850,41950,100,0.24,12743,534038800
097950,CJ제일제당,235500,234500,-1000,-0.42,56356,13334782000
097955,CJ제일제당우,104000,106000,2000,1.92,2231,234399500
037560,CJ헬로,5490,5420,-70,-1.28,118827,654298260
000590,CS홀딩스,57600,58500,900,1.56,354,20630000
012030,DB,805,810,5,0.62,294592,239574394
016610,DB금융투자,4260,4335,75,1.76,60143,259109085
005830,DB손해보험,50000,48350,-1650,-3.3,169080,8304355400
000990,DB하이텍,14450,14150,-300,-2.08,1253417,17911291700
000995,DB하이텍1우,37100,36800,-300,-0.81,1031,37711700
139130,DGB금융지주,6770,6700,-70,-1.03,900130,6074723080
001530,DI동일,75200,76600,1400,1.86,1743,132927700
004840,DRB동일,5170,5240,70,1.35,4753,24640000
155660,DSR,3990,4025,35,0.88,60047,241290260
069730,DSR제강,4045,4085,40,0.99,48432,199558825
017940,E1,49200,49100,-100,-0.2,9006,439568300
007700,FF,80600,86700,6100,7.57,422125,36325992600
114090,GKL,19350,19050,-300,-1.55,131708,2530924750
078930,GS,46600,47050,450,0.97,131845,6199065050
006360,GS건설,31400,31150,-250,-0.8,455604,14202132400
001250,GS글로벌,2315,2350,35,1.51,86086,202235595
007070,GS리테일,39800,40100,300,0.75,239374,9593001750
078935,GS우,35400,35900,500,1.41,3060,108691000
012630,HDC,12350,12200,-150,-1.21,267325,3288179150
039570,HDC아이콘트롤스,9150,9210,60,0.66,2184,20106100
089470,HDC현대EP,4775,4805,30,0.63,19977,95431705
294870,HDC현대산업개발,33900,33100,-800,-2.36,127954,4284089000
082740,HSD엔진,2890,2940,50,1.73,143183,416084150
003560,IHQ,1745,1750,5,0.29,719919,1269759475
175330,JB금융지주,5430,5470,40,0.74,259561,1427074050
234080,JW생명과학,22000,23050,1050,4.77,87665,2011998850
001060,JW중외제약,25100,25200,100,0.4,41682,1055917800
001067,JW중외제약2우B,36100,36350,250,0.69,40,1462500
001065,JW중외제약우,24300,24300,0,0.0,368,8875000
096760,JW홀딩스,5190,5270,80,1.54,167208,883671540
105560,KB금융,38250,38700,450,1.18,1312994,50879599725
002380,KCC,217000,217500,500,0.23,19473,4256279000
009070,KCTC,3070,3085,15,0.49,121859,379527280
009440,KC그린홀딩스,3715,3865,150,4.04,269938,1052201390
119650,KC코트렐,5940,6150,210,3.54,159381,985078300
092220,KEC,1110,1100,-10,-0.9,1026766,1146063135
001390,KG케미칼,10650,10800,150,1.41,78507,846956300
001940,KISCO홀딩스,11650,12000,350,3.0,4353,51594300
025000,KPX케미칼,54700,55600,900,1.65,1757,97192400
092230,KPX홀딩스,53500,53700,200,0.37,120,6432600
000040,KR모터스,498,500,2,0.4,126747,63429927
044450,KSS해운,7150,6910,-240,-3.36,159273,1107016190
030200,KT,26850,26800,-50,-0.19,284649,7630092250
033780,KTG,102000,100500,-1500,-1.47,352418,35650848000
030210,KTB투자증권,2460,2495,35,1.42,72847,181748110
058850,KTcs,2000,2030,30,1.5,57692,116042435
058860,KTis,2125,2140,15,0.71,40233,85619895
093050,LF,23200,22600,-600,-2.59,65757,1497186150
003550,LG,69300,70000,700,1.01,262613,18354621600
034220,LG디스플레이,12650,12850,200,1.58,1884473,24253901500
001120,LG상사,16250,16300,50,0.31,104529,1707886400
051900,LG생활건강,1180000,1177000,-3000,-0.25,23859,28154945000
051905,LG생활건강우,724000,719000,-5000,-0.69,1280,927045000
003555,LG우,44550,44800,250,0.56,1322,59018000
032640,LG유플러스,12500,12200,-300,-2.4,1960017,24122317850
011070,LG이노텍,98900,104500,5600,5.66,366381,38706158000
066570,LG전자,59800,60100,300,0.5,513745,30923990700
066575,LG전자우,25900,25800,-100,-0.39,38559,990363900
108670,LG하우시스,59000,58600,-400,-0.68,17354,1023670400
108675,LG하우시스우,28750,28600,-150,-0.52,153,4382400
051910,LG화학,309000,323500,14500,4.69,192588,61718998500
051915,LG화학우,159500,163500,4000,2.51,21728,3566557500
079550,LIG넥스원,28450,30300,1850,6.5,181916,5406106600
006260,LS,41150,41700,550,1.34,52243,2165855000
000680,LS네트웍스,2735,2815,80,2.93,43819,119537075
010120,LS산전,43300,44450,1150,2.66,80795,3523242600
229640,LS전선아시아,7410,7650,240,3.24,109145,831070920
023150,MH에탄올,6590,6580,-10,-0.15,19554,128661620
035420,NAVER,142500,139000,-3500,-2.46,433070,60585579000
181710,NHN,59200,58800,-400,-0.68,91222,5419538700
005940,NH투자증권,12100,12100,0,0.0,1006918,12216582850
005945,NH투자증권우,8570,8540,-30,-0.35,64813,554373620
034310,NICE,20350,20750,400,1.97,53554,1107653950
008260,NI스틸,2265,2250,-15,-0.66,151855,342996175
004250,NPC,3665,3580,-85,-2.32,159944,573160070
004255,NPC우,2265,2270,5,0.22,2869,6493050
010060,OCI,68100,67900,-200,-0.29,99608,6789808800
005490,POSCO,205500,206000,500,0.24,145302,30084565500
100840,STC,16200,16500,300,1.85,24479,404652000
064960,ST모티브,50100,52700,2600,5.19,221710,11632410300
003570,ST중공업,6010,6060,50,0.83,7785,46759850
036530,ST홀딩스,15450,15550,100,0.65,19092,298387500
010950,S-Oil,85100,88500,3400,4.0,366640,32266730300
010955,S-Oil우,52800,54000,1200,2.27,8464,458818400
034120,SBS,16150,16300,150,0.93,31049,505884300
101060,SBS미디어홀딩스,2115,2115,0,0.0,10108,21368890
004060,SG세계물산,1000,1000,0,0.0,1480586,1480769894
001380,SG충방,1790,1845,55,3.07,302961,555384575
002360,SH에너지화학,1035,1050,15,1.45,1035620,1088479340
009160,SIMPAC,2760,2795,35,1.27,1303026,3817376320
123700,SJM,2970,3015,45,1.52,7581,22638030
025530,SJM홀딩스,3010,3100,90,2.99,1287,3885490
034730,SK,193500,197500,4000,2.07,128063,25234786000
011790,SKC,40150,40900,750,1.87,206208,8370969050
018670,SK가스,73100,72900,-200,-0.27,5156,376787200
001740,SK네트웍스,5130,5100,-30,-0.58,1022381,5213274750
001745,SK네트웍스우,88700,89300,600,0.68,3404,308917300
006120,SK디스커버리,21900,22150,250,1.14,19778,438537800
006125,SK디스커버리우,13950,13950,0,0.0,7474,104736450
210980,SK디앤디,24700,25450,750,3.04,7659,194567900
03473K,SK우,127000,129000,2000,1.57,296,38085500
096770,SK이노베이션,152000,158000,6000,3.95,305082,47796260500
096775,SK이노베이션우,109000,111500,2500,2.29,3813,422834500
001510,SK증권,612,619,7,1.14,886703,551057346
001515,SK증권우,2565,2585,20,0.78,19970,52678495
285130,SK케미칼,42500,42550,50,0.12,48401,2075461750
28513K,SK케미칼우,19800,19900,100,0.51,22560,473922750
017670,SK텔레콤,236000,239000,3000,1.27,149340,35488187500
000660,SK하이닉스,74500,76900,2400,3.22,2561643,197482912100
005610,SPC삼립,87300,88700,1400,1.6,6196,550081000
011810,STX,8700,8600,-100,-1.15,36625,313814470
077970,STX엔진,6850,7070,220,3.21,35209,246221970
071970,STX중공업,2495,2570,75,3.01,119361,307352890
084870,TBH글로벌,3200,3060,-140,-4.38,836716,2620159815
002710,TCC스틸,2410,2500,90,3.73,53835,132720445
024070,WISCOM,2600,2615,15,0.58,7381,19528520
037270,YGPLUS,1105,1045,-60,-5.43,167910,179013200
000500,가온전선,16850,17200,350,2.08,3173,54249200
000860,강남제비스코,21750,22300,550,2.53,2891,63818100
035250,강원랜드,29550,28950,-600,-2.03,296026,8619695450
011420,갤럭시아에스엠,2425,2595,170,7.01,1785884,4519080825
002100,경농,13600,14100,500,3.68,194021,2725045950
009450,경동나비엔,37750,37850,100,0.26,44829,1704911200
267290,경동도시가스,26450,26450,0,0.0,2191,57959350
012320,경동인베스트,32450,32850,400,1.23,1678,54962550
000050,경방,9830,9960,130,1.32,5062,49944880
214390,경보제약,8020,8010,-10,-0.12,17414,139826860
012610,경인양행,9350,9390,40,0.43,4209361,39663923520
009140,경인전자,20300,20300,0,0.0,6491,132727950
013580,계룡건설,23100,23300,200,0.87,6213,143834000
012200,계양전기,2975,3020,45,1.51,84756,255691140
012205,계양전기우,7900,7800,-100,-1.27,20880,165086830
004200,고려개발,4100,4095,-5,-0.12,2224,9016650
002140,고려산업,2770,2815,45,1.62,1066700,3038333060
010130,고려아연,442000,438500,-3500,-0.79,37778,16512355000
002240,고려제강,23000,23450,450,1.96,7522,176326700
009290,광동제약,6500,6520,20,0.31,110322,722674590
017040,광명전기,2035,2080,45,2.21,122141,252961570
017900,광전자,2095,2095,0,0.0,131820,276731650
037710,광주신세계,160500,160500,0,0.0,829,132147500
030610,교보증권,9300,9500,200,2.15,55094,520697650
007690,국도화학,45500,45250,-250,-0.55,3642,165588850
005320,국동,1510,1555,45,2.98,1185085,1835404320
002720,국제약품,3885,3810,-75,-1.93,192123,737135675
083420,그린케미칼,3495,3485,-10,-0.29,20386,70944275
014530,극동유화,3370,3390,20,0.59,55647,187906770
014280,금강공업,4045,4000,-45,-1.11,65467,266805100
014285,금강공업우,8800,8850,50,0.57,1078,9514890
008870,금비,62500,63400,900,1.44,255,16010500
001570,금양,2200,2195,-5,-0.23,22885,50371420
002990,금호산업,12000,12000,0,0.0,84918,1011225500
002995,금호산업우,44800,45350,550,1.23,2796,128147550
011780,금호석유,72000,73300,1300,1.81,123127,9010050800
011785,금호석유우,29850,30150,300,1.01,15573,466506850
214330,금호에이치티,3775,3750,-25,-0.66,41879,158393300
001210,금호전기,1940,2005,65,3.35,287366,566223270
073240,금호타이어,4175,4190,15,0.36,236211,984291975
092440,기신정기,3795,3850,55,1.45,27005,102033965
000270,기아차,43750,43650,-100,-0.23,820408,35840167200
024110,기업은행,12150,12100,-50,-0.41,764468,9300430450
013700,까뮤이앤씨,1260,1290,30,2.38,825423,1058826095
004540,깨끗한나라,2775,2690,-85,-3.06,3252865,9211641420
004545,깨끗한나라우,19300,20650,1350,6.99,330854,7065332750
074610,나노메딕스,9080,9820,740,8.15,15315878,136715515400
001260,남광토건,10750,10950,200,1.86,27856,307049200
008350,남선알미늄,3285,3460,175,5.33,4983676,16952616220
008355,남선알미우,35650,36550,900,2.52,27048,998475450
004270,남성,4040,3985,-55,-1.36,6411131,25503324495
003920,남양유업,541000,546000,5000,0.92,822,452050000
003925,남양유업우,180000,179000,-1000,-0.56,281,49801500
002070,남영비비안,22150,22700,550,2.48,450329,10328554400
025860,남해화학,8610,8790,180,2.09,67847,592517190
005720,넥센,5650,5780,130,2.3,35409,204857560
005725,넥센우,3530,3535,5,0.14,803,2837740
002350,넥센타이어,8720,8670,-50,-0.57,53769,465946690
002355,넥센타이어1우B,4010,4010,0,0.0,1017,4078080
003580,넥스트사이언스,3325,3540,215,6.47,255127,888447000
251270,넷마블,84600,90700,6100,7.21,460427,40929667700
090350,노루페인트,6790,6870,80,1.18,37127,254757390
090355,노루페인트우,11800,11700,-100,-0.85,8394,99130500
000320,노루홀딩스,10950,11200,250,2.28,7252,81404050
000325,노루홀딩스우,17850,17750,-100,-0.56,2068,36649300
006280,녹십자,104000,108000,4000,3.85,37941,4052497000
005250,녹십자홀딩스,18450,18550,100,0.54,39162,726547950
005257,녹십자홀딩스2우,15900,15950,50,0.31,209,3342100
004370,농심,228000,225000,-3000,-1.32,14454,3278975000
072710,농심홀딩스,73200,72600,-600,-0.82,7431,535108300
058730,다스코,6020,6040,20,0.33,51176,307594070
023590,다우기술,19750,20050,300,1.52,81837,1621889250
019680,대교,6050,5970,-80,-1.32,37671,225740280
019685,대교우B,4235,4230,-5,-0.12,2002,8449015
006370,대구백화점,5630,5640,10,0.18,2419,13512960
008060,대덕전자,9670,9720,50,0.52,293357,2855145810
00806K,대덕전자1우,6070,6080,10,0.16,1330,8073280
000490,대동공업,5120,5810,690,13.48,1213106,6892790090
008110,대동전자,4265,4345,80,1.88,8686,37181985
005750,대림BCo,3845,3915,70,1.82,10050,39196805
000210,대림산업,94100,92100,-2000,-2.13,222430,20574729400
000215,대림산업우,38400,37200,-1200,-3.13,10201,382889050
004440,대림씨엔에스,7200,7270,70,0.97,7437,53701360
006570,대림통상,4000,3935,-65,-1.63,3288,13033870
001680,대상,21700,22050,350,1.61,119744,2615943550
001685,대상우,12400,12600,200,1.61,3362,42052050
084690,대상홀딩스,6190,6220,30,0.48,67186,418977340
084695,대상홀딩스우,6300,6450,150,2.38,259938,1710844980
128820,대성산업,4045,4180,135,3.34,96872,401001165
117580,대성에너지,5230,5250,20,0.38,4250,22264890
016710,대성홀딩스,8000,7610,-390,-4.88,20577,157232750
003540,대신증권,11450,11300,-150,-1.31,162616,1848600900
003547,대신증권2우B,8170,8170,0,0.0,24150,197265450
003545,대신증권우,8980,8940,-40,-0.45,59032,529354100
009190,대양금속,9030,9400,370,4.1,253089,2273334550
014160,대영포장,1195,1195,0,0.0,2103857,2533298300
047040,대우건설,3925,3900,-25,-0.64,529292,2078302035
009320,대우부품,1995,1990,-5,-0.25,696829,1406151245
042660,대우조선해양,24500,24450,-50,-0.2,124445,3059129300
003090,대웅,15850,15950,100,0.63,16227,258191550
069620,대웅제약,163500,162000,-1500,-0.92,35563,5794174000
000430,대원강업,3915,3965,50,1.28,10988,43235400
006340,대원전선,1115,1140,25,2.24,163247,184376950
006345,대원전선우,2825,2870,45,1.59,7755,22018635
003220,대원제약,14350,14350,0,0.0,22889,330265500
024890,대원화성,1385,1420,35,2.53,109446,153058965
002880,대유에이텍,954,955,1,0.1,317979,304502362
000300,대유플러스,838,839,1,0.12,229804,193450167
012800,대창,1230,1235,5,0.41,4720152,5900187385
015230,대창단조,38000,38600,600,1.58,1767,67899300
001070,대한방직,19100,19450,350,1.83,54850,1053965500
006650,대한유화,114000,113500,-500,-0.44,20983,2409607500
001440,대한전선,578,579,1,0.17,467483,271365484
084010,대한제강,6740,6900,160,2.37,64286,441132300
001790,대한제당,17800,18100,300,1.69,13119,234760800
001799,대한제당3우B,21300,21850,550,2.58,784,16860300
001795,대한제당우,12500,12500,0,0.0,4554,57132800
001130,대한제분,180000,181000,1000,0.56,2747,491811000
003490,대한항공,23200,22900,-300,-1.29,507272,11700249400
003495,대한항공우,13950,13850,-100,-0.72,9123,127476900
005880,대한해운,23900,23850,-50,-0.21,106633,2558971850
003830,대한화섬,91100,91200,100,0.11,315,28797000
016090,대현,2365,2415,50,2.11,88411,211458310
069460,대호에이엘,3850,3920,70,1.82,75397,294247960
192080,더블유게임즈,54800,54700,-100,-0.18,34941,1921169300
012510,더존비즈온,74400,62100,-12300,-16.53,1820808,114623680200
004830,덕성,3340,3550,210,6.29,868608,3133407570
004835,덕성우,3845,3935,90,2.34,74943,296824475
024900,덕양산업,1190,1210,20,1.68,177227,212699705
145720,덴티움,73300,73600,300,0.41,20459,1501167200
002150,도화엔지니어링,8930,9350,420,4.7,196838,1818994100
001230,동국제강,6040,5970,-70,-1.16,255875,1536448070
023450,동남합성,24400,24150,-250,-1.02,260,6326450
004140,동방,1675,1690,15,0.9,151274,256052780
007590,동방아그로,6660,6650,-10,-0.15,7316,48476360
005960,동부건설,8540,8550,10,0.12,39118,335696180
005965,동부건설우,19200,19300,100,0.52,2355,45963800
016380,동부제철,6100,6000,-100,-1.64,9021,54517020
016385,동부제철우,29350,28750,-600,-2.04,1542,44374800
083370,동북아12호,5020,4960,-60,-1.2,211,1046560
083380,동북아13호,4980,4980,0,0.0,1026,5109480
026960,동서,17200,17200,0,0.0,49294,847249200
002210,동성제약,15850,16000,150,0.95,512460,8289878650
102260,동성코퍼레이션,5280,5230,-50,-0.95,180264,972680660
005190,동성화학,17200,17250,50,0.29,9128,156535650
000640,동아쏘시오홀딩스,82000,82400,400,0.49,6715,551609700
170900,동아에스티,82800,82700,-100,-0.12,12068,993148300
028100,동아지질,22400,22350,-50,-0.22,95070,2127914400
282690,동아타이어,12400,12500,100,0.81,2821,35204900
001520,동양,1520,1535,15,0.99,134013,206149075
001527,동양2우B,10100,9910,-190,-1.88,470,4657990
001529,동양3우B,27200,27450,250,0.92,244,6679000
084670,동양고속,26200,26300,100,0.38,1000,26071200
030790,동양네트웍스,1615,1575,-40,-2.48,612277,981830015
002900,동양물산,1310,1385,75,5.73,508550,685887370
082640,동양생명,3600,3540,-60,-1.67,44586,159761050
001525,동양우,7870,7870,0,0.0,1330,10433830
008970,동양철관,1110,1125,15,1.35,537488,604254050
092780,동양피스톤,4510,4570,60,1.33,47896,218126235
049770,동원FB,218500,217500,-1000,-0.46,8000,1745028500
018500,동원금속,820,824,4,0.49,89986,73487176
006040,동원산업,230500,236500,6000,2.6,2055,479042000
030720,동원수산,8770,9870,1100,12.54,9829285,100855260150
014820,동원시스템즈,34800,34700,-100,-0.29,25783,895384600
014825,동원시스템즈우,26300,25600,-700,-2.66,1271,33093050
163560,동일고무벨트,5490,5480,-10,-0.18,3362,18440060
004890,동일산업,57700,57700,0,0.0,594,34008600
002690,동일제강,2690,2675,-15,-0.56,27020,72367225
000020,동화약품,9160,9400,240,2.62,235291,2208825970
000150,두산,94000,96300,2300,2.45,68633,6524088400
000157,두산2우B,74900,75600,700,0.93,39,2951400
011160,두산건설,1285,1250,-35,-2.72,400781,494928650
241560,두산밥캣,35750,35100,-650,-1.82,119343,4233197600
000155,두산우,73500,73500,0,0.0,2609,191715700
042670,두산인프라코어,5820,5860,40,0.69,832933,4870426960
034020,두산중공업,5430,5580,150,2.76,939543,5184577890
016740,두올,3070,3080,10,0.33,155172,482041665
192650,드림텍,6710,6680,-30,-0.45,234691,1576132300
024090,디씨엠,11600,11550,-50,-0.43,3942,45571600
003160,디아이,3110,3140,30,0.96,104161,329444275
092200,디아이씨,2570,2565,-5,-0.19,130993,338122170
013570,디와이,4880,4905,25,0.51,28784,141260155
210540,디와이파워,11400,11750,350,3.07,61692,725179100
007340,디티알오토모티브,30200,30600,400,1.32,5607,171295000
026890,디피씨,4465,4520,55,1.23,260610,1189323695
115390,락앤락,14100,13900,-200,-1.42,45838,639258650
032350,롯데관광개발,11900,11900,0,0.0,32307,386393400
000400,롯데손해보험,1910,1835,-75,-3.93,312419,582097915
023530,롯데쇼핑,125500,124500,-1000,-0.8,46262,5768257000
004000,롯데정밀화학,44500,45150,650,1.46,55182,2487675050
286940,롯데정보통신,40700,41750,1050,2.58,52130,2178622350
280360,롯데제과,150000,150000,0,0.0,4759,711553000
004990,롯데지주,31000,30450,-550,-1.77,182850,5642443500
00499K,롯데지주우,45400,45300,-100,-0.22,5948,272063400
005300,롯데칠성,136500,135000,-1500,-1.1,19849,2670047500
005305,롯데칠성우,72100,72600,500,0.69,169,11974900
011170,롯데케미칼,221000,226500,5500,2.49,77228,17481608000
002270,롯데푸드,433000,418000,-15000,-3.46,1636,691355500
071840,롯데하이마트,31600,31500,-100,-0.32,72446,2283388600
027740,마니커,828,843,15,1.81,6468468,5532668575
204320,만도,33300,33300,0,0.0,338720,11299985000
001080,만호제강,17000,17150,150,0.88,885,15185700
088980,맥쿼리인프라,11650,11550,-100,-0.86,728133,8380029700
094800,맵스리얼티1,4555,4580,25,0.55,96360,441128960
015540,메디파트너생명공학,7220,7270,50,0.69,25885,187823140
138040,메리츠금융지주,12950,12600,-350,-2.7,71104,913936800
008560,메리츠종금증권,4675,4650,-25,-0.53,1045416,4893104005
000060,메리츠화재,18850,18350,-500,-2.65,196120,3671446800
090370,메타랩스,1345,1380,35,2.6,541495,750207270
017180,명문제약,4045,4045,0,0.0,116122,472717250
012690,모나리자,4090,4325,235,5.75,20103302,90000645650
005360,모나미,7190,6870,-320,-4.45,12501642,91493984690
204210,모두투어리츠,2855,2880,25,0.88,44,124970
009680,모토닉,9150,9060,-90,-0.98,23895,219273050
009580,무림PP,4235,4235,0,0.0,68534,292530430
009200,무림페이퍼,2615,2660,45,1.72,101282,265871385
033920,무학,10700,10300,-400,-3.74,331499,3448698000
008420,문배철강,2550,2600,50,1.96,67395,174184565
025560,미래산업,203,211,8,3.94,186868480,41258157854
007120,미래아이앤지,294,297,3,1.02,175160,51700298
006800,미래에셋대우,7360,7280,-80,-1.09,1410453,10362158420
00680K,미래에셋대우2우B,3840,3870,30,0.78,127379,490767245
006805,미래에셋대우우,4535,4505,-30,-0.66,10114,46367525
085620,미래에셋생명,3855,3800,-55,-1.43,70697,269587485
002840,미원상사,43300,44000,700,1.62,952,41711500
268280,미원에스씨,73000,73600,600,0.82,942,69490000
107590,미원홀딩스,40850,40950,100,0.24,995,40420250
134380,미원화학,39500,39700,200,0.51,1421,56605800
003650,미창석유,74300,74200,-100,-0.13,1610,120862400
155900,바다로19호,2960,2950,-10,-0.34,1804,5320045
003610,방림,2075,2130,55,2.65,16168,33694340
001340,백광산업,2725,2620,-105,-3.85,357549,946350605
014580,백광소재,4125,3805,-320,-7.76,3372940,13103168180
035150,백산,6540,6550,10,0.15,105781,692110860
002410,범양건영,1520,1490,-30,-1.97,161669,242326270
096300,베트남개발1,420,423,3,0.71,188938,79614775
007210,벽산,1765,1735,-30,-1.7,405709,710588075
002760,보락,1940,1920,-20,-1.03,391434,763906170
003850,보령제약,10750,11100,350,3.26,212524,2333588550
000890,보해양조,1030,1040,10,0.97,3400764,3549308410
003000,부광약품,13800,13850,50,0.36,77887,1084395150
001270,부국증권,19350,19100,-250,-1.29,3998,76769950
001275,부국증권우,18600,18500,-100,-0.54,578,10726600
026940,부국철강,3320,3455,135,4.07,119489,405909930
015350,부산가스,33950,34350,400,1.18,844,28636450
011390,부산산업,98700,100000,1300,1.32,8449,838835600
005030,부산주공,487,484,-3,-0.62,66379,32338178
100220,비상교육,8000,8000,0,0.0,24872,197358700
101140,비티원,3285,3320,35,1.07,105947,350679540
005180,빙그레,58900,58500,-400,-0.68,15780,916705800
003960,사조대림,15700,16500,800,5.1,97057,1599837150
008040,사조동아원,1150,1145,-5,-0.43,839588,977960135
007160,사조산업,43100,44250,1150,2.67,16574,734830900
014710,사조씨푸드,5150,5390,240,4.66,2289717,13019332690
006090,사조오양,6650,7360,710,10.68,3166190,24805619530
005090,삼광글라스,34150,34550,400,1.17,2671,92594300
001470,삼부토건,648,687,39,6.02,598242,402926477
006400,삼성SDI,245500,255500,10000,4.07,349485,88741998500
006405,삼성SDI우,92200,95500,3300,3.58,6789,641296000
006660,삼성공조,8880,8940,60,0.68,2859,25542020
028260,삼성물산,88500,87700,-800,-0.9,200433,17748136100
02826K,삼성물산우B,67500,67500,0,0.0,1676,113368900
207940,삼성바이오로직스,285500,290000,4500,1.58,118802,34504037000
032830,삼성생명,67900,65700,-2200,-3.24,390646,25993230000
018260,삼성에스디에스,200000,198500,-1500,-0.75,64353,12877265500
028050,삼성엔지니어링,15250,15000,-250,-1.64,696077,10520863900
009150,삼성전기,87600,91800,4200,4.79,1088073,98948708900
009155,삼성전기우,35550,36800,1250,3.52,10585,388034800
005930,삼성전자,43000,43700,700,1.63,8750135,383427243850
005935,삼성전자우,35500,35850,350,0.99,995544,35750216850
001360,삼성제약,2000,1990,-10,-0.5,121540,242821865
010140,삼성중공업,6770,6760,-10,-0.15,1093309,7425612860
010145,삼성중공우,51700,51600,-100,-0.19,1573,81480800
016360,삼성증권,35300,35100,-200,-0.57,247282,8726291350
068290,삼성출판사,14050,13850,-200,-1.42,45427,631723700
029780,삼성카드,32950,32600,-350,-1.06,68012,2245496450
000810,삼성화재,224500,226000,1500,0.67,361179,81793900500
000815,삼성화재우,157500,158500,1000,0.63,12849,2030776500
006110,삼아알미늄,4095,4395,300,7.33,176458,777598705
145990,삼양사,48750,48800,50,0.1,8136,396395400
145995,삼양사우,33000,32950,-50,-0.15,143,4708600
003230,삼양식품,65600,66100,500,0.76,18013,1188596300
002170,삼양통상,60800,59100,-1700,-2.8,4320,259566500
272550,삼양패키징,17000,16850,-150,-0.88,9883,165895400
000070,삼양홀딩스,59500,60300,800,1.34,13065,779193200
000075,삼양홀딩스우,42800,43200,400,0.93,158,7030350
002810,삼영무역,16150,16300,150,0.93,14895,242802900
005680,삼영전자,9800,9810,10,0.1,22165,219294410
003720,삼영화학,1085,1105,20,1.84,73212,79629805
023000,삼원강재,2790,2780,-10,-0.36,5648,15823835
004380,삼익THK,10900,10900,0,0.0,52604,577977500
002450,삼익악기,1895,1895,0,0.0,2200144,4188119220
000520,삼일제약,19750,19550,-200,-1.01,82440,1618311300
009770,삼정펄프,31300,32350,1050,3.35,1501,47482850
005500,삼진제약,25400,25250,-150,-0.59,22209,563153600
004690,삼천리,83100,83100,0,0.0,3482,288713500
001880,삼호,20000,19100,-900,-4.5,10995,213053750
010960,삼호개발,4365,4415,50,1.15,78985,347432205
004450,삼화왕관,46600,46150,-450,-0.97,990,45798700
009470,삼화전기,15000,15650,650,4.33,280314,4415811850
011230,삼화전자,2685,2740,55,2.05,40395,111265040
001820,삼화콘덴서,40450,41000,550,1.36,200261,8331187600
000390,삼화페인트,5150,5390,240,4.66,67128,354403530
001290,상상인증권,1510,1530,20,1.32,610432,915917190
041650,상신브레이크,3500,3740,240,6.86,609316,2364984275
075180,새론오토모티브,4665,4650,-15,-0.32,1165,5454975
007540,샘표,43800,42300,-1500,-3.42,112073,4699403100
248170,샘표식품,27850,29950,2100,7.54,87105,2545421700
007860,서연,3285,3285,0,0.0,33565,109793475
200880,서연이화,4760,4840,80,1.68,24527,118572500
017390,서울가스,70400,71500,1100,1.56,122,8762900
004410,서울식품,179,181,2,1.12,3033511,550117770
004415,서울식품우,3720,3830,110,2.96,218102,836273695
021050,서원,1125,1115,-10,-0.89,348841,392065110
008490,서흥,32000,31600,-400,-1.25,44128,1420091800
007610,선도전기,3145,3180,35,1.11,56093,178011950
136490,선진,9920,9980,60,0.6,50569,505679280
002820,선창산업,4590,4640,50,1.09,1458,6700750
014910,성문전자,2135,2125,-10,-0.47,108965,230637015
014915,성문전자우,10950,11300,350,3.2,9324,104465550
003080,성보화학,4690,4675,-15,-0.32,5106,23668325
004980,성신양회,7410,7840,430,5.8,691265,5341061010
004985,성신양회우,10100,10550,450,4.46,108175,1141751450
011300,성안,499,499,0,0.0,71109,34975588
000180,성창기업지주,1710,1710,0,0.0,76769,131427765
002420,세기상사,55800,56000,200,0.36,1770,97779100
004360,세방,11500,11550,50,0.43,4103,47128300
004365,세방우,6470,6510,40,0.62,393,2542830
004490,세방전지,38250,38250,0,0.0,14623,559418100
001430,세아베스틸,15500,15600,100,0.65,27818,433279800
306200,세아제강,63700,62700,-1000,-1.57,4674,293390000
003030,세아제강지주,51600,52600,1000,1.94,2734,140430200
019440,세아특수강,12800,12850,50,0.39,5164,66011600
058650,세아홀딩스,80200,80900,700,0.87,115,9249200
013000,세우글로벌,1630,1615,-15,-0.92,421898,684622995
091090,세원셀론텍,2575,2630,55,2.14,159129,417023245
021820,세원정공,8090,8090,0,0.0,0,0
067830,세이브존IC,3555,3515,-40,-1.13,18837,65806080
033530,세종공업,4475,4485,10,0.22,53021,238759690
075580,세진중공업,4260,4580,320,7.51,267088,1199226775
027970,세하,1440,1455,15,1.04,35685,51332825
145210,세화아이엠씨,2990,2990,0,0.0,0,0
068270,셀트리온,153000,153500,500,0.33,607181,94824738000
004430,송원산업,18100,18050,-50,-0.28,147377,2670045100
017550,수산중공업,1350,1360,10,0.74,155263,212709625
002200,수출포장,18900,18900,0,0.0,18468,351078050
053210,스카이라이프,9210,9100,-110,-1.19,25897,236503730
134790,시디즈,39600,39500,-100,-0.25,2714,107363700
016590,신대양제지,72400,73600,1200,1.66,15577,1160582900
029530,신도리코,39800,39500,-300,-0.75,12004,473987300
004970,신라교역,12450,12650,200,1.61,45381,577004650
011930,신성이엔지,1085,1090,5,0.46,452455,496040760
005390,신성통상,2245,2105,-140,-6.24,14906291,32084972790
004170,신세계,224500,221500,-3000,-1.34,63903,14215897000
035510,신세계IC,116000,117500,1500,1.29,7662,888222000
034300,신세계건설,26850,26850,0,0.0,2602,69978400
031430,신세계인터내셔날,182500,176000,-6500,-3.56,29352,5239517500
031440,신세계푸드,79900,79800,-100,-0.13,8282,660987500
006880,신송홀딩스,4850,4855,5,0.1,76806,373477955
005800,신영와코루,111000,111000,0,0.0,308,34189000
001720,신영증권,56900,56900,0,0.0,6740,383458700
001725,신영증권우,52300,52300,0,0.0,1710,89355600
009270,신원,2140,2185,45,2.1,1497123,3240360775
009275,신원우,54000,54000,0,0.0,553,29843000
002700,신일산업,1630,1615,-15,-0.92,2000137,3249971130
019170,신풍제약,5550,5520,-30,-0.54,149357,826728450
019175,신풍제약우,5160,5180,20,0.39,2023,10387100
002870,신풍제지,1210,1225,15,1.24,29233,35547485
005450,신한,4945,4945,0,0.0,0,0
293940,신한알파리츠,7140,7190,50,0.7,68709,489847140
055550,신한지주,40400,40450,50,0.12,938166,38102158800
001770,신화실업,20750,20750,0,0.0,1955,40289400
004080,신흥,9530,9500,-30,-0.31,1436,13669340
102280,쌍방울,1205,1170,-35,-2.9,7564075,9060833685
003410,쌍용양회,5480,5550,70,1.28,854934,4738788930
003415,쌍용양회우,6060,6100,40,0.66,40720,249777380
003620,쌍용차,3045,3070,25,0.82,95584,294678460
004770,써니전자,3130,3125,-5,-0.16,1475020,4654167760
004920,씨아이테크,437,433,-4,-0.92,139033,60521380
112610,씨에스윈드,31000,31000,0,0.0,38803,1205841650
008700,아남전자,2310,2315,5,0.22,478296,1115093825
002790,아모레G,55600,54400,-1200,-2.16,88002,4853597188
002795,아모레G우,23150,23100,-50,-0.22,15060,344863350
090430,아모레퍼시픽,129000,126000,-3000,-2.33,176198,22496705000
090435,아모레퍼시픽우,71100,69100,-2000,-2.81,11922,833987800
002030,아세아,107500,108000,500,0.47,1362,145049000
183190,아세아시멘트,80200,80300,100,0.12,4988,401430400
002310,아세아제지,35450,35150,-300,-0.85,44668,1610400300
267850,아시아나IDT,19550,19350,-200,-1.02,67233,1320521500
020560,아시아나항공,5020,5050,30,0.6,983259,4952058990
122900,아이마켓코리아,11250,11400,150,1.33,58633,669747850
010780,아이에스동서,30150,30200,50,0.17,47744,1438273950
033660,아주캐피탈,10150,10100,-50,-0.49,46040,468460850
001780,알루코,2375,2410,35,1.47,142990,344624415
018250,애경산업,30050,29150,-900,-3.0,377763,11285030850
161000,애경유화,7180,7120,-60,-0.84,138213,986413000
011090,에넥스,1060,1070,10,0.94,155022,165706910
005850,에스엘,23200,22550,-650,-2.8,82037,1859635300
012750,에스원,103500,103000,-500,-0.48,45462,4671786500
023960,에쓰씨엔지니어링,1300,1325,25,1.92,191862,255284965
298690,에어부산,5590,5580,-10,-0.18,440678,2451003060
140910,에이리츠,6020,6110,90,1.5,9166,55603600
078520,에이블씨엔씨,10500,10350,-150,-1.43,111163,1178810850
015260,에이엔피,360,363,3,0.83,98876,35869165
007460,에이프로젠KIC,2055,2060,5,0.24,1723071,3626134655
003060,에이프로젠제약,785,792,7,0.89,3108496,2471922960
036570,엔씨소프트,522000,523000,1000,0.19,68518,35703303000
138250,엔에스쇼핑,10150,10250,100,0.99,22696,233739700
085310,엔케이,1100,1095,-5,-0.45,172096,190932380
009810,엔케이물산,782,840,58,7.42,5878446,4975108448
900140,엘브이엠씨홀딩스,2720,2800,80,2.94,105929,295797205
014440,영보화학,3425,3470,45,1.31,3763204,14364095980
111770,영원무역,35400,36900,1500,4.24,183874,6590547200
009970,영원무역홀딩스,49800,51100,1300,2.61,5227,266103500
003520,영진약품,4040,4045,5,0.12,357768,1459937570
000670,영풍,603000,595000,-8000,-1.33,974,581326000
006740,영풍제지,3000,3190,190,6.33,58319,183784940
012280,영화금속,1310,1310,0,0.0,306133,401881420
012160,영흥철강,1180,1165,-15,-1.27,207985,245399865
015360,예스코홀딩스,36100,35900,-200,-0.55,3417,125426450
007310,오뚜기,609000,602000,-7000,-1.15,3857,2345148000
079440,오렌지라이프,25300,24450,-850,-3.36,188098,4658947550
002630,오리엔트바이오,416,416,0,0.0,584613,244426155
271560,오리온,84800,83000,-1800,-2.12,78645,6594947600
001800,오리온홀딩스,15750,15750,0,0.0,46163,728379800
070960,용평리조트,6530,6600,70,1.07,271854,1789953940
316140,우리금융지주,11750,11600,-150,-1.28,889434,10393631850
004720,우리들제약,5570,5610,40,0.72,24355,136608880
118000,우리들휴브레인,1935,1910,-25,-1.29,93345,177663280
010050,우리종금,673,667,-6,-0.89,988308,664860411
006980,우성사료,2840,2910,70,2.46,337825,980707485
017370,우신시스템,5030,5120,90,1.79,8056,41038680
105840,우진,4405,4450,45,1.02,220690,988837455
010400,우진아이엔에스,8250,8320,70,0.85,19578,162758720
049800,우진플라임,3725,3710,-15,-0.4,3257,12179260
016880,웅진,1345,1325,-20,-1.49,189142,248058780
095720,웅진씽크빅,2165,2120,-45,-2.08,424398,906591050
103130,웅진에너지,914,914,0,0.0,0,0
021240,웅진코웨이,84700,83100,-1600,-1.89,150379,12509947200
005820,원림,19400,19500,100,0.52,478,9204850
010600,웰바이오텍,3590,3025,-565,-15.74,2876520,9173639125
008600,윌비스,1020,1025,5,0.49,292851,302696730
033270,유나이티드제약,18700,18950,250,1.34,19234,362534750
014830,유니드,45850,45500,-350,-0.76,23765,1077756300
000910,유니온,5720,4980,-740,-12.94,3531710,17934417800
047400,유니온머티리얼,3075,2825,-250,-8.13,5098084,14623618430
011330,유니켐,1820,1810,-10,-0.55,379985,694220025
077500,유니퀘스트,6290,6230,-60,-0.95,39549,248184940
002920,유성기업,2660,2660,0,0.0,48219,128506500
000700,유수홀딩스,7370,7260,-110,-1.49,38221,278684100
003470,유안타증권,2620,2640,20,0.76,136745,359924315
003475,유안타증권우,1885,1890,5,0.27,11529,21736845
011690,유양디앤유,5030,5380,350,6.96,556966,2941757280
072130,유엔젤,3630,3630,0,0.0,16430,59807100
000220,유유제약,9440,9790,350,3.71,25252,243986470
000225,유유제약1우,6010,6120,110,1.83,2858,17492830
000227,유유제약2우B,17900,18000,100,0.56,748,13299350
001200,유진투자증권,2170,2170,0,0.0,127960,279574480
000100,유한양행,220000,220500,500,0.23,30291,6688229500
000105,유한양행우,197000,199000,2000,1.02,57,11271500
003460,유화증권,11700,11800,100,0.85,1599,18865800
003465,유화증권우,12300,12150,-150,-1.22,117,1426950
008730,율촌화학,15550,15850,300,1.93,719842,11335995750
008250,이건산업,7850,8110,260,3.31,44832,357379990
025820,이구산업,1700,1705,5,0.29,56243,96329620
214320,이노션,68200,68100,-100,-0.15,18839,1283430500
088260,이리츠코크렙,6110,6170,60,0.98,59205,363015850
139480,이마트,112500,111000,-1500,-1.33,228140,25582704000
007660,이수페타시스,4025,4225,200,4.97,719465,2964970240
005950,이수화학,9540,9740,200,2.1,61193,590413870
015020,이스타코,590,556,-34,-5.76,366706,215470930
093230,이아이디,320,353,33,10.31,105133418,37977804875
102460,이연제약,12950,13000,50,0.39,45139,593620400
084680,이월드,3500,3585,85,2.43,3803165,13587049940
000760,이화산업,16200,15700,-500,-3.09,1157,18334650
014990,인디에프,3390,3525,135,3.98,4018289,13935506970
006490,인스코비,2420,2490,70,2.89,2211331,5436677685
023800,인지컨트롤스,4985,5010,25,0.5,36509,183808985
034590,인천도시가스,28900,29000,100,0.35,208,6018600
129260,인터지스,2045,2080,35,1.71,57050,117429665
023810,인팩,3960,3965,5,0.13,6188,24163910
249420,일동제약,16250,16000,-250,-1.54,46802,753335550
000230,일동홀딩스,10800,10800,0,0.0,6248,67499200
013360,일성건설,1190,1195,5,0.42,373707,443179115
003120,일성신약,82400,82400,0,0.0,589,48471400
003200,일신방직,84000,83300,-700,-0.83,2019,167237900
007110,일신석재,2830,3000,170,6.01,5168841,15102426500
007570,일양약품,20200,19950,-250,-1.24,26473,530723450
007575,일양약품우,16300,16300,0,0.0,706,11587950
008500,일정실업,17700,17500,-200,-1.13,344,6021900
081000,일진다이아,33000,33200,200,0.61,218429,7290637750
020760,일진디스플,3770,3765,-5,-0.13,87205,331138415
020150,일진머티리얼즈,38250,39700,1450,3.79,413565,16201828900
103590,일진전기,2600,2675,75,2.88,28876,76315115
015860,일진홀딩스,2800,3005,205,7.32,206364,611298145
226320,잇츠한불,18050,18400,350,1.94,40695,736262300
033240,자화전자,8680,8840,160,1.84,84518,747295520
000950,전방,14550,15250,700,4.81,4929,74582050
194370,제이에스코퍼레이션,13700,13850,150,1.09,17879,246265200
025620,제이준코스메틱,4350,4255,-95,-2.18,260020,1129443250
030000,제일기획,25850,25250,-600,-2.32,260719,6586742250
271980,제일약품,28650,28250,-400,-1.4,19960,574360700
001560,제일연마,6400,6320,-80,-1.25,3272,20526000
002620,제일파마홀딩스,15900,16200,300,1.89,2972,47912600
006220,제주은행,4170,4200,30,0.72,9775,40916130
089590,제주항공,23850,23400,-450,-1.89,60989,1437408400
004910,조광페인트,5660,5680,20,0.35,9890,55264960
004700,조광피혁,36000,35900,-100,-0.28,488,17501000
001550,조비,18500,18750,250,1.35,34178,639454700
000480,조선내화,84600,85000,400,0.47,1734,147401300
120030,조선선재,81800,81800,0,0.0,1059,86815900
018470,조일알미늄,735,758,23,3.13,22489,16848467
002600,조흥,152000,151500,-500,-0.33,24,3640500
185750,종근당,80700,80800,100,0.12,22482,1813572500
063160,종근당바이오,27900,28500,600,2.15,89854,2589130750
001630,종근당홀딩스,98400,98500,100,0.1,39971,3949886200
044380,주연테크,380,380,0,0.0,314459,119402440
013870,지엠비코리아,5120,5200,80,1.56,48243,250096690
071320,지역난방공사,51100,51300,200,0.39,4284,219502400
010580,지코,888,893,5,0.56,621130,553497095
035000,지투알,6980,6910,-70,-1.0,14466,100181300
088790,진도,3520,3580,60,1.7,3850,13685125
003780,진양산업,3200,3240,40,1.25,41360,133587815
010640,진양폴리,2625,2640,15,0.57,131505,357086950
100250,진양홀딩스,2455,2460,5,0.2,18519,45452365
051630,진양화학,4485,4605,120,2.68,238551,1088197015
272450,진에어,14700,14550,-150,-1.02,87426,1291614100
011000,진원생명과학,3730,3815,85,2.28,62580,236713240
002780,진흥기업,1930,1965,35,1.81,65158,128769945
002787,진흥기업2우B,13000,13150,150,1.15,3419,45306250
002785,진흥기업우B,5140,5200,60,1.17,4852,25162460
009310,참엔지니어링,1120,1130,10,0.89,97440,111095325
000650,천일고속,63600,64400,800,1.26,235,15050500
012600,청호컴넷,2410,2430,20,0.83,20076,48954345
033250,체시스,1630,1620,-10,-0.61,464545,761861870
001140,카리스국보,4855,4620,-235,-4.84,1334322,6492768690
035720,카카오,131500,130500,-1000,-0.76,338519,44250665000
006380,카프로,3380,3430,50,1.48,76307,261847385
109070,컨버즈,3260,3260,0,0.0,0,0
001620,케이비아이동국실업,777,793,16,2.06,29864,23660510
029460,케이씨,12300,12450,150,1.22,33052,411910150
281820,케이씨텍,16750,17700,950,5.67,350163,6098838700
145270,케이탑리츠,820,823,3,0.37,39870,32689435
007815,코리아써우,2390,2375,-15,-0.63,761,1789560
007810,코리아써키트,4670,4780,110,2.36,28919,138383870
00781K,코리아써키트2우B,4050,3995,-55,-1.36,285,1144430
152330,코리아오토글라스,16900,17600,700,4.14,83660,1462553850
003690,코리안리,7880,7700,-180,-2.28,172158,1341308050
192820,코스맥스,71400,71000,-400,-0.56,412626,29628636750
044820,코스맥스비티아이,13550,13550,0,0.0,26548,363266750
005070,코스모신소재,11300,11450,150,1.33,196801,2273824900
005420,코스모화학,9120,9510,390,4.28,463493,4443420850
071950,코아스,1310,1345,35,2.67,377278,498134955
002020,코오롱,14700,14650,-50,-0.34,43149,631566300
003070,코오롱글로벌,8650,8740,90,1.04,15712,137779380
003075,코오롱글로벌우,16750,16550,-200,-1.19,2142,35546650
144620,코오롱머티리얼,1500,1510,10,0.67,84685,127584735
002025,코오롱우,10100,10000,-100,-0.99,2083,20900630
120110,코오롱인더,39200,40050,850,2.17,78305,3101010950
120115,코오롱인더우,18900,19250,350,1.85,4496,85459400
138490,코오롱플라스틱,5230,5260,30,0.57,349199,1828264920
031820,콤텍시스템,1500,1445,-55,-3.67,1851293,2732778750
192400,쿠쿠홀딩스,119000,121000,2000,1.68,4423,535253500
284740,쿠쿠홈시스,45250,44150,-1100,-2.43,37493,1639891200
015590,큐로,788,789,1,0.13,322511,252432446
264900,크라운제과,8330,8300,-30,-0.36,31977,267092170
26490K,크라운제과우,9160,9300,140,1.53,200153,1887760680
005740,크라운해태홀딩스,10500,10850,350,3.33,153795,1665600900
005745,크라운해태홀딩스우,14150,14350,200,1.41,100143,1455939200
020120,키다리스튜디오,3730,3795,65,1.74,173656,646559515
039490,키움증권,67100,67000,-100,-0.15,65175,4415013100
012170,키위미디어그룹,150,150,0,0.0,0,0
015890,태경산업,5570,5540,-30,-0.54,49667,276234470
006890,태경화학,5210,5210,0,0.0,134565,703991670
003240,태광산업,1050000,1016000,-34000,-3.24,1493,1533943000
011280,태림포장,7050,7130,80,1.13,4264575,30323664660
004100,태양금속,1020,1030,10,0.98,53619,55013660
004105,태양금속우,2910,2970,60,2.06,17272,51105605
009410,태영건설,13100,12900,-200,-1.53,161566,2112918150
009415,태영건설우,7140,7200,60,0.84,13442,96035520
001420,태원물산,3930,3970,40,1.02,97298,381782370
007980,태평양물산,2790,3020,230,8.24,634972,1897484780
055490,테이팩스,20100,20150,50,0.25,5094,102239400
078000,텔코웨어,13700,13750,50,0.36,16674,231133500
214420,토니모리,9550,9380,-170,-1.78,369071,3537499390
019180,티에이치엔,3995,3950,-45,-1.13,162105,634853700
091810,티웨이항공,4990,4990,0,0.0,64326,318938420
004870,티웨이홀딩스,1405,1390,-15,-1.07,482001,691903780
005690,파미셀,7470,7430,-40,-0.54,914584,6877829360
036580,팜스코,4965,5090,125,2.52,62184,316126430
028670,팬오션,4360,4535,175,4.01,2848260,12983690460
010820,퍼스텍,2000,1945,-55,-2.75,299583,589485605
016800,퍼시스,30300,30500,200,0.66,968,29262950
001020,페이퍼코리아,702,715,13,1.85,210654,154545691
090080,평화산업,1290,1280,-10,-0.78,88188,113954890
010770,평화홀딩스,3980,3950,-30,-0.75,18789,74971890
058430,포스코강판,16950,17300,350,2.06,9949,167281850
047050,포스코인터내셔널,17450,17450,0,0.0,105865,1851957650
003670,포스코케미칼,47900,48450,550,1.15,194137,9391638350
007630,폴루스바이오팜,1225,1225,0,0.0,244786,300293335
017810,풀무원,10100,10400,300,2.97,91135,950467300
103140,풍산,21100,21500,400,1.9,73336,1573891350
005810,풍산홀딩스,34750,34900,150,0.43,4492,154777550
033180,필룩스,4285,4390,105,2.45,1584666,6979676590
086790,하나금융지주,31850,31450,-400,-1.26,1387900,44036755450
099340,하나니켈1호,872,881,9,1.03,297078,262248612
099350,하나니켈2호,1570,1550,-20,-1.27,227719,350275350
293480,하나제약,23900,24050,150,0.63,42515,1008941550
039130,하나투어,41500,41600,100,0.24,43356,1805489800
172580,하이골드12호,2725,2735,10,0.37,20158,54903640
153360,하이골드3호,1740,1735,-5,-0.29,10836,18563835
159650,하이골드8호,1745,1755,10,0.57,2987,5214595
071090,하이스틸,18200,18150,-50,-0.27,4310,78442100
019490,하이트론,3735,3725,-10,-0.27,819,3050745
000080,하이트진로,21150,22050,900,4.26,756679,16584713250
000087,하이트진로2우B,16000,16450,450,2.81,3667,60056000
000140,하이트진로홀딩스,10550,10550,0,0.0,518204,5504190800
000145,하이트진로홀딩스우,26850,26750,-100,-0.37,552393,15820795750
152550,한국ANKOR유전,1760,1765,5,0.28,1072,1871055
036460,한국가스공사,38700,38600,-100,-0.26,127629,4939119300
005430,한국공항,41400,41250,-150,-0.36,3269,134801950
071050,한국금융지주,68900,70400,1500,2.18,164903,11664037400
071055,한국금융지주우,42500,42500,0,0.0,18550,789148000
010040,한국내화,4980,4970,-10,-0.2,484774,2424618080
025540,한국단자,60300,61200,900,1.49,17999,1083271200
004090,한국석유,98100,99000,900,0.92,1810,178422900
002960,한국쉘석유,316000,316000,0,0.0,1643,520113000
123890,한국자산신탁,3600,3605,5,0.14,48644,175373070
015760,한국전력,24950,25100,150,0.6,804462,20195363100
006200,한국전자홀딩스,722,728,6,0.83,67302,48662362
002300,한국제지,17700,17700,0,0.0,4806,84019650
009540,한국조선해양,95200,95500,300,0.32,152521,14586565000
023350,한국종합기술,3860,3880,20,0.52,17972,69903930
025890,한국주강,1635,1610,-25,-1.53,21743,35178845
000970,한국주철관,11200,11250,50,0.45,81295,916720100
104700,한국철강,4860,4915,55,1.13,38764,190633165
017960,한국카본,6970,6960,-10,-0.14,261932,1834250700
161890,한국콜마,46500,43550,-2950,-6.34,1061414,47040345150
024720,한국콜마홀딩스,20150,19550,-600,-2.98,237143,4681794400
161390,한국타이어앤테크놀로지,28350,28400,50,0.18,319208,9104568900
000240,한국테크놀로지그룹,14400,14450,50,0.35,63043,909791150
034830,한국토지신탁,2100,2095,-5,-0.24,469972,987896175
007280,한국특수형강,1360,1415,55,4.04,463434,678467875
168490,한국패러랠,2185,2175,-10,-0.46,150676,326985630
010100,한국프랜지,1725,1705,-20,-1.16,95439,162911115
047810,한국항공우주,38300,37550,-750,-1.96,891011,33424888250
123690,한국화장품,8970,8670,-300,-3.34,433610,3776692510
003350,한국화장품제조,28800,27200,-1600,-5.56,146734,4057926850
011500,한농화성,4045,3920,-125,-3.09,68061,267299165
002390,한독,21500,21400,-100,-0.47,21438,461899100
014790,한라,2950,2915,-35,-1.19,39498,115543780
060980,한라홀딩스,40700,40200,-500,-1.23,20583,829678950
053690,한미글로벌,8690,8680,-10,-0.12,34190,294683290
042700,한미반도체,6120,6060,-60,-0.98,130919,806343040
008930,한미사이언스,42050,41100,-950,-2.26,107365,4449585250
128940,한미약품,283500,279500,-4000,-1.41,39271,11063466500
009240,한샘,65100,64500,-600,-0.92,105651,6877976700
020000,한섬,31350,30750,-600,-1.91,83000,2549917650
003680,한성기업,5870,6150,280,4.77,1869166,12116908240
105630,한세실업,19800,19900,100,0.51,140502,2771541950
069640,한세엠케이,4705,4780,75,1.59,157280,761254700
016450,한세예스24홀딩스,7750,7630,-120,-1.55,17356,132290950
010420,한솔PNS,1610,1625,15,0.93,203143,327653675
009180,한솔로지스틱스,1255,1260,5,0.4,211250,265554170
213500,한솔제지,15000,15200,200,1.33,98334,1484409800
014680,한솔케미칼,79600,80300,700,0.88,25871,2064265500
004710,한솔테크닉스,7360,7510,150,2.04,1151801,8618153120
004150,한솔홀딩스,4125,4160,35,0.85,77901,323784445
025750,한솔홈데코,1195,1210,15,1.26,560672,675466890
004960,한신공영,16200,16200,0,0.0,24527,400135700
011700,한신기계,1710,1675,-35,-2.05,622847,1059774815
001750,한양증권,7050,7070,20,0.28,10595,74545230
001755,한양증권우,8160,8100,-60,-0.74,71,577300
018880,한온시스템,11650,11500,-150,-1.29,1210659,13994968550
009420,한올바이오파마,24700,24700,0,0.0,194024,4812378200
014130,한익스프레스,6070,6050,-20,-0.33,173810,1042859900
300720,한일시멘트,100000,99500,-500,-0.5,2716,272193300
002220,한일철강,2060,2070,10,0.49,8220,16905440
006390,한일현대시멘트,31000,31700,700,2.26,29699,938770900
003300,한일홀딩스,46100,46150,50,0.11,9261,426911050
051600,한전KPS,30950,30850,-100,-0.32,95982,2954167000
052690,한전기술,17850,18000,150,0.84,38376,689327400
130660,한전산업,3225,3195,-30,-0.93,36361,117157000
002320,한진,30850,30150,-700,-2.27,25516,780101300
097230,한진중공업,4405,4440,35,0.79,117826,527607865
003480,한진중공업홀딩스,2935,2900,-35,-1.19,22343,64362320
180640,한진칼,29300,29350,50,0.17,465911,13587532700
18064K,한진칼우,37600,37400,-200,-0.53,16998,634030950
005110,한창,2830,2970,140,4.95,2289361,6582024770
009460,한창제지,2640,2750,110,4.17,1449102,3948752715
000880,한화,21900,22100,200,0.91,180521,3995639000
00088K,한화3우B,12800,12700,-100,-0.78,138191,1764609200
027390,한화갤러리아타임월드,17450,17350,-100,-0.57,10466,180181600
088350,한화생명,2215,2190,-25,-1.13,1736681,3836864990
000370,한화손해보험,3205,3175,-30,-0.94,115594,368254780
012450,한화에어로스페이스,35800,36850,1050,2.93,1133812,41471102100
000885,한화우,26900,26700,-200,-0.74,11593,314419950
009830,한화케미칼,17050,17300,250,1.47,542227,9382753550
009835,한화케미칼우,10800,10850,50,0.46,6330,68804300
003530,한화투자증권,2030,2045,15,0.74,179371,368377675
003535,한화투자증권우,2005,2035,30,1.5,13254,26929580
195870,해성디에스,11700,11700,0,0.0,33489,390593600
101530,해태제과식품,7800,7830,30,0.38,10756,84583930
143210,핸즈코퍼레이션,6170,6410,240,3.89,45177,285097410
000720,현대건설,40250,39550,-700,-1.74,680540,27134475400
267270,현대건설기계,27400,27900,500,1.82,133563,3767646000
000725,현대건설우,151500,151500,0,0.0,349,53072000
005440,현대그린푸드,11500,11100,-400,-3.48,219242,2444252950
086280,현대글로비스,153500,153500,0,0.0,58543,8988069500
064350,현대로템,15750,15950,200,1.27,337418,5370275400
079430,현대리바트,13650,13300,-350,-2.56,71818,966530650
012330,현대모비스,235000,240000,5000,2.13,193575,46449892220
010620,현대미포조선,38050,37300,-750,-1.97,201616,7571088600
069960,현대백화점,70500,70100,-400,-0.57,46967,3310621700
004560,현대비앤지스틸,8250,8310,60,0.73,5690,47182870
004565,현대비앤지스틸우,56900,56300,-600,-1.05,203,11473900
011760,현대상사,18700,18500,-200,-1.07,99302,1854697900
011200,현대상선,3220,3255,35,1.09,337703,1100814245
004310,현대약품,4200,4240,40,0.95,287732,1235138340
126560,현대에이치씨엔,3660,3730,70,1.91,30713,113767065
017800,현대엘리베이,76500,78200,1700,2.22,204091,15754270000
307950,현대오토에버,53200,53400,200,0.38,12006,641188500
011210,현대위아,41750,42400,650,1.56,153632,6431823950
267260,현대일렉트릭,12150,12150,0,0.0,90668,1113897300
004020,현대제철,36550,36600,50,0.14,265539,9757003650
267250,현대중공업지주,301500,301500,0,0.0,29965,9048112500
005380,현대차,129000,127500,-1500,-1.16,614128,79120008436
005387,현대차2우B,81800,82000,200,0.24,113248,9325824842
005389,현대차3우B,71000,71300,300,0.42,4503,320455300
005385,현대차우,71900,72100,200,0.28,57514,4158327600
001500,현대차증권,9780,9740,-40,-0.41,24650,241440900
227840,현대코퍼레이션홀딩스,11550,11500,-50,-0.43,16142,184908150
001450,현대해상,25000,24200,-800,-3.2,329253,8027748600
057050,현대홈쇼핑,91700,91300,-400,-0.44,23971,2187075900
093240,형지엘리트,1360,1385,25,1.84,156489,216636970
003010,혜인,4550,4535,-15,-0.33,231993,1054805320
111110,호전실업,11500,11500,0,0.0,380,4423500
008770,호텔신라,76500,76100,-400,-0.52,342993,26162540900
008775,호텔신라우,43900,44050,150,0.34,5101,224880450
002460,화성산업,12150,12100,-50,-0.41,28555,346566550
013520,화승알앤에이,1900,1960,60,3.16,210757,408088675
241590,화승엔터프라이즈,13200,13450,250,1.89,84673,1137438900
006060,화승인더,8460,9230,770,9.1,427913,3899374160
010690,화신,2430,2490,60,2.47,62221,150238830
133820,화인베스틸,3100,3190,90,2.9,134244,423774430
010660,화천기계,3890,3765,-125,-3.21,1925172,7441811995
000850,화천기공,39450,40250,800,2.03,7747,310320850
016580,환인제약,15750,15100,-650,-4.13,31852,485967600
032560,황금에스티,7460,7530,70,0.94,43133,323452460
004800,효성,84400,83400,-1000,-1.18,44272,3698386700
094280,효성ITX,9550,9540,-10,-0.1,6717,64184290
298040,효성중공업,35700,36500,800,2.24,79466,2917400950
298050,효성첨단소재,112000,113000,1000,0.89,29978,3429029500
298020,효성티앤씨,148000,148500,500,0.34,14685,2179866000
298000,효성화학,153000,155000,2000,1.31,9496,1481448500
093370,후성,10150,10100,-50,-0.49,11095442,111653176070
081660,휠라코리아,65100,60100,-5000,-7.68,2705269,165187888300
005870,휴니드,6770,6930,160,2.36,12155,84857300
079980,휴비스,6270,6310,40,0.64,30857,195634570
005010,휴스틸,10150,10300,150,1.48,13953,142851650
069260,휴켐스,21650,21500,-150,-0.69,47843,1028000050
000540,흥국화재,3700,3675,-25,-0.68,21241,78428375
000547,흥국화재2우B,19100,19750,650,3.4,868,16544000
000545,흥국화재우,4815,4800,-15,-0.31,461,2240430
003280,흥아해운,457,463,6,1.31,202437,93014896
