티커,종목명,시가,종가,변동폭,등락률,거래량,거래대금
095570,AJ네트웍스,4960,4930,-30,-0.6,222135,1096526550
068400,AJ렌터카,11250,11100,-150,-1.33,45246,503087200
006840,AK홀딩스,33500,34500,1000,2.99,29027,989591150
027410,BGF,5570,5530,-40,-0.72,89265,496900080
282330,BGF리테일,165500,165500,0,0.0,27645,4603399500
138930,BNK금융지주,7870,7850,-20,-0.25,434109,3400440530
001460,BYC,234000,233500,-500,-0.21,506,117952000
001465,BYC우,124000,124000,0,0.0,276,33897000
001040,CJ,96500,96000,-500,-0.52,38524,3702219500
079160,CJCGV,34900,34100,-800,-2.29,114477,3919375500
00104K,CJ4우전환,71200,71200,0,0.0,7509,533702800
000120,CJ대한통운,151500,150000,-1500,-0.99,18895,2841105500
011150,CJ씨푸드,2575,2540,-35,-1.36,235591,599399405
011155,CJ씨푸드1우,31800,31350,-450,-1.42,1089,34216250
001045,CJ우,46400,46500,100,0.22,2246,104215650
097950,CJ제일제당,243500,242000,-1500,-0.62,17060,4145351500
097955,CJ제일제당우,107500,106500,-1000,-0.93,2010,214243500
037560,CJ헬로,6040,6040,0,0.0,171172,1032187790
000590,CS홀딩스,56900,57500,600,1.05,904,51656000
012030,DB,850,852,2,0.24,395094,337633829
016610,DB금융투자,4380,4400,20,0.46,91943,403802815
005830,DB손해보험,54600,54500,-100,-0.18,96898,5271704200
000990,DB하이텍,25950,26650,700,2.7,1009162,26869182000
000995,DB하이텍1우,68200,70200,2000,2.93,195730,15039364700
139130,DGB금융지주,7420,7390,-30,-0.4,1086721,8069224130
001530,DI동일,74400,74900,500,0.67,2396,178924800
004840,DRB동일,5350,5350,0,0.0,4633,24723270
155660,DSR,4400,4370,-30,-0.68,105114,461158910
069730,DSR제강,4595,4490,-105,-2.29,98389,443718505
017940,E1,48850,48800,-50,-0.1,9616,469910500
007700,FF,107000,106000,-1000,-0.93,53940,5714522000
114090,GKL,19500,19600,100,0.51,102236,2006254150
078930,GS,52900,53200,300,0.57,135485,7205356500
006360,GS건설,31900,31650,-250,-0.78,160040,5068968050
001250,GS글로벌,2205,2195,-10,-0.45,203488,448728065
007070,GS리테일,39300,39450,150,0.38,77739,3060819150
078935,GS우,38500,38750,250,0.65,7409,286477750
012630,HDC,10850,10850,0,0.0,174664,1897985500
039570,HDC아이콘트롤스,11000,11050,50,0.45,113301,1256711750
089470,HDC현대EP,4870,4930,60,1.23,64558,315180450
294870,HDC현대산업개발,26000,25850,-150,-0.58,153594,3982554550
082740,HSD엔진,4420,4285,-135,-3.05,272525,1186681020
003560,IHQ,1705,1700,-5,-0.29,865465,1469313325
175330,JB금융지주,5700,5700,0,0.0,374819,2127923810
234080,JW생명과학,19800,19500,-300,-1.52,38798,761987550
001060,JW중외제약,29050,28850,-200,-0.69,39802,1150455550
001067,JW중외제약2우B,42450,42200,-250,-0.59,3699,153614400
001065,JW중외제약우,28450,27750,-700,-2.46,4439,124013000
096760,JW홀딩스,6300,6270,-30,-0.48,73249,461104200
105560,KB금융,49900,49450,-450,-0.9,602123,29803186450
002380,KCC,232000,233000,1000,0.43,30130,7011770500
009070,KCTC,2795,2795,0,0.0,25906,71639535
009440,KC그린홀딩스,4785,4785,0,0.0,48011,229107210
119650,KC코트렐,6800,6690,-110,-1.62,77871,525699200
092220,KEC,1005,1000,-5,-0.5,449855,453885077
001390,KG케미칼,11750,11800,50,0.43,66988,787654350
001940,KISCO홀딩스,13000,13050,50,0.38,7870,101510750
025000,KPX케미칼,56600,58200,1600,2.83,1351,77150300
092230,KPX홀딩스,56000,55700,-300,-0.54,655,36543800
000040,KR모터스,274,266,-8,-2.92,1014909,269298032
044450,KSS해운,7600,7640,40,0.53,37336,283141640
030200,KT,27400,27300,-100,-0.36,960828,26269136900
033780,KTG,97200,97400,200,0.21,305867,29793718500
030210,KTB투자증권,2415,2385,-30,-1.24,68449,162788170
058850,KTcs,2235,2305,70,3.13,3471672,8083362395
058860,KTis,2305,2330,25,1.08,111855,258786560
093050,LF,18150,18400,250,1.38,66047,1217732200
003550,LG,74800,74900,100,0.13,155841,11668644200
034220,LG디스플레이,16000,15650,-350,-2.19,1571099,24710751750
001120,LG상사,14700,14700,0,0.0,96323,1412683600
051900,LG생활건강,1262000,1259000,-3000,-0.24,13327,16784261500
051905,LG생활건강우,774000,777000,3000,0.39,1294,1000564000
003555,LG우,49300,49900,600,1.22,8842,439826650
032640,LG유플러스,14400,14350,-50,-0.35,803801,11536953650
011070,LG이노텍,134500,135500,1000,0.74,69744,9411464000
066570,LG전자,72500,71900,-600,-0.83,220741,15922887600
066575,LG전자우,28900,28850,-50,-0.17,18304,531059600
108670,LG하우시스,54800,55000,200,0.36,12051,660728600
108675,LG하우시스우,27450,27600,150,0.55,906,24863350
051910,LG화학,313000,312500,-500,-0.16,224260,70900127000
051915,LG화학우,171500,172500,1000,0.58,16797,2903625000
079550,LIG넥스원,32350,31950,-400,-1.24,69789,2223241900
006260,LS,48050,47650,-400,-0.83,41788,2000591950
000680,LS네트웍스,2310,2255,-55,-2.38,26202,59450950
010120,LS산전,53800,54500,700,1.3,39257,2125641800
229640,LS전선아시아,7980,7940,-40,-0.5,98937,782419320
023150,MH에탄올,6120,6270,150,2.45,116343,735893000
035420,NAVER,184000,182000,-2000,-1.09,193440,35094363000
181710,NHN,65300,64500,-800,-1.23,57371,3718027400
005940,NH투자증권,13050,13100,50,0.38,840374,11036403150
005945,NH투자증권우,9320,9350,30,0.32,173363,1614756590
338100,NH프라임리츠,6020,5990,-30,-0.5,140758,845178530
034310,NICE,20200,20450,250,1.24,28784,581328400
008260,NI스틸,2225,2215,-10,-0.45,15620,34597040
004250,NPC,3870,3870,0,0.0,17124,66296320
004255,NPC우,2315,2320,5,0.22,6222,14492855
010060,OCI,63000,61800,-1200,-1.9,63866,3975656500
005490,POSCO,243500,240000,-3500,-1.44,191559,46141736000
100840,STC,19250,19200,-50,-0.26,18337,350831400
064960,ST모티브,43600,42350,-1250,-2.87,35962,1531727550
003570,ST중공업,6560,6720,160,2.44,77923,515721570
036530,ST홀딩스,14950,15700,750,5.02,83003,1297161200
010950,S-Oil,97800,97200,-600,-0.61,165863,16143464800
010955,S-Oil우,56400,55800,-600,-1.06,11654,650988900
034120,SBS,20000,20050,50,0.25,76171,1535677000
101060,SBS미디어홀딩스,1995,2000,5,0.25,68459,136656235
004060,SG세계물산,865,864,-1,-0.12,454660,394059994
001380,SG충방,1740,1675,-65,-3.74,253999,432257805
002360,SH에너지화학,1020,1000,-20,-1.96,772638,775899732
009160,SIMPAC,2910,2875,-35,-1.2,101776,293589200
123700,SJM,3805,3975,170,4.47,76504,300714535
025530,SJM홀딩스,3320,3340,20,0.6,7866,26120430
034730,SK,261500,262000,500,0.19,70410,18429475000
011790,SKC,49300,49900,600,1.22,252669,12527334500
018670,SK가스,86700,87200,500,0.58,13501,1173947700
001740,SK네트웍스,6030,6040,10,0.17,499735,3015779010
001745,SK네트웍스우,77400,77600,200,0.26,1986,152784100
006120,SK디스커버리,25000,25100,100,0.4,52422,1317225750
006125,SK디스커버리우,16600,16700,100,0.6,21676,363321950
210980,SK디앤디,29150,29050,-100,-0.34,5239,153370350
03473K,SK우,175500,186000,10500,5.98,77050,14118195500
096770,SK이노베이션,153500,154000,500,0.33,248367,38145207000
096775,SK이노베이션우,116000,117000,1000,0.86,9216,1074230000
001510,SK증권,603,600,-3,-0.5,695940,418613823
001515,SK증권우,2830,2795,-35,-1.24,20569,58157485
285130,SK케미칼,61100,63100,2000,3.27,343835,21498667100
28513K,SK케미칼우,28200,28900,700,2.48,126158,3639790900
017670,SK텔레콤,244000,242500,-1500,-0.61,168656,41080784500
000660,SK하이닉스,94600,93800,-800,-0.85,1464093,138254125000
005610,SPC삼립,86600,85500,-1100,-1.27,6306,544086800
011810,STX,8160,7970,-190,-2.33,25097,200772130
077970,STX엔진,6580,6580,0,0.0,12573,83132590
071970,STX중공업,3075,3000,-75,-2.44,104535,314811570
084870,TBH글로벌,2535,2840,305,12.03,811717,2235716595
002710,TCC스틸,2805,2790,-15,-0.53,22547,63121350
024070,WISCOM,2605,2745,140,5.37,205820,561994020
037270,YGPLUS,1255,1255,0,0.0,233386,292809010
000500,가온전선,24700,24800,100,0.4,8454,208212300
000860,강남제비스코,20250,20150,-100,-0.49,5133,102821900
035250,강원랜드,29950,30300,350,1.17,216787,6542860100
011420,갤럭시아에스엠,1530,1510,-20,-1.31,108305,161505220
002100,경농,11100,11150,50,0.45,67568,745978100
009450,경동나비엔,46150,46450,300,0.65,39217,1813158750
267290,경동도시가스,21350,21250,-100,-0.47,35054,743953250
012320,경동인베스트,35900,36200,300,0.84,1568,56584150
000050,경방,9600,9470,-130,-1.35,62626,594746400
214390,경보제약,8300,8290,-10,-0.12,18186,149760080
012610,경인양행,7480,7470,-10,-0.13,365483,2743843210
009140,경인전자,20400,20400,0,0.0,1777,35889300
013580,계룡건설,19550,19400,-150,-0.77,3947,76500950
012200,계양전기,2780,2765,-15,-0.54,82367,227960790
012205,계양전기우,6690,6600,-90,-1.35,9698,64239980
004200,고려개발,8330,8330,0,0.0,7731,63453010
002140,고려산업,3290,3155,-135,-4.1,254109,814703690
010130,고려아연,429000,429500,500,0.12,25741,11057470000
002240,고려제강,20600,20350,-250,-1.21,4780,97865100
009290,광동제약,6620,6500,-120,-1.81,108630,707876220
017040,광명전기,2270,2270,0,0.0,348645,791536880
017900,광전자,2140,2125,-15,-0.7,22476,47799675
037710,광주신세계,165000,165000,0,0.0,922,151748500
030610,교보증권,9450,9420,-30,-0.32,29439,277068200
007690,국도화학,47300,47500,200,0.42,9005,427672700
005320,국동,1225,1200,-25,-2.04,248871,299393190
002720,국제약품,4575,4410,-165,-3.61,190258,848035590
083420,그린케미칼,3595,3510,-85,-2.36,60089,211523215
014530,극동유화,3550,3605,55,1.55,120787,434272905
014280,금강공업,3795,3795,0,0.0,20811,78808135
014285,금강공업우,8250,8330,80,0.97,1265,10510250
008870,금비,63100,63300,200,0.32,255,16123300
001570,금양,2340,2315,-25,-1.07,46678,109203010
002990,금호산업,11400,11450,50,0.44,151354,1732686450
002995,금호산업우,36800,39150,2350,6.39,61836,2519786400
011780,금호석유,77700,77400,-300,-0.39,113226,8753871838
011785,금호석유우,33700,33700,0,0.0,21850,737557250
214330,금호에이치티,5180,4555,-625,-12.07,559539,2658638335
001210,금호전기,4230,4190,-40,-0.95,479678,2093773580
073240,금호타이어,4010,3970,-40,-1.0,420413,1671635080
092440,기신정기,3760,3740,-20,-0.53,22028,82316120
000270,기아차,44750,44700,-50,-0.11,482930,21557394000
024110,기업은행,12450,12400,-50,-0.4,1970859,24442511200
013700,까뮤이앤씨,1265,1235,-30,-2.37,1670187,2087602335
004540,깨끗한나라,2340,2340,0,0.0,107472,252008065
004545,깨끗한나라우,17950,17800,-150,-0.84,9580,168683200
074610,나노메딕스,7140,7080,-60,-0.84,573659,4095490490
001260,남광토건,10950,10900,-50,-0.46,15776,173464950
008350,남선알미늄,3155,3040,-115,-3.65,4534893,14051331840
008355,남선알미우,25000,24450,-550,-2.2,39028,960227150
004270,남성,2955,2915,-40,-1.35,397247,1178605805
003920,남양유업,425000,436000,11000,2.59,1327,575860500
003925,남양유업우,148500,150000,1500,1.01,49,7310000
002070,남영비비안,19950,20750,800,4.01,733531,15842376650
025860,남해화학,8160,8120,-40,-0.49,88416,719738830
005720,넥센,5900,5990,90,1.53,36070,214051290
005725,넥센우,3420,3420,0,0.0,422,1446400
002350,넥센타이어,9090,9090,0,0.0,73382,666808330
002355,넥센타이어1우B,3470,3460,-10,-0.29,5759,19976705
003580,넥스트사이언스,8210,7840,-370,-4.51,1757342,14169509990
251270,넷마블,91900,91700,-200,-0.22,122736,11303404000
090350,노루페인트,8250,8290,40,0.48,40030,329575780
090355,노루페인트우,12300,12550,250,2.03,70405,901202550
000320,노루홀딩스,12250,12400,150,1.22,11660,143477900
000325,노루홀딩스우,19450,19950,500,2.57,110645,2313441150
006280,녹십자,126000,127500,1500,1.19,24142,3065438000
005250,녹십자홀딩스,21550,21250,-300,-1.39,26996,576763400
005257,녹십자홀딩스2우,18100,18350,250,1.38,10651,194020400
004370,농심,232000,233000,1000,0.43,7183,1674501000
072710,농심홀딩스,78200,77500,-700,-0.9,844,65461800
058730,다스코,6720,6670,-50,-0.74,215471,1444458460
023590,다우기술,19100,19100,0,0.0,95556,1825391350
019680,대교,6210,6140,-70,-1.13,18576,114701700
019685,대교우B,4240,4225,-15,-0.35,462,1954495
006370,대구백화점,6000,6020,20,0.33,11893,71225180
008060,대덕전자,10400,10400,0,0.0,194506,2022684650
00806K,대덕전자1우,6450,6450,0,0.0,15402,98562460
000490,대동공업,5700,5720,20,0.35,41695,235681290
008110,대동전자,3695,3625,-70,-1.89,2820,10391650
005750,대림BCo,4205,4160,-45,-1.07,33676,140020225
000210,대림산업,91600,91000,-600,-0.66,50887,4643982800
000215,대림산업우,41600,41450,-150,-0.36,3411,141851300
004440,대림씨엔에스,7380,7600,220,2.98,22995,173147460
006570,대림통상,4040,4035,-5,-0.12,851,3420310
001680,대상,23550,23350,-200,-0.85,67575,1582084750
001685,대상우,13350,13450,100,0.75,7053,94229050
084690,대상홀딩스,6770,6840,70,1.03,28942,198421800
084695,대상홀딩스우,6140,6140,0,0.0,3830,23446820
128820,대성산업,3520,3500,-20,-0.57,21525,75488435
117580,대성에너지,5390,5380,-10,-0.19,2719,14647940
016710,대성홀딩스,8160,8480,320,3.92,71329,596422930
003540,대신증권,12450,12300,-150,-1.2,99029,1224821200
003547,대신증권2우B,8800,8800,0,0.0,24669,216244300
003545,대신증권우,9510,9500,-10,-0.11,135212,1283026010
009190,대양금속,15500,16000,500,3.23,111345,1768689800
014160,대영포장,1115,1100,-15,-1.35,655707,728079290
047040,대우건설,4625,4590,-35,-0.76,501190,2307957825
009320,대우부품,2050,2010,-40,-1.95,264605,535666855
042660,대우조선해양,27700,27600,-100,-0.36,63767,1763886800
003090,대웅,12800,12750,-50,-0.39,22776,291029250
069620,대웅제약,135000,132500,-2500,-1.85,23060,3081629000
000430,대원강업,3405,3400,-5,-0.15,13443,45959960
006340,대원전선,1150,1125,-25,-2.17,327580,372363650
006345,대원전선우,2915,2855,-60,-2.06,1143,3275355
003220,대원제약,17000,17050,50,0.29,11632,197945750
024890,대원화성,1390,1390,0,0.0,20072,27823355
002880,대유에이텍,883,865,-18,-2.04,428076,374076293
000300,대유플러스,776,762,-14,-1.8,89886,68817229
012800,대창,1460,1360,-100,-6.85,8556302,12251577895
015230,대창단조,28900,29350,450,1.56,22219,643892500
001070,대한방직,20300,20050,-250,-1.23,5030,100829250
006650,대한유화,121000,121000,0,0.0,14562,1761509500
001440,대한전선,596,592,-4,-0.67,712931,423537955
084010,대한제강,5890,6100,210,3.57,105181,633747400
001790,대한제당,19550,19950,400,2.05,7577,150930050
001799,대한제당3우B,26050,26100,50,0.19,2167,56252650
001795,대한제당우,13350,13300,-50,-0.37,6270,83053500
001130,대한제분,143000,142000,-1000,-0.7,4503,640302000
003490,대한항공,29100,28000,-1100,-3.78,1066768,30276041600
003495,대한항공우,20250,24000,3750,18.52,2102169,51915233300
005880,대한해운,23150,23050,-100,-0.43,92601,2136096150
003830,대한화섬,89100,88500,-600,-0.67,3564,315319100
016090,대현,2470,2465,-5,-0.2,54701,134574410
069460,대호에이엘,3405,3350,-55,-1.62,523555,1772885610
192080,더블유게임즈,47900,48050,150,0.31,61554,2962340600
012510,더존비즈온,77700,77200,-500,-0.64,68121,5270639600
004830,덕성,2890,2895,5,0.17,40929,117709190
004835,덕성우,3510,3380,-130,-3.7,45023,153939885
024900,덕양산업,1195,1230,35,2.93,282637,345488375
145720,덴티움,51900,52800,900,1.73,34502,1831484000
002150,도화엔지니어링,8950,8870,-80,-0.89,121227,1063190390
001230,동국제강,5990,5950,-40,-0.67,268683,1606780220
023450,동남합성,24700,24950,250,1.01,1654,41251300
004140,동방,1545,1530,-15,-0.97,126049,192898615
007590,동방아그로,6900,6900,0,0.0,8107,56102100
005960,동부건설,8610,8570,-40,-0.46,251605,2169619890
005965,동부건설우,21900,21900,0,0.0,5445,120483950
016380,동부제철,7420,7340,-80,-1.08,9199,67972370
016385,동부제철우,72000,71400,-600,-0.83,299,21281000
083370,동북아12호,5020,5020,0,0.0,0,0
083380,동북아13호,4960,4950,-10,-0.2,204,1009800
026960,동서,18050,18150,100,0.55,52721,955794000
002210,동성제약,15950,15450,-500,-3.13,232570,3641537000
102260,동성코퍼레이션,5290,5270,-20,-0.38,85379,448540790
005190,동성화학,17400,18050,650,3.74,34729,618558450
000640,동아쏘시오홀딩스,108000,108500,500,0.46,6968,753151500
170900,동아에스티,115500,116500,1000,0.87,10270,1191289000
028100,동아지질,18100,18450,350,1.93,82664,1514951150
282690,동아타이어,12250,12300,50,0.41,6407,78599000
001520,동양,1450,1425,-25,-1.72,561321,809854085
001527,동양2우B,9250,9200,-50,-0.54,189,1735930
001529,동양3우B,28450,28450,0,0.0,1506,42420000
084670,동양고속,28100,28650,550,1.96,5524,157381800
030790,동양네트웍스,509,492,-17,-3.34,1286208,639711741
002900,동양물산,1120,1090,-30,-2.68,20132215,22477121650
082640,동양생명,4320,4435,115,2.66,295436,1304244710
001525,동양우,6120,6130,10,0.16,390,2382330
008970,동양철관,1030,1025,-5,-0.49,326750,337191105
092780,동양피스톤,4825,4780,-45,-0.93,27324,130014325
049770,동원FB,222000,224000,2000,0.9,3705,829482000
018500,동원금속,879,879,0,0.0,178899,157283847
006040,동원산업,210000,208000,-2000,-0.95,2003,418218500
030720,동원수산,10750,11000,250,2.33,217577,2389521700
014820,동원시스템즈,29100,29000,-100,-0.34,14110,410013550
014825,동원시스템즈우,30200,29000,-1200,-3.97,907,26501850
163560,동일고무벨트,5620,5570,-50,-0.89,23855,132691990
004890,동일산업,58000,57600,-400,-0.69,8830,509551200
002690,동일제강,2505,2500,-5,-0.2,14387,35940630
000020,동화약품,8150,8150,0,0.0,150877,1216082480
000150,두산,71000,71000,0,0.0,39751,2813891600
000157,두산2우B,62200,62900,700,1.13,580,36240300
011160,두산건설,1405,1400,-5,-0.36,207393,288958920
241560,두산밥캣,35500,35350,-150,-0.42,80050,2831055850
336370,두산솔루스,17950,18000,50,0.28,161339,2862030150
33637K,두산솔루스1우,6830,6900,70,1.02,104072,727914880
33637L,두산솔루스2우B,21700,23900,2200,10.14,763196,18657412550
000155,두산우,62400,63000,600,0.96,5876,368561500
042670,두산인프라코어,5530,5490,-40,-0.72,353156,1946915390
034020,두산중공업,5760,5700,-60,-1.04,882373,5039996790
336260,두산퓨얼셀,8280,8230,-50,-0.6,443649,3663384820
33626K,두산퓨얼셀1우,4290,4285,-5,-0.12,183414,797993065
33626L,두산퓨얼셀2우B,11450,12150,700,6.11,966829,12075146550
016740,두올,3115,3145,30,0.96,67234,209959260
192650,드림텍,6590,6210,-380,-5.77,1377181,8755388040
024090,디씨엠,12250,12350,100,0.82,6075,75056250
003160,디아이,3140,3075,-65,-2.07,99882,309696650
092200,디아이씨,2200,2140,-60,-2.73,200530,430158255
013570,디와이,5660,5740,80,1.41,91029,519100550
210540,디와이파워,9900,9880,-20,-0.2,25741,253927200
007340,디티알오토모티브,29450,29500,50,0.17,6579,193703550
026890,디피씨,4910,4825,-85,-1.73,337128,1635810625
115390,락앤락,14200,13950,-250,-1.76,111408,1556204900
032350,롯데관광개발,13600,13200,-400,-2.94,408397,5381916800
330590,롯데리츠,6270,6240,-30,-0.48,487548,3039046820
000400,롯데손해보험,2020,2035,15,0.74,261654,530460460
023530,롯데쇼핑,137500,137000,-500,-0.36,45018,6179293000
004000,롯데정밀화학,45500,45350,-150,-0.33,53959,2444074850
286940,롯데정보통신,40350,40300,-50,-0.12,44312,1786632600
280360,롯데제과,149000,146500,-2500,-1.68,1260,185499500
004990,롯데지주,38800,38750,-50,-0.13,80072,3108420350
00499K,롯데지주우,62800,62900,100,0.16,166669,10993876700
005300,롯데칠성,140500,141000,500,0.36,6111,862422500
005305,롯데칠성우,73300,73800,500,0.68,1383,101581900
011170,롯데케미칼,233000,232000,-1000,-0.43,56481,13105313500
002270,롯데푸드,412500,413500,1000,0.24,1751,724469500
071840,롯데하이마트,31850,31650,-200,-0.63,36253,1150065300
027740,마니커,805,791,-14,-1.74,2416783,1925693323
204320,만도,34750,34800,50,0.14,161579,5580278300
001080,만호제강,15900,15850,-50,-0.31,1825,28740250
088980,맥쿼리인프라,11850,11900,50,0.42,676311,8022629050
094800,맵스리얼티1,4960,4985,25,0.5,155863,774716310
015540,메디파트너생명공학,5450,5650,200,3.67,80073,456181310
138040,메리츠금융지주,11950,11950,0,0.0,90905,1076116800
008560,메리츠종금증권,3965,3995,30,0.76,3448696,13796132920
000060,메리츠화재,18350,18450,100,0.54,163750,3017862100
090370,메타랩스,1365,1290,-75,-5.49,497213,653996755
017180,명문제약,4830,4680,-150,-3.11,224333,1061801245
012690,모나리자,3580,3515,-65,-1.82,200307,704970200
005360,모나미,3650,3550,-100,-2.74,1404645,5228006365
204210,모두투어리츠,3145,3180,35,1.11,6531,20300725
009680,모토닉,8790,8750,-40,-0.46,17427,152343690
009580,무림PP,4305,4325,20,0.46,106834,461980825
009200,무림페이퍼,2475,2475,0,0.0,58149,144863630
033920,무학,8370,8410,40,0.48,14862,124924470
008420,문배철강,2580,2530,-50,-1.94,81977,207590925
025560,미래산업,141,126,-15,-10.64,83502924,10522565061
007120,미래아이앤지,328,321,-7,-2.13,579417,186001894
006800,미래에셋대우,7750,7700,-50,-0.65,1653343,12810171580
00680K,미래에셋대우2우B,4300,4290,-10,-0.23,458052,1968511770
006805,미래에셋대우우,4790,4800,10,0.21,40870,195897725
085620,미래에셋생명,4280,4240,-40,-0.93,39613,169268415
002840,미원상사,57300,57400,100,0.17,1369,78656300
268280,미원에스씨,73700,74200,500,0.68,2605,191835000
107590,미원홀딩스,41300,41250,-50,-0.12,3792,155473200
134380,미원화학,45700,45550,-150,-0.33,306,13993200
003650,미창석유,77800,79400,1600,2.06,867,68030600
155900,바다로19호,2925,2930,5,0.17,7601,22242280
003610,방림,2190,2165,-25,-1.14,22391,47384435
001340,백광산업,2440,2420,-20,-0.82,95018,229351635
014580,백광소재,4250,4195,-55,-1.29,295417,1250633025
035150,백산,8600,8620,20,0.23,218753,1904092070
002410,범양건영,3065,3150,85,2.77,1665892,5092760185
096300,베트남개발1,355,355,0,0.0,80863,28684896
007210,벽산,1905,1875,-30,-1.57,144620,272919400
002760,보락,2015,1995,-20,-0.99,529845,1062098915
003850,보령제약,15450,15400,-50,-0.32,201632,3111451200
000890,보해양조,1100,1100,0,0.0,18018043,20396197870
003000,부광약품,14550,14600,50,0.34,152753,2227132050
001270,부국증권,22000,21850,-150,-0.68,2522,54991450
001275,부국증권우,19400,19350,-50,-0.26,2242,42526600
026940,부국철강,4920,4890,-30,-0.61,684426,3367992005
015350,부산가스,35800,35900,100,0.28,33347,1194106700
011390,부산산업,145000,143500,-1500,-1.03,22862,3329890500
005030,부산주공,455,457,2,0.44,67841,30931302
100220,비상교육,7850,7800,-50,-0.64,14774,114621070
101140,비티원,3040,3000,-40,-1.32,128420,383192750
005180,빙그레,55200,55600,400,0.72,13009,719043900
003960,사조대림,16150,16000,-150,-0.93,11491,184271900
008040,사조동아원,999,999,0,0.0,260140,258940967
007160,사조산업,37700,37100,-600,-1.59,7885,293785650
014710,사조씨푸드,5330,5270,-60,-1.13,33848,177734680
006090,사조오양,7630,7560,-70,-0.92,28206,213806790
005090,삼광글라스,30400,30250,-150,-0.49,1848,55897700
001470,삼부토건,681,684,3,0.44,541052,370118975
006400,삼성SDI,228000,225000,-3000,-1.32,217855,49073277500
006405,삼성SDI우,90600,89800,-800,-0.88,1946,174769800
006660,삼성공조,8040,8010,-30,-0.37,984,7892770
028260,삼성물산,109000,108000,-1000,-0.92,277714,30120772500
02826K,삼성물산우B,77500,77100,-400,-0.52,1530,117876600
207940,삼성바이오로직스,422500,417000,-5500,-1.3,171062,72183037500
032830,삼성생명,76200,76300,100,0.13,134445,10232427200
018260,삼성에스디에스,197500,195000,-2500,-1.27,45386,8890326000
028050,삼성엔지니어링,19300,19100,-200,-1.04,545071,10390236000
009150,삼성전기,119500,121000,1500,1.26,550808,66090995000
009155,삼성전기우,48500,48700,200,0.41,11075,537848600
005930,삼성전자,55500,55000,-500,-0.9,11868463,655144129100
005935,삼성전자우,45100,44900,-200,-0.44,987529,44491757450
001360,삼성제약,4070,4015,-55,-1.35,2314100,9434382885
010140,삼성중공업,7170,7110,-60,-0.84,1589146,11322803560
010145,삼성중공우,62300,61700,-600,-0.96,555,34151800
016360,삼성증권,39450,39450,0,0.0,176401,6972818300
068290,삼성출판사,24250,25300,1050,4.33,2734870,69596434850
029780,삼성카드,41150,40350,-800,-1.94,60641,2452757750
000810,삼성화재,252500,249500,-3000,-1.19,76927,19179204000
000815,삼성화재우,175500,176000,500,0.28,9008,1580174500
006110,삼아알미늄,4360,4410,50,1.15,16354,70973945
145990,삼양사,50800,50800,0,0.0,6529,330819000
145995,삼양사우,38200,37800,-400,-1.05,192,7250400
003230,삼양식품,91100,90400,-700,-0.77,29238,2666834000
002170,삼양통상,58200,58200,0,0.0,8245,481922400
272550,삼양패키징,15900,15750,-150,-0.94,23104,363956100
000070,삼양홀딩스,64700,65700,1000,1.55,21171,1395650200
000075,삼양홀딩스우,44700,44900,200,0.45,3666,169190300
002810,삼영무역,16450,16600,150,0.91,9582,158051350
005680,삼영전자,9050,9040,-10,-0.11,14036,126532340
003720,삼영화학,994,990,-4,-0.4,71483,71261018
023000,삼원강재,3060,3055,-5,-0.16,13963,42557240
004380,삼익THK,11500,11350,-150,-1.3,10627,121355250
002450,삼익악기,1850,1860,10,0.54,332714,617268725
000520,삼일제약,21100,20600,-500,-2.37,163465,3423421900
009770,삼정펄프,32200,32250,50,0.16,468,15035700
005500,삼진제약,25050,25200,150,0.6,34176,861016300
004690,삼천리,86000,86300,300,0.35,4474,385334700
001880,삼호,18800,20350,1550,8.24,184881,3827715250
010960,삼호개발,4550,4535,-15,-0.33,97723,446572420
004450,삼화왕관,45800,45700,-100,-0.22,179,8165950
009470,삼화전기,14450,14500,50,0.35,33581,487082800
011230,삼화전자,2535,2515,-20,-0.79,109813,276867830
001820,삼화콘덴서,47850,47650,-200,-0.42,48166,2296787500
000390,삼화페인트,5050,5050,0,0.0,6125,30897710
001290,상상인증권,1285,1200,-85,-6.61,889639,1093659550
041650,상신브레이크,3560,3545,-15,-0.42,42923,151796695
075180,새론오토모티브,4675,4580,-95,-2.03,127242,624302410
007540,샘표,39500,40800,1300,3.29,29519,1197749300
248170,샘표식품,34250,34250,0,0.0,9210,315626050
007860,서연,2940,2930,-10,-0.34,38323,112174365
200880,서연이화,4940,4830,-110,-2.23,21061,102140275
017390,서울가스,72800,71200,-1600,-2.2,309,22336300
004410,서울식품,176,175,-1,-0.57,954978,167085694
004415,서울식품우,3470,3485,15,0.43,10112,34970205
021050,서원,2760,2550,-210,-7.61,6232205,16403542840
008490,서흥,34800,35000,200,0.57,11117,388348350
007610,선도전기,2955,2975,20,0.68,37283,110259065
136490,선진,9440,9400,-40,-0.42,19168,180440770
002820,선창산업,4355,4330,-25,-0.57,4347,18851635
014910,성문전자,2110,2075,-35,-1.66,100474,209243050
014915,성문전자우,11550,11250,-300,-2.6,20693,239201900
003080,성보화학,4490,4490,0,0.0,6548,29524685
004980,성신양회,6860,6830,-30,-0.44,84057,576390920
004985,성신양회우,9720,9640,-80,-0.82,1214,11880700
011300,성안,639,603,-36,-5.63,2126195,1297688689
000180,성창기업지주,1595,1585,-10,-0.63,49356,78419475
002420,세기상사,58700,58700,0,0.0,326,18991400
004360,세방,11300,11350,50,0.44,23085,259811000
004365,세방우,6470,6480,10,0.15,57051,368310480
004490,세방전지,36450,37000,550,1.51,11023,405883300
001430,세아베스틸,15950,15950,0,0.0,35815,574973400
306200,세아제강,61000,62000,1000,1.64,4950,303768900
003030,세아제강지주,46600,47350,750,1.61,7177,341449850
019440,세아특수강,14050,14250,200,1.42,15159,215106150
058650,세아홀딩스,78000,78400,400,0.51,1765,139130200
013000,세우글로벌,1935,1935,0,0.0,943792,1835389185
091090,세원셀론텍,2875,2765,-110,-3.83,316700,889491420
021820,세원정공,8090,8090,0,0.0,0,0
067830,세이브존IC,3280,3235,-45,-1.37,8501,27382285
033530,세종공업,4340,4270,-70,-1.61,124241,530533035
075580,세진중공업,4620,4545,-75,-1.62,113529,513805910
027970,세하,2450,2370,-80,-3.27,140483,337949780
145210,세화아이엠씨,2990,2990,0,0.0,0,0
308170,센트랄모텍,14300,14950,650,4.55,1762197,26817597750
068270,셀트리온,186500,185000,-1500,-0.8,684744,127119007500
004430,송원산업,15200,15150,-50,-0.33,119410,1816835350
017550,수산중공업,2100,2025,-75,-3.57,5955440,12655230145
002200,수출포장,19700,20150,450,2.28,12500,249466550
053210,스카이라이프,8830,8970,140,1.59,118705,1061196120
134790,시디즈,42400,42300,-100,-0.24,1486,62679150
016590,신대양제지,59900,59000,-900,-1.5,6461,384031800
029530,신도리코,37550,37750,200,0.53,4292,161479700
004970,신라교역,11950,12050,100,0.84,10468,125308900
011930,신성이엔지,925,921,-4,-0.43,237092,219299308
005390,신성통상,1490,1505,15,1.01,16793785,26503182800
004170,신세계,285500,277500,-8000,-2.8,54516,15197844000
035510,신세계IC,108000,107000,-1000,-0.93,2797,299869500
034300,신세계건설,27000,26900,-100,-0.37,4741,128478150
031430,신세계인터내셔날,219000,213500,-5500,-2.51,45375,9748983000
031440,신세계푸드,69800,69600,-200,-0.29,3895,269559100
006880,신송홀딩스,4015,4010,-5,-0.12,10164,40655745
005800,신영와코루,99900,101000,1100,1.1,127,12762600
001720,신영증권,54500,54500,0,0.0,6085,333453800
001725,신영증권우,52700,52600,-100,-0.19,1261,66329300
009270,신원,1820,1805,-15,-0.82,453069,823359110
009275,신원우,46250,46300,50,0.11,488,22622550
002700,신일산업,1825,1820,-5,-0.27,1196301,2179183455
019170,신풍제약,6820,6720,-100,-1.47,422327,2841839330
019175,신풍제약우,5880,5840,-40,-0.68,5699,32951540
002870,신풍제지,1490,1555,65,4.36,677399,1041275290
005450,신한,4945,4945,0,0.0,0,0
293940,신한알파리츠,7490,7510,20,0.27,84365,630172900
055550,신한지주,45800,45550,-250,-0.55,731294,33415768200
001770,신화실업,20950,20800,-150,-0.72,5540,114970750
004080,신흥,9640,9700,60,0.62,622,5982060
102280,쌍방울,1080,1075,-5,-0.46,2364003,2578341955
003410,쌍용양회,5720,5750,30,0.52,1137046,6529905570
003415,쌍용양회우,11200,11100,-100,-0.89,32414,346957600
003620,쌍용차,2145,2030,-115,-5.36,842591,1737658315
004770,써니전자,3860,3670,-190,-4.92,10594634,41364912740
004920,씨아이테크,433,435,2,0.46,110747,48218535
112610,씨에스윈드,39050,38300,-750,-1.92,52975,2056422850
008700,아남전자,1955,1940,-15,-0.77,232032,450678270
002790,아모레G,83900,83000,-900,-1.07,49763,4147171300
002795,아모레G우,33050,35600,2550,7.72,191847,6840743850
090430,아모레퍼시픽,196500,198000,1500,0.76,95794,18869763500
090435,아모레퍼시픽우,91500,91100,-400,-0.44,13544,1237193200
002030,아세아,104000,104000,0,0.0,2914,302349000
183190,아세아시멘트,76200,76100,-100,-0.13,1939,147025100
002310,아세아제지,29900,30000,100,0.33,10471,313002250
267850,아시아나IDT,24550,23500,-1050,-4.28,272098,6508307400
020560,아시아나항공,5420,5470,50,0.92,1554925,8441869400
122900,아이마켓코리아,10700,10650,-50,-0.47,51822,555093800
010780,아이에스동서,31150,31050,-100,-0.32,59270,1844897550
033660,아주캐피탈,13300,13350,50,0.38,61649,826655000
001780,알루코,2730,2600,-130,-4.76,614368,1644392450
018250,애경산업,27850,28200,350,1.26,235478,6600580550
161000,애경유화,8140,8190,50,0.61,124483,1015518350
011090,에넥스,1140,1095,-45,-3.95,524011,580740835
005850,에스엘,17650,17600,-50,-0.28,42061,740741950
012750,에스원,94600,94900,300,0.32,29049,2749686300
023960,에쓰씨엔지니어링,1450,1390,-60,-4.14,29384,41653260
298690,에어부산,6320,6140,-180,-2.85,512799,3184293160
140910,에이리츠,7050,7100,50,0.71,31458,221569530
078520,에이블씨엔씨,10300,9940,-360,-3.5,85764,862400970
015260,에이엔피,337,332,-5,-1.48,150117,50293433
007460,에이프로젠KIC,2720,2530,-190,-6.99,9791296,25155695430
003060,에이프로젠제약,1370,1270,-100,-7.3,6973197,8940989840
036570,엔씨소프트,540000,533000,-7000,-1.3,33551,17937508000
138250,엔에스쇼핑,9150,9150,0,0.0,30727,281003900
085310,엔케이,1150,1125,-25,-2.17,182376,206896565
009810,엔케이물산,1490,1045,-445,-29.87,30702266,34396199675
900140,엘브이엠씨홀딩스,4185,4030,-155,-3.7,151440,617547360
014440,영보화학,3410,3435,25,0.73,7971,27145095
111770,영원무역,34550,34500,-50,-0.14,64872,2231904500
009970,영원무역홀딩스,49950,49900,-50,-0.1,5747,286392500
003520,영진약품,6540,6430,-110,-1.68,727304,4685637590
000670,영풍,626000,639000,13000,2.08,1280,807666000
006740,영풍제지,3265,3105,-160,-4.9,815770,2562528180
012280,영화금속,1635,1605,-30,-1.83,364538,580605865
012160,영흥철강,1145,1120,-25,-2.18,272786,306471645
015360,예스코홀딩스,38400,37950,-450,-1.17,447,17062150
007310,오뚜기,555000,549000,-6000,-1.08,3817,2109434000
079440,오렌지라이프,29900,29600,-300,-1.0,358889,10673712900
002630,오리엔트바이오,289,282,-7,-2.42,2300989,652189088
271560,오리온,107000,108000,1000,0.93,57715,6211211000
001800,오리온홀딩스,17200,17400,200,1.16,55877,967223450
070960,용평리조트,5980,5900,-80,-1.34,232686,1385812530
316140,우리금융지주,12150,12050,-100,-0.82,1307048,15815710600
004720,우리들제약,6250,6170,-80,-1.28,44893,279296690
118000,우리들휴브레인,3300,3185,-115,-3.48,231801,748987345
010050,우리종금,624,620,-4,-0.64,1052948,654388179
006980,우성사료,2950,2855,-95,-3.22,829775,2426547680
017370,우신시스템,5050,5020,-30,-0.59,4816,24187810
105840,우진,4075,4035,-40,-0.98,208285,834434220
010400,우진아이엔에스,8510,8390,-120,-1.41,26563,224452320
049800,우진플라임,3470,3470,0,0.0,2896,9981135
016880,웅진,1310,1305,-5,-0.38,1748877,2438568715
095720,웅진씽크빅,2480,2495,15,0.6,4894184,12633366755
103130,웅진에너지,914,914,0,0.0,0,0
021240,웅진코웨이,93200,91300,-1900,-2.04,77793,7139421000
005820,원림,17000,17150,150,0.88,904,15350250
010600,웰바이오텍,2330,2265,-65,-2.79,1396245,3328840730
008600,윌비스,1330,1345,15,1.13,964016,1317068765
033270,유나이티드제약,18500,18300,-200,-1.08,34852,638192750
014830,유니드,46750,47600,850,1.82,22478,1056439300
000910,유니온,3935,3920,-15,-0.38,81114,318259400
047400,유니온머티리얼,2295,2230,-65,-2.83,240255,541538055
011330,유니켐,1795,1795,0,0.0,240473,428359260
077500,유니퀘스트,6520,6340,-180,-2.76,74211,471739070
002920,유성기업,2725,2705,-20,-0.73,13223,35940145
000700,유수홀딩스,6690,6700,10,0.15,21246,140576680
003470,유안타증권,2840,2825,-15,-0.53,66945,188935765
003475,유안타증권우,2170,2145,-25,-1.15,5846,12610485
011690,유양디앤유,4500,4615,115,2.56,207285,932144445
072130,유엔젤,4960,5040,80,1.61,813584,4077637870
000220,유유제약,11000,11100,100,0.91,33703,369700200
000225,유유제약1우,6990,7060,70,1.0,6910,48521190
000227,유유제약2우B,18900,18650,-250,-1.32,12090,225929750
001200,유진투자증권,2310,2295,-15,-0.65,231364,530673560
000100,유한양행,243500,242000,-1500,-0.62,27338,6614995000
000105,유한양행우,224000,223000,-1000,-0.45,52,11566000
003460,유화증권,12950,12800,-150,-1.16,1795,23047000
003465,유화증권우,13250,13200,-50,-0.38,233,3073800
008730,율촌화학,14250,14300,50,0.35,66177,945961050
008250,이건산업,7140,7150,10,0.14,30502,218874750
025820,이구산업,1775,1745,-30,-1.69,4285718,7765544870
214320,이노션,70000,70000,0,0.0,31698,2213453100
088260,이리츠코크렙,6780,6860,80,1.18,101213,686204420
139480,이마트,130500,129000,-1500,-1.15,87254,11322618000
007660,이수페타시스,3820,3855,35,0.92,352065,1365721900
005950,이수화학,10650,10650,0,0.0,22383,238362750
015020,이스타코,628,700,72,11.46,13861482,10316059744
093230,이아이디,225,219,-6,-2.67,7659190,1666298487
102460,이연제약,15450,15300,-150,-0.97,22359,343884000
084680,이월드,4860,4930,70,1.44,1371333,6806826260
000760,이화산업,15350,15300,-50,-0.33,247,3729200
014990,인디에프,2305,2290,-15,-0.65,423212,977000160
006490,인스코비,2945,2830,-115,-3.9,1514567,4338914095
023800,인지컨트롤스,4800,4780,-20,-0.42,55901,265918600
034590,인천도시가스,29500,29850,350,1.19,10601,314749250
129260,인터지스,2290,2285,-5,-0.22,18910,42812300
023810,인팩,3700,3765,65,1.76,8436,32070780
249420,일동제약,16650,16350,-300,-1.8,64372,1060556500
000230,일동홀딩스,11050,10950,-100,-0.9,15319,167765150
013360,일성건설,1300,1250,-50,-3.85,169616,216380470
003120,일성신약,81700,81600,-100,-0.12,324,26479100
003200,일신방직,72000,72100,100,0.14,978,70303100
007110,일신석재,2360,2335,-25,-1.06,1277426,3011541500
007570,일양약품,22250,21750,-500,-2.25,48132,1055169600
007575,일양약품우,17450,17550,100,0.57,2905,50652600
008500,일정실업,18100,18100,0,0.0,257,4670450
081000,일진다이아,26350,26200,-150,-0.57,62961,1660181250
020760,일진디스플,3340,3340,0,0.0,45394,150989100
020150,일진머티리얼즈,39250,39450,200,0.51,194430,7653920050
103590,일진전기,2995,2945,-50,-1.67,85420,253041150
015860,일진홀딩스,4800,4730,-70,-1.46,591403,2849744500
226320,잇츠한불,19300,18850,-450,-2.33,37927,720346400
317400,자이에스앤디,5850,5820,-30,-0.51,77031,449731420
033240,자화전자,10450,10450,0,0.0,116406,1208586200
000950,전방,15950,15300,-650,-4.08,1002,15473750
194370,제이에스코퍼레이션,12400,12400,0,0.0,28235,352741700
025620,제이준코스메틱,4265,4120,-145,-3.4,223635,931199745
036420,제이콘텐트리,37500,36650,-850,-2.27,100242,3693763650
030000,제일기획,24400,24700,300,1.23,129574,3191368000
271980,제일약품,36050,36100,50,0.14,32992,1190001050
001560,제일연마,6900,6940,40,0.58,21923,157363340
002620,제일파마홀딩스,18150,17550,-600,-3.31,15186,270558100
006220,제주은행,4070,4070,0,0.0,4630,18838640
089590,제주항공,26900,27150,250,0.93,153255,4155663950
004910,조광페인트,5410,5370,-40,-0.74,7459,40159820
004700,조광피혁,37300,37000,-300,-0.8,10248,371207650
001550,조비,14950,14700,-250,-1.67,14679,218149650
000480,조선내화,88900,89700,800,0.9,9339,836914500
120030,조선선재,86100,88000,1900,2.21,4357,380003800
018470,조일알미늄,735,725,-10,-1.36,32398,23563241
002600,조흥,148500,149500,1000,0.67,470,69861500
185750,종근당,97200,97600,400,0.41,24708,2407533900
063160,종근당바이오,29600,29500,-100,-0.34,18392,542683050
001630,종근당홀딩스,101000,100500,-500,-0.5,16582,1675824300
044380,주연테크,803,806,3,0.37,32998237,26502931404
013890,지누스,85000,85800,800,0.94,68485,5814221600
013870,지엠비코리아,4820,4750,-70,-1.45,34809,165836235
071320,지역난방공사,48400,48100,-300,-0.62,2897,140162550
010580,지코,856,852,-4,-0.47,432767,366644170
035000,지투알,6620,6530,-90,-1.36,18361,119785280
088790,진도,3645,3710,65,1.78,5878,21711900
003780,진양산업,4035,3910,-125,-3.1,409581,1612974165
010640,진양폴리,3845,3840,-5,-0.13,4406114,17616430275
100250,진양홀딩스,2660,2665,5,0.19,194227,520286470
051630,진양화학,4865,4635,-230,-4.73,363405,1713991440
272450,진에어,16450,15600,-850,-5.17,743956,12102137850
011000,진원생명과학,2595,2560,-35,-1.35,102961,265244670
002780,진흥기업,2245,2250,5,0.22,124336,277873205
002787,진흥기업2우B,14200,14050,-150,-1.06,9181,129291000
002785,진흥기업우B,5080,5010,-70,-1.38,19296,97241820
009310,참엔지니어링,1300,1275,-25,-1.92,242521,311690270
000650,천일고속,71700,72100,400,0.56,1251,89973800
012600,청호컴넷,2645,2545,-100,-3.78,48777,127622485
033250,체시스,2920,2905,-15,-0.51,345534,996305435
001140,카리스국보,2430,2205,-225,-9.26,946554,2141891940
035720,카카오,148500,146500,-2000,-1.35,367817,54009171000
006380,카프로,3100,2990,-110,-3.55,69360,208697905
109070,컨버즈,2520,2335,-185,-7.34,644318,1537681575
001620,케이비아이동국실업,721,723,2,0.28,27445,19774602
029460,케이씨,15650,15850,200,1.28,156221,2484933200
281820,케이씨텍,22250,22400,150,0.67,343445,7863039450
145270,케이탑리츠,964,948,-16,-1.66,474244,450978822
007815,코리아써우,3590,3590,0,0.0,121,435620
007810,코리아써키트,10350,10350,0,0.0,136712,1420566200
00781K,코리아써키트2우B,4430,4475,45,1.02,178,791155
152330,코리아오토글라스,16450,16700,250,1.52,41230,686486550
003690,코리안리,9450,9330,-120,-1.27,522915,4895842790
192820,코스맥스,80700,78700,-2000,-2.48,63237,5000588500
044820,코스맥스비티아이,13100,13100,0,0.0,10751,140766850
005070,코스모신소재,8010,8030,20,0.25,646242,5241993570
005420,코스모화학,5550,5680,130,2.34,4000766,22967767130
071950,코아스,1290,1265,-25,-1.94,135077,173584120
002020,코오롱,17250,17350,100,0.58,31524,548347600
003070,코오롱글로벌,9800,9870,70,0.71,44951,449197290
003075,코오롱글로벌우,18450,18350,-100,-0.54,1137,20662100
144620,코오롱머티리얼,1545,1635,90,5.83,6512944,11479500055
002025,코오롱우,10800,10800,0,0.0,6792,72955600
120110,코오롱인더,49400,49550,150,0.3,41524,2048635200
120115,코오롱인더우,22100,22250,150,0.68,6761,149632350
138490,코오롱플라스틱,4445,4430,-15,-0.34,22138,98053235
031820,콤텍시스템,1465,1445,-20,-1.37,1292240,1893981345
192400,쿠쿠홀딩스,103500,106000,2500,2.42,17179,1828890000
284740,쿠쿠홈시스,42450,42450,0,0.0,25414,1073332400
015590,큐로,1075,1035,-40,-3.72,3413366,3666708350
264900,크라운제과,8780,8780,0,0.0,11760,103127240
26490K,크라운제과우,7800,7800,0,0.0,4447,34557790
005740,크라운해태홀딩스,10650,10500,-150,-1.41,20954,220998500
005745,크라운해태홀딩스우,12700,12700,0,0.0,5585,70746750
020120,키다리스튜디오,3655,3640,-15,-0.41,19362,70326250
039490,키움증권,79400,79800,400,0.5,29328,2340703400
012170,키위미디어그룹,150,150,0,0.0,0,0
015890,태경산업,5890,5840,-50,-0.85,25580,149482790
006890,태경화학,5230,5230,0,0.0,37994,197559510
003240,태광산업,1042000,1071000,29000,2.78,1470,1569581000
011280,태림포장,4130,4100,-30,-0.73,224507,922539580
004100,태양금속,1330,1360,30,2.26,30777006,46268770330
004105,태양금속우,2930,2940,10,0.34,1082528,3369386535
009410,태영건설,11250,11450,200,1.78,138697,1570754800
009415,태영건설우,6670,6720,50,0.75,7370,49307010
001420,태원물산,3990,3935,-55,-1.38,24066,94696295
007980,태평양물산,2670,2670,0,0.0,109203,291773665
055490,테이팩스,21700,21250,-450,-2.07,3742,79783650
078000,텔코웨어,13700,13800,100,0.73,13786,189214200
214420,토니모리,10550,10050,-500,-4.74,173043,1748251360
019180,티에이치엔,3560,3535,-25,-0.7,142139,502586675
091810,티웨이항공,6000,5970,-30,-0.5,203764,1210598150
004870,티웨이홀딩스,1750,1750,0,0.0,548153,974596805
005690,파미셀,8120,8000,-120,-1.48,436855,3499630630
036580,팜스코,4400,4675,275,6.25,989190,4601539730
028670,팬오션,4595,4540,-55,-1.2,831710,3803708170
010820,퍼스텍,2195,2190,-5,-0.23,580943,1296947590
016800,퍼시스,29550,29700,150,0.51,1149,34008650
001020,페이퍼코리아,641,630,-11,-1.72,131053,83369892
090080,평화산업,1235,1205,-30,-2.43,131789,160262350
010770,평화홀딩스,3595,3525,-70,-1.95,9065,32191125
058430,포스코강판,17150,17050,-100,-0.58,4508,76733900
047050,포스코인터내셔널,19100,19200,100,0.52,157021,3018925650
003670,포스코케미칼,46550,46100,-450,-0.97,225414,10436603300
007630,폴루스바이오팜,1225,1225,0,0.0,0,0
017810,풀무원,10750,11000,250,2.33,135268,1490103050
103140,풍산,23650,23500,-150,-0.63,54652,1288798850
005810,풍산홀딩스,34400,34200,-200,-0.58,7264,249980400
033180,필룩스,7450,6960,-490,-6.58,5076183,36086720320
086790,하나금융지주,38700,38250,-450,-1.16,572892,21917012400
099340,하나니켈1호,442,443,1,0.23,32119,14206111
099350,하나니켈2호,1095,1115,20,1.83,171646,192733375
293480,하나제약,22550,22600,50,0.22,58204,1319686000
039130,하나투어,51100,53000,1900,3.72,399746,21195895500
172580,하이골드12호,2790,2790,0,0.0,20599,57502315
153360,하이골드3호,1790,1790,0,0.0,1196,2140840
159650,하이골드8호,2155,2150,-5,-0.23,11483,24599545
071090,하이스틸,19600,19100,-500,-2.55,14242,272167050
019490,하이트론,3065,3080,15,0.49,23790,73877645
000080,하이트진로,27800,28100,300,1.08,261022,7304286600
000087,하이트진로2우B,17800,17750,-50,-0.28,2825,50146550
000140,하이트진로홀딩스,12850,12750,-100,-0.78,21763,279398200
000145,하이트진로홀딩스우,15450,15500,50,0.32,32142,516223250
152550,한국ANKOR유전,1780,1780,0,0.0,29143,51478320
036460,한국가스공사,38500,38550,50,0.13,107354,4135426500
005430,한국공항,43850,43800,-50,-0.11,21867,965824900
071050,한국금융지주,73100,73000,-100,-0.14,76174,5558471200
071055,한국금융지주우,46000,45600,-400,-0.87,5710,261308850
010040,한국내화,4000,3920,-80,-2.0,75839,299888445
025540,한국단자,42300,41950,-350,-0.83,9046,380654100
004090,한국석유,101000,102000,1000,0.99,1953,197319000
002960,한국쉘석유,338500,340000,1500,0.44,2833,962209500
123890,한국자산신탁,3985,3940,-45,-1.13,232487,917788805
015760,한국전력,27900,27900,0,0.0,774460,21590012900
006200,한국전자홀딩스,724,725,1,0.14,57701,41432302
002300,한국제지,17300,17300,0,0.0,3907,67429300
009540,한국조선해양,126500,125500,-1000,-0.79,101203,12720062000
023350,한국종합기술,3985,3925,-60,-1.51,27422,107551420
025890,한국주강,1935,1915,-20,-1.03,8666,16475160
000970,한국주철관,10550,10150,-400,-3.79,130381,1326910500
104700,한국철강,4870,4860,-10,-0.21,44716,216807365
017960,한국카본,7740,7720,-20,-0.26,190402,1458240170
161890,한국콜마,47150,46550,-600,-1.27,92655,4333513250
024720,한국콜마홀딩스,21550,21250,-300,-1.39,32856,701114250
161390,한국타이어앤테크놀로지,33900,33900,0,0.0,98089,3326269150
000240,한국테크놀로지그룹,14250,14250,0,0.0,42268,600469600
034830,한국토지신탁,2205,2185,-20,-0.91,483563,1057654855
007280,한국특수형강,1610,1580,-30,-1.86,129722,207394485
168490,한국패러랠,2250,2265,15,0.67,4568,10316675
010100,한국프랜지,2080,2090,10,0.48,220305,463189525
047810,한국항공우주,33950,33850,-100,-0.29,234253,7941989950
123690,한국화장품,11200,10300,-900,-8.04,1296496,13626337050
003350,한국화장품제조,31750,30300,-1450,-4.57,83545,2562998650
011500,한농화성,4340,4345,5,0.12,40513,176026505
002390,한독,21950,22150,200,0.91,36728,813404750
014790,한라,2920,2910,-10,-0.34,46064,134343865
060980,한라홀딩스,46900,47050,150,0.32,15309,717091300
053690,한미글로벌,9360,9380,20,0.21,59335,557578890
042700,한미반도체,7960,7770,-190,-2.39,222766,1737786630
008930,한미사이언스,38950,38800,-150,-0.39,69460,2697420150
128940,한미약품,305500,304000,-1500,-0.49,25486,7751942500
009240,한샘,62800,62500,-300,-0.48,37715,2369031600
020000,한섬,30900,30650,-250,-0.81,28216,867450450
003680,한성기업,5190,5160,-30,-0.58,19844,101999170
105630,한세실업,16950,17350,400,2.36,159168,2748844900
069640,한세엠케이,4470,4490,20,0.45,39342,176524340
016450,한세예스24홀딩스,7180,7290,110,1.53,44835,324973760
010420,한솔PNS,1700,1600,-100,-5.88,7792351,14171016435
009180,한솔로지스틱스,1470,1560,90,6.12,6729680,10557501835
213500,한솔제지,14600,14500,-100,-0.68,59993,871700400
014680,한솔케미칼,105000,106500,1500,1.43,42902,4545588500
004710,한솔테크닉스,8750,8240,-510,-5.83,1023867,8655839950
004150,한솔홀딩스,3965,3930,-35,-0.88,129414,507999095
025750,한솔홈데코,1095,1085,-10,-0.91,175734,191075540
004960,한신공영,14250,14150,-100,-0.7,45494,643847500
011700,한신기계,1670,1660,-10,-0.6,128594,212981485
001750,한양증권,8360,8440,80,0.96,81544,689436000
001755,한양증권우,9600,9330,-270,-2.81,371,3519840
018880,한온시스템,11250,11350,100,0.89,334099,3769683800
009420,한올바이오파마,35000,34050,-950,-2.71,413860,14188113250
014130,한익스프레스,4290,4215,-75,-1.75,52642,222584210
300720,한일시멘트,97000,95600,-1400,-1.44,2329,223574700
002220,한일철강,2020,2025,5,0.25,5425,10931910
006390,한일현대시멘트,30650,30300,-350,-1.14,6876,210258700
003300,한일홀딩스,44550,44000,-550,-1.23,4177,184170200
051600,한전KPS,40700,40750,50,0.12,116488,4750604400
052690,한전기술,20300,20450,150,0.74,87746,1793848250
130660,한전산업,3630,3605,-25,-0.69,38692,139618850
002320,한진,32800,30800,-2000,-6.1,382526,12014729600
097230,한진중공업,4850,4845,-5,-0.1,95869,467352935
003480,한진중공업홀딩스,2605,2590,-15,-0.58,4273,11166945
180640,한진칼,46200,42900,-3300,-7.14,12581857,586407543150
18064K,한진칼우,47100,61200,14100,29.94,693846,41965847900
005110,한창,2725,2620,-105,-3.85,1269406,3394107330
009460,한창제지,2950,2975,25,0.85,5295464,15967761890
000880,한화,25250,25350,100,0.4,100578,2551622200
00088K,한화3우B,14100,14250,150,1.06,55711,788975350
027390,한화갤러리아타임월드,24150,23600,-550,-2.28,4296,102254550
088350,한화생명,2355,2350,-5,-0.21,1161146,2730253325
000370,한화손해보험,2850,2860,10,0.35,57784,164783830
272210,한화시스템,10300,10150,-150,-1.46,395395,4020899150
012450,한화에어로스페이스,35000,34750,-250,-0.71,209353,7254273500
000885,한화우,27900,27800,-100,-0.36,7499,209265100
009830,한화케미칼,19050,18850,-200,-1.05,409690,7799004150
009835,한화케미칼우,12300,12400,100,0.81,9529,117282050
003530,한화투자증권,2065,2050,-15,-0.73,197186,401691695
003535,한화투자증권우,2070,2030,-40,-1.93,10083,20497360
195870,해성디에스,15000,15200,200,1.33,56885,857578600
101530,해태제과식품,7230,7170,-60,-0.83,16431,117770720
143210,핸즈코퍼레이션,6710,6670,-40,-0.6,4910,32918380
000720,현대건설,42550,42450,-100,-0.24,261964,11133716950
267270,현대건설기계,30900,30250,-650,-2.1,48073,1462957550
000725,현대건설우,132500,131500,-1000,-0.75,1661,215353000
005440,현대그린푸드,11550,11600,50,0.43,85259,985257000
086280,현대글로비스,146500,145500,-1000,-0.68,52188,7593264500
064350,현대로템,15550,15500,-50,-0.32,360247,5657510350
079430,현대리바트,13050,13150,100,0.77,23168,303950900
012330,현대모비스,260000,257500,-2500,-0.96,161771,41783244000
010620,현대미포조선,46100,45450,-650,-1.41,71684,3262344900
069960,현대백화점,82400,81700,-700,-0.85,50777,4161700300
004560,현대비앤지스틸,9100,9010,-90,-0.99,238708,2294988120
004565,현대비앤지스틸우,61400,60100,-1300,-2.12,12885,846829000
011760,현대상사,18050,18000,-50,-0.28,17740,319342700
011200,현대상선,3355,3325,-30,-0.89,331804,1107525250
004310,현대약품,4960,4840,-120,-2.42,419674,2043410580
322000,현대에너지솔루션,16500,16550,50,0.3,150720,2514223900
126560,현대에이치씨엔,3335,3355,20,0.6,137697,459505855
017800,현대엘리베이,68400,67700,-700,-1.02,158961,10849310300
307950,현대오토에버,49000,49000,0,0.0,50806,2500364900
011210,현대위아,49750,49100,-650,-1.31,40772,2010258550
267260,현대일렉트릭,10050,9710,-340,-3.38,359567,3578277370
004020,현대제철,32200,31900,-300,-0.93,237031,7581488700
267250,현대중공업지주,359500,358000,-1500,-0.42,31257,11188101500
005380,현대차,122500,122000,-500,-0.41,600726,73396886000
005387,현대차2우B,83400,83500,100,0.12,33553,2789228800
005389,현대차3우B,73200,73300,100,0.14,7388,541765200
005385,현대차우,75400,75400,0,0.0,25967,1953837700
001500,현대차증권,10350,10350,0,0.0,116437,1202270800
227840,현대코퍼레이션홀딩스,12100,12300,200,1.65,67624,823936750
001450,현대해상,27900,27900,0,0.0,172512,4799665950
057050,현대홈쇼핑,81000,81000,0,0.0,20884,1690321600
093240,형지엘리트,1485,1440,-45,-3.03,545966,789694930
003010,혜인,4350,4305,-45,-1.03,52100,224292605
111110,호전실업,14200,14100,-100,-0.7,34616,489782450
008770,호텔신라,86300,84000,-2300,-2.67,343165,29093447400
008775,호텔신라우,51500,50800,-700,-1.36,3993,202692500
002460,화성산업,11950,12050,100,0.84,127956,1543826650
013520,화승알앤에이,2065,2110,45,2.18,58316,121114240
241590,화승엔터프라이즈,16250,16500,250,1.54,146924,2407364550
006060,화승인더,11150,11250,100,0.9,233522,2632633650
010690,화신,3145,3270,125,3.97,72848,235277180
133820,화인베스틸,2520,2465,-55,-2.18,142987,353692970
010660,화천기계,2840,2855,15,0.53,424346,1216496030
000850,화천기공,39150,39800,650,1.66,12337,488064200
016580,환인제약,15800,15450,-350,-2.22,57400,890318700
032560,황금에스티,7000,6950,-50,-0.71,13573,94481710
004800,효성,82600,83800,1200,1.45,123675,10331201000
094280,효성ITX,16150,16950,800,4.95,78042,1304589400
298040,효성중공업,26400,26150,-250,-0.95,17255,453271400
298050,효성첨단소재,109000,108500,-500,-0.46,8956,974644000
298020,효성티앤씨,156000,154000,-2000,-1.28,16747,2591492500
298000,효성화학,145500,146000,500,0.34,14683,2143021000
093370,후성,7910,8020,110,1.39,974124,7839203560
081660,휠라코리아,53900,54000,100,0.19,378776,20402294700
005870,휴니드,7110,7140,30,0.42,27953,198299510
079980,휴비스,6080,6120,40,0.66,44400,270983060
005010,휴스틸,10000,10050,50,0.5,21953,219976290
069260,휴켐스,22450,22650,200,0.89,76465,1722542700
000540,흥국화재,3105,3075,-30,-0.97,10041,30957175
000547,흥국화재2우B,20300,20300,0,0.0,1516,30506100
000545,흥국화재우,4850,4775,-75,-1.55,2351,11159370
003280,흥아해운,561,477,-84,-14.97,9682666,5111472890
