티커,종목명,시가,종가,변동폭,등락률,거래량,거래대금
095570,AJ네트웍스,4540,4560,20,0.44,20983,95444480
068400,AJ렌터카,10100,10200,100,0.99,83022,843772300
006840,AK홀딩스,32750,32950,200,0.61,16992,560778900
027410,BGF,5670,5710,40,0.71,94608,539201570
282330,BGF리테일,199000,200000,1000,0.5,51660,10324619000
138930,BNK금융지주,6460,6370,-90,-1.39,1203547,7706879150
001460,BYC,228000,228000,0,0.0,926,210490500
001465,BYC우,128000,128000,0,0.0,838,107750500
001040,CJ,78000,78300,300,0.38,100530,7880562400
079160,CJCGV,33400,33150,-250,-0.75,61612,2061212850
00104K,CJ4우전환,54700,53700,-1000,-1.83,29742,1614956900
000120,CJ대한통운,141000,139500,-1500,-1.06,46127,6472440500
011150,CJ씨푸드,3425,3505,80,2.34,3258209,11333257780
011155,CJ씨푸드1우,34800,35450,650,1.87,32080,1124962000
001045,CJ우,40550,40400,-150,-0.37,3971,161023300
097950,CJ제일제당,225000,223000,-2000,-0.89,61012,13633694000
097955,CJ제일제당우,103000,103000,0,0.0,1429,146608500
037560,CJ헬로,6150,6100,-50,-0.81,1806156,11151264680
000590,CS홀딩스,58300,58700,400,0.69,111,6485300
012030,DB,761,758,-3,-0.39,646030,491630102
016610,DB금융투자,4225,4205,-20,-0.47,60467,254528695
005830,DB손해보험,47600,47250,-350,-0.74,187815,8889383250
000990,DB하이텍,14250,14600,350,2.46,473612,6962630850
000995,DB하이텍1우,34700,35400,700,2.02,561,19909850
139130,DGB금융지주,6770,6680,-90,-1.33,534942,3598655000
001530,DI동일,76700,76000,-700,-0.91,2965,227840400
004840,DRB동일,5200,5170,-30,-0.58,5251,27096950
155660,DSR,3950,4010,60,1.52,21851,87274580
069730,DSR제강,4100,4180,80,1.95,28020,117605440
017940,E1,48400,47900,-500,-1.03,7836,377374950
007700,FF,78500,80200,1700,2.17,55812,4503795600
114090,GKL,19100,18800,-300,-1.57,110143,2082390600
078930,GS,45850,45250,-600,-1.31,271110,12311517150
006360,GS건설,31000,31200,200,0.65,366621,11462502350
001250,GS글로벌,2395,2380,-15,-0.63,211578,506883590
007070,GS리테일,38000,37200,-800,-2.11,232547,8720711200
078935,GS우,34900,34900,0,0.0,5176,181064350
012630,HDC,12250,12100,-150,-1.22,169649,2060839000
039570,HDC아이콘트롤스,9160,9140,-20,-0.22,3646,33229810
089470,HDC현대EP,4800,4700,-100,-2.08,43858,206515640
294870,HDC현대산업개발,34750,34950,200,0.58,160405,5598542100
082740,HSD엔진,3135,3160,25,0.8,52631,166302125
003560,IHQ,1720,1745,25,1.45,424225,740501135
175330,JB금융지주,5350,5320,-30,-0.56,312725,1688603800
234080,JW생명과학,22300,22300,0,0.0,52712,1178690000
001060,JW중외제약,26100,26100,0,0.0,78974,2103463000
001067,JW중외제약2우B,37450,38150,700,1.87,13,488000
001065,JW중외제약우,24600,24500,-100,-0.41,234,5776500
096760,JW홀딩스,5890,5960,70,1.19,180303,1081200350
105560,KB금융,38500,38650,150,0.39,1255642,48525251700
002380,KCC,213000,213000,0,0.0,21090,4485480500
009070,KCTC,2835,2855,20,0.71,40705,117318700
009440,KC그린홀딩스,3745,3865,120,3.2,58273,225427425
119650,KC코트렐,6130,6270,140,2.28,92947,591550880
092220,KEC,1095,1115,20,1.83,587307,657850620
001390,KG케미칼,10400,10450,50,0.48,36077,379082300
001940,KISCO홀딩스,12250,12000,-250,-2.04,11365,137988750
025000,KPX케미칼,54700,55300,600,1.1,1434,79089400
092230,KPX홀딩스,53600,54200,600,1.12,104,5573400
000040,KR모터스,491,490,-1,-0.2,125080,61616384
044450,KSS해운,6630,6780,150,2.26,19475,131302850
030200,KT,27000,27000,0,0.0,312164,8431413200
033780,KTG,101000,101000,0,0.0,361185,36549280500
030210,KTB투자증권,2350,2335,-15,-0.64,85190,200787505
058850,KTcs,2010,2010,0,0.0,24893,50002140
058860,KTis,2135,2130,-5,-0.23,27739,59224350
093050,LF,19550,19400,-150,-0.77,87669,1710613700
003550,LG,69800,69700,-100,-0.14,229933,16033535500
034220,LG디스플레이,12500,12600,100,0.8,1248555,15781781350
001120,LG상사,16650,16550,-100,-0.6,90346,1503860250
051900,LG생활건강,1137000,1151000,14000,1.23,42614,48921895000
051905,LG생활건강우,691000,701000,10000,1.45,10326,7226093000
003555,LG우,44400,44400,0,0.0,2641,117967200
032640,LG유플러스,12300,12500,200,1.63,1757212,22029655400
011070,LG이노텍,94400,97800,3400,3.6,236695,23110294100
066570,LG전자,59500,59200,-300,-0.5,611051,36403726700
066575,LG전자우,24700,24900,200,0.81,48754,1228191550
108670,LG하우시스,58500,58100,-400,-0.68,13120,765659400
108675,LG하우시스우,28800,29050,250,0.87,180,5200350
051910,LG화학,323500,323000,-500,-0.15,190393,61882254000
051915,LG화학우,162500,166500,4000,2.46,48516,8033961000
079550,LIG넥스원,31200,31250,50,0.16,58114,1822074200
006260,LS,44300,43400,-900,-2.03,53754,2353061200
000680,LS네트웍스,2370,2385,15,0.63,27760,66681700
010120,LS산전,44400,43750,-650,-1.46,30824,1360258050
229640,LS전선아시아,7200,7160,-40,-0.56,39115,281117040
023150,MH에탄올,6050,5920,-130,-2.15,14547,86265790
035420,NAVER,143500,146500,3000,2.09,904199,131710219996
181710,NHN,59500,59800,300,0.5,34553,2086092400
005940,NH투자증권,11950,11850,-100,-0.84,1182443,14088183450
005945,NH투자증권우,8470,8450,-20,-0.24,81057,685448840
034310,NICE,19500,19150,-350,-1.79,38089,738442450
008260,NI스틸,2155,2145,-10,-0.46,106500,227431240
004250,NPC,3960,3970,10,0.25,30921,124675650
004255,NPC우,2310,2320,10,0.43,1102,2555875
010060,OCI,66100,66200,100,0.15,162506,10782961900
005490,POSCO,203500,204500,1000,0.49,306780,62779071000
100840,STC,16900,17300,400,2.37,18282,314867350
064960,ST모티브,51300,51600,300,0.58,48907,2516349000
003570,ST중공업,6020,5960,-60,-1.0,6295,37701150
036530,ST홀딩스,15100,14950,-150,-0.99,14430,219233400
010950,S-Oil,91200,89900,-1300,-1.43,253329,22899757700
010955,S-Oil우,54400,55400,1000,1.84,19725,1097842400
034120,SBS,16050,15700,-350,-2.18,106512,1691277100
101060,SBS미디어홀딩스,2045,2090,45,2.2,8724,18035235
004060,SG세계물산,961,984,23,2.39,1166573,1156724628
001380,SG충방,1760,1795,35,1.99,65976,119531755
002360,SH에너지화학,1010,1020,10,0.99,970972,991544245
009160,SIMPAC,2620,2640,20,0.76,100065,266841010
123700,SJM,2920,2920,0,0.0,2602,7612100
025530,SJM홀딩스,2940,2965,25,0.85,3378,9997235
034730,SK,194500,192500,-2000,-1.03,152660,29513230500
011790,SKC,44650,45050,400,0.9,273653,12493780300
018670,SK가스,73300,75500,2200,3.0,5821,436917200
001740,SK네트웍스,5210,5180,-30,-0.58,620072,3235830310
001745,SK네트웍스우,91600,91300,-300,-0.33,9152,861585200
006120,SK디스커버리,22100,21900,-200,-0.9,27281,597898650
006125,SK디스커버리우,14100,14050,-50,-0.35,2086,29716050
210980,SK디앤디,27900,27500,-400,-1.43,9815,270633850
03473K,SK우,130000,129500,-500,-0.38,742,96364500
096770,SK이노베이션,159000,156000,-3000,-1.89,252680,39674658500
096775,SK이노베이션우,113000,113000,0,0.0,2159,244442000
001510,SK증권,604,605,1,0.17,660138,400625583
001515,SK증권우,2630,2665,35,1.33,6130,16425740
285130,SK케미칼,43400,43050,-350,-0.81,26951,1169066000
28513K,SK케미칼우,19200,19250,50,0.26,3382,65415350
017670,SK텔레콤,235500,237000,1500,0.64,142080,33637225500
000660,SK하이닉스,71800,73000,1200,1.67,2512610,183547941200
005610,SPC삼립,86300,86100,-200,-0.23,3790,327182400
011810,STX,8040,8030,-10,-0.12,16451,131408990
077970,STX엔진,7080,7070,-10,-0.14,37350,266276870
071970,STX중공업,2725,2730,5,0.18,395046,1061494360
084870,TBH글로벌,3310,3435,125,3.78,1218212,4117762245
002710,TCC스틸,2650,2800,150,5.66,251601,699934775
024070,WISCOM,2560,2585,25,0.98,3433,8955815
037270,YGPLUS,1070,1080,10,0.93,131606,145364160
000500,가온전선,16850,16850,0,0.0,3822,64094250
000860,강남제비스코,22700,22950,250,1.1,3136,71536400
035250,강원랜드,28100,27850,-250,-0.89,385761,10756426600
011420,갤럭시아에스엠,2370,2375,5,0.21,254669,601793715
002100,경농,13000,13000,0,0.0,165392,2205560550
009450,경동나비엔,38700,38350,-350,-0.9,59634,2300278650
267290,경동도시가스,25500,25500,0,0.0,2920,74366150
012320,경동인베스트,31750,32150,400,1.26,1468,47357850
000050,경방,9650,9670,20,0.21,5696,55073110
214390,경보제약,8230,8280,50,0.61,15951,133416820
012610,경인양행,8080,8140,60,0.74,1177905,9635128690
009140,경인전자,19750,20100,350,1.77,1657,32885550
013580,계룡건설,22550,22400,-150,-0.67,4467,99978150
012200,계양전기,2840,2900,60,2.11,37416,108029495
012205,계양전기우,7280,7330,50,0.69,10885,81510150
004200,고려개발,4200,4200,0,0.0,0,0
002140,고려산업,3005,3175,170,5.66,3889036,12421024880
010130,고려아연,427500,428000,500,0.12,43274,18556259500
002240,고려제강,22900,22600,-300,-1.31,10751,243060450
009290,광동제약,7060,6950,-110,-1.56,164630,1162717260
017040,광명전기,1990,2035,45,2.26,140566,288934640
017900,광전자,2095,2095,0,0.0,161597,338628995
037710,광주신세계,165000,168500,3500,2.12,588,97341500
030610,교보증권,9400,9400,0,0.0,73774,695998320
007690,국도화학,43200,42800,-400,-0.93,11283,484645050
005320,국동,1490,1500,10,0.67,352712,538123130
002720,국제약품,3840,3870,30,0.78,72733,283911440
083420,그린케미칼,3305,3310,5,0.15,5872,19456015
014530,극동유화,3305,3325,20,0.61,19673,65310910
014280,금강공업,3875,3875,0,0.0,135001,525398410
014285,금강공업우,8670,8660,-10,-0.12,6013,52207720
008870,금비,62800,63400,600,0.96,122,7709100
001570,금양,2170,2185,15,0.69,13141,28501545
002990,금호산업,12000,12450,450,3.75,124401,1544400400
002995,금호산업우,53000,54800,1800,3.4,104096,6012482300
011780,금호석유,68600,69500,900,1.31,204891,14228486700
011785,금호석유우,28750,29000,250,0.87,12320,361751700
214330,금호에이치티,3520,3560,40,1.14,48600,173219660
001210,금호전기,2125,2055,-70,-3.29,286116,601360685
073240,금호타이어,4100,4095,-5,-0.12,347627,1412974000
092440,기신정기,3480,3480,0,0.0,15221,53461590
000270,기아차,42100,41800,-300,-0.71,1006461,42227499250
024110,기업은행,11950,11800,-150,-1.26,1340489,15943443150
013700,까뮤이앤씨,1225,1240,15,1.22,136178,169044655
004540,깨끗한나라,2355,2360,5,0.21,244617,572327500
004545,깨끗한나라우,18200,18600,400,2.2,22045,407519900
074610,나노메딕스,8190,8270,80,0.98,1593306,13148038450
001260,남광토건,10450,10600,150,1.44,18064,194898800
008350,남선알미늄,3505,3560,55,1.57,2560927,9200068325
008355,남선알미우,37650,38600,950,2.52,8558,326251100
004270,남성,3670,4260,590,16.08,36694371,155805275680
003920,남양유업,531000,513000,-18000,-3.39,674,349536000
003925,남양유업우,181500,178500,-3000,-1.65,2,360000
002070,남영비비안,18200,18000,-200,-1.1,336505,6422762100
025860,남해화학,8650,8690,40,0.46,59966,523852990
005720,넥센,5750,5630,-120,-2.09,14683,84252130
005725,넥센우,3615,3555,-60,-1.66,7,25530
002350,넥센타이어,9160,9030,-130,-1.42,70653,641556060
002355,넥센타이어1우B,3985,3980,-5,-0.13,1069,4221835
003580,넥스트사이언스,3350,3755,405,12.09,861401,3200892465
251270,넷마블,92600,92900,300,0.32,130973,12176668300
090350,노루페인트,7030,7100,70,1.0,25252,180239450
090355,노루페인트우,11050,11200,150,1.36,5653,63860950
000320,노루홀딩스,10700,10700,0,0.0,711,7637950
000325,노루홀딩스우,17250,17550,300,1.74,1066,18371150
006280,녹십자,106000,105000,-1000,-0.94,18033,1896784000
005250,녹십자홀딩스,18650,18450,-200,-1.07,32613,604553200
005257,녹십자홀딩스2우,15700,15300,-400,-2.55,490,7535100
004370,농심,225500,228000,2500,1.11,8539,1957179000
072710,농심홀딩스,77400,75500,-1900,-2.45,1060,81023900
058730,다스코,5820,5880,60,1.03,18708,110366930
023590,다우기술,19550,19300,-250,-1.28,55957,1091478300
019680,대교,6110,6040,-70,-1.15,38090,230944200
019685,대교우B,4185,4180,-5,-0.12,7172,29955790
006370,대구백화점,5330,5440,110,2.06,5696,30733620
008060,대덕전자,9230,9390,160,1.73,1265868,12096553150
00806K,대덕전자1우,6010,6040,30,0.5,2409,14593660
000490,대동공업,5790,5890,100,1.73,100739,584654030
008110,대동전자,4050,4000,-50,-1.23,18248,72919060
005750,대림BCo,3860,3915,55,1.42,5279,20579825
000210,대림산업,94900,94300,-600,-0.63,161120,15250351300
000215,대림산업우,38850,38800,-50,-0.13,1433,55700950
004440,대림씨엔에스,7110,7160,50,0.7,3834,27365960
006570,대림통상,3965,3960,-5,-0.13,997,3949150
001680,대상,21000,20600,-400,-1.9,170229,3531010200
001685,대상우,12200,12200,0,0.0,6287,76617100
084690,대상홀딩스,6470,6520,50,0.77,67302,441062090
084695,대상홀딩스우,6210,6170,-40,-0.64,13104,80791390
128820,대성산업,3885,3910,25,0.64,28958,114156880
117580,대성에너지,5210,5240,30,0.58,6865,35841370
016710,대성홀딩스,7700,7750,50,0.65,2875,21950430
003540,대신증권,11500,11300,-200,-1.74,99336,1140522150
003547,대신증권2우B,8140,8120,-20,-0.25,23485,190124980
003545,대신증권우,8900,8900,0,0.0,26108,232747510
009190,대양금속,10500,12250,1750,16.67,508100,6252099400
014160,대영포장,1120,1145,25,2.23,576042,659658740
047040,대우건설,3945,4015,70,1.77,1167352,4681284690
009320,대우부품,1930,1965,35,1.81,279187,552159810
042660,대우조선해양,25600,26100,500,1.95,209950,5449351050
003090,대웅,15250,15250,0,0.0,23257,355830700
069620,대웅제약,157000,153500,-3500,-2.23,34182,5277397500
000430,대원강업,3825,3800,-25,-0.65,21439,81887185
006340,대원전선,1080,1110,30,2.78,237233,266786280
006345,대원전선우,2725,2775,50,1.83,2402,6632280
003220,대원제약,14600,14400,-200,-1.37,14040,203945150
024890,대원화성,1350,1360,10,0.74,18699,25153360
002880,대유에이텍,908,919,11,1.21,218004,198969970
000300,대유플러스,801,810,9,1.12,68179,55490684
012800,대창,1225,1200,-25,-2.04,2197204,2666023710
015230,대창단조,38950,39800,850,2.18,4462,174321150
001070,대한방직,20050,19750,-300,-1.5,5441,108704200
006650,대한유화,109500,109000,-500,-0.46,38667,4268966000
001440,대한전선,572,568,-4,-0.7,452461,259126701
084010,대한제강,6610,6630,20,0.3,35921,237804040
001790,대한제당,18200,18150,-50,-0.27,1626,29472900
001799,대한제당3우B,21300,21300,0,0.0,622,13064400
001795,대한제당우,12350,12250,-100,-0.81,407,4993050
001130,대한제분,179000,177000,-2000,-1.12,897,159572000
003490,대한항공,22100,21900,-200,-0.9,579159,12754295200
003495,대한항공우,13700,13750,50,0.36,5602,77316350
005880,대한해운,21250,21650,400,1.88,188042,4112480400
003830,대한화섬,92400,92800,400,0.43,124,11515300
016090,대현,2475,2500,25,1.01,31522,79382690
069460,대호에이엘,4245,4355,110,2.59,845909,3797321795
192080,더블유게임즈,55200,54900,-300,-0.54,27495,1524768100
012510,더존비즈온,54600,56300,1700,3.11,89681,5050584800
004830,덕성,3140,3135,-5,-0.16,175294,559888490
004835,덕성우,3730,3730,0,0.0,27374,102292020
024900,덕양산업,1135,1135,0,0.0,59993,68641540
145720,덴티움,67800,69100,1300,1.92,26706,1843035800
002150,도화엔지니어링,10150,10200,50,0.49,376641,3951710050
001230,동국제강,5850,5930,80,1.37,442555,2639380870
023450,동남합성,24050,24250,200,0.83,481,11684050
004140,동방,1605,1640,35,2.18,89938,147618220
007590,동방아그로,6270,6350,80,1.28,14636,93171680
005960,동부건설,8800,8810,10,0.11,18257,160628250
005965,동부건설우,19900,19550,-350,-1.76,368,7247600
016380,동부제철,5930,5840,-90,-1.52,9182,54235810
016385,동부제철우,27250,26800,-450,-1.65,1072,29122050
083370,동북아12호,4990,5010,20,0.4,200,1002000
083380,동북아13호,4905,4945,40,0.82,0,0
026960,동서,17750,17900,150,0.85,52149,934756950
002210,동성제약,16100,16350,250,1.55,653409,10930965850
102260,동성코퍼레이션,5470,5490,20,0.37,32464,177018140
005190,동성화학,16300,16250,-50,-0.31,9648,155562550
000640,동아쏘시오홀딩스,88000,88100,100,0.11,10698,941119700
170900,동아에스티,82000,81900,-100,-0.12,16763,1370257900
028100,동아지질,21850,21300,-550,-2.52,273134,5925719100
282690,동아타이어,12350,12400,50,0.4,1471,18040900
001520,동양,1565,1575,10,0.64,204684,323471970
001527,동양2우B,9800,9780,-20,-0.2,10,98590
001529,동양3우B,27350,27850,500,1.83,74,2045350
084670,동양고속,26100,26100,0,0.0,745,19362600
030790,동양네트웍스,1420,1445,25,1.76,368628,531853270
002900,동양물산,1315,1305,-10,-0.76,191057,253147355
082640,동양생명,3585,3540,-45,-1.26,49707,176783415
001525,동양우,7700,7670,-30,-0.39,512,3913810
008970,동양철관,1095,1090,-5,-0.46,1075447,1207320425
092780,동양피스톤,4405,4450,45,1.02,34992,156511635
049770,동원FB,210000,214000,4000,1.9,11866,2509062000
018500,동원금속,828,820,-8,-0.97,38637,31643453
006040,동원산업,224500,221000,-3500,-1.56,1517,336503000
030720,동원수산,9300,9390,90,0.97,194657,1810758500
014820,동원시스템즈,34550,35500,950,2.75,22514,798511200
014825,동원시스템즈우,27050,27500,450,1.66,933,25868100
163560,동일고무벨트,5190,5240,50,0.96,6623,34483650
004890,동일산업,57200,57200,0,0.0,1470,83654600
002690,동일제강,2595,2625,30,1.16,19489,51166515
000020,동화약품,8930,8730,-200,-2.24,403719,3512475670
000150,두산,98700,98700,0,0.0,29197,2896498700
000157,두산2우B,74100,75600,1500,2.02,31,2327600
011160,두산건설,1265,1265,0,0.0,41239,52357250
241560,두산밥캣,35300,35300,0,0.0,181706,6411493700
000155,두산우,74300,74800,500,0.67,1324,98869500
042670,두산인프라코어,6040,5980,-60,-0.99,697163,4229673490
034020,두산중공업,5740,5780,40,0.7,879938,5111722810
016740,두올,2835,2880,45,1.59,49553,143815230
192650,드림텍,6040,6080,40,0.66,202132,1244096130
024090,디씨엠,11550,11600,50,0.43,951,10949900
003160,디아이,2970,2970,0,0.0,72007,215569655
092200,디아이씨,2425,2340,-85,-3.51,631636,1513899870
013570,디와이,4700,4740,40,0.85,24285,115345420
210540,디와이파워,10050,10050,0,0.0,59850,606661700
007340,디티알오토모티브,30500,30450,-50,-0.16,1294,39185600
026890,디피씨,4355,5320,965,22.16,21143090,112703714470
115390,락앤락,11550,11300,-250,-2.16,297458,3411397150
032350,롯데관광개발,12950,13000,50,0.39,170712,2224775750
000400,롯데손해보험,1775,1775,0,0.0,64814,115891365
023530,롯데쇼핑,132000,132000,0,0.0,137484,18376560000
004000,롯데정밀화학,41900,42350,450,1.07,50268,2130793200
286940,롯데정보통신,40750,42600,1850,4.54,52943,2236090400
280360,롯데제과,155000,151500,-3500,-2.26,2613,397151000
004990,롯데지주,32250,32800,550,1.71,270857,8944776050
00499K,롯데지주우,46150,46650,500,1.08,1969,92324050
005300,롯데칠성,127000,127000,0,0.0,12477,1594690000
005305,롯데칠성우,70200,70500,300,0.43,355,24924400
011170,롯데케미칼,217000,219500,2500,1.15,105647,23287237000
002270,롯데푸드,423500,421000,-2500,-0.59,1253,530028000
071840,롯데하이마트,30400,30300,-100,-0.33,93631,2846506000
027740,마니커,804,800,-4,-0.5,2330002,1885691976
204320,만도,32350,31950,-400,-1.24,282131,9070727600
001080,만호제강,16750,16750,0,0.0,1550,25847800
088980,맥쿼리인프라,11400,11400,0,0.0,194304,2218963950
094800,맵스리얼티1,4490,4510,20,0.45,61144,275077185
015540,메디파트너생명공학,8980,8780,-200,-2.23,88563,774532700
138040,메리츠금융지주,12750,12750,0,0.0,27062,345856300
008560,메리츠종금증권,4655,4855,200,4.3,3971330,19125406245
000060,메리츠화재,18100,17700,-400,-2.21,166883,2983764250
090370,메타랩스,1330,1350,20,1.5,151310,201646050
017180,명문제약,3950,4030,80,2.03,68242,273917365
012690,모나리자,3730,3815,85,2.28,1381025,5147880210
005360,모나미,6860,7250,390,5.69,11964165,83732823400
204210,모두투어리츠,2915,2975,60,2.06,9,26695
009680,모토닉,8660,8640,-20,-0.23,27642,239688750
009580,무림PP,4305,4445,140,3.25,184373,822221155
009200,무림페이퍼,2630,2655,25,0.95,34103,90666765
033920,무학,9040,8770,-270,-2.99,217032,1922337450
008420,문배철강,2570,2595,25,0.97,84348,220651390
025560,미래산업,205,197,-8,-3.9,29495996,5906782904
007120,미래아이앤지,290,289,-1,-0.34,478093,137096629
006800,미래에셋대우,7220,7060,-160,-2.22,2266132,16129232340
00680K,미래에셋대우2우B,3930,3925,-5,-0.13,145676,575591775
006805,미래에셋대우우,4490,4475,-15,-0.33,22960,102953805
085620,미래에셋생명,3820,3895,75,1.96,58709,230168915
002840,미원상사,50200,52000,1800,3.59,25893,1364607000
268280,미원에스씨,72000,71800,-200,-0.28,1132,81499500
107590,미원홀딩스,38550,39000,450,1.17,1029,40167400
134380,미원화학,39550,40100,550,1.39,481,19102000
003650,미창석유,78600,79200,600,0.76,605,47118700
155900,바다로19호,2925,2925,0,0.0,39951,116477635
003610,방림,2115,2145,30,1.42,1334,2846795
001340,백광산업,2475,2480,5,0.2,79857,200092780
014580,백광소재,3610,3620,10,0.28,688213,2521746060
035150,백산,5640,5630,-10,-0.18,172539,987438450
002410,범양건영,1455,1485,30,2.06,76629,115327955
096300,베트남개발1,422,424,2,0.47,327134,138184979
007210,벽산,1610,1620,10,0.62,277329,450513920
002760,보락,1825,1845,20,1.1,241135,447641680
003850,보령제약,12500,11650,-850,-6.8,983791,11772837800
000890,보해양조,1095,1170,75,6.85,11440095,13206012465
003000,부광약품,13350,13150,-200,-1.5,150426,2007620150
001270,부국증권,18850,18950,100,0.53,3913,74605350
001275,부국증권우,18300,18450,150,0.82,120,2216800
026940,부국철강,3545,3635,90,2.54,101798,368858860
015350,부산가스,34850,35050,200,0.57,1568,54813600
011390,부산산업,96500,102000,5500,5.7,128262,14317217500
005030,부산주공,527,527,0,0.0,117238,62190061
100220,비상교육,7800,7880,80,1.03,4540,35742380
101140,비티원,3040,3105,65,2.14,92534,285708165
005180,빙그레,56000,56400,400,0.71,21547,1216894200
003960,사조대림,16600,16600,0,0.0,9100,151487850
008040,사조동아원,1070,1075,5,0.47,302064,328016235
007160,사조산업,40300,39900,-400,-0.99,10919,435078250
014710,사조씨푸드,5160,5170,10,0.19,54831,285681280
006090,사조오양,7950,8080,130,1.64,201894,1614128420
005090,삼광글라스,32050,32100,50,0.16,8537,273881000
001470,삼부토건,652,652,0,0.0,141566,92707182
006400,삼성SDI,242500,244500,2000,0.82,212544,51930731500
006405,삼성SDI우,92500,92400,-100,-0.11,4552,422978500
006660,삼성공조,8850,8670,-180,-2.03,7298,63904890
028260,삼성물산,90100,90500,400,0.44,336263,30447628300
02826K,삼성물산우B,66800,67000,200,0.3,1290,86554800
207940,삼성바이오로직스,271500,276000,4500,1.66,109416,30131328500
032830,삼성생명,65800,66400,600,0.91,305656,20281804900
018260,삼성에스디에스,192500,193000,500,0.26,108533,20960535500
028050,삼성엔지니어링,15100,15150,50,0.33,646208,9795331400
009150,삼성전기,84600,87200,2600,3.07,1097801,96072201350
009155,삼성전기우,35450,36200,750,2.12,2613,94640500
005930,삼성전자,43600,44050,450,1.03,16883932,742426393550
005935,삼성전자우,35900,36400,500,1.39,1793089,65253633950
001360,삼성제약,2610,2700,90,3.45,23967893,72175237470
010140,삼성중공업,7360,7210,-150,-2.04,2937267,21340518551
010145,삼성중공우,53100,53600,500,0.94,672,36213400
016360,삼성증권,34100,34000,-100,-0.29,309953,10586032100
068290,삼성출판사,12900,12800,-100,-0.78,56791,741068350
029780,삼성카드,32150,31500,-650,-2.02,198791,6293381600
000810,삼성화재,226000,225500,-500,-0.22,118221,26635391500
000815,삼성화재우,159500,159500,0,0.0,11002,1763807000
006110,삼아알미늄,4230,4260,30,0.71,11686,49920855
145990,삼양사,49100,48650,-450,-0.92,6226,304029750
145995,삼양사우,34500,34000,-500,-1.45,61,2067700
003230,삼양식품,72300,70900,-1400,-1.94,50576,3630249700
002170,삼양통상,61000,62700,1700,2.79,5466,341883900
272550,삼양패키징,16350,16300,-50,-0.31,5327,87293550
000070,삼양홀딩스,57900,57500,-400,-0.69,8898,512565700
000075,삼양홀딩스우,41150,42150,1000,2.43,611,26663950
002810,삼영무역,15900,16250,350,2.2,15843,252840850
005680,삼영전자,9370,9220,-150,-1.6,31709,295373550
003720,삼영화학,1000,1020,20,2.0,29916,30158175
023000,삼원강재,2705,2735,30,1.11,20394,55185975
004380,삼익THK,11900,12150,250,2.1,34683,424420500
002450,삼익악기,1795,1780,-15,-0.84,2026271,3697174050
000520,삼일제약,19950,20300,350,1.75,22757,463182600
009770,삼정펄프,32800,32850,50,0.15,242,7908150
005500,삼진제약,26250,26150,-100,-0.38,43368,1128722550
004690,삼천리,82000,82400,400,0.49,4343,358018600
001880,삼호,19400,18700,-700,-3.61,7982,152365950
010960,삼호개발,4365,4390,25,0.57,52554,231924090
004450,삼화왕관,46050,46100,50,0.11,37,1703750
009470,삼화전기,14700,14750,50,0.34,60102,900410450
011230,삼화전자,2690,2710,20,0.74,96424,255970040
001820,삼화콘덴서,37500,38150,650,1.73,105907,4085200300
000390,삼화페인트,5320,5480,160,3.01,39426,215449620
001290,상상인증권,1455,1480,25,1.72,81850,121138275
041650,상신브레이크,3620,3595,-25,-0.69,13279,48240780
075180,새론오토모티브,4630,4560,-70,-1.51,7492,34180015
007540,샘표,45000,43950,-1050,-2.33,129487,5621469250
248170,샘표식품,30700,30700,0,0.0,24896,767966850
007860,서연,3350,3410,60,1.79,43642,148093355
200880,서연이화,5050,5040,-10,-0.2,66732,340446560
017390,서울가스,70500,70600,100,0.14,6,424600
004410,서울식품,184,183,-1,-0.54,1148403,211383512
004415,서울식품우,3765,3765,0,0.0,38925,145738665
021050,서원,1080,1090,10,0.93,691540,765616020
008490,서흥,30650,30850,200,0.65,13128,404244500
007610,선도전기,3040,3060,20,0.66,98701,306182095
136490,선진,10100,9990,-110,-1.09,45338,451946820
002820,선창산업,4475,4530,55,1.23,4606,20577070
014910,성문전자,2000,2010,10,0.5,42951,86569940
014915,성문전자우,11100,11150,50,0.45,3502,39113550
003080,성보화학,4665,4685,20,0.43,1821,8492325
004980,성신양회,7530,7680,150,1.99,140824,1102048520
004985,성신양회우,9770,9850,80,0.82,14611,146014110
011300,성안,476,478,2,0.42,46399,22155301
000180,성창기업지주,1765,1775,10,0.57,26699,47243610
002420,세기상사,55400,56700,1300,2.35,635,35172000
004360,세방,11550,11750,200,1.73,6248,72813550
004365,세방우,6800,6810,10,0.15,1280,8695050
004490,세방전지,38050,37750,-300,-0.79,17210,652067000
001430,세아베스틸,15850,15800,-50,-0.32,19870,314035300
306200,세아제강,61000,60200,-800,-1.31,1989,120896100
003030,세아제강지주,48950,48850,-100,-0.2,1493,73233400
019440,세아특수강,13050,13000,-50,-0.38,7220,93633000
058650,세아홀딩스,80200,80700,500,0.62,94,7558700
013000,세우글로벌,1560,1630,70,4.49,231173,374479095
091090,세원셀론텍,2595,2610,15,0.58,116016,307254270
021820,세원정공,8090,8090,0,0.0,0,0
067830,세이브존IC,3420,3415,-5,-0.15,26802,90575630
033530,세종공업,4290,4330,40,0.93,33243,144646820
075580,세진중공업,4600,4590,-10,-0.22,69542,319428315
027970,세하,1450,1485,35,2.41,94512,138041030
145210,세화아이엠씨,2990,2990,0,0.0,0,0
068270,셀트리온,141500,145000,3500,2.47,739633,107564029018
004430,송원산업,17550,17600,50,0.28,85944,1531811150
017550,수산중공업,1330,1345,15,1.13,168656,228964320
002200,수출포장,18400,18600,200,1.09,3161,59044250
053210,스카이라이프,9290,9250,-40,-0.43,34565,320164170
134790,시디즈,37350,37200,-150,-0.4,809,30022650
016590,신대양제지,65800,66000,200,0.3,10585,703711600
029530,신도리코,40300,40700,400,0.99,2615,105624300
004970,신라교역,12600,12600,0,0.0,11964,151140200
011930,신성이엔지,1080,1080,0,0.0,163468,176826000
005390,신성통상,2165,2410,245,11.32,32176503,73237021170
004170,신세계,219500,224500,5000,2.28,57362,12927586000
035510,신세계IC,102000,102000,0,0.0,19920,2025694500
034300,신세계건설,24700,24050,-650,-2.63,6720,164060350
031430,신세계인터내셔날,168000,168500,500,0.3,21996,3758362500
031440,신세계푸드,78000,76300,-1700,-2.18,5082,390244600
006880,신송홀딩스,4415,4365,-50,-1.13,71755,314656355
005800,신영와코루,108500,109000,500,0.46,18,1952500
001720,신영증권,56100,56400,300,0.53,5810,326808200
001725,신영증권우,51900,52100,200,0.39,128,6658400
009270,신원,2035,2050,15,0.74,1422646,2964788740
009275,신원우,53100,53300,200,0.38,1358,71891700
002700,신일산업,1515,1515,0,0.0,917524,1404891790
019170,신풍제약,5380,5400,20,0.37,165306,902969830
019175,신풍제약우,5060,5050,-10,-0.2,4622,23504060
002870,신풍제지,1200,1215,15,1.25,14716,17818965
005450,신한,4945,4945,0,0.0,0,0
293940,신한알파리츠,7390,7410,20,0.27,59202,436894200
055550,신한지주,39700,39650,-50,-0.13,1429563,56770162400
001770,신화실업,20400,20400,0,0.0,1434,29292450
004080,신흥,9520,9740,220,2.31,503,4911690
102280,쌍방울,1100,1135,35,3.18,3563460,3985763685
003410,쌍용양회,5790,5790,0,0.0,457531,2648909090
003415,쌍용양회우,6200,6420,220,3.55,32561,205976370
003620,쌍용차,2945,2950,5,0.17,133476,393093865
004770,써니전자,3295,3275,-20,-0.61,1272908,4205814670
004920,씨아이테크,412,417,5,1.21,92640,38459529
112610,씨에스윈드,29700,30400,700,2.36,27169,821850250
008700,아남전자,2250,2280,30,1.33,724228,1684732290
002790,아모레G,52100,52400,300,0.58,157416,8254557900
002795,아모레G우,22150,22300,150,0.68,2938,65304950
090430,아모레퍼시픽,120500,122000,1500,1.24,187623,22899375500
090435,아모레퍼시픽우,67700,67500,-200,-0.3,37353,2522501000
002030,아세아,110500,110500,0,0.0,647,72030500
183190,아세아시멘트,85100,85200,100,0.12,2447,210623700
002310,아세아제지,29950,29950,0,0.0,19733,595733350
267850,아시아나IDT,19300,19950,650,3.37,289820,5873372200
020560,아시아나항공,5390,5540,150,2.78,1983092,11039556100
122900,아이마켓코리아,11250,11400,150,1.33,71682,822592150
010780,아이에스동서,28950,28750,-200,-0.69,74506,2162463350
033660,아주캐피탈,10450,10450,0,0.0,18116,191693700
001780,알루코,2340,2365,25,1.07,119097,280558290
018250,애경산업,30650,30800,150,0.49,117056,3677025500
161000,애경유화,7020,7040,20,0.28,64654,458855810
011090,에넥스,1015,1010,-5,-0.49,276678,283674325
005850,에스엘,21300,21300,0,0.0,41671,895503800
012750,에스원,101000,98500,-2500,-2.48,80729,7973370200
023960,에쓰씨엔지니어링,1395,1360,-35,-2.51,88705,122335225
298690,에어부산,6640,6760,120,1.81,6623869,46628962670
140910,에이리츠,6310,6350,40,0.63,3888,24539290
078520,에이블씨엔씨,9940,9900,-40,-0.4,47549,477077420
015260,에이엔피,370,372,2,0.54,259079,96324603
007460,에이프로젠KIC,2000,2055,55,2.75,1829641,3762913940
003060,에이프로젠제약,748,740,-8,-1.07,1245318,933506113
036570,엔씨소프트,531000,531000,0,0.0,67500,35784180000
138250,엔에스쇼핑,9900,9600,-300,-3.03,22042,216156290
085310,엔케이,1075,1115,40,3.72,183768,202569710
009810,엔케이물산,872,848,-24,-2.75,818566,705828269
900140,엘브이엠씨홀딩스,2990,3090,100,3.34,262830,810725320
014440,영보화학,3205,3240,35,1.09,29220,94648680
111770,영원무역,36350,35350,-1000,-2.75,102202,3624664500
009970,영원무역홀딩스,51000,49200,-1800,-3.53,950,47147000
003520,영진약품,4080,4130,50,1.23,558858,2326391420
000670,영풍,587000,570000,-17000,-2.9,1954,1125548000
006740,영풍제지,2895,2960,65,2.25,11980,35378325
012280,영화금속,1320,1320,0,0.0,177039,234994560
012160,영흥철강,1090,1095,5,0.46,253567,282102880
015360,예스코홀딩스,35750,35750,0,0.0,570,20458150
007310,오뚜기,559000,551000,-8000,-1.43,6566,3634363000
079440,오렌지라이프,24750,25050,300,1.21,220259,5509547050
002630,오리엔트바이오,408,412,4,0.98,699293,288272725
271560,오리온,85300,87000,1700,1.99,84245,7320721800
001800,오리온홀딩스,15500,15200,-300,-1.94,91697,1401084700
070960,용평리조트,6250,6350,100,1.6,252397,1632088760
316140,우리금융지주,11550,11250,-300,-2.6,2245704,25388931650
004720,우리들제약,5680,5650,-30,-0.53,38700,219684740
118000,우리들휴브레인,1925,1945,20,1.04,60754,117183630
010050,우리종금,641,641,0,0.0,975419,630345791
006980,우성사료,2850,2875,25,0.88,220149,639710280
017370,우신시스템,4850,4925,75,1.55,11032,53472945
105840,우진,6300,6180,-120,-1.9,1706995,10480401040
010400,우진아이엔에스,7810,7900,90,1.15,10904,86742560
049800,우진플라임,3650,3620,-30,-0.82,6116,21976580
016880,웅진,1250,1235,-15,-1.2,77628,96050000
095720,웅진씽크빅,1995,2025,30,1.5,378625,768127740
103130,웅진에너지,914,914,0,0.0,0,0
021240,웅진코웨이,80300,79600,-700,-0.87,211221,16774091900
005820,원림,17500,17650,150,0.86,322,5676300
010600,웰바이오텍,3060,3115,55,1.8,279329,867402495
008600,윌비스,1025,1020,-5,-0.49,140224,141803090
033270,유나이티드제약,18900,18950,50,0.26,12702,241308100
014830,유니드,43850,44000,150,0.34,10900,477549900
000910,유니온,5300,5070,-230,-4.34,2723113,13643212210
047400,유니온머티리얼,3070,2970,-100,-3.26,3409806,10010265010
011330,유니켐,1685,1680,-5,-0.3,314566,533419610
077500,유니퀘스트,6390,6300,-90,-1.41,44084,281774070
002920,유성기업,2615,2610,-5,-0.19,31481,82698190
000700,유수홀딩스,6800,7160,360,5.29,112901,801141540
003470,유안타증권,2615,2595,-20,-0.76,127840,334791095
003475,유안타증권우,1885,1880,-5,-0.27,3235,6121600
011690,유양디앤유,5800,5610,-190,-3.28,400730,2293612340
072130,유엔젤,3335,3305,-30,-0.9,55551,186773275
000220,유유제약,9830,9880,50,0.51,23956,239353730
000225,유유제약1우,6080,6140,60,0.99,2745,16826350
000227,유유제약2우B,17450,17300,-150,-0.86,71,1223450
001200,유진투자증권,2120,2120,0,0.0,114970,244246070
000100,유한양행,216000,213500,-2500,-1.16,38778,8324878000
000105,유한양행우,198000,197500,-500,-0.25,157,30985000
003460,유화증권,11800,11800,0,0.0,790,9255100
003465,유화증권우,12300,12700,400,3.25,11,139700
008730,율촌화학,14600,14700,100,0.68,241447,3579382600
008250,이건산업,7460,7520,60,0.8,20636,156779730
025820,이구산업,1645,1660,15,0.91,78195,129738865
214320,이노션,66800,66400,-400,-0.6,44244,2975412000
088260,이리츠코크렙,6180,6170,-10,-0.16,48394,297502890
139480,이마트,115500,115000,-500,-0.43,160889,18633448500
007660,이수페타시스,3890,4010,120,3.08,432680,1758311420
005950,이수화학,9690,9580,-110,-1.14,11344,109133940
015020,이스타코,580,580,0,0.0,23325,13579029
093230,이아이디,303,305,2,0.66,9178746,2818400760
102460,이연제약,13200,13050,-150,-1.14,14992,198563550
084680,이월드,3125,3185,60,1.92,1196130,3862601875
000760,이화산업,15900,15400,-500,-3.14,1258,19556850
014990,인디에프,3075,3060,-15,-0.49,2127190,6665519355
006490,인스코비,3000,2885,-115,-3.83,4678302,13961668815
023800,인지컨트롤스,4755,4830,75,1.58,78907,380425870
034590,인천도시가스,29000,28950,-50,-0.17,149,4311900
129260,인터지스,2010,2030,20,1.0,19103,38736730
023810,인팩,3875,3880,5,0.13,2051,7908810
249420,일동제약,15500,15400,-100,-0.65,18734,293108250
000230,일동홀딩스,10450,10750,300,2.87,2208,23537950
013360,일성건설,1155,1180,25,2.16,227923,267735780
003120,일성신약,81700,81500,-200,-0.24,100,8177100
003200,일신방직,82000,82600,600,0.73,602,49693700
007110,일신석재,2810,2805,-5,-0.18,2963441,8512902975
007570,일양약품,19500,19550,50,0.26,40455,801693150
007575,일양약품우,15900,16050,150,0.94,57,925800
008500,일정실업,18900,18900,0,0.0,361,6751450
081000,일진다이아,34750,36300,1550,4.46,848773,30770812850
020760,일진디스플,3680,3675,-5,-0.14,108543,411919305
020150,일진머티리얼즈,42200,42850,650,1.54,401421,17213753150
103590,일진전기,2785,2825,40,1.44,39490,110925585
015860,일진홀딩스,3170,3285,115,3.63,134164,439109070
226320,잇츠한불,17700,17600,-100,-0.56,17095,306307350
033240,자화전자,8640,8610,-30,-0.35,79396,694175870
000950,전방,14900,14800,-100,-0.67,1487,22284250
194370,제이에스코퍼레이션,14150,14100,-50,-0.35,33139,482842700
025620,제이준코스메틱,4055,4065,10,0.25,126833,528264200
030000,제일기획,25650,25700,50,0.19,330805,8500114150
271980,제일약품,29100,28800,-300,-1.03,11347,331999550
001560,제일연마,5900,5900,0,0.0,3642,21513310
002620,제일파마홀딩스,15400,14900,-500,-3.25,8259,126342850
006220,제주은행,4120,4110,-10,-0.24,8694,35831000
089590,제주항공,23050,23000,-50,-0.22,50724,1166756800
004910,조광페인트,5520,5520,0,0.0,2917,16115830
004700,조광피혁,36900,36900,0,0.0,926,33949100
001550,조비,17050,17300,250,1.47,25810,453122300
000480,조선내화,85200,85100,-100,-0.12,2081,177651500
120030,조선선재,81400,81700,300,0.37,923,75523500
018470,조일알미늄,730,722,-8,-1.1,71584,51997521
002600,조흥,149000,153000,4000,2.68,32,4849000
185750,종근당,80700,80000,-700,-0.87,26819,2153230800
063160,종근당바이오,26950,26750,-200,-0.74,13489,364599750
001630,종근당홀딩스,80900,82600,1700,2.1,33508,2789649400
044380,주연테크,362,367,5,1.38,220337,81532550
013870,지엠비코리아,4880,4865,-15,-0.31,31162,153390855
071320,지역난방공사,50300,49750,-550,-1.09,4101,204628800
010580,지코,822,822,0,0.0,284856,233206118
035000,지투알,6820,6880,60,0.88,5395,37517050
088790,진도,3430,3410,-20,-0.58,6431,22026930
003780,진양산업,3145,3110,-35,-1.11,33005,103293560
010640,진양폴리,2375,2390,15,0.63,43793,104776185
100250,진양홀딩스,2405,2400,-5,-0.21,17074,41082790
051630,진양화학,4395,4465,70,1.59,117773,529801920
272450,진에어,13700,13800,100,0.73,49224,681959700
011000,진원생명과학,3795,3760,-35,-0.92,103816,399814330
002780,진흥기업,1935,1930,-5,-0.26,36735,71464575
002787,진흥기업2우B,12300,12450,150,1.22,1072,13152850
002785,진흥기업우B,4970,5030,60,1.21,2299,11495260
009310,참엔지니어링,1110,1090,-20,-1.8,160260,176695145
000650,천일고속,70600,70700,100,0.14,343,24091500
012600,청호컴넷,2550,2620,70,2.75,34230,89211010
033250,체시스,1585,1600,15,0.95,143807,230409415
001140,카리스국보,5570,5580,10,0.18,1142394,6410679630
035720,카카오,132500,134000,1500,1.13,499775,66872761500
006380,카프로,3340,3325,-15,-0.45,41606,139975605
109070,컨버즈,3260,3260,0,0.0,0,0
001620,케이비아이동국실업,786,784,-2,-0.25,9298,7296207
029460,케이씨,12200,12250,50,0.41,41732,515596150
281820,케이씨텍,15900,16100,200,1.26,113206,1843335800
145270,케이탑리츠,875,876,1,0.11,68718,60127261
007815,코리아써우,2415,2425,10,0.41,321,783590
007810,코리아써키트,4885,4915,30,0.61,19751,96454210
00781K,코리아써키트2우B,4000,4110,110,2.75,1,4110
152330,코리아오토글라스,17050,17100,50,0.29,25329,430635050
003690,코리안리,7770,7790,20,0.26,180756,1403916670
192820,코스맥스,68600,69100,500,0.73,81751,5679831000
044820,코스맥스비티아이,12650,12350,-300,-2.37,22016,276720900
005070,코스모신소재,9900,9910,10,0.1,461804,4639774840
005420,코스모화학,6710,6670,-40,-0.6,593226,3984417680
071950,코아스,1265,1270,5,0.4,214623,276100325
002020,코오롱,15700,14850,-850,-5.41,317244,4837588000
003070,코오롱글로벌,8350,8130,-220,-2.63,62572,511838880
003075,코오롱글로벌우,16150,15950,-200,-1.24,3466,55594250
144620,코오롱머티리얼,1480,1460,-20,-1.35,60356,89433935
002025,코오롱우,11250,10050,-1200,-10.67,227668,2403025750
120110,코오롱인더,39650,39200,-450,-1.13,78200,3092083200
120115,코오롱인더우,19200,19250,50,0.26,3000,57370350
138490,코오롱플라스틱,5180,5160,-20,-0.39,197636,1028931540
031820,콤텍시스템,1395,1420,25,1.79,795360,1125852095
192400,쿠쿠홀딩스,103500,101500,-2000,-1.93,6875,698873500
284740,쿠쿠홈시스,38950,39500,550,1.41,11453,449839550
015590,큐로,711,701,-10,-1.41,184003,130119523
264900,크라운제과,8290,8360,70,0.84,27414,228846080
26490K,크라운제과우,8920,8940,20,0.22,32621,292794960
005740,크라운해태홀딩스,10550,10550,0,0.0,47053,499170450
005745,크라운해태홀딩스우,13500,13650,150,1.11,18574,254613900
020120,키다리스튜디오,3660,3800,140,3.83,374399,1438094115
039490,키움증권,63200,62900,-300,-0.47,36925,2350823900
012170,키위미디어그룹,150,150,0,0.0,0,0
015890,태경산업,5450,5500,50,0.92,22286,122759990
006890,태경화학,4930,4980,50,1.01,87313,435803990
003240,태광산업,1015000,1009000,-6000,-0.59,564,572618000
011280,태림포장,6950,6620,-330,-4.75,3265105,22570122320
004100,태양금속,1015,1040,25,2.46,4049540,4596437695
004105,태양금속우,2890,2895,5,0.17,484689,1506380275
009410,태영건설,12150,12200,50,0.41,216757,2648471350
009415,태영건설우,7140,7080,-60,-0.84,6586,47046130
001420,태원물산,3930,4010,80,2.04,24890,100274210
007980,태평양물산,2815,2800,-15,-0.53,137859,384475765
055490,테이팩스,22350,22750,400,1.79,15199,340860250
078000,텔코웨어,13200,13200,0,0.0,11258,149445250
214420,토니모리,8750,8730,-20,-0.23,75157,666540840
019180,티에이치엔,3840,3980,140,3.65,236252,942254890
091810,티웨이항공,4680,4700,20,0.43,170992,811152765
004870,티웨이홀딩스,1855,1765,-90,-4.85,6047955,11148303020
005690,파미셀,7110,7060,-50,-0.7,533899,3823866030
036580,팜스코,4675,4600,-75,-1.6,59499,276409180
028670,팬오션,4465,4460,-5,-0.11,1404586,6293819585
010820,퍼스텍,1895,1890,-5,-0.26,132806,254057585
016800,퍼시스,30700,30900,200,0.65,393,12048250
001020,페이퍼코리아,663,668,5,0.75,45664,30291022
090080,평화산업,1145,1170,25,2.18,96115,112024240
010770,평화홀딩스,3780,3850,70,1.85,13613,52371970
058430,포스코강판,16200,16500,300,1.85,3567,58448650
047050,포스코인터내셔널,17600,17750,150,0.85,219714,3896456050
003670,포스코케미칼,48750,50500,1750,3.59,554546,27874779450
007630,폴루스바이오팜,1225,1225,0,0.0,0,0
017810,풀무원,8950,8880,-70,-0.78,48720,432380280
103140,풍산,21650,21550,-100,-0.46,50454,1091253300
005810,풍산홀딩스,33800,33800,0,0.0,1700,57250600
033180,필룩스,4045,4145,100,2.47,1206788,4981654835
086790,하나금융지주,32100,31550,-550,-1.71,1327634,42102827650
099340,하나니켈1호,870,882,12,1.38,486593,427873496
099350,하나니켈2호,1570,1560,-10,-0.64,213924,330869765
293480,하나제약,23350,23400,50,0.21,27132,637246000
039130,하나투어,40100,39900,-200,-0.5,87956,3522548650
172580,하이골드12호,2695,2700,5,0.19,31865,85852375
153360,하이골드3호,1745,1735,-10,-0.57,19689,34192920
159650,하이골드8호,1715,1720,5,0.29,11026,18732755
071090,하이스틸,19000,19100,100,0.53,7747,149070950
019490,하이트론,3650,3635,-15,-0.41,4790,17335490
000080,하이트진로,21700,21700,0,0.0,251258,5479329300
000087,하이트진로2우B,16050,16300,250,1.56,318,5176250
000140,하이트진로홀딩스,10300,10500,200,1.94,267858,2785460600
000145,하이트진로홀딩스우,29550,31300,1750,5.92,505131,15010577350
152550,한국ANKOR유전,1770,1775,5,0.28,2989,5292185
036460,한국가스공사,38000,38550,550,1.45,212214,8195705250
005430,한국공항,41900,42400,500,1.19,787,33344850
071050,한국금융지주,69900,69800,-100,-0.14,173536,12141657500
071055,한국금융지주우,41900,42000,100,0.24,3574,150187350
010040,한국내화,4850,4850,0,0.0,154508,766359510
025540,한국단자,45100,45150,50,0.11,49421,2217360050
004090,한국석유,97000,97200,200,0.21,2917,283003100
002960,한국쉘석유,321500,318500,-3000,-0.93,1391,445409500
123890,한국자산신탁,3355,3325,-30,-0.89,87766,293288075
015760,한국전력,25200,25150,-50,-0.2,914873,23030714450
006200,한국전자홀딩스,732,724,-8,-1.09,140845,102279766
002300,한국제지,17950,17850,-100,-0.56,2643,47604750
009540,한국조선해양,105500,105500,0,0.0,176939,18816600500
023350,한국종합기술,3795,3840,45,1.19,37793,145388750
025890,한국주강,1610,1590,-20,-1.24,7988,12841810
000970,한국주철관,10600,10600,0,0.0,287367,3084552850
104700,한국철강,4885,4915,30,0.61,19834,97420785
017960,한국카본,6860,6900,40,0.58,175023,1220574370
161890,한국콜마,42100,42000,-100,-0.24,206971,8756369150
024720,한국콜마홀딩스,19800,19900,100,0.51,40132,806959200
161390,한국타이어앤테크놀로지,28400,27900,-500,-1.76,365098,10227977650
000240,한국테크놀로지그룹,14750,14450,-300,-2.03,45674,656279500
034830,한국토지신탁,2065,2035,-30,-1.45,423750,864325560
007280,한국특수형강,1360,1360,0,0.0,21472,29457930
168490,한국패러랠,2185,2190,5,0.23,22011,48010910
010100,한국프랜지,1655,1650,-5,-0.3,189672,312534185
047810,한국항공우주,38900,38900,0,0.0,547024,21333503750
123690,한국화장품,7500,7570,70,0.93,82779,629891970
003350,한국화장품제조,25100,25600,500,1.99,55255,1430582900
011500,한농화성,3780,3780,0,0.0,7570,28847945
002390,한독,19900,20000,100,0.5,48198,968823450
014790,한라,2865,2810,-55,-1.92,49669,142456875
060980,한라홀딩스,40600,39950,-650,-1.6,11669,468674900
053690,한미글로벌,8100,8200,100,1.23,26553,219037540
042700,한미반도체,5350,5290,-60,-1.12,221561,1196931760
008930,한미사이언스,40250,40100,-150,-0.37,109632,4420695400
128940,한미약품,275500,271500,-4000,-1.45,45826,12516820500
009240,한샘,63000,61400,-1600,-2.54,88886,5512198000
020000,한섬,29150,28750,-400,-1.37,76594,2206715550
003680,한성기업,5790,5760,-30,-0.52,40555,235373730
105630,한세실업,18700,18150,-550,-2.94,213884,3922634650
069640,한세엠케이,4285,4350,65,1.52,33362,144512405
016450,한세예스24홀딩스,7120,7120,0,0.0,23582,166911570
010420,한솔PNS,1585,1650,65,4.1,338688,551708435
009180,한솔로지스틱스,1195,1240,45,3.77,89162,109071805
213500,한솔제지,14350,14600,250,1.74,34425,501254700
014680,한솔케미칼,79000,78800,-200,-0.25,20387,1616260600
004710,한솔테크닉스,7130,7550,420,5.89,597875,4471885430
004150,한솔홀딩스,4275,4310,35,0.82,41267,178177250
025750,한솔홈데코,1160,1165,5,0.43,571766,670846435
004960,한신공영,15400,15300,-100,-0.65,12206,186115050
011700,한신기계,1605,1630,25,1.56,257021,419484650
001750,한양증권,7100,7150,50,0.7,8049,57522530
001755,한양증권우,8100,8170,70,0.86,1012,8148090
018880,한온시스템,11200,11150,-50,-0.45,813447,9069735150
009420,한올바이오파마,24900,24700,-200,-0.8,148819,3744463400
014130,한익스프레스,5950,5900,-50,-0.84,111806,664712390
300720,한일시멘트,98000,96000,-2000,-2.04,936,91391100
002220,한일철강,2105,2100,-5,-0.24,20618,42792845
006390,한일현대시멘트,31400,31850,450,1.43,26830,865995250
003300,한일홀딩스,47650,47500,-150,-0.31,1517,72425450
051600,한전KPS,30600,30650,50,0.16,97837,3004324800
052690,한전기술,17500,17400,-100,-0.57,50849,891431850
130660,한전산업,3240,3275,35,1.08,12749,41614050
002320,한진,28300,27800,-500,-1.77,46499,1304211900
097230,한진중공업,4790,4660,-130,-2.71,103303,487346505
003480,한진중공업홀딩스,2880,2905,25,0.87,22238,64403105
180640,한진칼,29050,29050,0,0.0,282098,8216675950
18064K,한진칼우,34150,33950,-200,-0.59,8831,301801000
005110,한창,2645,2665,20,0.76,819343,2229851600
009460,한창제지,2715,2875,160,5.89,2161091,6082322660
000880,한화,23400,23100,-300,-1.28,314182,7288439350
00088K,한화3우B,13650,13700,50,0.37,46088,629315700
027390,한화갤러리아타임월드,17200,17000,-200,-1.16,4192,71568150
088350,한화생명,2350,2345,-5,-0.21,4979094,11778004050
000370,한화손해보험,3165,3180,15,0.47,98899,313563505
012450,한화에어로스페이스,38600,38700,100,0.26,279162,10831693900
000885,한화우,26650,26800,150,0.56,25567,689771800
009830,한화케미칼,16800,16950,150,0.89,745984,12655573850
009835,한화케미칼우,11000,11100,100,0.91,4553,50163700
003530,한화투자증권,2015,1995,-20,-0.99,177426,357825535
003535,한화투자증권우,2025,2000,-25,-1.23,18419,37323400
195870,해성디에스,11450,11350,-100,-0.87,40758,465748450
101530,해태제과식품,7710,7730,20,0.26,15059,116273590
143210,핸즈코퍼레이션,6450,6500,50,0.78,14317,92270950
000720,현대건설,39500,40200,700,1.77,612110,24626153150
267270,현대건설기계,28150,28400,250,0.89,51716,1485962400
000725,현대건설우,152500,152000,-500,-0.33,1358,215946000
005440,현대그린푸드,11350,11200,-150,-1.32,92623,1041956200
086280,현대글로비스,155500,158000,2500,1.61,93409,14656100500
064350,현대로템,16300,16250,-50,-0.31,1907524,32501561850
079430,현대리바트,13450,13500,50,0.37,24237,328930100
012330,현대모비스,239000,240500,1500,0.63,353866,85131588000
010620,현대미포조선,39300,39700,400,1.02,116819,4650781350
069960,현대백화점,69400,68700,-700,-1.01,102898,7135214000
004560,현대비앤지스틸,8380,8360,-20,-0.24,11121,93863950
004565,현대비앤지스틸우,56100,56500,400,0.71,504,29166600
011760,현대상사,17800,18000,200,1.12,40839,745467100
011200,현대상선,3260,3255,-5,-0.15,401939,1316885930
004310,현대약품,4550,4565,15,0.33,2334270,10903261150
126560,현대에이치씨엔,3620,3610,-10,-0.28,25402,92965110
017800,현대엘리베이,75300,76100,800,1.06,257262,19834330800
307950,현대오토에버,54500,53800,-700,-1.28,29910,1621347600
011210,현대위아,41400,40750,-650,-1.57,97695,4007656200
267260,현대일렉트릭,12200,12100,-100,-0.82,41301,506696000
004020,현대제철,36100,35850,-250,-0.69,328921,11837698800
267250,현대중공업지주,322500,327000,4500,1.4,33847,11025878000
005380,현대차,124500,125000,500,0.4,1043657,130495324000
005387,현대차2우B,81300,81200,-100,-0.12,123498,10066681200
005389,현대차3우B,70600,70600,0,0.0,1946,137810300
005385,현대차우,72100,72400,300,0.42,81733,5927486600
001500,현대차증권,9890,9910,20,0.2,54745,541451690
227840,현대코퍼레이션홀딩스,11250,11250,0,0.0,14349,162670150
001450,현대해상,23400,23050,-350,-1.5,305340,7062021400
057050,현대홈쇼핑,92600,92400,-200,-0.22,21253,1973057100
093240,형지엘리트,1345,1435,90,6.69,8553012,13159523675
003010,혜인,4415,4450,35,0.79,181448,817196095
111110,호전실업,12100,12300,200,1.65,18998,233526750
008770,호텔신라,76300,75500,-800,-1.05,449555,34272889500
008775,호텔신라우,47950,46150,-1800,-3.75,22149,1038294350
002460,화성산업,11950,12000,50,0.42,11902,142196350
013520,화승알앤에이,1810,1800,-10,-0.55,95117,171731725
241590,화승엔터프라이즈,12750,12500,-250,-1.96,71905,919341750
006060,화승인더,8760,8640,-120,-1.37,217187,1877376460
010690,화신,2660,2620,-40,-1.5,5586,14761210
133820,화인베스틸,3000,3050,50,1.67,46085,141544965
010660,화천기계,3235,3175,-60,-1.85,4275090,13718650260
000850,화천기공,40000,40950,950,2.38,30255,1232125400
016580,환인제약,14900,14900,0,0.0,24318,364147200
032560,황금에스티,7470,7630,160,2.14,131535,990231090
004800,효성,85400,85000,-400,-0.47,49255,4203751900
094280,효성ITX,9640,9690,50,0.52,2200,21370420
298040,효성중공업,35950,35250,-700,-1.95,31371,1125974050
298050,효성첨단소재,142000,146000,4000,2.82,166834,23882037000
298020,효성티앤씨,154000,150000,-4000,-2.6,10722,1628782000
298000,효성화학,154500,150000,-4500,-2.91,20785,3155429500
093370,후성,9660,9660,0,0.0,4229377,41266091410
081660,휠라코리아,52300,57500,5200,9.94,1400285,78823000200
005870,휴니드,6840,6790,-50,-0.73,66961,456024360
079980,휴비스,6150,6160,10,0.16,18260,113214610
005010,휴스틸,9910,9980,70,0.71,10967,109844600
069260,휴켐스,20850,20950,100,0.48,96617,2036445700
000540,흥국화재,3480,3350,-130,-3.74,24739,85061190
000547,흥국화재2우B,18700,18850,150,0.8,404,7557200
000545,흥국화재우,4790,4800,10,0.21,3447,16429565
003280,흥아해운,443,442,-1,-0.23,139095,61992868
