티커,종목명,시가,종가,변동폭,등락률,거래량,거래대금
095570,AJ네트웍스,4235,4220,-15,-0.35,50494,211937290
068400,AJ렌터카,11250,11200,-50,-0.44,145798,1638058950
006840,AK홀딩스,31750,32750,1000,3.15,18616,607361150
027410,BGF,5940,6080,140,2.36,78332,474892320
282330,BGF리테일,192500,195500,3000,1.56,12976,2534800500
138930,BNK금융지주,6910,7080,170,2.46,560001,3952923780
001460,BYC,238500,244000,5500,2.31,1512,365871500
001465,BYC우,128000,130500,2500,1.95,263,34025000
001040,CJ,79900,82100,2200,2.75,52475,4292722000
079160,CJCGV,31350,31650,300,0.96,93218,2916513550
00104K,CJ4우전환,59200,60800,1600,2.7,14460,869993000
000120,CJ대한통운,145000,145500,500,0.34,26946,3933055000
011150,CJ씨푸드,3020,3020,0,0.0,866759,2656681490
011155,CJ씨푸드1우,32600,32900,300,0.92,3655,120367350
001045,CJ우,41900,42700,800,1.91,2481,105081850
097950,CJ제일제당,217000,219000,2000,0.92,30818,6773549500
097955,CJ제일제당우,99500,99600,100,0.1,5483,546492700
037560,CJ헬로,6250,6300,50,0.8,102492,645189180
000590,CS홀딩스,57800,57800,0,0.0,92,5307600
012030,DB,755,771,16,2.12,482108,372322016
016610,DB금융투자,4450,4470,20,0.45,37840,169915865
005830,DB손해보험,52000,53200,1200,2.31,203189,10923360600
000990,DB하이텍,17050,17050,0,0.0,301680,5148357000
000995,DB하이텍1우,39900,40800,900,2.26,3448,140570300
139130,DGB금융지주,7000,7180,180,2.57,640065,4598283180
001530,DI동일,76400,76600,200,0.26,2330,178749100
004840,DRB동일,5540,5570,30,0.54,3723,20805140
155660,DSR,4060,4110,50,1.23,35688,146223485
069730,DSR제강,4270,4420,150,3.51,46636,203475550
017940,E1,49200,49750,550,1.12,4227,209316300
007700,FF,92300,93500,1200,1.3,90676,8573146600
114090,GKL,21700,21800,100,0.46,103444,2265201450
078930,GS,49850,50700,850,1.71,67797,3431811900
006360,GS건설,30850,31600,750,2.43,280525,8822370950
001250,GS글로벌,2340,2395,55,2.35,143697,342270195
007070,GS리테일,40700,41000,300,0.74,89228,3655480100
078935,GS우,36850,37200,350,0.95,5912,218610250
012630,HDC,11750,12300,550,4.68,255580,3100188050
039570,HDC아이콘트롤스,9600,9590,-10,-0.1,12104,115814540
089470,HDC현대EP,4310,4415,105,2.44,26777,117377995
294870,HDC현대산업개발,30650,31650,1000,3.26,122901,3861464300
082740,HSD엔진,3210,3370,160,4.98,89181,294803650
003560,IHQ,1795,1835,40,2.23,446337,810829460
175330,JB금융지주,5400,5460,60,1.11,301701,1652293340
234080,JW생명과학,21250,21400,150,0.71,31503,676068600
001060,JW중외제약,27300,27700,400,1.47,39349,1093734150
001067,JW중외제약2우B,39450,39550,100,0.25,427,16858600
001065,JW중외제약우,26000,26050,50,0.19,667,17152150
096760,JW홀딩스,5670,5840,170,3.0,289775,1715042050
105560,KB금융,41950,42800,850,2.03,929743,39954368200
002380,KCC,213000,218500,5500,2.58,23799,5175113500
009070,KCTC,2895,2960,65,2.25,48766,143320480
009440,KC그린홀딩스,4095,4150,55,1.34,52825,217158415
119650,KC코트렐,6800,6900,100,1.47,170090,1171166790
092220,KEC,1030,1050,20,1.94,500576,523913320
001390,KG케미칼,11300,11450,150,1.33,10731,122649000
001940,KISCO홀딩스,12600,12650,50,0.4,4537,57023050
025000,KPX케미칼,53200,53900,700,1.32,1602,86342300
092230,KPX홀딩스,53900,54100,200,0.37,121,6596900
000040,KR모터스,504,503,-1,-0.2,229468,115874941
044450,KSS해운,7090,7220,130,1.83,62559,451924860
030200,KT,26900,27000,100,0.37,439390,11881199100
033780,KTG,102500,102500,0,0.0,127728,13111193000
030210,KTB투자증권,2425,2480,55,2.27,100268,248641315
058850,KTcs,2015,2015,0,0.0,50321,101352665
058860,KTis,2225,2225,0,0.0,33771,74646770
093050,LF,19000,19400,400,2.11,54449,1053132850
003550,LG,68600,69200,600,0.87,108581,7506073700
034220,LG디스플레이,14200,14250,50,0.35,1151558,16409037500
001120,LG상사,15550,15950,400,2.57,126100,1996419500
051900,LG생활건강,1272000,1262000,-10000,-0.79,21964,27839172000
051905,LG생활건강우,740000,736000,-4000,-0.54,941,692307000
003555,LG우,44800,44800,0,0.0,2105,94388550
032640,LG유플러스,13900,13900,0,0.0,936969,13116757250
011070,LG이노텍,116000,115500,-500,-0.43,104774,12186673500
066570,LG전자,68800,68900,100,0.15,360306,24968343200
066575,LG전자우,28450,28500,50,0.18,18280,523466450
108670,LG하우시스,57900,58400,500,0.86,20654,1200361200
108675,LG하우시스우,28550,28750,200,0.7,783,22526200
051910,LG화학,302500,304000,1500,0.5,146205,44438951500
051915,LG화학우,164500,167000,2500,1.52,11635,1936409500
079550,LIG넥스원,34500,34950,450,1.3,54441,1888747400
006260,LS,46800,48500,1700,3.63,49820,2403853200
000680,LS네트웍스,2330,2365,35,1.5,26416,62015990
010120,LS산전,48500,49200,700,1.44,38857,1907111600
229640,LS전선아시아,7570,7650,80,1.06,38890,297424000
023150,MH에탄올,5980,6000,20,0.33,2103,12581190
035420,NAVER,156000,156000,0,0.0,246407,38219754000
181710,NHN,61200,61400,200,0.33,41741,2559941200
005940,NH투자증권,12400,12600,200,1.61,511825,6466786500
005945,NH투자증권우,8950,9030,80,0.89,33126,299531970
034310,NICE,19100,19100,0,0.0,25550,488002400
008260,NI스틸,2390,2355,-35,-1.46,167600,395942075
004250,NPC,4070,4045,-25,-0.61,10994,44228005
004255,NPC우,2305,2300,-5,-0.22,1643,3759565
010060,OCI,69000,69900,900,1.3,142691,10039196600
005490,POSCO,225500,229000,3500,1.55,269303,62069268000
100840,STC,16850,17100,250,1.48,18180,308747150
064960,ST모티브,48000,47700,-300,-0.63,78632,3716678650
003570,ST중공업,6000,6020,20,0.33,5639,33818290
036530,ST홀딩스,14300,14250,-50,-0.35,4290,61846400
010950,S-Oil,101500,102500,1000,0.99,127161,13091557500
010955,S-Oil우,60500,61000,500,0.83,5413,330250500
034120,SBS,18200,18200,0,0.0,38005,692781850
101060,SBS미디어홀딩스,2145,2155,10,0.47,26255,56547265
004060,SG세계물산,1005,1010,5,0.5,596281,603817375
001380,SG충방,1965,2045,80,4.07,627136,1277318915
002360,SH에너지화학,1080,1065,-15,-1.39,870592,922803290
009160,SIMPAC,3650,3635,-15,-0.41,178989,659237390
123700,SJM,3025,3025,0,0.0,1183,3596215
025530,SJM홀딩스,3070,3065,-5,-0.16,6346,19416335
034730,SK,230500,230500,0,0.0,142358,33107026500
011790,SKC,40600,41700,1100,2.71,134724,5609966250
018670,SK가스,74400,77100,2700,3.63,19429,1479242000
001740,SK네트웍스,4995,5010,15,0.3,535802,2687338630
001745,SK네트웍스우,88800,89300,500,0.56,4167,375004600
006120,SK디스커버리,21750,22200,450,2.07,18511,410859000
006125,SK디스커버리우,14600,14650,50,0.34,9640,140569550
210980,SK디앤디,27550,27650,100,0.36,5515,152145050
03473K,SK우,146000,146500,500,0.34,1630,238805500
096770,SK이노베이션,167500,169000,1500,0.9,129936,22016693000
096775,SK이노베이션우,118000,118500,500,0.42,3455,409436000
001510,SK증권,603,611,8,1.33,733081,448862087
001515,SK증권우,2695,2730,35,1.3,7680,20838300
285130,SK케미칼,45450,47150,1700,3.74,26739,1251586300
28513K,SK케미칼우,20350,20850,500,2.46,7647,157591450
017670,SK텔레콤,236500,236500,0,0.0,84892,20157845500
000660,SK하이닉스,80000,80500,500,0.63,1972409,160171890750
005610,SPC삼립,96400,96100,-300,-0.31,4352,419514700
011810,STX,8010,8080,70,0.87,16135,129297850
077970,STX엔진,7590,7600,10,0.13,27208,204286840
071970,STX중공업,2320,2415,95,4.09,134223,320829545
084870,TBH글로벌,2825,2840,15,0.53,44554,126495735
002710,TCC스틸,2635,2655,20,0.76,32943,87923890
024070,WISCOM,2620,2635,15,0.57,2947,7733150
037270,YGPLUS,1180,1205,25,2.12,238398,286623080
000500,가온전선,18150,18000,-150,-0.83,9474,172078750
000860,강남제비스코,22300,22200,-100,-0.45,4862,108132250
035250,강원랜드,29750,30200,450,1.51,277537,8375617250
011420,갤럭시아에스엠,1855,1850,-5,-0.27,74867,138520380
002100,경농,13400,13700,300,2.24,131712,1811064450
009450,경동나비엔,43350,43850,500,1.15,95574,4171306000
267290,경동도시가스,26850,27350,500,1.86,3726,101428500
012320,경동인베스트,34200,35300,1100,3.22,4172,146408300
000050,경방,10050,10050,0,0.0,4614,46278730
214390,경보제약,8330,8400,70,0.84,27357,229902910
012610,경인양행,7950,8020,70,0.88,428866,3433639590
009140,경인전자,20100,20150,50,0.25,1700,34048550
013580,계룡건설,21650,21900,250,1.15,8261,179192850
012200,계양전기,2775,2825,50,1.8,29681,83869230
012205,계양전기우,7240,7330,90,1.24,8507,62235370
004200,고려개발,9500,9830,330,3.47,28241,275093760
002140,고려산업,3580,3625,45,1.26,1310927,4785754985
010130,고려아연,443500,447000,3500,0.79,14557,6493754500
002240,고려제강,21850,22600,750,3.43,12571,283992100
009290,광동제약,6830,6870,40,0.59,47094,324181830
017040,광명전기,2325,2370,45,1.94,266643,627615660
017900,광전자,2155,2190,35,1.62,25294,55338670
037710,광주신세계,176500,174000,-2500,-1.42,178,30984000
030610,교보증권,9250,9410,160,1.73,22304,210765020
007690,국도화학,47450,48150,700,1.48,6367,307337100
005320,국동,1480,1520,40,2.7,399649,604212760
002720,국제약품,4310,4380,70,1.62,224665,985756420
083420,그린케미칼,3400,3390,-10,-0.29,13457,45655500
014530,극동유화,3480,3420,-60,-1.72,76070,260801995
014280,금강공업,4050,4030,-20,-0.49,75984,303515135
014285,금강공업우,8880,8980,100,1.13,838,7510380
008870,금비,63400,63300,-100,-0.16,274,17275800
001570,금양,2100,2125,25,1.19,5634,11870170
002990,금호산업,11800,11850,50,0.42,91537,1077793850
002995,금호산업우,48450,49950,1500,3.1,9243,460316300
011780,금호석유,70900,71200,300,0.42,105245,7500335900
011785,금호석유우,29100,29200,100,0.34,6158,179565850
214330,금호에이치티,4050,4560,510,12.59,1254111,5726474325
001210,금호전기,2280,2280,0,0.0,0,0
073240,금호타이어,4075,4120,45,1.1,240294,992741925
092440,기신정기,3580,3550,-30,-0.84,17430,61743580
000270,기아차,41950,40800,-1150,-2.74,1457496,59868088750
024110,기업은행,12450,12750,300,2.41,968307,12326347100
013700,까뮤이앤씨,1215,1215,0,0.0,40601,49195430
004540,깨끗한나라,2310,2325,15,0.65,196928,461560120
004545,깨끗한나라우,17450,17750,300,1.72,7819,137627950
074610,나노메딕스,9160,8930,-230,-2.51,4790140,43920714850
001260,남광토건,12100,12500,400,3.31,74626,925893800
008350,남선알미늄,3600,3930,330,9.17,33974673,134676930825
008355,남선알미우,34500,35900,1400,4.06,103022,3848826450
004270,남성,3160,3400,240,7.59,1889760,6334284205
003920,남양유업,487500,488000,500,0.1,320,156546000
003925,남양유업우,178500,179500,1000,0.56,2,358500
002070,남영비비안,16100,15750,-350,-2.17,47260,744711600
025860,남해화학,8660,8830,170,1.96,51371,452668950
005720,넥센,5930,6000,70,1.18,18972,113445440
005725,넥센우,3460,3460,0,0.0,585,2018375
002350,넥센타이어,8580,8500,-80,-0.93,91078,774794320
002355,넥센타이어1우B,3340,3390,50,1.5,4272,14371090
003580,넥스트사이언스,4680,4845,165,3.53,2148948,10592954195
251270,넷마블,92800,92100,-700,-0.75,271333,25106491500
090350,노루페인트,7600,7590,-10,-0.13,18802,142954730
090355,노루페인트우,11600,12000,400,3.45,7315,86268200
000320,노루홀딩스,11700,11750,50,0.43,636,7433050
000325,노루홀딩스우,17700,17800,100,0.56,165,2933650
006280,녹십자,113500,114500,1000,0.88,13590,1555043500
005250,녹십자홀딩스,19900,20100,200,1.01,44460,891873850
005257,녹십자홀딩스2우,20800,17900,-2900,-13.94,130699,2396243250
004370,농심,243500,247000,3500,1.44,12772,3139136000
072710,농심홀딩스,88500,89000,500,0.56,601,53417900
058730,다스코,5770,5840,70,1.21,25321,146907190
023590,다우기술,19200,19700,500,2.6,58002,1132757450
019680,대교,5990,6060,70,1.17,32862,198342540
019685,대교우B,4205,4210,5,0.12,482,2023465
006370,대구백화점,5890,6080,190,3.23,33155,200375000
008060,대덕전자,11000,10750,-250,-2.27,2727746,28754155800
00806K,대덕전자1우,6360,6320,-40,-0.63,17927,112766300
000490,대동공업,6560,6670,110,1.68,140254,934498520
008110,대동전자,3450,3425,-25,-0.72,27518,93138910
005750,대림BCo,3930,3925,-5,-0.13,20297,79740450
000210,대림산업,94200,97300,3100,3.29,93370,9026056800
000215,대림산업우,39800,40800,1000,2.51,4153,168814800
004440,대림씨엔에스,7200,7220,20,0.28,7883,56620610
006570,대림통상,4120,4115,-5,-0.12,92,378465
001680,대상,21150,21650,500,2.36,54975,1183747850
001685,대상우,12850,13000,150,1.17,1013,13132500
084690,대상홀딩스,6690,6830,140,2.09,17845,121227250
084695,대상홀딩스우,6280,6330,50,0.8,9923,62651190
128820,대성산업,3990,3995,5,0.13,31268,124839815
117580,대성에너지,5320,5370,50,0.94,9890,52807740
016710,대성홀딩스,7700,7620,-80,-1.04,10229,78801870
003540,대신증권,12700,12950,250,1.97,94253,1223673850
003547,대신증권2우B,8610,8630,20,0.23,12107,104502140
003545,대신증권우,9330,9380,50,0.54,39777,372757770
009190,대양금속,11300,11550,250,2.21,120109,1359464650
014160,대영포장,1075,1130,55,5.12,6469578,7382466075
047040,대우건설,4545,4645,100,2.2,536281,2487392800
009320,대우부품,2435,2545,110,4.52,4608443,11631436285
042660,대우조선해양,29850,30300,450,1.51,156145,4715264300
003090,대웅,14450,14550,100,0.69,106426,1545019450
069620,대웅제약,149500,151000,1500,1.0,21796,3288166000
000430,대원강업,3700,3730,30,0.81,11468,42576640
006340,대원전선,1210,1260,50,4.13,188949,236305620
006345,대원전선우,2990,3055,65,2.17,6076,18312430
003220,대원제약,15600,15400,-200,-1.28,36875,567738400
024890,대원화성,1400,1400,0,0.0,38287,53169825
002880,대유에이텍,892,891,-1,-0.11,172269,153382743
000300,대유플러스,772,794,22,2.85,123411,97498870
012800,대창,1185,1205,20,1.69,774122,927917990
015230,대창단조,26400,26350,-50,-0.19,1784,47116450
001070,대한방직,19000,19000,0,0.0,2065,39287850
006650,대한유화,127000,132000,5000,3.94,60762,8046753500
001440,대한전선,559,566,7,1.25,555568,314376163
084010,대한제강,5790,6010,220,3.8,36639,217212210
001790,대한제당,18650,18900,250,1.34,13755,259418150
001799,대한제당3우B,31050,31450,400,1.29,11474,367950850
001795,대한제당우,12700,12850,150,1.18,4243,54438900
001130,대한제분,159500,160500,1000,0.63,1359,218667500
003490,대한항공,23200,24500,1300,5.6,1109046,26942855450
003495,대한항공우,15600,15950,350,2.24,40836,653868650
005880,대한해운,21950,22650,700,3.19,121029,2760520400
003830,대한화섬,95100,94600,-500,-0.53,124,11772000
016090,대현,2375,2375,0,0.0,52497,124062185
069460,대호에이엘,5220,5200,-20,-0.38,229144,1205937120
192080,더블유게임즈,52900,54300,1400,2.65,72036,3880452600
012510,더존비즈온,65000,65000,0,0.0,45558,2995109100
004830,덕성,3005,3055,50,1.66,66690,203114250
004835,덕성우,3710,3760,50,1.35,4020,15038480
024900,덕양산업,1085,1100,15,1.38,53601,58696290
145720,덴티움,65200,64600,-600,-0.92,51806,3323660450
002150,도화엔지니어링,10000,10250,250,2.5,101513,1039297550
001230,동국제강,6360,6440,80,1.26,217141,1405417630
023450,동남합성,24250,24300,50,0.21,531,12980450
004140,동방,1765,1750,-15,-0.85,168515,295755675
007590,동방아그로,6740,6730,-10,-0.15,5936,39845480
005960,동부건설,8300,8610,310,3.73,27674,235182150
005965,동부건설우,18100,18900,800,4.42,649,11981050
016380,동부제철,9790,9700,-90,-0.92,19856,193528080
016385,동부제철우,78100,78200,100,0.13,697,53896400
083370,동북아12호,5030,5030,0,0.0,0,0
083380,동북아13호,5090,5000,-90,-1.77,5800,29000000
026960,동서,17450,17750,300,1.72,33472,592757600
002210,동성제약,18000,18350,350,1.94,4006897,75764556000
102260,동성코퍼레이션,5280,5410,130,2.46,30032,161280140
005190,동성화학,16550,16550,0,0.0,3496,57866800
000640,동아쏘시오홀딩스,84000,85300,1300,1.55,7692,659807000
170900,동아에스티,82200,84200,2000,2.43,86200,7466636500
028100,동아지질,20150,20900,750,3.72,135818,2819638250
282690,동아타이어,12300,12100,-200,-1.63,1024,12406350
001520,동양,1430,1455,25,1.75,166289,241189060
001527,동양2우B,8850,8960,110,1.24,144,1285300
001529,동양3우B,26800,27200,400,1.49,235,6342650
084670,동양고속,27000,27450,450,1.67,1064,28992150
030790,동양네트웍스,885,871,-14,-1.58,1686720,1479216349
002900,동양물산,872,935,63,7.22,7172883,6880669823
082640,동양생명,3730,3780,50,1.34,51572,194288505
001525,동양우,6700,6410,-290,-4.33,12885,82687640
008970,동양철관,1160,1195,35,3.02,980172,1171431955
092780,동양피스톤,4545,4555,10,0.22,52628,238571785
049770,동원FB,224500,232000,7500,3.34,8136,1880981500
018500,동원금속,869,858,-11,-1.27,71058,61708481
006040,동원산업,223000,224000,1000,0.45,2020,453889000
030720,동원수산,9250,9120,-130,-1.41,184777,1706642500
014820,동원시스템즈,35200,36350,1150,3.27,27478,999604150
014825,동원시스템즈우,26950,27600,650,2.41,618,17070350
163560,동일고무벨트,5510,5500,-10,-0.18,6447,35436270
004890,동일산업,56100,56200,100,0.18,767,43052800
002690,동일제강,2580,2615,35,1.36,13112,33722820
000020,동화약품,7850,7900,50,0.64,20512,161843490
000150,두산,106000,106000,0,0.0,0,0
000157,두산2우B,89100,89100,0,0.0,0,0
011160,두산건설,1280,1285,5,0.39,94846,121350525
241560,두산밥캣,31650,32450,800,2.53,233304,7552451750
000155,두산우,81000,81000,0,0.0,0,0
042670,두산인프라코어,6010,6260,250,4.16,1070604,6669386100
034020,두산중공업,6300,6520,220,3.49,1039340,6752258750
016740,두올,3280,3330,50,1.52,72391,240674150
192650,드림텍,6650,6650,0,0.0,274595,1833103890
024090,디씨엠,12200,12300,100,0.82,589,7265700
003160,디아이,3155,3205,50,1.58,40751,130052230
092200,디아이씨,2360,2410,50,2.12,101407,243107140
013570,디와이,4750,4835,85,1.79,35532,170966115
210540,디와이파워,9620,10100,480,4.99,121563,1215238220
007340,디티알오토모티브,30350,30250,-100,-0.33,1831,55753950
026890,디피씨,5470,5410,-60,-1.1,1127279,6164712890
115390,락앤락,12100,12050,-50,-0.41,71129,859517550
032350,롯데관광개발,11050,11250,200,1.81,226153,2556809900
000400,롯데손해보험,2085,2120,35,1.68,305114,643829145
023530,롯데쇼핑,124500,125000,500,0.4,93146,11686367500
004000,롯데정밀화학,44850,45550,700,1.56,42491,1941286300
286940,롯데정보통신,45400,44700,-700,-1.54,28510,1277340150
280360,롯데제과,143000,142500,-500,-0.35,3422,488315500
004990,롯데지주,36350,37450,1100,3.03,126937,4747304700
00499K,롯데지주우,49600,50800,1200,2.42,5965,305170250
005300,롯데칠성,133000,138000,5000,3.76,19579,2704942500
005305,롯데칠성우,71900,71900,0,0.0,349,24928100
011170,롯데케미칼,240000,246500,6500,2.71,181604,44762962500
002270,롯데푸드,429500,431500,2000,0.47,631,272499000
071840,롯데하이마트,29250,30450,1200,4.1,90796,2744682250
027740,마니커,940,916,-24,-2.55,13393460,12398995455
204320,만도,33200,33600,400,1.2,284620,9450436750
001080,만호제강,16950,17100,150,0.88,784,13396450
088980,맥쿼리인프라,11900,11950,50,0.42,613994,7326569850
094800,맵스리얼티1,4955,4960,5,0.1,81077,401864585
015540,메디파트너생명공학,6400,6570,170,2.66,123554,798114320
138040,메리츠금융지주,12450,12650,200,1.61,41601,525295200
008560,메리츠종금증권,4850,4885,35,0.72,679617,3324655110
000060,메리츠화재,18850,19150,300,1.59,231440,4456819050
090370,메타랩스,1470,1455,-15,-1.02,407015,594999520
017180,명문제약,4095,4215,120,2.93,167495,701996960
012690,모나리자,3970,4040,70,1.76,426948,1716740980
005360,모나미,4445,4450,5,0.11,302809,1345848755
204210,모두투어리츠,2975,2970,-5,-0.17,2598,7917160
009680,모토닉,8530,8560,30,0.35,16065,137390920
009580,무림PP,4325,4420,95,2.2,65137,286087395
009200,무림페이퍼,2570,2595,25,0.97,21552,55888825
033920,무학,9150,9320,170,1.86,22149,204505780
008420,문배철강,2705,2745,40,1.48,54948,150998720
025560,미래산업,166,168,2,1.2,9040378,1525820164
007120,미래아이앤지,285,288,3,1.05,216189,61152995
006800,미래에셋대우,7260,7440,180,2.48,1330814,9882325070
00680K,미래에셋대우2우B,4230,4260,30,0.71,118219,504223445
006805,미래에셋대우우,4585,4625,40,0.87,21599,99709270
085620,미래에셋생명,4015,4035,20,0.5,31735,128476530
002840,미원상사,55300,56100,800,1.45,5207,295302800
268280,미원에스씨,70900,71800,900,1.27,9817,696627900
107590,미원홀딩스,40900,41050,150,0.37,1125,46114450
134380,미원화학,42550,42600,50,0.12,1182,50246000
003650,미창석유,78400,78500,100,0.13,448,35035900
155900,바다로19호,2950,2950,0,0.0,1290,3773970
003610,방림,2000,2005,5,0.25,24508,48802170
001340,백광산업,2500,2545,45,1.8,243404,616435550
014580,백광소재,4700,4775,75,1.6,2258307,10615269495
035150,백산,6910,6870,-40,-0.58,304512,2113509920
002410,범양건영,1595,1590,-5,-0.31,127532,203090310
096300,베트남개발1,438,438,0,0.0,118232,51782270
007210,벽산,1855,1930,75,4.04,583837,1113160850
002760,보락,2000,2020,20,1.0,460234,924073240
003850,보령제약,12200,12300,100,0.82,144097,1772590900
000890,보해양조,1140,1250,110,9.65,30504748,37834412095
003000,부광약품,13750,14200,450,3.27,186748,2640499550
001270,부국증권,20350,20300,-50,-0.25,519,10491800
001275,부국증권우,18900,18900,0,0.0,1432,27062050
026940,부국철강,3735,3820,85,2.28,96343,368891300
015350,부산가스,35550,35600,50,0.14,207,7363400
011390,부산산업,148500,159000,10500,7.07,163760,25791662500
005030,부산주공,480,489,9,1.88,50654,24611358
100220,비상교육,8020,8190,170,2.12,31529,256983330
101140,비티원,2835,2725,-110,-3.88,106789,293137405
005180,빙그레,56000,57400,1400,2.5,7448,427857600
003960,사조대림,16900,16900,0,0.0,10346,175873950
008040,사조동아원,1060,1065,5,0.47,463432,496533525
007160,사조산업,40150,40950,800,1.99,9219,375275950
014710,사조씨푸드,5350,5420,70,1.31,35554,192139220
006090,사조오양,8580,8500,-80,-0.93,144227,1249216740
005090,삼광글라스,31500,31450,-50,-0.16,1712,53890450
001470,삼부토건,698,700,2,0.29,697920,490629955
006400,삼성SDI,227000,226500,-500,-0.22,210654,47894186500
006405,삼성SDI우,88700,88600,-100,-0.11,1639,145317400
006660,삼성공조,8650,8660,10,0.12,10110,87169630
028260,삼성물산,90800,91700,900,0.99,207784,19075486100
02826K,삼성물산우B,68300,68800,500,0.73,2368,162539500
207940,삼성바이오로직스,325000,329500,4500,1.38,82811,27213233000
032830,삼성생명,70300,71400,1100,1.56,166311,11895146300
018260,삼성에스디에스,194500,197000,2500,1.29,39829,7857414500
028050,삼성엔지니어링,17050,17100,50,0.29,502736,8631318700
009150,삼성전기,112000,110000,-2000,-1.79,937561,103093666000
009155,삼성전기우,45050,44150,-900,-2.0,12054,534285800
005930,삼성전자,49150,50000,850,1.73,11130635,557617555504
005935,삼성전자우,40000,40600,600,1.5,1187934,48398876125
001360,삼성제약,2820,2925,105,3.72,1746950,5093456095
010140,삼성중공업,7960,8140,180,2.26,3513068,28545470160
010145,삼성중공우,60900,62000,1100,1.81,2714,169117700
016360,삼성증권,34350,35000,650,1.89,178849,6254633850
068290,삼성출판사,11900,12100,200,1.68,28984,349266050
029780,삼성카드,34100,34650,550,1.61,66610,2302661700
000810,삼성화재,221000,222000,1000,0.45,102426,22923583000
000815,삼성화재우,163000,163500,500,0.31,7913,1292642000
006110,삼아알미늄,4440,4475,35,0.79,16590,73561630
145990,삼양사,48300,49750,1450,3.0,7708,382230300
145995,삼양사우,34350,33950,-400,-1.16,476,16088600
003230,삼양식품,79500,79000,-500,-0.63,26134,2057418400
002170,삼양통상,60700,61700,1000,1.65,1631,99868700
272550,삼양패키징,16100,16100,0,0.0,4772,76895600
000070,삼양홀딩스,60000,62300,2300,3.83,10461,647235700
000075,삼양홀딩스우,43950,44700,750,1.71,69,3028000
002810,삼영무역,16200,16200,0,0.0,7218,117020900
005680,삼영전자,8810,8890,80,0.91,15339,135916930
003720,삼영화학,1070,1070,0,0.0,34458,36306710
023000,삼원강재,2820,2825,5,0.18,4147,11705605
004380,삼익THK,12000,12100,100,0.83,12663,153232350
002450,삼익악기,1780,1825,45,2.53,170378,309616560
000520,삼일제약,21600,21800,200,0.93,36591,798901550
009770,삼정펄프,34750,33850,-900,-2.59,427,14470100
005500,삼진제약,25500,25550,50,0.2,22611,585591150
004690,삼천리,84100,83900,-200,-0.24,2628,221137200
001880,삼호,18550,19350,800,4.31,3810,73122550
010960,삼호개발,4320,4430,110,2.55,68685,301884190
004450,삼화왕관,46100,46250,150,0.33,215,9924900
009470,삼화전기,15100,15200,100,0.66,35094,536597300
011230,삼화전자,2680,2670,-10,-0.37,38052,102211085
001820,삼화콘덴서,50600,50400,-200,-0.4,143886,7194994550
000390,삼화페인트,6000,5680,-320,-5.33,55072,311708330
001290,상상인증권,1625,1650,25,1.54,419689,704342470
041650,상신브레이크,3935,3995,60,1.52,14890,58990175
075180,새론오토모티브,4565,4485,-80,-1.75,22259,99589355
007540,샘표,41750,40750,-1000,-2.4,26034,1056606650
248170,샘표식품,31050,30400,-650,-2.09,19011,579609500
007860,서연,3540,3525,-15,-0.42,73268,262060395
200880,서연이화,5900,5990,90,1.53,40999,244492480
017390,서울가스,68600,68800,200,0.29,58,3989400
004410,서울식품,176,180,4,2.27,1390424,248088130
004415,서울식품우,3555,3625,70,1.97,31470,113584140
021050,서원,1075,1115,40,3.72,476037,528847685
008490,서흥,32100,32500,400,1.25,16138,524326800
007610,선도전기,3380,3510,130,3.85,72055,250870025
136490,선진,9820,9970,150,1.53,54820,543050690
002820,선창산업,4590,4545,-45,-0.98,10888,49456855
014910,성문전자,2445,2405,-40,-1.64,688938,1685755195
014915,성문전자우,12000,12500,500,4.17,27820,346402500
003080,성보화학,4895,4895,0,0.0,1645,8025505
004980,성신양회,8330,8560,230,2.76,123545,1054323370
004985,성신양회우,11250,11500,250,2.22,5310,60994650
011300,성안,452,454,2,0.44,61363,27531658
000180,성창기업지주,1775,1780,5,0.28,52850,93453905
002420,세기상사,55500,56700,1200,2.16,593,33477100
004360,세방,11600,11950,350,3.02,8607,101821100
004365,세방우,6720,6710,-10,-0.15,87,583770
004490,세방전지,37500,37600,100,0.27,7038,265514950
001430,세아베스틸,15600,16100,500,3.21,29036,464119650
306200,세아제강,61800,64200,2400,3.88,1556,98983800
003030,세아제강지주,50500,51100,600,1.19,689,34830200
019440,세아특수강,13350,13400,50,0.37,7543,100442250
058650,세아홀딩스,80800,81400,600,0.74,480,38893400
013000,세우글로벌,1910,1995,85,4.45,1233381,2406445795
091090,세원셀론텍,2990,3015,25,0.84,182838,554509390
021820,세원정공,8090,8090,0,0.0,0,0
067830,세이브존IC,3380,3400,20,0.59,23620,80369425
033530,세종공업,4365,4440,75,1.72,53679,237064155
075580,세진중공업,5400,5400,0,0.0,130561,708337630
027970,세하,2845,2845,0,0.0,180063,509596120
145210,세화아이엠씨,2990,2990,0,0.0,0,0
068270,셀트리온,181500,182500,1000,0.55,326855,59574790500
004430,송원산업,18450,18550,100,0.54,107481,2000556150
017550,수산중공업,1450,1475,25,1.72,328399,481589510
002200,수출포장,18750,19150,400,2.13,6320,119714300
053210,스카이라이프,8870,9090,220,2.48,24107,217565060
134790,시디즈,39250,39250,0,0.0,557,21701600
016590,신대양제지,64300,66500,2200,3.42,12482,826369600
029530,신도리코,37450,38200,750,2.0,8761,333127650
004970,신라교역,12900,12900,0,0.0,130667,1672093100
011930,신성이엔지,916,949,33,3.6,635369,593226241
005390,신성통상,1600,1560,-40,-2.5,2145639,3388775060
004170,신세계,245500,247000,1500,0.61,32749,8149583500
035510,신세계IC,114500,114000,-500,-0.44,3167,362061000
034300,신세계건설,24450,25100,650,2.66,5586,137185600
031430,신세계인터내셔날,196000,191000,-5000,-2.55,40852,7919341000
031440,신세계푸드,73700,74300,600,0.81,2599,192083600
006880,신송홀딩스,4195,4100,-95,-2.26,121177,502494625
005800,신영와코루,105000,105000,0,0.0,58,6191000
001720,신영증권,54800,54900,100,0.18,1888,103877500
001725,신영증권우,52800,52800,0,0.0,594,31381100
009270,신원,2100,2160,60,2.86,1749489,3775801910
009275,신원우,51300,51900,600,1.17,1830,94534600
002700,신일산업,1570,1615,45,2.87,2338475,3765011235
019170,신풍제약,6210,6190,-20,-0.32,110664,687977440
019175,신풍제약우,5490,5490,0,0.0,6760,36658240
002870,신풍제지,1300,1300,0,0.0,74273,96064225
005450,신한,4945,4945,0,0.0,0,0
293940,신한알파리츠,7990,7990,0,0.0,83279,664446310
055550,신한지주,41350,42500,1150,2.78,701267,29748858000
001770,신화실업,22550,22850,300,1.33,6499,148912250
004080,신흥,9390,9370,-20,-0.21,26,243450
102280,쌍방울,995,1000,5,0.5,777824,778630903
003410,쌍용양회,5850,5900,50,0.85,321069,1897553220
003415,쌍용양회우,10400,10600,200,1.92,24148,251500350
003620,쌍용차,2695,2805,110,4.08,155379,427284160
004770,써니전자,3570,3670,100,2.8,6787514,25170993225
004920,씨아이테크,474,479,5,1.05,73322,35046903
112610,씨에스윈드,31400,32000,600,1.91,39708,1243643500
008700,아남전자,2230,2255,25,1.12,324628,728892380
002790,아모레G,63600,67900,4300,6.76,224112,14948114100
002795,아모레G우,26500,27900,1400,5.28,12366,342464000
090430,아모레퍼시픽,149500,152500,3000,2.01,229765,34762868500
090435,아모레퍼시픽우,74500,75600,1100,1.48,12734,952387200
002030,아세아,114500,115500,1000,0.87,223,25649500
183190,아세아시멘트,86600,89500,2900,3.35,1785,157043900
002310,아세아제지,29100,30450,1350,4.64,33537,1013539000
267850,아시아나IDT,16950,17400,450,2.65,88132,1537899700
020560,아시아나항공,5220,5290,70,1.34,991722,5223884960
122900,아이마켓코리아,10150,10100,-50,-0.49,235418,2374519670
010780,아이에스동서,30100,30700,600,1.99,22755,697949500
033660,아주캐피탈,10950,10900,-50,-0.46,23061,250878750
001780,알루코,2185,2245,60,2.75,123945,276640425
018250,애경산업,29950,30400,450,1.5,52674,1600562300
161000,애경유화,7710,7950,240,3.11,186830,1478182340
011090,에넥스,1035,1085,50,4.83,263022,281701690
005850,에스엘,21800,22150,350,1.61,29383,649154850
012750,에스원,96200,96600,400,0.42,40493,3901788300
023960,에쓰씨엔지니어링,1500,1500,0,0.0,33889,50538975
298690,에어부산,6280,6420,140,2.23,788692,5042459150
140910,에이리츠,6410,6440,30,0.47,3187,20480560
078520,에이블씨엔씨,10700,10800,100,0.93,32136,350462850
015260,에이엔피,339,343,4,1.18,147880,50517987
007460,에이프로젠KIC,2285,2290,5,0.22,10329908,23956153085
003060,에이프로젠제약,1235,1210,-25,-2.02,46390971,57291111455
036570,엔씨소프트,516000,518000,2000,0.39,33164,17170702000
138250,엔에스쇼핑,9600,10000,400,4.17,27315,269854700
085310,엔케이,1275,1280,5,0.39,147128,187646650
009810,엔케이물산,740,737,-3,-0.41,1237605,912279870
900140,엘브이엠씨홀딩스,3695,3690,-5,-0.14,167999,621447585
014440,영보화학,3390,3390,0,0.0,7196,24402640
111770,영원무역,33900,33900,0,0.0,88571,2987336550
009970,영원무역홀딩스,51000,51600,600,1.18,6551,330521600
003520,영진약품,4880,4975,95,1.95,627948,3133802235
000670,영풍,568000,576000,8000,1.41,360,207453000
006740,영풍제지,3005,3000,-5,-0.17,24230,72437090
012280,영화금속,1365,1370,5,0.37,71546,98007255
012160,영흥철강,1050,1095,45,4.29,144355,155810465
015360,예스코홀딩스,38050,38600,550,1.45,437,16650600
007310,오뚜기,562000,569000,7000,1.25,2129,1215885000
079440,오렌지라이프,26300,27150,850,3.23,172914,4642295550
002630,오리엔트바이오,420,428,8,1.9,803637,342748998
271560,오리온,101500,102000,500,0.49,72328,7374112158
001800,오리온홀딩스,15850,16000,150,0.95,25318,406841750
070960,용평리조트,6680,6810,130,1.95,395619,2687048590
316140,우리금융지주,11500,11800,300,2.61,2122477,25092573200
004720,우리들제약,6250,6280,30,0.48,57009,358369320
118000,우리들휴브레인,2870,2915,45,1.57,1460249,4297724345
010050,우리종금,666,670,4,0.6,697405,466984084
006980,우성사료,3330,3320,-10,-0.3,614398,2047206045
017370,우신시스템,4620,4530,-90,-1.95,21583,96915495
105840,우진,4880,5050,170,3.48,404134,2070152855
010400,우진아이엔에스,8300,8360,60,0.72,14755,122651130
049800,우진플라임,3625,3705,80,2.21,11555,42626510
016880,웅진,1355,1760,405,29.89,6271059,10992777085
095720,웅진씽크빅,2665,3250,585,21.95,38517987,123320330825
103130,웅진에너지,914,914,0,0.0,0,0
021240,웅진코웨이,81400,82200,800,0.98,359532,29751254600
005820,원림,17600,18000,400,2.27,470,8383050
010600,웰바이오텍,2355,2420,65,2.76,306306,734533780
008600,윌비스,1075,1080,5,0.47,204493,221373720
033270,유나이티드제약,19750,19800,50,0.25,23018,452765250
014830,유니드,45900,46600,700,1.53,8749,404515800
000910,유니온,4670,4510,-160,-3.43,289494,1308660145
047400,유니온머티리얼,2650,2580,-70,-2.64,560790,1452356540
011330,유니켐,1975,2025,50,2.53,1170599,2337238375
077500,유니퀘스트,6500,6510,10,0.15,53412,350111270
002920,유성기업,2695,2745,50,1.86,13061,35837760
000700,유수홀딩스,7220,7200,-20,-0.28,22921,164601540
003470,유안타증권,2625,2665,40,1.52,113872,303070855
003475,유안타증권우,1930,1950,20,1.04,1570,3061360
011690,유양디앤유,5980,5870,-110,-1.84,319477,1894732530
072130,유엔젤,3445,3540,95,2.76,50984,178886010
000220,유유제약,11000,11000,0,0.0,19445,214731650
000225,유유제약1우,6870,6850,-20,-0.29,1093,7469760
000227,유유제약2우B,19000,19000,0,0.0,351,6604600
001200,유진투자증권,2065,2135,70,3.39,216037,459300635
000100,유한양행,221500,223000,1500,0.68,22576,5062220000
000105,유한양행우,204500,204000,-500,-0.24,104,21098500
003460,유화증권,12200,12250,50,0.41,739,9048950
003465,유화증권우,13200,13200,0,0.0,2024,26775350
008730,율촌화학,13850,13950,100,0.72,58915,819326500
008250,이건산업,7810,8150,340,4.35,65179,526113510
025820,이구산업,1565,1610,45,2.88,65418,105176570
214320,이노션,65100,66900,1800,2.76,45348,3028491500
088260,이리츠코크렙,6800,6830,30,0.44,78409,535281610
139480,이마트,109500,113500,4000,3.65,104052,11726229500
007660,이수페타시스,4300,4280,-20,-0.47,467148,1996970695
005950,이수화학,11600,11900,300,2.59,134753,1597350600
015020,이스타코,572,575,3,0.52,25679,14790650
093230,이아이디,263,265,2,0.76,4370861,1161929169
102460,이연제약,15800,15700,-100,-0.63,2227281,38564429500
084680,이월드,3205,3340,135,4.21,2949952,9932101890
000760,이화산업,15150,15150,0,0.0,542,8205300
014990,인디에프,3010,3110,100,3.32,1674369,5202156695
006490,인스코비,3045,3250,205,6.73,3340901,10545388020
023800,인지컨트롤스,4910,4975,65,1.32,52789,261271605
034590,인천도시가스,29200,29250,50,0.17,108,3149100
129260,인터지스,2100,2095,-5,-0.24,33890,70817525
023810,인팩,3840,3740,-100,-2.6,14342,53963345
249420,일동제약,16200,16250,50,0.31,114869,1889325400
000230,일동홀딩스,10750,10850,100,0.93,4610,49833950
013360,일성건설,1220,1345,125,10.25,1496325,2039043500
003120,일성신약,83400,83700,300,0.36,335,27756100
003200,일신방직,74500,74500,0,0.0,1208,89379000
007110,일신석재,2885,3000,115,3.99,4546693,13611920415
007570,일양약품,20000,20450,450,2.25,23268,476829650
007575,일양약품우,16450,16950,500,3.04,1275,21340850
008500,일정실업,19000,18650,-350,-1.84,210,3920650
081000,일진다이아,30400,31000,600,1.97,104549,3226153200
020760,일진디스플,3600,3605,5,0.14,48601,174654160
020150,일진머티리얼즈,36450,36750,300,0.82,197222,7260843250
103590,일진전기,3170,3150,-20,-0.63,20985,65870200
015860,일진홀딩스,5120,5060,-60,-1.17,165965,838126165
226320,잇츠한불,18700,19300,600,3.21,35183,681825050
033240,자화전자,9830,9910,80,0.81,81528,804134750
000950,전방,16100,16100,0,0.0,170,2701600
194370,제이에스코퍼레이션,14400,14350,-50,-0.35,9144,131192950
025620,제이준코스메틱,4205,4290,85,2.02,217983,939373470
030000,제일기획,24600,24800,200,0.81,217304,5363295650
271980,제일약품,32350,32650,300,0.93,31086,1018535600
001560,제일연마,6330,6340,10,0.16,759,4783140
002620,제일파마홀딩스,16050,16750,700,4.36,23864,396586550
006220,제주은행,4225,4250,25,0.59,14775,62659765
089590,제주항공,23000,24900,1900,8.26,378276,9283336800
004910,조광페인트,6220,6220,0,0.0,14937,93118020
004700,조광피혁,37700,37100,-600,-1.59,878,32638850
001550,조비,17900,18450,550,3.07,39739,733865800
000480,조선내화,85100,85400,300,0.35,772,65704400
120030,조선선재,82200,83500,1300,1.58,1288,105846000
018470,조일알미늄,728,722,-6,-0.82,47505,34574389
002600,조흥,151500,152000,500,0.33,28,4241000
185750,종근당,85300,85600,300,0.35,18846,1615197600
063160,종근당바이오,28950,29300,350,1.21,18422,536486250
001630,종근당홀딩스,88200,89000,800,0.91,19672,1758742200
044380,주연테크,380,386,6,1.58,507570,193187312
013870,지엠비코리아,5180,5130,-50,-0.97,59936,305854910
071320,지역난방공사,51200,50500,-700,-1.37,4886,246700100
010580,지코,818,822,4,0.49,481502,389142970
035000,지투알,6950,7000,50,0.72,1346,9327070
088790,진도,3850,3920,70,1.82,18929,73478865
003780,진양산업,3210,3340,130,4.05,53434,176815020
010640,진양폴리,2475,2560,85,3.43,45915,116675270
100250,진양홀딩스,2500,2520,20,0.8,29183,72943280
051630,진양화학,4600,4780,180,3.91,138329,657283110
272450,진에어,14600,15550,950,6.51,260325,4002435600
011000,진원생명과학,4200,4270,70,1.67,68354,290531020
002780,진흥기업,1960,1960,0,0.0,26698,52179735
002787,진흥기업2우B,13000,13050,50,0.38,1303,16913300
002785,진흥기업우B,5080,5090,10,0.2,3926,19736910
009310,참엔지니어링,1020,1040,20,1.96,22994,23809715
000650,천일고속,71900,71300,-600,-0.83,164,11741700
012600,청호컴넷,3000,3015,15,0.5,13698,41137680
033250,체시스,4465,4355,-110,-2.46,744162,3258096620
001140,카리스국보,4600,4475,-125,-2.72,491142,2206312345
035720,카카오,135000,134500,-500,-0.37,317555,42749097000
006380,카프로,3455,3520,65,1.88,33731,118390255
109070,컨버즈,3260,3260,0,0.0,0,0
001620,케이비아이동국실업,768,771,3,0.39,28971,22180778
029460,케이씨,13300,13850,550,4.14,67977,930542050
281820,케이씨텍,17500,19250,1750,10.0,395093,7404869000
145270,케이탑리츠,905,908,3,0.33,53274,48218790
007815,코리아써우,2865,2845,-20,-0.7,969,2744575
007810,코리아써키트,6960,6500,-460,-6.61,1156846,7526440600
00781K,코리아써키트2우B,4310,4370,60,1.39,26,113750
152330,코리아오토글라스,16300,16800,500,3.07,27530,459243250
003690,코리안리,7870,7970,100,1.27,58536,464439547
192820,코스맥스,69700,71000,1300,1.87,91531,6448726600
044820,코스맥스비티아이,13200,13500,300,2.27,9970,133558150
005070,코스모신소재,8300,8370,70,0.84,293646,2440020240
005420,코스모화학,6230,6350,120,1.93,181303,1154016570
071950,코아스,1315,1385,70,5.32,394728,539674255
002020,코오롱,16800,19750,2950,17.56,1737133,34361070150
003070,코오롱글로벌,8850,9180,330,3.73,52821,484378210
003075,코오롱글로벌우,17100,17850,750,4.39,80744,1512235350
144620,코오롱머티리얼,1410,1425,15,1.06,104850,149017800
002025,코오롱우,11250,12800,1550,13.78,910200,12510156750
120110,코오롱인더,41600,43350,1750,4.21,153005,6591017250
120115,코오롱인더우,20300,20650,350,1.72,13108,270113850
138490,코오롱플라스틱,4695,4795,100,2.13,90925,435516870
031820,콤텍시스템,1280,1280,0,0.0,374659,482707965
192400,쿠쿠홀딩스,110000,111000,1000,0.91,2764,307978000
284740,쿠쿠홈시스,39050,39250,200,0.51,14983,592736100
015590,큐로,882,908,26,2.95,295945,268750171
264900,크라운제과,8430,8570,140,1.66,4577,38956730
26490K,크라운제과우,7920,7940,20,0.25,8394,67006300
005740,크라운해태홀딩스,10400,10600,200,1.92,29613,312552750
005745,크라운해태홀딩스우,13600,13750,150,1.1,3922,53484050
020120,키다리스튜디오,4195,4140,-55,-1.31,127286,523441575
039490,키움증권,66100,67600,1500,2.27,54650,3677639400
012170,키위미디어그룹,150,150,0,0.0,0,0
015890,태경산업,5550,5580,30,0.54,31198,173627860
006890,태경화학,5050,5070,20,0.4,54248,275205020
003240,태광산업,1109000,1120000,11000,0.99,350,391492000
011280,태림포장,5070,5210,140,2.76,393634,2032201220
004100,태양금속,1030,1035,5,0.49,51876,53490765
004105,태양금속우,2860,2890,30,1.05,23402,66895180
009410,태영건설,12700,12700,0,0.0,47049,598459000
009415,태영건설우,7050,7070,20,0.28,6047,42733780
001420,태원물산,4190,4265,75,1.79,25727,108492870
007980,태평양물산,2770,2770,0,0.0,87886,242993730
055490,테이팩스,23400,23500,100,0.43,4932,115508750
078000,텔코웨어,13800,13900,100,0.72,5545,76735600
214420,토니모리,9660,9980,320,3.31,119902,1196546520
019180,티에이치엔,4580,4405,-175,-3.82,318397,1431682860
091810,티웨이항공,4835,5080,245,5.07,271894,1363751010
004870,티웨이홀딩스,1665,1730,65,3.9,636838,1087304310
005690,파미셀,8510,8400,-110,-1.29,1403762,12080472190
036580,팜스코,4880,4930,50,1.02,137422,675578780
028670,팬오션,4400,4715,315,7.16,2857466,13250638485
010820,퍼스텍,2130,2105,-25,-1.17,166221,352305955
016800,퍼시스,30450,30500,50,0.16,9216,280461350
001020,페이퍼코리아,650,653,3,0.46,87963,57327085
090080,평화산업,1285,1330,45,3.5,183524,240171095
010770,평화홀딩스,4065,4095,30,0.74,12246,50403845
058430,포스코강판,17800,18000,200,1.12,4741,84612000
047050,포스코인터내셔널,17900,18300,400,2.23,223213,4037093750
003670,포스코케미칼,41750,42750,1000,2.4,274831,11785910450
007630,폴루스바이오팜,1225,1225,0,0.0,0,0
017810,풀무원,9430,9400,-30,-0.32,23976,225364530
103140,풍산,21650,22400,750,3.46,57940,1292786000
005810,풍산홀딩스,33700,34100,400,1.19,11430,385231450
033180,필룩스,4200,5460,1260,30.0,49134969,250814025035
086790,하나금융지주,33650,35000,1350,4.01,1461750,50940242000
099340,하나니켈1호,448,450,2,0.45,218882,98181065
099350,하나니켈2호,1205,1235,30,2.49,546943,653697450
293480,하나제약,23400,23300,-100,-0.43,40505,942451550
039130,하나투어,42700,45750,3050,7.14,252129,11397711700
172580,하이골드12호,2815,2795,-20,-0.71,4980,13913150
153360,하이골드3호,1810,1800,-10,-0.55,95,170955
159650,하이골드8호,1890,1895,5,0.26,31801,60320265
071090,하이스틸,21250,22050,800,3.76,11002,241774750
019490,하이트론,3550,3555,5,0.14,3464,12309705
000080,하이트진로,27150,25850,-1300,-4.79,843360,22083659850
000087,하이트진로2우B,16850,16650,-200,-1.19,3793,62807000
000140,하이트진로홀딩스,10900,10800,-100,-0.92,59370,649476650
000145,하이트진로홀딩스우,17600,17400,-200,-1.14,16537,287214600
152550,한국ANKOR유전,1770,1775,5,0.28,4285,7592445
036460,한국가스공사,39100,40600,1500,3.84,165103,6645664100
005430,한국공항,38250,38750,500,1.31,2694,103838750
071050,한국금융지주,72200,73100,900,1.25,129225,9452067300
071055,한국금융지주우,42450,43000,550,1.3,2496,107558900
010040,한국내화,4880,5010,130,2.66,1676978,8486580385
025540,한국단자,42900,43550,650,1.52,9213,403495600
004090,한국석유,111500,107500,-4000,-3.59,8889,965984000
002960,한국쉘석유,329000,332000,3000,0.91,706,234241000
123890,한국자산신탁,3405,3400,-5,-0.15,129350,438788740
015760,한국전력,25300,25550,250,0.99,735037,18739784050
006200,한국전자홀딩스,719,718,-1,-0.14,21069,15144200
002300,한국제지,17700,17800,100,0.56,6477,114776650
009540,한국조선해양,127000,129500,2500,1.97,191090,24707728000
023350,한국종합기술,3955,3980,25,0.63,14564,58209600
025890,한국주강,1690,1725,35,2.07,26981,46169270
000970,한국주철관,10450,10550,100,0.96,35315,371906150
104700,한국철강,4700,4760,60,1.28,53644,253507475
017960,한국카본,8850,8970,120,1.36,291465,2610366760
161890,한국콜마,41400,42750,1350,3.26,195863,8294302600
024720,한국콜마홀딩스,20400,20800,400,1.96,54922,1136002650
161390,한국타이어앤테크놀로지,31000,31250,250,0.81,142171,4443674900
000240,한국테크놀로지그룹,13850,14000,150,1.08,19337,271226050
034830,한국토지신탁,2140,2150,10,0.47,309363,664125585
007280,한국특수형강,1365,1365,0,0.0,46131,62580910
168490,한국패러랠,2230,2230,0,0.0,3324,7412535
010100,한국프랜지,2170,2250,80,3.69,2380580,5430772195
047810,한국항공우주,38150,38400,250,0.66,181518,6956632250
123690,한국화장품,7730,7920,190,2.46,50908,402161520
003350,한국화장품제조,27550,27850,300,1.09,45842,1291005800
011500,한농화성,3960,4000,40,1.01,4203,16611980
002390,한독,21200,21500,300,1.42,16816,362569550
014790,한라,3125,3165,40,1.28,36585,115756985
060980,한라홀딩스,40250,40850,600,1.49,13084,535764650
053690,한미글로벌,8950,8890,-60,-0.67,20879,186985870
042700,한미반도체,6480,6800,320,4.94,158318,1067312560
008930,한미사이언스,39100,39500,400,1.02,160266,6354134900
128940,한미약품,286500,291000,4500,1.57,21766,6328704500
009240,한샘,56900,57400,500,0.88,109022,6247584500
020000,한섬,28350,29050,700,2.47,65233,1886673250
003680,한성기업,5640,5710,70,1.24,37965,218403570
105630,한세실업,18200,18350,150,0.82,102943,1891155750
069640,한세엠케이,4215,4210,-5,-0.12,17102,72204090
016450,한세예스24홀딩스,7370,7480,110,1.49,45910,341720490
010420,한솔PNS,1605,1645,40,2.49,244369,402068715
009180,한솔로지스틱스,1250,1255,5,0.4,109115,137831025
213500,한솔제지,15100,15450,350,2.32,62723,961497950
014680,한솔케미칼,85100,86500,1400,1.65,70689,6154729300
004710,한솔테크닉스,7110,7060,-50,-0.7,280910,1978495000
004150,한솔홀딩스,3980,4070,90,2.26,30713,124753570
025750,한솔홈데코,1180,1225,45,3.81,345628,421111185
004960,한신공영,15200,15550,350,2.3,9331,144170650
011700,한신기계,1635,1685,50,3.06,109154,183319540
001750,한양증권,7260,7360,100,1.38,7261,53008550
001755,한양증권우,8160,8140,-20,-0.25,822,6489080
018880,한온시스템,11600,11600,0,0.0,568607,6589957150
009420,한올바이오파마,31650,31800,150,0.47,490146,15885379100
014130,한익스프레스,5420,5380,-40,-0.74,53575,285678300
300720,한일시멘트,100500,100500,0,0.0,2128,214619500
002220,한일철강,2170,2170,0,0.0,23698,51044820
006390,한일현대시멘트,32800,33750,950,2.9,24658,826752800
003300,한일홀딩스,48950,48600,-350,-0.72,4702,230625900
051600,한전KPS,32700,33200,500,1.53,78949,2614307350
052690,한전기술,20750,21250,500,2.41,47654,1010007900
130660,한전산업,3400,3400,0,0.0,0,0
002320,한진,29200,29850,650,2.23,83006,2495794000
097230,한진중공업,4540,4580,40,0.88,80059,366863325
003480,한진중공업홀딩스,2785,2750,-35,-1.26,6524,17961825
180640,한진칼,30000,31100,1100,3.67,711617,21961289500
18064K,한진칼우,40200,41950,1750,4.35,180386,7585328200
005110,한창,3315,3435,120,3.62,15327169,53742525095
009460,한창제지,3045,3285,240,7.88,10854587,35229745070
000880,한화,23800,25100,1300,5.46,181027,4492476750
00088K,한화3우B,13750,13950,200,1.45,60199,837711350
027390,한화갤러리아타임월드,17550,17600,50,0.28,10779,189977800
088350,한화생명,2260,2340,80,3.54,5374973,12615873690
000370,한화손해보험,2995,3005,10,0.33,827846,2501812025
012450,한화에어로스페이스,41300,41600,300,0.73,185138,7707937310
000885,한화우,28450,28500,50,0.18,29231,839142100
009830,한화케미칼,17750,18250,500,2.82,752188,13725515750
009835,한화케미칼우,11900,12100,200,1.68,12681,151788650
003530,한화투자증권,2060,2115,55,2.67,256952,540055315
003535,한화투자증권우,2085,2100,15,0.72,3849,8092355
195870,해성디에스,14050,14400,350,2.49,167678,2396846000
101530,해태제과식품,7600,7860,260,3.42,20720,160574830
143210,핸즈코퍼레이션,7210,7170,-40,-0.55,29469,210391970
000720,현대건설,44500,45500,1000,2.25,345604,15680992450
267270,현대건설기계,29300,31700,2400,8.19,247155,7729100850
000725,현대건설우,161500,163500,2000,1.24,802,131285000
005440,현대그린푸드,10900,11200,300,2.75,80759,900242100
086280,현대글로비스,149500,151000,1500,1.0,50416,7654472000
064350,현대로템,18300,18900,600,3.28,367747,6920394750
079430,현대리바트,13300,13700,400,3.01,16844,230295450
012330,현대모비스,244000,240500,-3500,-1.43,189019,45885361000
010620,현대미포조선,46000,46550,550,1.2,118822,5572310500
069960,현대백화점,75700,76000,300,0.4,30088,2292953700
004560,현대비앤지스틸,9120,9200,80,0.88,15395,141199820
004565,현대비앤지스틸우,59100,59600,500,0.85,283,16730400
011760,현대상사,18000,18350,350,1.94,65469,1202443800
011200,현대상선,3425,3500,75,2.19,412811,1437775735
004310,현대약품,4920,4980,60,1.22,472593,2360454060
126560,현대에이치씨엔,3680,3730,50,1.36,37603,140379435
017800,현대엘리베이,78200,80500,2300,2.94,298252,24016691400
307950,현대오토에버,53200,53000,-200,-0.38,30704,1634267700
011210,현대위아,44200,44400,200,0.45,94503,4209778300
267260,현대일렉트릭,10450,10700,250,2.39,162153,1739298200
004020,현대제철,36450,37000,550,1.51,220681,8165818500
267250,현대중공업지주,347500,355500,8000,2.3,32006,11379881500
005380,현대차,126000,122000,-4000,-3.17,1260866,155596430000
005387,현대차2우B,81200,81100,-100,-0.12,47062,3810346200
005389,현대차3우B,72600,71500,-1100,-1.52,5805,416579800
005385,현대차우,73700,72900,-800,-1.09,24741,1811819000
001500,현대차증권,10550,10650,100,0.95,57671,616264350
227840,현대코퍼레이션홀딩스,11950,12400,450,3.77,135133,1659080400
001450,현대해상,25900,26650,750,2.9,274770,7360063200
057050,현대홈쇼핑,84700,84800,100,0.12,18350,1565306000
093240,형지엘리트,1325,1375,50,3.77,49646,67636605
003010,혜인,4730,4910,180,3.81,253820,1252978290
111110,호전실업,14650,14500,-150,-1.02,4441,65133500
008770,호텔신라,78800,79100,300,0.38,342229,27184961500
008775,호텔신라우,51200,51400,200,0.39,5024,257355800
002460,화성산업,12050,12100,50,0.41,26330,318309450
013520,화승알앤에이,1995,2005,10,0.5,70078,140276240
241590,화승엔터프라이즈,14850,14850,0,0.0,380786,5595486800
006060,화승인더,10600,10650,50,0.47,294481,3083551650
010690,화신,3465,3615,150,4.33,230954,825162620
133820,화인베스틸,3130,3425,295,9.42,1301179,4370804960
010660,화천기계,4535,3175,-1360,-29.99,22432078,83924705375
000850,화천기공,38500,38450,-50,-0.13,8648,332835500
016580,환인제약,16250,16450,200,1.23,17526,285916100
032560,황금에스티,7760,7880,120,1.55,25054,196909870
004800,효성,83400,84700,1300,1.56,48064,4070396100
094280,효성ITX,11000,11400,400,3.64,37552,423543350
298040,효성중공업,29700,30650,950,3.2,21197,647477950
298050,효성첨단소재,124500,125000,500,0.4,31865,3978951000
298020,효성티앤씨,162000,164500,2500,1.54,23788,3914051000
298000,효성화학,178500,179500,1000,0.56,16679,2967457500
093370,후성,8590,8640,50,0.58,1234271,10679245090
081660,휠라코리아,58100,58700,600,1.03,341741,20222041500
005870,휴니드,7030,6970,-60,-0.85,13305,92920650
079980,휴비스,5870,5970,100,1.7,49647,295060410
005010,휴스틸,10250,10400,150,1.46,12029,124596500
069260,휴켐스,22100,22500,400,1.81,44346,994467650
000540,흥국화재,3160,3190,30,0.95,25737,82431835
000547,흥국화재2우B,19500,19450,-50,-0.26,12,233750
000545,흥국화재우,4615,4640,25,0.54,1423,6607100
003280,흥아해운,405,404,-1,-0.25,225962,91483867
