티커,종목명,시가,종가,변동폭,등락률,거래량,거래대금
095570,AJ네트웍스,5390,5320,-70,-1.3,51445,273492120
068400,AJ렌터카,10450,11050,600,5.74,238185,2580681100
006840,AK홀딩스,44450,44500,50,0.11,20570,918826800
027410,BGF,7400,7340,-60,-0.81,84928,628851820
282330,BGF리테일,211000,206500,-4500,-2.13,13242,2767581500
138930,BNK금융지주,7490,7470,-20,-0.27,342044,2562892600
001460,BYC,236000,234500,-1500,-0.64,412,96633000
001465,BYC우,136000,135000,-1000,-0.74,32,4312000
001040,CJ,101000,101000,0,0.0,31535,3193632000
079160,CJCGV,37600,36900,-700,-1.86,97211,3615866200
000120,CJ대한통운,134500,136000,1500,1.12,62513,8461007000
011150,CJ씨푸드,2670,2615,-55,-2.06,598945,1587295550
011155,CJ씨푸드1우,32250,31850,-400,-1.24,2092,66743250
001045,CJ우,54900,54800,-100,-0.18,2992,164094500
097950,CJ제일제당,297000,298000,1000,0.34,18540,5495411000
097955,CJ제일제당우,128500,128500,0,0.0,698,89415500
037560,CJ헬로,6900,6910,10,0.14,69203,477395740
000590,CS홀딩스,62300,63100,800,1.28,100,6270700
012030,DB,914,911,-3,-0.33,360928,328810665
016610,DB금융투자,5230,5180,-50,-0.96,46251,241683220
005830,DB손해보험,59300,59300,0,0.0,42872,2550490800
000990,DB하이텍,14750,14900,150,1.02,760632,11230781550
000995,DB하이텍1우,40800,39400,-1400,-3.43,1926,76624250
139130,DGB금융지주,8150,8170,20,0.25,413533,3375132900
001530,DI동일,86700,87500,800,0.92,2350,203936200
004840,DRB동일,6060,6050,-10,-0.17,1358,8200120
155660,DSR,5050,5110,60,1.19,154341,793340510
069730,DSR제강,4975,5270,295,5.93,351120,1830775410
017940,E1,58200,58700,500,0.86,7030,412439700
007700,FF,89400,92100,2700,3.02,191469,17568621400
114090,GKL,20500,20700,200,0.98,153017,3175611350
078930,GS,51200,51300,100,0.2,61011,3131224800
006360,GS건설,40350,40500,150,0.37,225222,9183220300
001250,GS글로벌,2810,2935,125,4.45,735475,2125726785
007070,GS리테일,39300,38700,-600,-1.53,153311,5966376200
078935,GS우,37250,37100,-150,-0.4,1460,54225450
012630,HDC,15150,15400,250,1.65,165734,2557214350
039570,HDC아이콘트롤스,10400,10300,-100,-0.96,6794,70119550
089470,HDC현대EP,5580,5610,30,0.54,16398,91497380
294870,HDC현대산업개발,43500,43750,250,0.57,105050,4641324250
082740,HSD엔진,3725,3830,105,2.82,85054,321069070
003560,IHQ,1960,1945,-15,-0.77,1128389,2214845005
175330,JB금융지주,5910,6010,100,1.69,307322,1843797880
234080,JW생명과학,23150,23200,50,0.22,46439,1075673750
001060,JW중외제약,31400,31900,500,1.59,34230,1085339550
001067,JW중외제약2우B,42950,42350,-600,-1.4,187,7869300
001065,JW중외제약우,26850,26850,0,0.0,268,7167850
096760,JW홀딩스,6100,6150,50,0.82,37324,229917110
105560,KB금융,45850,46700,850,1.85,996172,46556068600
002380,KCC,275500,276000,500,0.18,8219,2276482500
009070,KCTC,3435,3500,65,1.89,68913,241927820
009440,KC그린홀딩스,4285,4270,-15,-0.35,50054,212563465
119650,KC코트렐,6650,6560,-90,-1.35,124491,822747830
092220,KEC,1190,1185,-5,-0.42,1953421,2333042500
001390,KG케미칼,12350,12550,200,1.62,43488,543683800
001940,KISCO홀딩스,14250,14200,-50,-0.35,8143,115685700
025000,KPX케미칼,58700,58800,100,0.17,1971,115802100
092230,KPX홀딩스,59300,59200,-100,-0.17,136,8038600
000040,KR모터스,540,531,-9,-1.67,223229,119033988
044450,KSS해운,7190,7180,-10,-0.14,14119,100927690
030200,KT,28350,28200,-150,-0.53,406117,11480689178
033780,KTG,98500,98200,-300,-0.3,214120,21070813400
030210,KTB투자증권,3120,3165,45,1.44,214298,675503885
058850,KTcs,2250,2255,5,0.22,65462,147244335
058860,KTis,2425,2410,-15,-0.62,34247,82525810
093050,LF,23000,23100,100,0.43,30495,708098650
003550,LG,76900,76700,-200,-0.26,104986,8110010200
034220,LG디스플레이,17850,17500,-350,-1.96,1637722,28598554450
001120,LG상사,17800,17900,100,0.56,123177,2233380050
051900,LG생활건강,1313000,1314000,1000,0.08,10845,14356583000
051905,LG생활건강우,806000,801000,-5000,-0.62,367,295151000
003555,LG우,49250,49100,-150,-0.3,2520,123672400
032640,LG유플러스,14500,14700,200,1.38,1375168,20172365550
011070,LG이노텍,109000,114000,5000,4.59,262224,29988305000
066570,LG전자,79300,76700,-2600,-3.28,1219190,93696075900
066575,LG전자우,33200,32400,-800,-2.41,34752,1130023500
108670,LG하우시스,61500,62000,500,0.81,17738,1110372200
108675,LG하우시스우,30400,30350,-50,-0.16,1294,39347000
051910,LG화학,354500,355000,500,0.14,113228,40306646000
051915,LG화학우,195500,196500,1000,0.51,2622,513589000
079550,LIG넥스원,31100,30650,-450,-1.45,139514,4252544000
006260,LS,47500,49600,2100,4.42,168404,8303347050
000680,LS네트웍스,3335,3305,-30,-0.9,6286,20894520
010120,LS산전,50500,51500,1000,1.98,103233,5313950300
229640,LS전선아시아,8670,8560,-110,-1.27,223347,1903654770
023150,MH에탄올,6360,6360,0,0.0,2151,13857720
035420,NAVER,114000,114500,500,0.44,306736,35229512500
181710,NHN,77300,72300,-5000,-6.47,224584,16370748600
005940,NH투자증권,14500,14700,200,1.38,440912,6481120650
005945,NH투자증권우,9410,9440,30,0.32,38885,366390730
034310,NICE,22700,22250,-450,-1.98,89736,1982943750
008260,NI스틸,2790,2800,10,0.36,75760,213020840
004250,NPC,3790,3730,-60,-1.58,13178,48906020
004255,NPC우,2275,2275,0,0.0,219,496050
010060,OCI,93300,96200,2900,3.11,133130,12697663700
005490,POSCO,244500,252000,7500,3.07,344856,86492817500
100840,STC,14700,15200,500,3.4,42020,640510250
064960,ST모티브,44600,43600,-1000,-2.24,28317,1240162700
003570,ST중공업,7100,7090,-10,-0.14,4375,30977760
036530,ST홀딩스,14350,14450,100,0.7,65638,942313550
010950,S-Oil,83700,84300,600,0.72,119866,10075936700
010955,S-Oil우,59400,59200,-200,-0.34,4510,267195600
034120,SBS,20100,20150,50,0.25,67437,1356356850
101060,SBS미디어홀딩스,2265,2265,0,0.0,27373,62059175
004060,SG세계물산,1070,1085,15,1.4,6980851,7527595955
001380,SG충방,2310,2300,-10,-0.43,848132,1968326465
002360,SH에너지화학,1260,1235,-25,-1.98,1565311,1944660580
009160,SIMPAC,3150,3240,90,2.86,260824,843318350
123700,SJM,3535,3480,-55,-1.56,4736,16504145
025530,SJM홀딩스,3290,3280,-10,-0.3,3937,12940525
034730,SK,232000,232000,0,0.0,52439,12212195000
011790,SKC,39600,39100,-500,-1.26,466775,18477874200
018670,SK가스,78400,79100,700,0.89,5340,423052300
001740,SK네트웍스,5060,5220,160,3.16,1383429,7188269210
001745,SK네트웍스우,92000,90500,-1500,-1.63,3634,329613500
006120,SK디스커버리,27350,27450,100,0.37,26644,733212900
006125,SK디스커버리우,17800,17800,0,0.0,13544,241861850
210980,SK디앤디,28050,28050,0,0.0,7087,200325700
03473K,SK우,144500,144500,0,0.0,1543,221156000
096770,SK이노베이션,159000,161500,2500,1.57,157429,25388723000
096775,SK이노베이션우,119000,119500,500,0.42,5959,706916000
001510,SK증권,723,725,2,0.28,912127,664239350
001515,SK증권우,3405,3415,10,0.29,24263,82525675
285130,SK케미칼,57500,58300,800,1.39,25969,1526749300
28513K,SK케미칼우,24300,24500,200,0.82,4236,103569450
017670,SK텔레콤,259000,257000,-2000,-0.77,93123,24038817000
000660,SK하이닉스,69500,70000,500,0.72,3538183,248752674550
005610,SPC삼립,98100,99900,1800,1.83,10305,1034788800
011810,STX,11500,11550,50,0.43,64901,760525700
077970,STX엔진,7350,7470,120,1.63,456062,3595047260
071970,STX중공업,3925,3905,-20,-0.51,71229,280908875
084870,TBH글로벌,2975,3040,65,2.18,327949,1003126285
002710,TCC스틸,2490,2410,-80,-3.21,60911,149196910
024070,WISCOM,2680,2685,5,0.19,3745,10021975
037270,YGPLUS,1375,1360,-15,-1.09,21580,29345060
000500,가온전선,19200,19450,250,1.3,5337,102472950
000860,강남제비스코,26000,26050,50,0.19,5269,136468700
035250,강원랜드,30250,30300,50,0.17,144385,4388481050
011420,갤럭시아에스엠,2130,2160,30,1.41,1019093,2255303695
002100,경농,17500,18000,500,2.86,594890,10840408050
009450,경동나비엔,41600,42050,450,1.08,46098,1950816550
267290,경동도시가스,30750,30700,-50,-0.16,5604,172204750
012320,경동인베스트,40700,40850,150,0.37,2823,115925300
000050,경방,10450,10400,-50,-0.48,2316,24209950
214390,경보제약,9790,9830,40,0.41,21737,212808870
012610,경인양행,6260,6700,440,7.03,3461289,22999465650
009140,경인전자,25000,24400,-600,-2.4,5262,128207500
013580,계룡건설,27750,28150,400,1.44,14719,415622950
012200,계양전기,3465,3510,45,1.3,26769,93683075
012205,계양전기우,8590,8720,130,1.51,29548,261217540
004200,고려개발,4985,4930,-55,-1.1,14894,74644420
002140,고려산업,3305,3165,-140,-4.24,1674916,5539898880
010130,고려아연,476000,455000,-21000,-4.41,67563,30969846500
002240,고려제강,26250,26900,650,2.48,10399,280752100
009290,광동제약,7490,7470,-20,-0.27,844892,6341962390
017040,광명전기,2500,2585,85,3.4,374421,968474045
017900,광전자,2670,2630,-40,-1.5,119083,315697600
037710,광주신세계,183500,184000,500,0.27,399,72844000
030610,교보증권,11000,10850,-150,-1.36,35050,385156550
007690,국도화학,46350,46150,-200,-0.43,2155,99669700
005320,국동,2095,2125,30,1.43,2158854,4544046405
001140,국보,5390,5200,-190,-3.53,2455541,12747376775
002720,국제약품,4500,4480,-20,-0.44,380112,1727276700
083420,그린케미칼,3785,3680,-105,-2.77,25162,93884285
014530,극동유화,3570,3600,30,0.84,91918,331063965
014280,금강공업,4510,4480,-30,-0.67,149108,677760510
014285,금강공업우,12500,11500,-1000,-8.0,49652,582031700
008870,금비,69400,67700,-1700,-2.45,519,35344400
001570,금양,2295,2335,40,1.74,30844,71757180
002990,금호산업,14100,14050,-50,-0.35,69429,973957250
002995,금호산업우,56000,56000,0,0.0,23059,1271741600
011780,금호석유,97400,96800,-600,-0.62,64775,6286198300
011785,금호석유우,37700,37500,-200,-0.53,2715,101865450
214330,금호에이치티,5570,5480,-90,-1.62,43279,235981480
001210,금호전기,3430,3460,30,0.87,33166,113342370
073240,금호타이어,3970,3990,20,0.5,211629,847066040
092440,기신정기,4375,4480,105,2.4,161907,723396910
000270,기아차,44000,42900,-1100,-2.5,763111,32905812750
024110,기업은행,14050,14100,50,0.36,446892,6305060950
013700,까뮤이앤씨,1305,1315,10,0.77,145157,191555255
004540,깨끗한나라,2415,2260,-155,-6.42,734144,1676883790
004545,깨끗한나라우,15900,15300,-600,-3.77,45530,694151700
074610,나노메딕스,8960,9310,350,3.91,1655981,14971266190
001260,남광토건,13300,14200,900,6.77,131377,1859018000
008350,남선알미늄,3540,3580,40,1.13,2085718,7479312015
008355,남선알미우,36700,36200,-500,-1.36,7689,280277300
004270,남성,3485,3565,80,2.3,9733643,35900840610
003920,남양유업,563000,562000,-1000,-0.18,255,144593000
003925,남양유업우,208000,208500,500,0.24,1,208500
002070,남영비비안,6800,6870,70,1.03,1513,10338540
025860,남해화학,10800,11200,400,3.7,355604,4022265700
005720,넥센,6590,6470,-120,-1.82,20599,134558880
005725,넥센우,3855,3865,10,0.26,3061,11760420
002350,넥센타이어,9750,9620,-130,-1.33,69957,675437700
002355,넥센타이어1우B,4170,4165,-5,-0.12,0,0
003580,넥스트사이언스,3820,4180,360,9.42,1662882,6900168010
251270,넷마블,113000,100500,-12500,-11.06,1322257,136455227500
090350,노루페인트,7790,7920,130,1.67,71081,559360380
090355,노루페인트우,12250,11800,-450,-3.67,5061,60487050
000320,노루홀딩스,12450,12350,-100,-0.8,3389,41716800
000325,노루홀딩스우,19650,19350,-300,-1.53,1045,20156200
006280,녹십자,121500,125500,4000,3.29,53888,6767865000
005250,녹십자홀딩스,21700,21900,200,0.92,26376,580032250
005257,녹십자홀딩스2우,17000,17000,0,0.0,713,12179700
004370,농심,254000,250000,-4000,-1.57,8853,2222826500
072710,농심홀딩스,88800,89900,1100,1.24,1496,134290100
058730,다스코,6800,7020,220,3.24,85118,596640260
023590,다우기술,21700,21800,100,0.46,80176,1760567500
019680,대교,6270,6210,-60,-0.96,22538,140973740
019685,대교우B,4610,4560,-50,-1.08,3594,16334125
006370,대구백화점,6900,6970,70,1.01,2183,15015670
008060,대덕전자,11800,10850,-950,-8.05,1460812,16123484350
00806K,대덕전자1우,6400,6290,-110,-1.72,20418,128879050
000490,대동공업,6020,6130,110,1.83,44779,273535340
008110,대동전자,4740,4945,205,4.32,52910,257756540
005750,대림BCo,4615,4615,0,0.0,4143,18993770
000210,대림산업,115000,114000,-1000,-0.87,81696,9367617500
000215,대림산업우,46000,45450,-550,-1.2,4914,224318700
004440,대림씨엔에스,9950,10100,150,1.51,30052,301343890
006570,대림통상,4250,4285,35,0.82,799,3377435
001680,대상,24250,24400,150,0.62,58982,1441157800
001685,대상우,13400,13500,100,0.75,847,11372400
084690,대상홀딩스,7260,7360,100,1.38,4049,29730850
084695,대상홀딩스우,6010,6060,50,0.83,246,1480580
128820,대성산업,5010,5100,90,1.8,61430,312747610
117580,대성에너지,5520,5560,40,0.72,2436,13520860
016710,대성홀딩스,8000,7850,-150,-1.88,2123,16835320
003540,대신증권,13850,13950,100,0.72,131590,1828971150
003547,대신증권2우B,8800,8810,10,0.11,16529,145495080
003545,대신증권우,9490,9510,20,0.21,22630,215612570
009190,대양금속,7620,7830,210,2.76,29796,232612630
014160,대영포장,1335,1340,5,0.37,2180013,2930399515
047040,대우건설,4940,5010,70,1.42,550831,2762346255
009320,대우부품,2465,2380,-85,-3.45,1219390,2918282350
042660,대우조선해양,32700,32450,-250,-0.76,134115,4387387850
003090,대웅,17050,16850,-200,-1.17,14550,245626650
069620,대웅제약,150000,151500,1500,1.0,18851,2833782000
000430,대원강업,4560,4535,-25,-0.55,33247,151089645
006340,대원전선,1370,1435,65,4.74,605893,870258125
006345,대원전선우,3385,3450,65,1.92,26413,91851320
003220,대원제약,15800,15900,100,0.63,12769,203026050
024890,대원화성,1740,1755,15,0.86,65311,114514235
002880,대유에이텍,1080,1075,-5,-0.46,425181,458852125
000300,대유플러스,907,907,0,0.0,304351,276214712
012800,대창,1405,1345,-60,-4.27,2869682,3935263445
015230,대창단조,40000,40600,600,1.5,2887,116642350
001070,대한방직,21500,21150,-350,-1.63,11898,258906300
006650,대한유화,130000,129500,-500,-0.38,39767,5181377000
001440,대한전선,709,712,3,0.42,1570989,1120800936
084010,대한제강,8240,8000,-240,-2.91,78179,629624450
001790,대한제당,22050,22100,50,0.23,4192,92062500
001799,대한제당3우B,23450,23500,50,0.21,864,20153400
001795,대한제당우,13150,13000,-150,-1.14,5886,76286100
001130,대한제분,197500,199000,1500,0.76,927,184250000
003490,대한항공,28950,29000,50,0.17,408408,11856208850
003495,대한항공우,16750,16550,-200,-1.19,28252,473812300
005880,대한해운,26950,27000,50,0.19,89829,2421342350
003830,대한화섬,107000,106500,-500,-0.47,94,9999000
016090,대현,2550,2525,-25,-0.98,31716,79913750
069460,대호에이엘,4995,4855,-140,-2.8,641164,3211772740
192080,더블유게임즈,61900,61100,-800,-1.29,76998,4693860700
012510,더존비즈온,62200,61100,-1100,-1.77,104574,6433718000
004830,덕성,3200,3225,25,0.78,610481,1967630365
004835,덕성우,4170,3975,-195,-4.68,334353,1335269155
024900,덕양산업,1465,1565,100,6.83,1174951,1802211655
145720,덴티움,73500,74500,1000,1.36,14241,1057902200
002150,도화엔지니어링,11150,11450,300,2.69,260820,3003688950
001230,동국제강,6710,6780,70,1.04,102856,699461580
023450,동남합성,25250,24100,-1150,-4.55,212,5228100
004140,동방,1950,2035,85,4.36,433852,874439105
007590,동방아그로,7300,7310,10,0.14,23834,175793180
005960,동부건설,10750,10750,0,0.0,173317,1859466650
005965,동부건설우,18550,19150,600,3.23,5493,104545350
016380,동부제철,6820,6910,90,1.32,10168,69587970
016385,동부제철우,34950,34950,0,0.0,1831,63603250
083370,동북아12호,5030,5030,0,0.0,0,0
083380,동북아13호,5030,5030,0,0.0,0,0
026960,동서,19250,19050,-200,-1.04,57617,1102289050
002210,동성제약,20700,20850,150,0.72,1054627,22168095800
102260,동성코퍼레이션,5900,5910,10,0.17,27932,164346800
005190,동성화학,16900,16850,-50,-0.3,13555,229685500
000640,동아쏘시오홀딩스,97300,97700,400,0.41,6072,596681700
170900,동아에스티,101500,102500,1000,0.99,7935,818886500
028100,동아지질,24800,27500,2700,10.89,1490182,40698177800
282690,동아타이어,13500,13300,-200,-1.48,3951,52494750
001520,동양,1800,1805,5,0.28,120167,218399050
001527,동양2우B,10700,10600,-100,-0.93,97,1036100
001529,동양3우B,30800,30800,0,0.0,414,12868350
084670,동양고속,26250,25950,-300,-1.14,719,18750400
030790,동양네트웍스,1940,1910,-30,-1.55,1445872,2742606160
002900,동양물산,1800,1860,60,3.33,397736,735587835
082640,동양생명,4365,4400,35,0.8,61959,270073750
001525,동양우,8480,8660,180,2.12,51,441190
008970,동양철관,1525,1550,25,1.64,3542286,5517098520
092780,동양피스톤,5460,5190,-270,-4.95,154150,811309170
049770,동원FB,281000,277000,-4000,-1.42,9318,2581586000
018500,동원금속,850,859,9,1.06,209420,177251776
006040,동원산업,250000,242500,-7500,-3.0,2214,540789500
030720,동원수산,8510,8510,0,0.0,40729,346669070
014820,동원시스템즈,43050,43350,300,0.7,46163,2019120450
014825,동원시스템즈우,32000,31000,-1000,-3.13,2406,75656950
163560,동일고무벨트,6430,6440,10,0.16,10672,68388900
004890,동일산업,61200,61500,300,0.49,1334,82141300
002690,동일제강,3005,3095,90,3.0,42283,130507915
000020,동화약품,9680,9710,30,0.31,31341,305810570
000150,두산,100500,99500,-1000,-1.0,43261,4323632500
000157,두산2우B,77500,77100,-400,-0.52,43,3317700
011160,두산건설,1420,1435,15,1.06,128378,182863360
241560,두산밥캣,36400,36250,-150,-0.41,170656,6139243000
000155,두산우,75700,75400,-300,-0.4,1998,151402700
042670,두산인프라코어,6220,6250,30,0.48,1558470,9765025890
034020,두산중공업,6200,6300,100,1.61,806778,5086804960
016740,두올,3485,3480,-5,-0.14,73093,255287245
192650,드림텍,8900,8030,-870,-9.78,1668663,13786820930
024090,디씨엠,12400,12350,-50,-0.4,3991,49400450
003160,디아이,3990,3980,-10,-0.25,100350,399378125
092200,디아이씨,3115,3120,5,0.16,184909,575358070
013570,디와이,5790,5790,0,0.0,38395,223145900
210540,디와이파워,14350,13900,-450,-3.14,61686,866601850
007340,디티알오토모티브,32900,33450,550,1.67,3106,103185600
026890,디피씨,5180,5240,60,1.16,634034,3311812570
115390,락앤락,15600,15550,-50,-0.32,58344,908974550
032350,롯데관광개발,13000,13200,200,1.54,115395,1524056800
000400,롯데손해보험,2370,2370,0,0.0,90926,215188255
023530,롯데쇼핑,160500,165500,5000,3.12,74663,12253487000
004000,롯데정밀화학,52800,53100,300,0.57,44234,2354101900
286940,롯데정보통신,41050,40050,-1000,-2.44,133467,5326116450
280360,롯데제과,172500,172500,0,0.0,2904,493363500
004990,롯데지주,44000,44150,150,0.34,76400,3372136250
00499K,롯데지주우,52100,52100,0,0.0,3817,198268200
005300,롯데칠성,171500,170000,-1500,-0.87,8442,1445512500
005305,롯데칠성우,80300,80000,-300,-0.37,353,28059200
011170,롯데케미칼,252500,256000,3500,1.39,86010,22166196500
002270,롯데푸드,588000,581000,-7000,-1.19,1609,937596000
071840,롯데하이마트,43700,44200,500,1.14,21728,958646850
027740,마니커,1135,1085,-50,-4.41,5055905,5544519605
204320,만도,29500,29850,350,1.19,286926,8522420250
001080,만호제강,19400,19050,-350,-1.8,13106,250892150
088980,맥쿼리인프라,11800,11750,-50,-0.42,597768,7046430300
094800,맵스리얼티1,4390,4400,10,0.23,45452,199604375
015540,메디파트너생명공학,7240,7300,60,0.83,56156,406469040
138040,메리츠금융지주,14650,14450,-200,-1.37,33479,483663350
008560,메리츠종금증권,5360,5450,90,1.68,946064,5156827540
000060,메리츠화재,20700,20400,-300,-1.45,79436,1629553950
090370,메타랩스,1715,1740,25,1.46,279989,484314595
017180,명문제약,5180,5230,50,0.97,130267,681186770
012690,모나리자,3335,3305,-30,-0.9,122118,403621385
005360,모나미,2595,2590,-5,-0.19,40068,103282400
204210,모두투어리츠,3000,2995,-5,-0.17,11837,35538190
009680,모토닉,10750,10650,-100,-0.93,78196,837356350
009580,무림PP,5140,5180,40,0.78,73207,378670860
009200,무림페이퍼,3195,3190,-5,-0.16,50025,159219445
033920,무학,11100,11200,100,0.9,27885,312861750
008420,문배철강,3200,3295,95,2.97,980190,3251372255
025560,미래산업,175,176,1,0.57,24785978,4350112070
007120,미래아이앤지,379,366,-13,-3.43,403194,148732935
006800,미래에셋대우,8180,8180,0,0.0,1262271,10354940430
00680K,미래에셋대우2우B,4145,4130,-15,-0.36,187920,779273515
006805,미래에셋대우우,4880,4895,15,0.31,61720,301246940
085620,미래에셋생명,4400,4465,65,1.48,17939,79702720
002840,미원상사,47250,47400,150,0.32,728,34448700
268280,미원에스씨,76800,75600,-1200,-1.56,2651,200232500
107590,미원홀딩스,42600,42750,150,0.35,398,16965900
134380,미원화학,42200,41600,-600,-1.42,1510,63415300
003650,미창석유,77700,78700,1000,1.29,529,41336600
155900,바다로19호,3000,3000,0,0.0,2475,7392960
003610,방림,2220,2225,5,0.23,13584,30125005
001340,백광산업,2950,2985,35,1.19,203167,604667380
014580,백광소재,3705,3830,125,3.37,2164646,8277326660
035150,백산,9320,8700,-620,-6.65,256756,2287493110
002410,범양건영,1830,1830,0,0.0,147153,270024765
096300,베트남개발1,422,420,-2,-0.47,192242,80633459
007210,벽산,2325,2320,-5,-0.22,219111,505551140
002760,보락,2240,2290,50,2.23,621817,1437539845
003850,보령제약,11600,11800,200,1.72,211072,2487184150
000890,보해양조,1280,1275,-5,-0.39,2296788,2900412115
003000,부광약품,17500,17750,250,1.43,85014,1504212200
001270,부국증권,21100,21150,50,0.24,2830,59437750
001275,부국증권우,19100,19150,50,0.26,37,706750
026940,부국철강,3765,4095,330,8.76,1679387,6882410890
015350,부산가스,37800,37500,-300,-0.79,456,17186450
011390,부산산업,124000,137000,13000,10.48,75580,10461418500
005030,부산주공,601,602,1,0.17,211963,127071887
100220,비상교육,9130,9880,750,8.21,493739,4856791810
101140,비티원,4280,4120,-160,-3.74,207620,879268315
005180,빙그레,68300,68500,200,0.29,8998,618473300
003960,사조대림,20100,20000,-100,-0.5,25085,501916750
008040,사조동아원,1365,1385,20,1.47,2292697,3186549080
007160,사조산업,51400,51600,200,0.39,5709,292484400
014710,사조씨푸드,6290,6220,-70,-1.11,24641,153582310
006090,사조오양,8020,7990,-30,-0.37,8450,67300420
005090,삼광글라스,35900,36550,650,1.81,3960,143609650
001470,삼부토건,880,903,23,2.61,336354,301623310
006400,삼성SDI,236500,238000,1500,0.63,156413,37111240500
006405,삼성SDI우,91200,91100,-100,-0.11,12779,1160638500
006660,삼성공조,10450,10350,-100,-0.96,1659,17172600
028260,삼성물산,95700,96000,300,0.31,202151,19506408200
02826K,삼성물산우B,70700,71000,300,0.42,561,39866200
207940,삼성바이오로직스,320000,321000,1000,0.31,39226,12588181000
032830,삼성생명,83600,84100,500,0.6,66315,5577253000
018260,삼성에스디에스,215000,213500,-1500,-0.7,38086,8202260500
028050,삼성엔지니어링,17150,17300,150,0.87,362615,6257751300
009150,삼성전기,97800,99900,2100,2.15,1270707,125578056200
009155,삼성전기우,43500,44100,600,1.38,10745,468140300
005930,삼성전자,47000,46600,-400,-0.85,11383522,531568615560
005935,삼성전자우,38250,38350,100,0.26,836761,32022188450
001360,삼성제약,2545,2565,20,0.79,187474,481273730
010140,삼성중공업,8160,8170,10,0.12,1591436,13025587410
010145,삼성중공우,60800,60100,-700,-1.15,897,54261500
016360,삼성증권,39100,38850,-250,-0.64,268399,10441799700
068290,삼성출판사,17000,17050,50,0.29,90623,1538354700
029780,삼성카드,38200,37900,-300,-0.79,53526,2027968850
000810,삼성화재,268000,269000,1000,0.37,49274,13298568500
000815,삼성화재우,191500,191000,-500,-0.26,4318,827338000
006110,삼아알미늄,4900,4910,10,0.2,22560,110495580
145990,삼양사,54600,56400,1800,3.3,10153,570264700
145995,삼양사우,36650,36850,200,0.55,133,4880750
003230,삼양식품,70100,70100,0,0.0,19991,1408544900
002170,삼양통상,66000,66800,800,1.21,4222,282409900
272550,삼양패키징,17350,17550,200,1.15,7311,127832550
000070,삼양홀딩스,73700,74000,300,0.41,10405,777723100
000075,삼양홀딩스우,49950,50000,50,0.1,519,26023250
002810,삼영무역,16200,16100,-100,-0.62,21771,350918150
005680,삼영전자,11500,11550,50,0.43,20834,239693700
003720,삼영화학,1175,1170,-5,-0.43,87382,103075610
023000,삼원강재,3000,2995,-5,-0.17,6954,20843770
004380,삼익THK,12100,12150,50,0.41,37414,455609700
002450,삼익악기,1935,1910,-25,-1.29,113051,217222060
000520,삼일제약,25500,27900,2400,9.41,281644,7719283500
009770,삼정펄프,32950,32950,0,0.0,230,7562700
005500,삼진제약,30000,30700,700,2.33,35395,1081534700
004690,삼천리,93500,94200,700,0.75,1501,141120400
001880,삼호,25500,24000,-1500,-5.88,33138,801559600
010960,삼호개발,5380,5350,-30,-0.56,119646,647673800
004450,삼화왕관,45950,46000,50,0.11,26,1189450
009470,삼화전기,16500,16500,0,0.0,26122,432219400
011230,삼화전자,3160,3070,-90,-2.85,107403,335193840
001820,삼화콘덴서,51600,52200,600,1.16,105578,5512524100
000390,삼화페인트,5590,5570,-20,-0.36,4225,23427990
001290,상상인증권,2370,2390,20,0.84,53964,128428820
041650,상신브레이크,4045,4000,-45,-1.11,14064,56617315
075180,새론오토모티브,5350,5400,50,0.93,4341,23272720
007540,샘표,43650,41450,-2200,-5.04,50879,2112791150
248170,샘표식품,32200,32100,-100,-0.31,25758,823853100
007860,서연,5030,4995,-35,-0.7,409199,2016956440
200880,서연이화,6430,6250,-180,-2.8,97307,605511520
017390,서울가스,77200,77500,300,0.39,36,2781000
004410,서울식품,201,206,5,2.49,1285379,261822877
004415,서울식품우,4075,4095,20,0.49,8951,36475275
021050,서원,1265,1240,-25,-1.98,467024,587849670
008490,서흥,33900,34250,350,1.03,19510,667990100
007610,선도전기,3850,4055,205,5.32,246851,990773430
136490,선진,11350,11100,-250,-2.2,20017,224132800
002820,선창산업,5050,5110,60,1.19,5348,27183330
014910,성문전자,2690,2730,40,1.49,66394,180420015
014915,성문전자우,13700,13450,-250,-1.82,10416,139781450
003080,성보화학,5120,5160,40,0.78,11439,58997610
004980,성신양회,9780,10150,370,3.78,523503,5332281350
004985,성신양회우,11650,12000,350,3.0,34107,411259700
011300,성안,567,575,8,1.41,78091,44405237
000180,성창기업지주,1985,1985,0,0.0,75067,147906925
002420,세기상사,65600,64800,-800,-1.22,1729,112076400
004360,세방,14150,14400,250,1.77,5991,85439800
004365,세방우,7110,7200,90,1.27,801,5847200
004490,세방전지,42750,42000,-750,-1.75,13046,552700850
001430,세아베스틸,18400,18450,50,0.27,23589,434538750
306200,세아제강,71300,72800,1500,2.1,5114,370442500
003030,세아제강지주,57200,58500,1300,2.27,2846,165705300
019440,세아특수강,14800,14750,-50,-0.34,8846,130170350
058650,세아홀딩스,92900,93200,300,0.32,55,5115300
013000,세우글로벌,1850,1895,45,2.43,536464,1005486735
091090,세원셀론텍,3365,3430,65,1.93,178257,609895195
021820,세원정공,8520,8500,-20,-0.23,4996,42435940
067830,세이브존IC,3925,3955,30,0.76,18748,73880375
033530,세종공업,5860,5710,-150,-2.56,235769,1339706360
075580,세진중공업,5280,5130,-150,-2.84,69122,358049810
027970,세하,1450,1470,20,1.38,28516,41430510
145210,세화아이엠씨,2990,2990,0,0.0,0,0
068270,셀트리온,205500,208000,2500,1.22,381740,79173488000
004430,송원산업,22250,22550,300,1.35,265486,6016340450
017550,수산중공업,1715,1725,10,0.58,319882,554767515
002200,수출포장,21400,21500,100,0.47,1927,41392900
053210,스카이라이프,10550,10700,150,1.42,12808,136148400
134790,시디즈,42350,42500,150,0.35,1601,68066950
016590,신대양제지,82400,81000,-1400,-1.7,11995,973185800
029530,신도리코,47250,47500,250,0.53,4161,196849600
004970,신라교역,14050,13950,-100,-0.71,14531,203373850
011930,신성이엔지,1265,1300,35,2.77,566324,727399870
005390,신성통상,1080,1100,20,1.85,685513,746276335
004170,신세계,301000,306500,5500,1.83,38614,11856313500
035510,신세계IC,121500,120500,-1000,-0.82,3418,410634000
034300,신세계건설,31450,30800,-650,-2.07,15743,484488750
031430,신세계인터내셔날,213000,215000,2000,0.94,66321,14343523500
031440,신세계푸드,85600,85900,300,0.35,3561,305809600
006880,신송홀딩스,5430,5390,-40,-0.74,425698,2285172640
005800,신영와코루,119500,120000,500,0.42,59,7099000
001720,신영증권,60200,60000,-200,-0.33,1582,94957400
001725,신영증권우,54200,54300,100,0.18,409,22141100
009270,신원,2260,2500,240,10.62,16901524,42422818475
009275,신원우,57000,61200,4200,7.37,40978,2555582300
002700,신일산업,2090,2145,55,2.63,12067266,26119722385
019170,신풍제약,6720,6870,150,2.23,158692,1084692580
019175,신풍제약우,6270,6250,-20,-0.32,6875,42845480
002870,신풍제지,1420,1410,-10,-0.7,280043,393808905
005450,신한,4945,4945,0,0.0,0,0
293940,신한알파리츠,6780,6820,40,0.59,84470,576218880
055550,신한지주,44900,45050,150,0.33,1149074,51846378750
001770,신화실업,22800,22750,-50,-0.22,2960,67203250
004080,신흥,10000,10000,0,0.0,237,2365630
102280,쌍방울,1075,1130,55,5.12,3622411,4111296800
003410,쌍용양회,6300,6300,0,0.0,1045495,6677003080
003415,쌍용양회우,6490,6570,80,1.23,28811,189547340
003620,쌍용차,4045,3960,-85,-2.1,241164,961254060
004770,써니전자,3265,3400,135,4.13,2229541,7463646705
004920,씨아이테크,533,523,-10,-1.88,1343242,721986631
112610,씨에스윈드,42900,42150,-750,-1.75,32666,1372979400
008700,아남전자,2880,2860,-20,-0.69,1080520,3122697270
002790,아모레G,62300,62900,600,0.96,82874,5233498000
002795,아모레G우,26500,27100,600,2.26,7809,211255200
090430,아모레퍼시픽,164500,164000,-500,-0.3,230858,38420821000
090435,아모레퍼시픽우,86200,87800,1600,1.86,4274,374193300
002030,아세아,113000,114500,1500,1.33,1895,215162500
183190,아세아시멘트,95600,99300,3700,3.87,8596,854276500
002310,아세아제지,38500,37500,-1000,-2.6,39999,1512093250
267850,아시아나IDT,22000,22400,400,1.82,492486,10833967450
020560,아시아나항공,5490,5500,10,0.18,2006986,11019181180
122900,아이마켓코리아,11750,11500,-250,-2.13,180392,2050119350
010780,아이에스동서,38650,37900,-750,-1.94,53681,2048606550
033660,아주캐피탈,11250,11200,-50,-0.44,37382,419243200
001780,알루코,2900,2890,-10,-0.34,155310,450488990
018250,애경산업,37000,38100,1100,2.97,153812,5826615300
161000,애경유화,7780,7920,140,1.8,97978,774575570
011090,에넥스,1350,1345,-5,-0.37,176916,236612315
005850,에스엘,23700,23750,50,0.21,31415,747462100
012750,에스원,97600,98400,800,0.82,38369,3793244800
023960,에쓰씨엔지니어링,1645,1665,20,1.22,79074,130239145
298690,에어부산,6180,6190,10,0.16,366571,2265317990
140910,에이리츠,6080,6110,30,0.49,7848,47862250
078520,에이블씨엔씨,11550,11900,350,3.03,193279,2340727650
015260,에이엔피,455,466,11,2.42,256429,119260697
007460,에이프로젠KIC,2740,2850,110,4.01,2708555,7630702000
003060,에이프로젠제약,1245,1280,35,2.81,566943,717422000
036570,엔씨소프트,477000,468000,-9000,-1.89,47799,22455120500
138250,엔에스쇼핑,12000,12000,0,0.0,39797,475342850
085310,엔케이,1375,1325,-50,-3.64,530319,703719695
009810,엔케이물산,1365,1380,15,1.1,1707650,2345931265
900140,엘브이엠씨홀딩스,2945,2975,30,1.02,87780,259535455
014440,영보화학,3900,3915,15,0.38,15412,59758820
111770,영원무역,37300,38100,800,2.14,130567,4977567250
009970,영원무역홀딩스,60800,60200,-600,-0.99,1976,119299400
003520,영진약품,5070,5160,90,1.78,461971,2386208660
000670,영풍,720000,700000,-20000,-2.78,192948,135077736000
006740,영풍제지,3435,3430,-5,-0.15,39023,132881915
012280,영화금속,1510,1550,40,2.65,643753,983099600
012160,영흥철강,1365,1385,20,1.47,259385,356562795
015360,예스코홀딩스,41900,41500,-400,-0.95,1135,47185950
007310,오뚜기,685000,681000,-4000,-0.58,2627,1796071000
079440,오렌지라이프,31650,31400,-250,-0.79,100947,3170788000
002630,오리엔트바이오,511,514,3,0.59,2052891,1053348661
271560,오리온,92500,94400,1900,2.05,96960,9077939700
001800,오리온홀딩스,17150,17250,100,0.58,40576,705587500
070960,용평리조트,7830,8190,360,4.6,1818319,14872822200
316140,우리금융지주,14050,14000,-50,-0.36,478943,6730809150
004720,우리들제약,7190,7320,130,1.81,42831,310256820
118000,우리들휴브레인,2270,2340,70,3.08,147499,343575215
010050,우리종금,753,757,4,0.53,1562821,1187795468
006980,우성사료,3305,3250,-55,-1.66,459352,1509590245
017370,우신시스템,5980,6030,50,0.84,13362,81611380
105840,우진,6220,6260,40,0.64,182908,1160924420
010400,우진아이엔에스,10200,10200,0,0.0,30020,307014600
049800,우진플라임,4720,4665,-55,-1.17,24840,114978560
016880,웅진,1915,1590,-325,-16.97,4935795,8087586000
095720,웅진씽크빅,2900,2575,-325,-11.21,2559791,6843684750
103130,웅진에너지,914,914,0,0.0,0,0
021240,웅진코웨이,77400,77000,-400,-0.52,191369,14772850700
005820,원림,18250,18300,50,0.27,460,8391550
010600,웰바이오텍,4095,4640,545,13.31,8446710,39420102355
008600,윌비스,1190,1190,0,0.0,130074,155252150
033270,유나이티드제약,22850,22950,100,0.44,32363,746498650
014830,유니드,50300,48950,-1350,-2.68,10894,537063500
000910,유니온,4800,4785,-15,-0.31,528736,2504962590
047400,유니온머티리얼,2725,2525,-200,-7.34,3608093,9193179585
011330,유니켐,2250,2210,-40,-1.78,357738,793916195
077500,유니퀘스트,7380,7280,-100,-1.36,77837,573248620
002920,유성기업,3030,3040,10,0.33,21984,66861410
000700,유수홀딩스,7810,7840,30,0.38,13715,107462320
003470,유안타증권,3245,3245,0,0.0,149115,484386185
003475,유안타증권우,2215,2220,5,0.23,5679,12601150
011690,유양디앤유,7560,7590,30,0.4,197259,1499979360
072130,유엔젤,4500,4410,-90,-2.0,68161,302741905
000220,유유제약,11550,11650,100,0.87,10977,127809900
000225,유유제약1우,7480,7440,-40,-0.53,2644,19601030
000227,유유제약2우B,19150,19200,50,0.26,2503,47482700
001200,유진투자증권,2740,2715,-25,-0.91,561428,1529823960
000100,유한양행,244500,251500,7000,2.86,395757,101393574500
000105,유한양행우,211500,215500,4000,1.89,18787,4635753500
003460,유화증권,12800,12650,-150,-1.17,5839,73988150
003465,유화증권우,12850,12800,-50,-0.39,714,9116700
008730,율촌화학,13750,13600,-150,-1.09,17173,233715250
008250,이건산업,9170,9520,350,3.82,67711,643082700
025820,이구산업,2095,2080,-15,-0.72,222054,464756425
214320,이노션,71300,71700,400,0.56,30723,2202263900
088260,이리츠코크렙,6100,6130,30,0.49,53578,327580690
139480,이마트,140000,144000,4000,2.86,91986,13182898500
007660,이수페타시스,5480,5370,-110,-2.01,1012723,5457506690
005950,이수화학,9560,9600,40,0.42,3463,33173310
015020,이스타코,678,681,3,0.44,84619,56958064
093230,이아이디,610,589,-21,-3.44,17904986,10584239798
102460,이연제약,16350,16500,150,0.92,16200,266157900
084680,이월드,3220,3150,-70,-2.17,1845327,5951736670
000760,이화산업,17150,17150,0,0.0,111,1892150
014990,인디에프,2600,2995,395,15.19,14769739,43830328295
006490,인스코비,2820,3170,350,12.41,7296127,23119677720
023800,인지컨트롤스,6510,6820,310,4.76,167821,1119429030
034590,인천도시가스,29500,29500,0,0.0,287,8453950
129260,인터지스,2525,2570,45,1.78,119675,305467435
023810,인팩,4020,4115,95,2.36,16270,67434150
249420,일동제약,19750,20050,300,1.52,61487,1230683200
000230,일동홀딩스,12700,13100,400,3.15,6842,88816800
013360,일성건설,1490,1555,65,4.36,1047390,1620270765
003120,일성신약,89200,89900,700,0.78,241,21560500
003200,일신방직,95400,95800,400,0.42,271,25816600
007110,일신석재,3210,3315,105,3.27,21658848,75897904515
007570,일양약품,25650,26350,700,2.73,24127,631086650
007575,일양약품우,19800,19850,50,0.25,555,10955850
008500,일정실업,21000,19850,-1150,-5.48,271,5507150
081000,일진다이아,30300,30450,150,0.5,140642,4247206550
020760,일진디스플,5550,5000,-550,-9.91,1049189,5284919535
020150,일진머티리얼즈,37350,39050,1700,4.55,693773,26788476900
103590,일진전기,3210,3240,30,0.93,31978,103058490
015860,일진홀딩스,3280,3275,-5,-0.15,29415,96164755
226320,잇츠한불,23000,23600,600,2.61,40495,959802000
033240,자화전자,11900,12100,200,1.68,82376,995252300
000950,전방,17250,17350,100,0.58,1017,17508250
194370,제이에스코퍼레이션,18550,17250,-1300,-7.01,89997,1574815650
025620,제이준코스메틱,6320,6650,330,5.22,287880,1885304320
030000,제일기획,29400,28850,-550,-1.87,144266,4181636850
271980,제일약품,37400,37850,450,1.2,21438,809429000
001560,제일연마,6900,6730,-170,-2.46,6288,42769840
002620,제일파마홀딩스,22000,22200,200,0.91,4972,110123150
006220,제주은행,4705,4705,0,0.0,15967,75045860
089590,제주항공,33150,32950,-200,-0.6,37697,1243192550
004910,조광페인트,6490,6540,50,0.77,2684,17353160
004700,조광피혁,36650,36900,250,0.68,1429,52694300
001550,조비,23400,24100,700,2.99,128854,3140871400
000480,조선내화,85900,86500,600,0.7,5377,464745900
120030,조선선재,85900,87000,1100,1.28,882,75931600
018470,조일알미늄,925,920,-5,-0.54,71576,65865836
002600,조흥,165500,168000,2500,1.51,290,48659500
185750,종근당,92200,93300,1100,1.19,11677,1090415300
063160,종근당바이오,27850,28100,250,0.9,47932,1332287550
001630,종근당홀딩스,113000,104500,-8500,-7.52,168241,17538834500
044380,주연테크,480,468,-12,-2.5,2056831,961096070
013870,지엠비코리아,6990,6900,-90,-1.29,91437,634163880
071320,지역난방공사,52100,53200,1100,2.11,3937,208429800
010580,지코,865,866,1,0.12,451923,388816056
035000,지투알,8270,8270,0,0.0,2714,22369520
088790,진도,3975,3990,15,0.38,5477,21783035
003780,진양산업,3620,3590,-30,-0.83,53266,191613135
010640,진양폴리,2310,2295,-15,-0.65,45302,104798415
100250,진양홀딩스,2585,2580,-5,-0.19,26448,68091080
051630,진양화학,5610,5480,-130,-2.32,352897,1947458180
272450,진에어,21100,21300,200,0.95,60685,1285331750
011000,진원생명과학,4450,4450,0,0.0,212718,958196890
002780,진흥기업,2400,2445,45,1.88,598246,1481768285
002787,진흥기업2우B,14950,15200,250,1.67,44150,684506600
002785,진흥기업우B,5720,5930,210,3.67,245009,1484771130
009310,참엔지니어링,1400,1390,-10,-0.71,64764,89735185
000650,천일고속,74700,73800,-900,-1.2,708,52497900
012600,청호컴넷,3870,3770,-100,-2.58,35562,134336310
033250,체시스,2375,2290,-85,-3.58,529041,1214512605
035720,카카오,131500,129500,-2000,-1.52,433735,56346257000
006380,카프로,4230,4315,85,2.01,91401,393803945
109070,컨버즈,3260,3260,0,0.0,0,0
001620,케이비아이동국실업,941,932,-9,-0.96,58567,54548277
029460,케이씨,13600,14000,400,2.94,211569,3024089500
281820,케이씨텍,15900,14850,-1050,-6.6,415328,6307842150
145270,케이탑리츠,920,920,0,0.0,152048,139469270
007815,코리아써우,2745,2780,35,1.28,1404,3789395
007810,코리아써키트,5500,5480,-20,-0.36,7276,39817930
00781K,코리아써키트2우B,4570,4560,-10,-0.22,0,0
152330,코리아오토글라스,21500,21000,-500,-2.33,44565,936481500
003690,코리안리,8720,8700,-20,-0.23,69847,607215590
192820,코스맥스,109000,110000,1000,0.92,68999,7718944500
044820,코스맥스비티아이,19300,19500,200,1.04,10558,206512250
005070,코스모신소재,13450,13650,200,1.49,144809,1982010800
005420,코스모화학,11250,11450,200,1.78,132989,1530825000
071950,코아스,1665,1670,5,0.3,6313148,11166738500
002020,코오롱,18050,18450,400,2.22,24761,451564850
003070,코오롱글로벌,10250,10450,200,1.95,22737,237433900
003075,코오롱글로벌우,16300,16200,-100,-0.61,4390,71636450
144620,코오롱머티리얼,1955,1925,-30,-1.53,103005,198545665
002025,코오롱우,11200,11650,450,4.02,6826,79893550
120110,코오롱인더,42700,43850,1150,2.69,90535,3959786400
120115,코오롱인더우,20550,21500,950,4.62,42020,896902200
138490,코오롱플라스틱,5170,5190,20,0.39,14363,74644680
031820,콤텍시스템,1890,1865,-25,-1.32,2451117,4637346940
192400,쿠쿠홀딩스,138000,138000,0,0.0,2019,280999000
284740,쿠쿠홈시스,50700,49000,-1700,-3.35,19807,974827150
015590,큐로,953,906,-47,-4.93,1618690,1472840749
264900,크라운제과,9570,9450,-120,-1.25,30673,292354130
26490K,크라운제과우,8310,8250,-60,-0.72,20973,175125610
005740,크라운해태홀딩스,12550,12200,-350,-2.79,506409,6524260500
005745,크라운해태홀딩스우,14750,14750,0,0.0,198154,3100042700
020120,키다리스튜디오,3125,3205,80,2.56,79289,247937340
039490,키움증권,81600,82200,600,0.74,51058,4196308300
012170,키위미디어그룹,205,197,-8,-3.9,11117354,2241585240
015890,태경산업,5850,5920,70,1.2,62744,372273360
006890,태경화학,5550,5590,40,0.72,46654,261255380
003240,태광산업,1320000,1306000,-14000,-1.06,678,892125000
011280,태림포장,7050,6990,-60,-0.85,616497,4316539230
004100,태양금속,1190,1205,15,1.26,72369,87251665
004105,태양금속우,3360,3305,-55,-1.64,14628,48098550
009410,태영건설,14900,14900,0,0.0,237154,3529590750
009415,태영건설우,8130,8160,30,0.37,91982,749031680
001420,태원물산,4680,4665,-15,-0.32,4683,21765885
007980,태평양물산,3045,3045,0,0.0,72660,221520760
055490,테이팩스,21800,21800,0,0.0,15179,332178950
078000,텔코웨어,19000,18500,-500,-2.63,49919,918144700
214420,토니모리,12350,12650,300,2.43,113075,1439636300
019180,티에이치엔,3630,3665,35,0.96,159727,585414345
091810,티웨이항공,6630,6640,10,0.15,50273,333349660
004870,티웨이홀딩스,2060,2060,0,0.0,159380,327383045
005690,파미셀,7780,8280,500,6.43,744588,6121943150
036580,팜스코,6110,6130,20,0.33,96241,592972690
028670,팬오션,4640,4565,-75,-1.62,1123786,5190349115
010820,퍼스텍,2550,2630,80,3.14,200157,521473285
016800,퍼시스,32100,32250,150,0.47,1058,34327450
001020,페이퍼코리아,842,844,2,0.24,30301,25547764
090080,평화산업,1710,1660,-50,-2.92,370074,609516290
010770,평화홀딩스,5020,4820,-200,-3.98,62575,304875065
058430,포스코강판,18850,18850,0,0.0,1991,37393950
047050,포스코인터내셔널,18350,18750,400,2.18,302217,5656415300
003670,포스코케미칼,53600,53500,-100,-0.19,184570,9869537700
007630,폴루스바이오팜,1945,1955,10,0.51,561673,1083150385
017810,풀무원,13200,12850,-350,-2.65,156346,2021537150
103140,풍산,25900,26200,300,1.16,46306,1212680200
005810,풍산홀딩스,39900,40500,600,1.5,1862,74442450
033180,필룩스,5660,5780,120,2.12,1277495,7303230150
086790,하나금융지주,37400,37550,150,0.4,1041533,39201254850
099340,하나니켈1호,840,834,-6,-0.71,242762,201841445
099350,하나니켈2호,1615,1530,-85,-5.26,306612,466797035
293480,하나제약,25150,26000,850,3.38,152095,3935563250
039130,하나투어,50200,51400,1200,2.39,117583,6048387900
172580,하이골드12호,2780,2780,0,0.0,7146,19838070
153360,하이골드3호,1785,1785,0,0.0,6248,11151865
159650,하이골드8호,1815,1825,10,0.55,22878,41323610
071090,하이스틸,22950,23500,550,2.4,8740,205052150
019490,하이트론,3945,4040,95,2.41,9056,35905250
000080,하이트진로,20350,20300,-50,-0.25,127186,2585352550
000087,하이트진로2우B,16050,15900,-150,-0.93,2284,36401500
000140,하이트진로홀딩스,9080,9000,-80,-0.88,7661,68962020
000145,하이트진로홀딩스우,10000,9820,-180,-1.8,2506,24621170
152550,한국ANKOR유전,1765,1760,-5,-0.28,2515,4416020
036460,한국가스공사,42200,42000,-200,-0.47,133888,5621503200
005430,한국공항,44950,44600,-350,-0.78,2360,105451800
071050,한국금융지주,80700,80800,100,0.12,122901,9958242200
071055,한국금융지주우,47450,46750,-700,-1.48,9598,452491600
010040,한국내화,5470,5850,380,6.95,497172,2867446940
025540,한국단자,67300,66600,-700,-1.04,8005,538475300
004090,한국석유,113000,115500,2500,2.21,5108,596917500
002960,한국쉘석유,333500,336000,2500,0.75,584,196004500
123890,한국자산신탁,4155,4140,-15,-0.36,37794,156479035
015760,한국전력,25550,25350,-200,-0.78,1149895,29252134500
006200,한국전자홀딩스,804,793,-11,-1.37,77314,61765521
002300,한국제지,19050,19100,50,0.26,6518,125121400
009540,한국조선해양,118500,119000,500,0.42,133820,15946527000
023350,한국종합기술,4615,4765,150,3.25,86424,410353480
025890,한국주강,1910,1900,-10,-0.52,8521,16373860
000970,한국주철관,14900,15150,250,1.68,1250438,18580053700
104700,한국철강,6160,6150,-10,-0.16,24994,153580440
017960,한국카본,8980,8800,-180,-2.0,282992,2481940480
161890,한국콜마,60400,61000,600,0.99,74183,4553174100
024720,한국콜마홀딩스,28400,28500,100,0.35,41135,1179623100
161390,한국타이어앤테크놀로지,35100,35100,0,0.0,176357,6203911300
000240,한국테크놀로지그룹,17150,17000,-150,-0.87,15797,270652350
034830,한국토지신탁,2355,2335,-20,-0.85,295087,688331995
007280,한국특수형강,1695,1720,25,1.47,18449,31483435
168490,한국패러랠,2245,2250,5,0.22,108,242580
010100,한국프랜지,2105,2095,-10,-0.48,1530193,3343944335
047810,한국항공우주,35950,35150,-800,-2.23,382419,13455191450
123690,한국화장품,9980,10150,170,1.7,85394,869503450
003350,한국화장품제조,28800,29050,250,0.87,12805,375502100
011500,한농화성,4175,4185,10,0.24,6684,27903805
002390,한독,24350,25400,1050,4.31,107284,2705779200
014790,한라,3730,3830,100,2.68,102101,393406125
060980,한라홀딩스,44150,43900,-250,-0.57,6677,294274600
053690,한미글로벌,11350,11450,100,0.88,141980,1632819050
042700,한미반도체,7560,7450,-110,-1.46,156763,1168178850
008930,한미사이언스,68200,69800,1600,2.35,35631,2471894500
128940,한미약품,404000,418000,14000,3.47,30341,12596986000
009240,한샘,73300,69800,-3500,-4.77,124898,8853796000
020000,한섬,37000,36350,-650,-1.76,45087,1653845550
003680,한성기업,6910,6530,-380,-5.5,201285,1338875280
105630,한세실업,20950,21050,100,0.48,167028,3509080600
069640,한세엠케이,5400,5400,0,0.0,9447,51278450
016450,한세예스24홀딩스,8370,8420,50,0.6,6718,56502060
010420,한솔PNS,2000,1850,-150,-7.5,3069731,5754163655
009180,한솔로지스틱스,1455,1485,30,2.06,356641,529209185
213500,한솔제지,14650,14600,-50,-0.34,61979,908878600
014680,한솔케미칼,79500,79500,0,0.0,28949,2307423400
004710,한솔테크닉스,6590,6540,-50,-0.76,204078,1345470700
004150,한솔홀딩스,4995,5080,85,1.7,311805,1589056090
025750,한솔홈데코,1405,1425,20,1.42,573012,814627080
004960,한신공영,18400,18450,50,0.27,21872,405586250
011700,한신기계,1900,1890,-10,-0.53,197314,373385200
001750,한양증권,7760,7760,0,0.0,4504,34967770
001755,한양증권우,8600,8670,70,0.81,3,25850
018880,한온시스템,11650,11550,-100,-0.86,637147,7380468450
009420,한올바이오파마,24900,26000,1100,4.42,369415,9490542350
014130,한익스프레스,7070,6990,-80,-1.13,177177,1233099330
300720,한일시멘트,127500,128500,1000,0.78,2541,326641000
002220,한일철강,2210,2180,-30,-1.36,27063,59066105
006390,한일현대시멘트,37250,38900,1650,4.43,78374,3080463750
003300,한일홀딩스,52600,52900,300,0.57,3611,191669200
051600,한전KPS,31250,31250,0,0.0,62925,1969400350
052690,한전기술,20250,20500,250,1.23,38250,783240450
130660,한전산업,3610,3615,5,0.14,14954,53848390
002320,한진,36450,35900,-550,-1.51,75039,2682567750
097230,한진중공업,6030,6070,40,0.66,371078,2236259390
003480,한진중공업홀딩스,3235,3285,50,1.55,27888,94033680
180640,한진칼,30000,29900,-100,-0.33,653273,19422678000
18064K,한진칼우,39900,37800,-2100,-5.26,50852,1938520650
005110,한창,3450,3620,170,4.93,5383359,19538395175
009460,한창제지,3165,3160,-5,-0.16,832943,2612250975
000880,한화,26700,27000,300,1.12,106087,2873407550
00088K,한화3우B,14050,14100,50,0.36,20097,282764250
027390,한화갤러리아타임월드,23000,23150,150,0.65,14094,328805600
088350,한화생명,3275,3260,-15,-0.46,729732,2380168250
000370,한화손해보험,4135,4100,-35,-0.85,109004,447753760
012450,한화에어로스페이스,33250,32200,-1050,-3.16,166124,5394653900
000885,한화우,31950,31000,-950,-2.97,20658,646936500
009830,한화케미칼,22700,23100,400,1.76,906097,21067319350
009835,한화케미칼우,13700,13750,50,0.36,31314,430693200
003530,한화투자증권,2525,2580,55,2.18,430912,1113301170
003535,한화투자증권우,2385,2395,10,0.42,21633,51709725
195870,해성디에스,14050,13350,-700,-4.98,157064,2109710250
101530,해태제과식품,9050,9150,100,1.1,11693,106611480
143210,핸즈코퍼레이션,6850,6850,0,0.0,3095,21230000
000720,현대건설,53600,55000,1400,2.61,989904,54922334800
267270,현대건설기계,40550,41150,600,1.48,61374,2538185000
000725,현대건설우,182000,192000,10000,5.49,10631,2123439000
005440,현대그린푸드,13100,13200,100,0.76,86043,1137657400
086280,현대글로비스,161000,160500,-500,-0.31,74642,11938086000
064350,현대로템,21050,22300,1250,5.94,1471852,32639090400
079430,현대리바트,17350,17650,300,1.73,29673,523553850
012330,현대모비스,235500,235000,-500,-0.21,168621,39805874500
010620,현대미포조선,49400,49700,300,0.61,96238,4761032000
069960,현대백화점,82700,83200,500,0.6,55684,4639628600
004560,현대비앤지스틸,9030,9100,70,0.78,17891,163277660
004565,현대비앤지스틸우,64100,65700,1600,2.5,2804,189297500
011760,현대상사,23450,24600,1150,4.9,177650,4338696100
011200,현대상선,3705,3845,140,3.78,1527519,5841279050
004310,현대약품,4840,4915,75,1.55,226090,1103049525
126560,현대에이치씨엔,4100,4080,-20,-0.49,34816,141240830
017800,현대엘리베이,90700,98400,7700,8.49,1401054,134929756700
307950,현대오토에버,61100,59200,-1900,-3.11,82759,4912801900
011210,현대위아,48650,47900,-750,-1.54,121784,5886193750
267260,현대일렉트릭,18000,18400,400,2.22,54192,993805300
004020,현대제철,41800,42750,950,2.27,386113,16500683700
267250,현대중공업지주,324000,325000,1000,0.31,16841,5495078500
005380,현대차,140000,141000,1000,0.71,328363,46191075000
005387,현대차2우B,86300,88000,1700,1.97,50470,4425492900
005389,현대차3우B,75100,75900,800,1.07,5228,394637600
005385,현대차우,79100,80200,1100,1.39,16057,1281857300
001500,현대차증권,10550,10600,50,0.47,39918,425464450
227840,현대코퍼레이션홀딩스,13800,14000,200,1.45,28576,401502450
001450,현대해상,28450,28500,50,0.18,130467,3744705650
057050,현대홈쇼핑,106000,106000,0,0.0,17190,1818234500
093240,형지엘리트,1770,1815,45,2.54,197896,354045660
003010,혜인,5240,5540,300,5.73,294739,1607261300
111110,호전실업,13100,13000,-100,-0.76,1521,19582550
008770,호텔신라,97000,98700,1700,1.75,502691,49926031300
008775,호텔신라우,54600,54800,200,0.37,6250,344389800
002460,화성산업,13700,13800,100,0.73,9543,131673800
013520,화승알앤에이,2095,2095,0,0.0,22899,47823305
241590,화승엔터프라이즈,14350,13950,-400,-2.79,133222,1851913100
006060,화승인더,9330,9120,-210,-2.25,176461,1607114680
010690,화신,2790,2750,-40,-1.43,21405,59619000
133820,화인베스틸,3530,3470,-60,-1.7,373223,1297276735
010660,화천기계,3120,2980,-140,-4.49,3124521,9278213720
000850,화천기공,43250,43450,200,0.46,9596,414846850
016580,환인제약,17600,17500,-100,-0.57,26953,471093800
032560,황금에스티,8240,8300,60,0.73,51350,430490790
004800,효성,72600,72500,-100,-0.14,27075,1966985500
094280,효성ITX,10150,10100,-50,-0.49,5975,60493100
298040,효성중공업,33600,34500,900,2.68,27425,948495400
298050,효성첨단소재,119500,120000,500,0.42,13247,1577793500
298020,효성티앤씨,142000,143500,1500,1.06,3641,518961000
298000,효성화학,149500,150500,1000,0.67,13287,1996822000
093370,후성,6790,7460,670,9.87,8131947,61142643850
081660,휠라코리아,76700,76900,200,0.26,239100,18559324800
005870,휴니드,8140,8140,0,0.0,13912,112320300
079980,휴비스,7400,7430,30,0.41,33815,250958910
005010,휴스틸,12400,12450,50,0.4,21827,274476350
069260,휴켐스,22000,21900,-100,-0.45,97197,2153676250
000540,흥국화재,4430,4440,10,0.23,6025,26728995
000547,흥국화재2우B,22900,23000,100,0.44,858,19417850
000545,흥국화재우,5800,5840,40,0.69,1359,7858520
003280,흥아해운,610,620,10,1.64,2104918,1328573899
