티커,종목명,시가,종가,변동폭,등락률,거래량,거래대금
095570,AJ네트웍스,4885,4875,-10,-0.2,14901,72299185
068400,AJ렌터카,11600,11300,-300,-2.59,182155,2071498650
006840,AK홀딩스,54100,53900,-200,-0.37,17755,953015700
027410,BGF,8280,8250,-30,-0.36,261067,2152944830
282330,BGF리테일,215000,214000,-1000,-0.47,15852,3399253750
138930,BNK금융지주,7020,6950,-70,-1.0,858840,5986159580
001460,BYC,261500,248000,-13500,-5.16,7195,1808099500
001465,BYC우,148000,139000,-9000,-6.08,21430,3319410000
001040,CJ,128500,127000,-1500,-1.17,32380,4128435000
079160,CJCGV,46150,45400,-750,-1.63,126038,5739308000
000120,CJ대한통운,173000,173000,0,0.0,38952,6723386500
011150,CJ씨푸드,2320,2295,-25,-1.08,51678,119050950
011155,CJ씨푸드1우,28050,28300,250,0.89,594,16851000
001045,CJ우,58500,58200,-300,-0.51,3985,231013300
097950,CJ제일제당,328000,326000,-2000,-0.61,26490,8621510000
097955,CJ제일제당우,138500,137000,-1500,-1.08,992,136134500
037560,CJ헬로,9550,9590,40,0.42,251313,2386622760
000590,CS홀딩스,63000,62000,-1000,-1.59,536,33045300
012030,DB,889,889,0,0.0,267850,239576515
016610,DB금융투자,5000,4980,-20,-0.4,79514,392793595
005830,DB손해보험,70600,70600,0,0.0,120137,8461021900
000990,DB하이텍,13000,12700,-300,-2.31,573487,7394127050
000995,DB하이텍1우,36800,36500,-300,-0.82,958,35080700
139130,DGB금융지주,8630,8660,30,0.35,713393,6171232480
004840,DRB동일,6670,6620,-50,-0.75,23523,155521100
155660,DSR,4845,4770,-75,-1.55,45392,218424795
069730,DSR제강,5320,5210,-110,-2.07,147295,771476680
017940,E1,64500,66600,2100,3.26,46724,3053149600
007700,FF,76300,76700,400,0.52,90956,7010653900
114090,GKL,22600,22550,-50,-0.22,177375,3997543300
078930,GS,53600,53400,-200,-0.37,114303,6078355500
006360,GS건설,42600,41650,-950,-2.23,705783,29368384750
001250,GS글로벌,2700,2660,-40,-1.48,185293,496321965
007070,GS리테일,37850,37950,100,0.26,98374,3712221750
078935,GS우,37000,37000,0,0.0,1721,63648050
012630,HDC,19750,19250,-500,-2.53,351948,6820326250
039570,HDC아이콘트롤스,10400,10350,-50,-0.48,25715,263958500
089470,HDC현대EP,4620,4570,-50,-1.08,11554,52902790
294870,HDC현대산업개발,49500,48900,-600,-1.21,148581,7246422250
082740,HSD엔진,5040,4975,-65,-1.29,181166,895851860
003560,IHQ,2070,2005,-65,-3.14,2467479,5097548655
175330,JB금융지주,5830,5790,-40,-0.69,408282,2359468870
234080,JW생명과학,24700,24400,-300,-1.21,41366,1008531100
001060,JW중외제약,40250,40300,50,0.12,60566,2442268650
001067,JW중외제약2우B,43450,43200,-250,-0.58,660,28603700
001065,JW중외제약우,27150,27150,0,0.0,1102,29841450
096760,JW홀딩스,7000,7020,20,0.29,95089,667390890
105560,KB금융,43000,42500,-500,-1.16,1366022,58275921200
002380,KCC,317000,316000,-1000,-0.32,15498,4896673000
009070,KCTC,3175,3105,-70,-2.2,224232,697568380
009440,KC그린홀딩스,5000,5070,70,1.4,277530,1394896015
119650,KC코트렐,6790,7270,480,7.07,3141743,22569101040
092220,KEC,1135,1145,10,0.88,684763,785460345
001390,KG케미칼,16000,15950,-50,-0.31,94817,1513135950
001940,KISCO홀딩스,13600,13600,0,0.0,4316,58242850
025000,KPX케미칼,55200,55200,0,0.0,3136,171175300
092230,KPX홀딩스,60500,60300,-200,-0.33,446,26838100
000040,KR모터스,464,475,11,2.37,207487,98884143
044450,KSS해운,7250,7220,-30,-0.41,54844,396930580
030200,KT,27950,27950,0,0.0,390588,10933398050
033780,KTG,105500,106000,500,0.47,231021,24302743500
030210,KTB투자증권,3065,3025,-40,-1.31,124035,377350060
058850,KTcs,2395,2390,-5,-0.21,105670,251197280
093050,LF,24400,24250,-150,-0.61,67041,1627019550
003550,LG,77500,78300,800,1.03,187030,14429135800
034220,LG디스플레이,20800,20800,0,0.0,1358158,28539506900
001120,LG상사,17450,17050,-400,-2.29,201112,3441328950
051900,LG생활건강,1390000,1389000,-1000,-0.07,30465,42186101000
051905,LG생활건강우,836000,835000,-1000,-0.12,3292,2735536000
003555,LG우,44600,44350,-250,-0.56,1247,55519100
032640,LG유플러스,14750,15050,300,2.03,1429059,21396948950
011070,LG이노텍,109000,111000,2000,1.83,241307,26770430000
066570,LG전자,74100,76100,2000,2.7,1456647,108855830796
066575,LG전자우,30150,30300,150,0.5,32690,978798600
108670,LG하우시스,63100,60800,-2300,-3.65,53806,3287142800
108675,LG하우시스우,31500,30500,-1000,-3.17,2023,62060350
051910,LG화학,382000,379500,-2500,-0.65,168236,63626882000
051915,LG화학우,212000,214500,2500,1.18,10946,2321257000
079550,LIG넥스원,36000,38650,2650,7.36,377539,14514732800
006260,LS,54300,53700,-600,-1.1,91883,4929754400
000680,LS네트웍스,3200,3170,-30,-0.94,650856,2137634850
010120,LS산전,48050,47550,-500,-1.04,110154,5264120900
229640,LS전선아시아,6040,6030,-10,-0.17,16734,100565000
023150,MH에탄올,6480,6480,0,0.0,16371,107788020
035420,NAVER,128000,127000,-1000,-0.78,379311,48235201000
181710,NHN엔터테인먼트,86000,83200,-2800,-3.26,206619,17187011400
005940,NH투자증권,13350,13200,-150,-1.12,579789,7711766900
005945,NH투자증권우,8780,8760,-20,-0.23,25798,225475520
034310,NICE,19350,19800,450,2.33,34758,678650600
008260,NI스틸,2575,2525,-50,-1.94,40571,103448495
004250,NPC,4015,4025,10,0.25,5166,20681395
004255,NPC우,2195,2195,0,0.0,542,1190435
010060,OCI,99600,98500,-1100,-1.1,118289,11654435400
005490,POSCO,258000,259000,1000,0.39,208301,54165476000
100840,STC,12200,12850,650,5.33,11136,138799600
064960,ST모티브,39350,38550,-800,-2.03,57122,2231812550
003570,ST중공업,7520,7520,0,0.0,6767,50491720
036530,ST홀딩스,13800,13600,-200,-1.45,2067,28022200
010950,S-Oil,97200,96100,-1100,-1.13,171871,16590914500
010955,S-Oil우,64400,64100,-300,-0.47,9508,611650300
034120,SBS,24650,25100,450,1.83,44249,1105030700
101060,SBS미디어홀딩스,2130,2155,25,1.17,20915,44906795
004060,SG세계물산,785,766,-19,-2.42,582883,449280540
001380,SG충방,2450,2365,-85,-3.47,477252,1140654115
002360,SH에너지화학,1085,1070,-15,-1.38,362293,390383120
009160,SIMPAC,2610,2540,-70,-2.68,141440,361842615
123700,SJM,3300,3285,-15,-0.45,10787,35296760
025530,SJM홀딩스,3190,3135,-55,-1.72,14760,46586740
034730,SK,278000,276000,-2000,-0.72,84415,23244260500
011790,SKC,36300,36150,-150,-0.41,81573,2957587300
018670,SK가스,91000,93400,2400,2.64,26927,2468927100
001740,SK네트웍스,6170,6100,-70,-1.13,1044645,6364885050
001745,SK네트웍스우,56200,56200,0,0.0,1274,71950400
006120,SK디스커버리,27850,27300,-550,-1.97,53963,1476952150
006125,SK디스커버리우,16050,15800,-250,-1.56,3565,56371500
210980,SK디앤디,31750,31200,-550,-1.73,4029,126221950
03473K,SK우,149500,149000,-500,-0.33,531,78596500
096770,SK이노베이션,195000,195500,500,0.26,145715,28378682500
096775,SK이노베이션우,130500,131500,1000,0.77,4822,633424500
001510,SK증권,704,698,-6,-0.85,2149995,1503669460
001515,SK증권우,3315,3390,75,2.26,112495,378579135
285130,SK케미칼,70200,67900,-2300,-3.28,51941,3563472400
28513K,SK케미칼우,25000,24750,-250,-1.0,4007,96948850
017670,SK텔레콤,249500,252000,2500,1.0,234327,58925052352
000660,SK하이닉스,75900,76100,200,0.26,5286455,407513835100
005610,SPC삼립,127000,127000,0,0.0,9294,1180463500
011810,STX,16200,16150,-50,-0.31,14836,236781400
077970,STX엔진,7110,7140,30,0.42,6042,42921740
071970,STX중공업,6180,6150,-30,-0.49,129134,799811050
084870,TBH글로벌,2300,2425,125,5.43,313781,761195325
002710,TCC동양,2610,2525,-85,-3.26,164898,424422210
024070,WISCOM,2690,2700,10,0.37,4968,13340285
037270,YGPLUS,1880,1910,30,1.6,223397,421846535
000500,가온전선,17800,18050,250,1.4,2111,38003600
000860,강남제비스코,28100,28500,400,1.42,4998,140735800
035250,강원랜드,32100,32350,250,0.78,313770,10081425800
011420,갤럭시아에스엠,1465,1505,40,2.73,46053,68767250
002100,경농,13700,13550,-150,-1.09,229076,3084386600
009450,경동나비엔,56200,58400,2200,3.91,206476,11919216300
267290,경동도시가스,35300,35350,50,0.14,10716,371409350
012320,경동인베스트,40350,40350,0,0.0,5058,204247050
000050,경방,10700,10650,-50,-0.47,19563,207335150
214390,경보제약,10800,10750,-50,-0.46,57672,619096350
012610,경인양행,6120,6110,-10,-0.16,116891,713573390
009140,경인전자,31400,31100,-300,-0.96,1049,32708350
013580,계룡건설,23100,23200,100,0.43,7110,164071700
012200,계양전기,3645,3625,-20,-0.55,32519,117781470
012205,계양전기우,8260,8160,-100,-1.21,37336,305094210
004200,고려개발,4805,4805,0,0.0,6667,31814595
002140,고려산업,2230,2220,-10,-0.45,108409,241330790
010130,고려아연,459500,461500,2000,0.44,24306,11128828000
002240,고려제강,25700,25500,-200,-0.78,7973,204093900
001290,골든브릿지증권,2695,2695,0,0.0,374587,982075405
009290,광동제약,7360,7330,-30,-0.41,57799,421552790
017040,광명전기,2475,2470,-5,-0.2,136323,334932980
017900,광전자,2790,2820,30,1.08,1119678,3087606385
037710,광주신세계,191500,190000,-1500,-0.78,259,49226500
030610,교보증권,9650,9540,-110,-1.14,43511,415145310
007690,국도화학,50800,50200,-600,-1.18,15368,768365400
005320,국동,2640,2590,-50,-1.89,135891,354362695
001140,국보,23000,22250,-750,-3.26,218229,4827117600
002720,국제약품,4555,4580,25,0.55,41417,190118795
083420,그린케미칼,3605,3555,-50,-1.39,11583,41322505
014530,극동유화,3490,3500,10,0.29,116162,404247545
014280,금강공업,24650,24800,150,0.61,62116,1538128950
014285,금강공업우,93000,93000,0,0.0,25912,2326221900
008870,금비,69500,70100,600,0.86,482,33588200
001570,금양,2390,2355,-35,-1.46,66937,158695545
002990,금호산업,12350,12350,0,0.0,0,0
002995,금호산업우,25400,25400,0,0.0,0,0
011780,금호석유,93500,93100,-400,-0.43,108690,10132655500
011785,금호석유우,33400,33600,200,0.6,2330,77683850
214330,금호에이치티,6210,6040,-170,-2.74,78552,476165610
001210,금호전기,5580,5300,-280,-5.02,79153,418559510
073240,금호타이어,4870,4790,-80,-1.64,464299,2237683175
092440,기신정기,3835,3845,10,0.26,9748,37499875
000270,기아차,34200,34500,300,0.88,888498,30606537700
024110,기업은행,14350,14200,-150,-1.05,633160,8992777650
013700,까뮤이앤씨,1315,1330,15,1.14,480453,636450840
004540,깨끗한나라,3120,3055,-65,-2.08,77885,239859950
004545,깨끗한나라우,19250,19300,50,0.26,3816,73182300
074610,나노메딕스,5470,5610,140,2.56,493326,2719932480
001260,남광토건,13250,12950,-300,-2.26,46864,608967850
008350,남선알미늄,2420,2445,25,1.03,3058947,7456442790
008355,남선알미우,25000,24400,-600,-2.4,10159,249910650
004270,남성,1785,1725,-60,-3.36,278854,482869095
003920,남양유업,629000,623000,-6000,-0.95,583,364568000
003925,남양유업우,209500,212500,3000,1.43,10,2125000
002070,남영비비안,6170,6320,150,2.43,7320,45513200
025860,남해화학,10900,10850,-50,-0.46,184674,2002556000
005720,넥센,6380,6400,20,0.31,19537,124776800
005725,넥센우,3780,3660,-120,-3.17,927,3397745
002350,넥센타이어,10500,10450,-50,-0.48,113865,1196767200
002355,넥센타이어1우B,4000,3920,-80,-2.0,1148,4513580
003580,넥스트사이언스,6040,6100,60,0.99,100722,615997040
251270,넷마블,115500,115500,0,0.0,74808,8666205000
090350,노루페인트,8120,8120,0,0.0,40928,332617220
090355,노루페인트우,11450,11100,-350,-3.06,70247,784040100
000320,노루홀딩스,13100,12950,-150,-1.15,3453,44628650
000325,노루홀딩스우,19000,19000,0,0.0,1467,27634900
006280,녹십자,146000,145500,-500,-0.34,21762,3169036000
005250,녹십자홀딩스,24600,23950,-650,-2.64,85008,2048535900
005257,녹십자홀딩스2우,18550,18250,-300,-1.62,8561,154662300
004370,농심,294500,299000,4500,1.53,14972,4470023500
072710,농심홀딩스,83900,84700,800,0.95,3765,315150900
058730,다스코,7360,7260,-100,-1.36,126332,917336750
023590,다우기술,22900,22500,-400,-1.75,66812,1506730350
019680,대교,6430,6370,-60,-0.93,49025,312294760
019685,대교우B,4445,4440,-5,-0.11,6265,27681950
006370,대구백화점,8280,8120,-160,-1.93,21298,173328280
008060,대덕전자,9790,9750,-40,-0.41,260032,2543664470
00806K,대덕전자1우,5780,5790,10,0.17,1221,7046390
000490,대동공업,5850,5840,-10,-0.17,47958,280688350
008110,대동전자,3530,3495,-35,-0.99,3949,13877505
005750,대림BCo,5210,5210,0,0.0,20242,104505570
000210,대림산업,93500,94300,800,0.86,89176,8366632600
000215,대림산업우,37700,37750,50,0.13,2602,96869950
004440,대림씨엔에스,10900,11050,150,1.38,16969,186409400
006570,대림통상,4110,4190,80,1.95,1699,6972000
001680,대상,28300,28500,200,0.71,76912,2183833400
001685,대상우,13150,13200,50,0.38,666,8765650
084690,대상홀딩스,8800,8770,-30,-0.34,18760,163808600
084695,대상홀딩스우,6050,5980,-70,-1.16,16,95750
128820,대성산업,5020,4945,-75,-1.49,41155,204931105
117580,대성에너지,5400,5360,-40,-0.74,6877,36908580
016710,대성홀딩스,6750,6720,-30,-0.44,11481,77682890
003540,대신증권,11350,11200,-150,-1.32,155301,1740015300
003547,대신증권2우B,8190,8200,10,0.12,7432,60772780
003545,대신증권우,8710,8690,-20,-0.23,41223,358545410
009190,대양금속,4685,4680,-5,-0.11,1749,8144310
014160,대영포장,1260,1205,-55,-4.37,2642856,3237377255
047040,대우건설,4975,5010,35,0.7,592861,2973386070
009320,대우부품,2540,2595,55,2.17,4566704,12104167300
042660,대우조선해양,28450,27950,-500,-1.76,189079,5307125300
003090,대웅,20150,20150,0,0.0,38095,766358400
069620,대웅제약,185500,186000,500,0.27,23255,4325081500
000430,대원강업,4945,4890,-55,-1.11,141470,691084740
006340,대원전선,1455,1465,10,0.69,370844,539309360
006345,대원전선우,3425,3415,-10,-0.29,12660,42831315
003220,대원제약,17100,17450,350,2.05,42305,733201350
024890,대원화성,1790,1765,-25,-1.4,58554,103449670
002880,대유에이텍,1165,1150,-15,-1.29,2360422,2739674785
000300,대유플러스,943,931,-12,-1.27,402744,373746464
012800,대창,992,991,-1,-0.1,236580,233054075
015230,대창단조,40200,39900,-300,-0.75,1525,60876800
001070,대한방직,14100,14150,50,0.35,3308,46849150
006650,대한유화,164000,161500,-2500,-1.52,20614,3349990000
001440,대한전선,1110,1115,5,0.45,204412,226930995
084010,대한제강,6180,6130,-50,-0.81,28917,176812700
001790,대한제당,21550,21200,-350,-1.62,10347,217142350
001799,대한제당3우B,24600,23850,-750,-3.05,285,6862650
001795,대한제당우,12350,12300,-50,-0.4,4450,55350250
001130,대한제분,189000,190500,1500,0.79,698,132234500
003490,대한항공,32450,32600,150,0.46,385316,12493919800
003495,대한항공우,13750,13850,100,0.73,4175,57512200
005880,대한해운,22300,22350,50,0.22,50735,1124450250
003830,대한화섬,107000,107500,500,0.47,186,19909000
016090,대현,2510,2430,-80,-3.19,178640,437730990
069460,대호에이엘,5420,5420,0,0.0,0,0
192080,더블유게임즈,60500,59500,-1000,-1.65,65851,3935876700
012510,더존비즈온,45900,45350,-550,-1.2,77810,3516796550
004830,덕성,3230,3200,-30,-0.93,33731,107478120
004835,덕성우,4190,4060,-130,-3.1,21791,88754485
024900,덕양산업,1370,1370,0,0.0,165113,226140065
145720,덴티움,62300,62700,400,0.64,36989,2333277600
002150,도화엔지니어링,9590,9490,-100,-1.04,152856,1447704420
001620,동국실업,860,848,-12,-1.4,108637,92031039
001230,동국제강,7950,7810,-140,-1.76,261038,2056815040
023450,동남합성,26350,27300,950,3.61,2205,59471150
004140,동방,1650,1645,-5,-0.3,172790,282957960
007590,동방아그로,6930,7030,100,1.44,9137,63197390
005960,동부건설,8280,8290,10,0.12,21067,173224110
005965,동부건설우,16650,16200,-450,-2.7,622,10105850
016380,동부제철,8030,7780,-250,-3.11,73284,569981790
016385,동부제철우,36800,36450,-350,-0.95,1568,56127450
083370,동북아12호,4985,5020,35,0.7,875,4375180
083380,동북아13호,5020,5050,30,0.6,1,5050
026960,동서,19550,19450,-100,-0.51,107886,2099993400
002210,동성제약,17000,17000,0,0.0,350785,5857921950
102260,동성코퍼레이션,5700,5530,-170,-2.98,109852,610259240
005190,동성화학,14300,14150,-150,-1.05,13229,187169850
000640,동아쏘시오홀딩스,110000,106500,-3500,-3.18,11272,1215404500
170900,동아에스티,99400,95800,-3600,-3.62,44681,4343698600
028100,동아지질,16450,16500,50,0.3,102760,1677527650
282690,동아타이어,13200,13450,250,1.89,13776,183237300
001520,동양,1930,1930,0,0.0,185916,359763525
001527,동양2우B,11100,11000,-100,-0.9,18,201900
001529,동양3우B,30450,30700,250,0.82,292,8888750
084670,동양고속,28000,28200,200,0.71,705,19723750
030790,동양네트웍스,1860,2180,320,17.2,5679297,11795984990
002900,동양물산,1750,1755,5,0.29,1002775,1742807960
082640,동양생명,4730,4760,30,0.63,89743,427321850
001525,동양우,8470,8480,10,0.12,23,194920
008970,동양철관,1305,1310,5,0.38,903484,1176366895
092780,동양피스톤,5500,5370,-130,-2.36,239260,1300558780
049770,동원FB,265000,263000,-2000,-0.75,4667,1234499500
018500,동원금속,803,803,0,0.0,38825,31269598
006040,동원산업,240500,245500,5000,2.08,5972,1457227500
030720,동원수산,8860,8830,-30,-0.34,14629,128906000
014820,동원시스템즈,30400,33350,2950,9.7,543102,18179866250
014825,동원시스템즈우,20950,27200,6250,29.83,85257,2227112350
163560,동일고무벨트,6800,6790,-10,-0.15,12976,87660970
001530,동일방직,81000,80300,-700,-0.86,14494,1162376000
004890,동일산업,58200,59000,800,1.37,1578,92393400
002690,동일제강,3100,3100,0,0.0,68515,212014020
000020,동화약품,9820,9680,-140,-1.43,187248,1815471070
000150,두산,96700,95700,-1000,-1.03,52986,5076410100
000157,두산2우B,72500,72400,-100,-0.14,146,10541200
011160,두산건설,1390,1400,10,0.72,158103,218117165
241560,두산밥캣,30400,30600,200,0.66,209605,6431372550
000155,두산우,72300,72400,100,0.14,2446,176554900
042670,두산인프라코어,7620,7580,-40,-0.52,859961,6536525510
034020,두산중공업,7920,7870,-50,-0.63,1101413,8700125880
016740,두올,3740,3755,15,0.4,2140418,8007298080
192650,드림텍,16000,15100,-900,-5.63,889670,13711982350
024090,디씨엠,11250,11300,50,0.44,7544,84408400
003160,디아이,4070,4125,55,1.35,162949,668121185
092200,디아이씨,6670,6640,-30,-0.45,216243,1442391930
013570,디와이,5670,5570,-100,-1.76,117089,654637420
210540,디와이파워,15600,16300,700,4.49,116957,1886959000
007340,디티알오토모티브,33100,33850,750,2.27,8220,274666900
026890,디피씨,7890,7930,40,0.51,2998559,23751028350
115390,락앤락,20500,20300,-200,-0.98,123912,2500622850
032350,롯데관광개발,13500,13400,-100,-0.74,180414,2406786600
000400,롯데손해보험,2855,2875,20,0.7,217812,619771575
023530,롯데쇼핑,191000,188000,-3000,-1.57,78631,14828079500
004000,롯데정밀화학,46050,45800,-250,-0.54,77743,3566569450
286940,롯데정보통신,48300,46750,-1550,-3.21,101318,4771103750
280360,롯데제과,179000,175500,-3500,-1.96,2446,430058500
004990,롯데지주,49950,49150,-800,-1.6,276975,13687210150
00499K,롯데지주우,51300,50600,-700,-1.36,3096,155924950
005300,롯데칠성,1821000,1805000,-16000,-0.88,1593,2880680000
005305,롯데칠성우,781000,767000,-14000,-1.79,142,108150000
011170,롯데케미칼,289000,281000,-8000,-2.77,228267,64428438500
002270,롯데푸드,667000,654000,-13000,-1.95,2474,1629441000
071840,롯데하이마트,54400,53600,-800,-1.47,55941,2993250800
027740,마니커,803,813,10,1.25,511111,414188989
204320,만도,30600,30200,-400,-1.31,357646,10855204250
001080,만호제강,17500,17700,200,1.14,1101,19266800
088980,맥쿼리인프라,10250,10250,0,0.0,421688,4317573200
094800,맵스리얼티1,3810,3845,35,0.92,212816,816187315
015540,메디파트너생명공학,6300,6290,-10,-0.16,19784,122395620
138040,메리츠금융지주,14450,14350,-100,-0.69,87364,1232522400
008560,메리츠종금증권,4745,4810,65,1.37,1632097,7820125665
000060,메리츠화재,23700,23400,-300,-1.27,123145,2890208600
090370,메타랩스,1560,1615,55,3.53,452269,717707000
017180,명문제약,5560,5570,10,0.18,145275,807218100
012690,모나리자,4420,4695,275,6.22,3202037,14790324645
005360,모나미,2655,2630,-25,-0.94,38583,102276335
204210,모두투어리츠,3090,3240,150,4.85,46843,150039715
009680,모토닉,13050,13350,300,2.3,749536,9949536600
009580,무림PP,5800,5770,-30,-0.52,406217,2350262110
009200,무림페이퍼,3345,3270,-75,-2.24,321014,1046884055
033920,무학,13550,12900,-650,-4.8,41872,549923300
008420,문배철강,3055,3050,-5,-0.16,150222,459066165
025560,미래산업,151,152,1,0.66,2688099,410760472
007120,미래아이앤지,365,366,1,0.27,404556,146718889
006800,미래에셋대우,7650,7550,-100,-1.31,1363535,10322198410
00680K,미래에셋대우2우B,3740,3745,5,0.13,132322,493572345
006805,미래에셋대우우,4140,4115,-25,-0.6,20334,83872145
085620,미래에셋생명,5220,5240,20,0.38,135481,704643430
002840,미원상사,359000,366000,7000,1.95,650,237564000
268280,미원에스씨,67200,67300,100,0.15,1515,101663800
107590,미원홀딩스,39750,39750,0,0.0,7474,297083650
134380,미원화학,42600,42600,0,0.0,1379,58766600
003650,미창석유,78600,78000,-600,-0.76,6229,497709000
155900,바다로19호,2925,2960,35,1.2,13883,40752955
003610,방림,2290,2320,30,1.31,20482,46649915
001340,백광산업,2740,2855,115,4.2,753800,2146560795
014580,백광소재,2875,2885,10,0.35,92618,267154270
035150,백산,6930,6970,40,0.58,113519,793070610
002410,범양건영,1705,1840,135,7.92,3187522,5825539940
096300,베트남개발1,385,377,-8,-2.08,341070,129007579
007210,벽산,2980,3170,190,6.38,730633,2285011465
002760,보락,2420,2415,-5,-0.21,335661,809671865
003850,보령제약,10950,12600,1650,15.07,6486701,82213874950
000890,보해양조,1585,1550,-35,-2.21,3219383,4955504365
003000,부광약품,21500,21550,50,0.23,250868,5354998750
001270,부국증권,20750,20900,150,0.72,2972,61656950
001275,부국증권우,19400,19300,-100,-0.52,46,889200
026940,부국철강,2900,2920,20,0.69,48984,142545665
015350,부산가스,42700,42700,0,0.0,4106,174612800
011390,부산산업,122000,124000,2000,1.64,12426,1521928000
005030,부산주공,512,484,-28,-5.47,938794,456628774
100220,비상교육,7170,7090,-80,-1.12,11099,78903720
005180,빙그레,68600,67500,-1100,-1.6,19764,1338631500
003960,사조대림,21050,21050,0,0.0,3831,80433200
008040,사조동아원,1495,1520,25,1.67,11187894,17480838680
007160,사조산업,54500,53500,-1000,-1.83,9142,490294400
014710,사조씨푸드,6500,6450,-50,-0.77,31676,203526280
006090,사조오양,9120,9070,-50,-0.55,34338,311021890
079660,사조해표,9570,9630,60,0.63,16743,160502410
005090,삼광글라스,40200,39400,-800,-1.99,11661,459541050
001470,삼부토건,4900,4855,-45,-0.92,66108,318522170
006400,삼성SDI,218000,214500,-3500,-1.61,382914,82297814000
006405,삼성SDI우,91900,90400,-1500,-1.63,2634,239046700
006660,삼성공조,9750,9650,-100,-1.03,12173,118771100
028260,삼성물산,109000,107500,-1500,-1.38,182960,19767064000
02826K,삼성물산우B,72700,72400,-300,-0.41,1266,90450000
207940,삼성바이오로직스,348500,338500,-10000,-2.87,301708,101549261000
032830,삼성생명,86900,87100,200,0.23,137859,12002350900
018260,삼성에스디에스,233000,232500,-500,-0.21,73290,17034308000
028050,삼성엔지니어링,16100,16100,0,0.0,628845,10139531950
009150,삼성전기,102500,102500,0,0.0,1118957,116388821000
009155,삼성전기우,42150,42100,-50,-0.12,6583,278486650
005930,삼성전자,45850,46550,700,1.53,12535911,583256207100
005935,삼성전자우,37350,37850,500,1.34,1546981,58171880650
001360,삼성제약,2680,2650,-30,-1.12,172498,457970535
010140,삼성중공업,8850,8740,-110,-1.24,2504431,21956808670
010145,삼성중공우,54000,52700,-1300,-2.41,3365,176866500
016360,삼성증권,34200,33900,-300,-0.88,199268,6751700700
068290,삼성출판사,17200,17850,650,3.78,5196732,98091393000
029780,삼성카드,34700,34000,-700,-2.02,66736,2272235200
000810,삼성화재,297000,300500,3500,1.18,63872,19115754500
000815,삼성화재우,198000,200500,2500,1.26,13579,2720012000
006110,삼아알미늄,4660,4660,0,0.0,41007,190884670
145990,삼양사,61200,61300,100,0.16,5200,319454000
145995,삼양사우,38350,38000,-350,-0.91,201,7587300
003230,삼양식품,80700,84800,4100,5.08,92136,7670300600
002170,삼양통상,47900,50800,2900,6.05,64254,3224482200
272550,삼양패키징,17250,17200,-50,-0.29,28958,497658350
000070,삼양홀딩스,87900,85900,-2000,-2.28,12787,1104611000
000075,삼양홀딩스우,49950,49900,-50,-0.1,92,4565350
002810,삼영무역,16200,16250,50,0.31,29973,481310950
005680,삼영전자,12650,12600,-50,-0.4,38439,481304650
003720,삼영화학,814,802,-12,-1.47,29675,23812259
023000,삼원강재,3050,3045,-5,-0.16,526,1601235
004380,삼익THK,12850,13950,1100,8.56,282098,3877585550
002450,삼익악기,1930,1940,10,0.52,193047,374638580
000520,삼일제약,31250,32250,1000,3.2,314393,9889308300
009770,삼정펄프,36500,36200,-300,-0.82,119,4317350
005500,삼진제약,40200,40400,200,0.5,41245,1671194200
004690,삼천리,97200,96200,-1000,-1.03,5417,519810600
001880,삼호,14800,14750,-50,-0.34,2991,44373400
010960,삼호개발,5000,4950,-50,-1.0,111594,553661310
004450,삼화왕관,45800,45750,-50,-0.11,219,10048800
009470,삼화전기,20650,20400,-250,-1.21,42935,881915750
011230,삼화전자,3270,3280,10,0.31,175866,561317885
001820,삼화콘덴서,57400,58100,700,1.22,131313,7644436000
000390,삼화페인트,6060,6040,-20,-0.33,6206,37501230
041650,상신브레이크,4245,4255,10,0.24,19573,83756020
075180,새론오토모티브,5750,5560,-190,-3.3,21385,119137710
007540,샘표,36500,37200,700,1.92,10620,392935700
248170,샘표식품,30000,30000,0,0.0,10281,305291000
007860,서연,4510,4405,-105,-2.33,48391,214925940
200880,서연이화,6750,6590,-160,-2.37,636481,4273209900
017390,서울가스,83200,83200,0,0.0,125,10405300
004410,서울식품,189,187,-2,-1.06,1800534,336813114
004415,서울식품우,4055,4015,-40,-0.99,48347,193970610
021050,서원,1175,1175,0,0.0,75105,87236335
008490,서흥,26900,26850,-50,-0.19,8470,225872750
007610,선도전기,3930,3900,-30,-0.76,140023,547584235
136490,선진,12850,12850,0,0.0,54081,692314000
002820,선창산업,5450,5420,-30,-0.55,5011,27273670
014910,성문전자,3005,2925,-80,-2.66,256199,755716670
014915,성문전자우,14800,14000,-800,-5.41,62824,894897850
003080,성보화학,5270,5240,-30,-0.57,18326,95960760
004980,성신양회,10700,10650,-50,-0.47,322835,3440912950
004987,성신양회2우B,16400,14450,-1950,-11.89,130226,1915843000
004989,성신양회3우B,10750,10500,-250,-2.33,11774,123721450
004985,성신양회우,11600,10750,-850,-7.33,109332,1168714800
011300,성안,598,610,12,2.01,100921,60890476
000180,성창기업지주,2135,2065,-70,-3.28,135373,282768690
002420,세기상사,70600,70000,-600,-0.85,776,53757600
004360,세방,14100,13900,-200,-1.42,11695,163827550
004365,세방우,6420,6450,30,0.47,669,4297670
004490,세방전지,46900,47200,300,0.64,20150,950418300
001430,세아베스틸,19300,19100,-200,-1.04,40460,779364700
306200,세아제강,62700,62300,-400,-0.64,3168,197772200
003030,세아제강지주,50600,50800,200,0.4,5218,265107100
019440,세아특수강,15750,15750,0,0.0,11288,177558950
058650,세아홀딩스,95600,95000,-600,-0.63,839,79864300
013000,세우글로벌,1785,1750,-35,-1.96,383798,675416060
091090,세원셀론텍,3815,3715,-100,-2.62,554998,2075838215
021820,세원정공,7720,7700,-20,-0.26,1700,13188030
067830,세이브존IC,4140,4135,-5,-0.12,37135,152433400
033530,세종공업,6720,6740,20,0.3,276344,1848460860
075580,세진중공업,4265,4170,-95,-2.23,89868,378211775
027970,세하,1560,1560,0,0.0,112372,174091860
145210,세화아이엠씨,2990,2990,0,0.0,0,0
068270,셀트리온,200500,199500,-1000,-0.5,271695,54379495500
004430,송원산업,18450,18150,-300,-1.63,256086,4648952900
017550,수산중공업,1590,1605,15,0.94,165497,263601570
002200,수출포장,21650,21400,-250,-1.15,5127,109723750
053210,스카이라이프,11900,12000,100,0.84,53810,639593300
134790,시디즈,36850,36150,-700,-1.9,6174,220738500
016590,신대양제지,86200,85100,-1100,-1.28,23809,2021026400
029530,신도리코,48450,49000,550,1.14,9375,454029600
004970,신라교역,14300,14350,50,0.35,2173,31166900
011930,신성이엔지,1185,1230,45,3.8,1313516,1579478975
005390,신성통상,922,920,-2,-0.22,235526,215723844
004170,신세계,319500,326000,6500,2.03,53125,17059899000
035510,신세계IC,152000,155000,3000,1.97,17814,2792914000
034300,신세계건설,31500,31250,-250,-0.79,7633,236403750
031430,신세계인터내셔날,298500,302000,3500,1.17,54022,16118716000
031440,신세계푸드,101000,102000,1000,0.99,33946,3422118100
006880,신송홀딩스,4505,4490,-15,-0.33,6003,26885760
005800,신영와코루,130000,129500,-500,-0.38,233,30070000
001720,신영증권,60400,60700,300,0.5,4577,276971200
001725,신영증권우,56000,56000,0,0.0,1340,74968000
009270,신원,1995,1985,-10,-0.5,1227502,2428836630
009275,신원우,47950,48150,200,0.42,415,19623150
002700,신일산업,1850,1970,120,6.49,14103123,27274999345
019170,신풍제약,7820,7760,-60,-0.77,765165,6026611210
019175,신풍제약우,6370,6500,130,2.04,31029,206240850
002870,신풍제지,1345,1345,0,0.0,60682,81549710
005450,신한,4945,4945,0,0.0,0,0
293940,신한알파리츠,5860,5850,-10,-0.17,157505,921895660
055550,신한지주,43300,43250,-50,-0.12,839511,36271368050
001770,신화실업,22400,22400,0,0.0,3859,86502400
004080,신흥,10000,10050,50,0.5,2788,27759390
102280,쌍방울,1040,1020,-20,-1.92,774414,789717955
003410,쌍용양회,5960,5880,-80,-1.34,1184789,6956747890
003415,쌍용양회우,6010,5980,-30,-0.5,27011,160010650
003620,쌍용차,5280,5170,-110,-2.08,150467,783076020
004770,써니전자,2900,2850,-50,-1.72,449708,1297208765
004920,씨아이테크,541,542,1,0.18,131690,71077491
112610,씨에스윈드,36100,37100,1000,2.77,115387,4278757600
008700,아남전자,2740,2725,-15,-0.55,600256,1647573760
002790,아모레G,71600,71200,-400,-0.56,73732,5252364600
002795,아모레G우,30650,30550,-100,-0.33,3251,98623900
090430,아모레퍼시픽,193000,193000,0,0.0,101623,19647047500
090435,아모레퍼시픽우,110500,111000,500,0.45,5629,621402000
002030,아세아,128000,126000,-2000,-1.56,2932,366806500
183190,아세아시멘트,110000,108500,-1500,-1.36,14455,1553174000
002310,아세아제지,39600,38950,-650,-1.64,27015,1048323050
267850,아시아나IDT,15150,13000,-2150,-14.19,1112078,14735674400
020560,아시아나항공,4040,4040,0,0.0,0,0
122900,아이마켓코리아,9750,9600,-150,-1.54,113366,1097523130
010780,아이에스동서,32150,31650,-500,-1.56,46385,1478243500
033660,아주캐피탈,10000,9990,-10,-0.1,77713,767184490
101140,아티스,4345,4345,0,0.0,204472,898614745
001780,알루코,2715,2670,-45,-1.66,164224,439924875
002250,알보젠코리아,28700,28700,0,0.0,0,0
018250,애경산업,47850,46500,-1350,-2.82,261051,12274464200
161000,애경유화,10050,9930,-120,-1.19,178202,1771757280
011090,에넥스,1465,1530,65,4.44,2568916,3893878870
005850,에스엘,21850,22100,250,1.14,49135,1075135100
012750,에스원,98200,97800,-400,-0.41,44254,4321521200
023960,에쓰씨엔지니어링,1750,1740,-10,-0.57,26651,46117520
298690,에어부산,4430,4310,-120,-2.71,511194,2209349635
140910,에이리츠,5900,5900,0,0.0,17152,100980200
078520,에이블씨엔씨,14750,13950,-800,-5.42,615961,8723968450
015260,에이엔피,518,526,8,1.54,2985141,1625270441
007460,에이프로젠KIC,2910,2730,-180,-6.19,5145529,14382092855
003060,에이프로젠제약,2490,2445,-45,-1.81,252616,624470165
036570,엔씨소프트,463000,478000,15000,3.24,160944,76593168000
138250,엔에스쇼핑,12250,12150,-100,-0.82,29103,351758200
085310,엔케이,1625,1640,15,0.92,962637,1573997440
009810,엔케이물산,806,820,14,1.74,2795573,2381286143
900140,엘브이엠씨홀딩스,2645,2640,-5,-0.19,91963,242335085
014440,영보화학,3900,3910,10,0.26,9080,35170860
111770,영원무역,32550,32100,-450,-1.38,91096,2938858500
009970,영원무역홀딩스,64800,66000,1200,1.85,2629,171895400
003520,영진약품,7060,6900,-160,-2.27,984781,6838114560
000670,영풍,839000,828000,-11000,-1.31,1367,1133031000
006740,영풍제지,3515,3560,45,1.28,41559,145957720
012280,영화금속,1425,1410,-15,-1.05,288717,411662460
012160,영흥철강,1270,1245,-25,-1.97,264286,329002475
015360,예스코홀딩스,40950,41200,250,0.61,687,28222200
007310,오뚜기,751000,747000,-4000,-0.53,2894,2160484000
079440,오렌지라이프,37200,37000,-200,-0.54,70638,2629979550
002630,오리엔트바이오,499,479,-20,-4.01,4933355,2373102126
271560,오리온,98500,98000,-500,-0.51,109463,10758685100
001800,오리온홀딩스,18650,18700,50,0.27,49503,928741800
070960,용평리조트,7170,7180,10,0.14,397277,2819923970
316140,우리금융지주,14650,14050,-600,-4.1,23513784,331864073700
004720,우리들제약,8980,8750,-230,-2.56,91999,816448240
118000,우리들휴브레인,2490,2465,-25,-1.0,44582,110134480
010050,우리종금,770,765,-5,-0.65,1292225,991638428
006980,우성사료,2960,2790,-170,-5.74,4308273,12660051650
017370,우신시스템,6020,5840,-180,-2.99,50192,297054170
105840,우진,5260,5260,0,0.0,119552,626415120
010400,우진아이엔에스,11150,11150,0,0.0,60757,674102550
049800,우진플라임,5880,5750,-130,-2.21,46075,264921890
016880,웅진,2510,2435,-75,-2.99,1189854,2854723150
095720,웅진씽크빅,3490,3430,-60,-1.72,1142095,3890380470
103130,웅진에너지,1040,981,-59,-5.67,1893637,1848260068
005820,원림,18150,18250,100,0.55,2292,41315800
010600,웰바이오텍,4150,4460,310,7.47,777486,3424431265
008600,윌비스,1385,1365,-20,-1.44,566974,767523290
033270,유나이티드제약,26050,26000,-50,-0.19,42225,1094039500
014830,유니드,48600,49200,600,1.23,21247,1038693900
000910,유니온,4070,4050,-20,-0.49,56786,228283855
047400,유니온머티리얼,1940,1925,-15,-0.77,260302,498822810
011330,유니켐,2385,2390,5,0.21,3048231,7113262100
077500,유니퀘스트,6530,6440,-90,-1.38,64234,417106760
002920,유성기업,2925,2870,-55,-1.88,18835,54015705
000700,유수홀딩스,7830,7920,90,1.15,17918,141601750
003470,유안타증권,3195,3175,-20,-0.63,361883,1146598385
003475,유안타증권우,2225,2210,-15,-0.67,5516,12123020
011690,유양디앤유,8000,7990,-10,-0.13,272094,2181892690
072130,유엔젤,4050,4020,-30,-0.74,108877,445244265
000220,유유제약,12550,12600,50,0.4,26772,337049850
000225,유유제약1우,7200,7200,0,0.0,4564,32779400
000227,유유제약2우B,18700,18300,-400,-2.14,499,9231800
001200,유진투자증권,2615,2590,-25,-0.96,173982,450927840
000100,유한양행,241000,240500,-500,-0.21,41047,9878701500
000105,유한양행우,212000,213500,1500,0.71,24,5095000
003460,유화증권,12850,12850,0,0.0,1087,13922000
003465,유화증권우,12650,12650,0,0.0,1951,24680750
008730,율촌화학,13100,13300,200,1.53,27505,364390150
008250,이건산업,10500,10650,150,1.43,226516,2444424500
025820,이구산업,1900,1870,-30,-1.58,82862,155896925
214320,이노션,72300,69300,-3000,-4.15,76134,5272426700
088260,이리츠코크렙,4820,4810,-10,-0.21,127819,616786105
139480,이마트,177500,177000,-500,-0.28,87640,15439750000
007660,이수페타시스,5260,5450,190,3.61,2617308,14332994940
005950,이수화학,9850,9730,-120,-1.22,59684,577721590
015020,이스타코,690,685,-5,-0.72,35429,24205712
093230,이아이디,189,190,1,0.53,496075,93547391
102460,이연제약,21000,21800,800,3.81,149404,3214097000
084680,이월드,2295,2200,-95,-4.14,476417,1055505030
000760,이화산업,20250,19700,-550,-2.72,535,10638250
014990,인디에프,2235,2195,-40,-1.79,720265,1565964630
006490,인스코비,5350,5220,-130,-2.43,865450,4548662730
023800,인지컨트롤스,7130,7080,-50,-0.7,108342,772550330
034590,인천도시가스,29300,29300,0,0.0,624,18274700
129260,인터지스,2450,2430,-20,-0.82,44449,106988440
023810,인팩,4685,4670,-15,-0.32,26142,123082910
249420,일동제약,23100,23000,-100,-0.43,53695,1236692900
000230,일동홀딩스,12750,12600,-150,-1.18,22716,285440600
013360,일성건설,1390,1405,15,1.08,392030,548297805
003120,일성신약,93200,95400,2200,2.36,1029,96774300
003200,일신방직,101000,100000,-1000,-0.99,1504,149345600
007110,일신석재,2170,2145,-25,-1.15,1977787,4173269170
007570,일양약품,30400,29900,-500,-1.64,55525,1669675050
007575,일양약품우,19500,19500,0,0.0,633,12232150
008500,일정실업,20500,19500,-1000,-4.88,322,6370300
081000,일진다이아,31800,31300,-500,-1.57,140915,4437479000
020760,일진디스플,3760,3700,-60,-1.6,122458,455887270
020150,일진머티리얼즈,41550,40800,-750,-1.81,385046,15812800500
103590,일진전기,3350,3320,-30,-0.9,19991,66549720
015860,일진홀딩스,3715,3630,-85,-2.29,55608,204101305
226320,잇츠한불,32450,31900,-550,-1.69,59339,1910397850
033240,자화전자,13750,13900,150,1.09,72671,1009569750
000950,전방,17900,18250,350,1.96,214,3831100
194370,제이에스코퍼레이션,13700,13500,-200,-1.46,18185,245377150
025620,제이준코스메틱,10700,10500,-200,-1.87,546809,5791461850
030000,제일기획,23800,24150,350,1.47,229830,5528660900
271980,제일약품,45400,45000,-400,-0.88,34188,1543300300
001560,제일연마,6360,6330,-30,-0.47,1072,6754220
002620,제일파마홀딩스,26850,26300,-550,-2.05,7093,186712650
006220,제주은행,4870,4910,40,0.82,24259,117932395
089590,제주항공,39450,40300,850,2.15,98523,3937362400
004910,조광페인트,7080,7120,40,0.56,11172,78763030
004700,조광피혁,36700,36500,-200,-0.54,6602,246581800
001550,조비,21400,21250,-150,-0.7,29755,625619600
000480,조선내화,82900,82700,-200,-0.24,1446,119281200
120030,조선선재,82300,82500,200,0.24,1773,146013400
018470,조일알미늄,939,924,-15,-1.6,49195,45500800
002600,조흥,185500,187000,1500,0.81,133,24770500
185750,종근당,104000,102500,-1500,-1.44,20989,2167190000
063160,종근당바이오,23350,23500,150,0.64,13923,325242900
001630,종근당홀딩스,68400,69800,1400,2.05,10626,729324600
044380,주연테크,423,419,-4,-0.95,868453,363400298
013870,지엠비코리아,7620,7340,-280,-3.67,389207,2901827480
071320,지역난방공사,61700,62000,300,0.49,9057,553831700
010580,지코,725,680,-45,-6.21,801967,552275553
035000,지투알,7950,8070,120,1.51,2636,21125590
088790,진도,4605,4340,-265,-5.75,101973,448079885
003780,진양산업,3675,3635,-40,-1.09,74784,273735575
010640,진양폴리,2075,2230,155,7.47,151137,322434235
100250,진양홀딩스,2590,2590,0,0.0,46536,120443735
051630,진양화학,4400,4410,10,0.23,44393,195507980
272450,진에어,22650,22850,200,0.88,120096,2691786050
011000,진원생명과학,4835,4840,5,0.1,138539,680571310
002780,진흥기업,1960,1990,30,1.53,35974,70425075
002787,진흥기업2우B,10700,10550,-150,-1.4,20341,215999300
002785,진흥기업우B,4180,4155,-25,-0.6,12563,52494300
009310,참엔지니어링,1640,1655,15,0.91,74196,122030855
000650,천일고속,77800,77300,-500,-0.64,226,17560600
012600,청호컴넷,2630,2635,5,0.19,19709,52324940
033250,체시스,882,894,12,1.36,81776,72334371
035720,카카오,102500,104000,1500,1.46,239614,24871163500
006380,카프로,4725,4740,15,0.32,94625,446244605
109070,컨버즈,3325,3260,-65,-1.95,173710,567673515
029460,케이씨,15950,16550,600,3.76,264663,4414490900
281820,케이씨텍,18700,19000,300,1.6,431599,8434872750
145270,케이탑리츠,953,954,1,0.1,316693,300889838
058860,케이티스,2720,2715,-5,-0.18,80784,219734610
007815,코리아써우,2845,2850,5,0.18,2415,6874155
007810,코리아써키트,6190,6170,-20,-0.32,28036,172176870
00781K,코리아써키트2우B,4110,4110,0,0.0,52,213315
152330,코리아오토글라스,15700,16000,300,1.91,182663,2898148450
003690,코리안리,9310,9260,-50,-0.54,139507,1284376550
192820,코스맥스,151000,150500,-500,-0.33,32695,4921221000
044820,코스맥스비티아이,24500,23550,-950,-3.88,45382,1083347700
005070,코스모신소재,17000,16550,-450,-2.65,342789,5759620150
005420,코스모화학,15900,15300,-600,-3.77,214399,3304523400
071950,코아스,1285,1300,15,1.17,251839,327240970
002020,코오롱,34950,35200,250,0.72,27809,977105450
003070,코오롱글로벌,10800,10600,-200,-1.85,57962,613718600
003075,코오롱글로벌우,15300,14900,-400,-2.61,3159,47406900
144620,코오롱머티리얼,2750,2710,-40,-1.45,190115,519602940
002025,코오롱우,18000,18000,0,0.0,887,15927250
120110,코오롱인더,51400,51600,200,0.39,93144,4845578500
120115,코오롱인더우,22750,22800,50,0.22,5117,116708550
138490,코오롱플라스틱,6590,6480,-110,-1.67,34108,221254910
021240,코웨이,97000,96900,-100,-0.1,16554798,1702026474700
031820,콤텍시스템,1540,1530,-10,-0.65,887910,1371088975
192400,쿠쿠홀딩스,144000,141500,-2500,-1.74,5185,739913000
284740,쿠쿠홈시스,192500,186500,-6000,-3.12,5661,1054492000
015590,큐로,590,614,24,4.07,507803,310096299
264900,크라운제과,10250,10450,200,1.95,25254,261609450
26490K,크라운제과우,7990,7960,-30,-0.38,790,6255200
005740,크라운해태홀딩스,11900,11750,-150,-1.26,73620,863148900
005745,크라운해태홀딩스우,12550,12500,-50,-0.4,2586,31886800
020120,키다리스튜디오,2850,2895,45,1.58,25252,71995495
039490,키움증권,86300,86200,-100,-0.12,71149,6090645500
012170,키위미디어그룹,301,291,-10,-3.32,1576364,460716387
015890,태경산업,5840,5750,-90,-1.54,100348,574977940
006890,태경화학,5580,5810,230,4.12,994041,5708905450
003240,태광산업,1677000,1662000,-15000,-0.89,861,1433327000
011280,태림포장,4515,4530,15,0.33,155995,702209975
004100,태양금속,1400,1320,-80,-5.71,956437,1246973895
004105,태양금속우,3515,3400,-115,-3.27,62624,213639795
009410,태영건설,11950,12050,100,0.84,252978,3006408550
009415,태영건설우,5790,5810,20,0.35,5049,29159530
001420,태원물산,5810,5810,0,0.0,15349,88563540
007980,태평양물산,2555,2560,5,0.2,64804,164978280
055490,테이팩스,19350,19200,-150,-0.78,16527,317779300
078000,텔코웨어,14500,14700,200,1.38,25169,366294050
214420,토니모리,13450,13350,-100,-0.74,64477,871123050
140890,트러스제7호,3505,3505,0,0.0,27,94610
019180,티에이치엔,2460,2405,-55,-2.24,54427,132539715
091810,티웨이항공,8000,7960,-40,-0.5,250923,1976662880
004870,티웨이홀딩스,2535,2535,0,0.0,324279,813257140
005690,파미셀,12450,12650,200,1.61,629854,7871769500
036580,팜스코,8560,9120,560,6.54,290849,2616137550
028670,팬오션,4240,4210,-30,-0.71,852837,3598080510
010820,퍼스텍,2905,2845,-60,-2.07,667286,1915717970
016800,퍼시스,31700,31600,-100,-0.32,1921,60682250
001020,페이퍼코리아,963,970,7,0.73,2332220,2391158472
090080,평화산업,2130,2095,-35,-1.64,193874,409083655
010770,평화홀딩스,5850,5770,-80,-1.37,57038,330514360
058430,포스코강판,20500,20400,-100,-0.49,4768,96815850
047050,포스코대우,18350,18000,-350,-1.91,306190,5541548600
007630,폴루스바이오팜,2295,2295,0,0.0,0,0
017810,풀무원,102500,104500,2000,1.95,10747,1111667000
103140,풍산,29800,29200,-600,-2.01,122503,3606175400
005810,풍산홀딩스,40600,42400,1800,4.43,21623,904106200
033180,필룩스,10500,11100,600,5.71,10852481,126518421350
086790,하나금융지주,37250,37000,-250,-0.67,673615,25012942050
099340,하나니켈1호,775,771,-4,-0.52,143440,111095951
099350,하나니켈2호,1120,1130,10,0.89,84942,96714405
293480,하나제약,25750,25450,-300,-1.17,142072,3647725800
039130,하나투어,75000,74100,-900,-1.2,96003,7133056900
172580,하이골드12호,2860,2870,10,0.35,3095,8862120
153360,하이골드3호,1845,1820,-25,-1.36,2555,4658470
159650,하이골드8호,1460,1485,25,1.71,20431,30063985
071090,하이스틸,22700,23100,400,1.76,10859,247850050
019490,하이트론,3800,3795,-5,-0.13,1176,4439885
000080,하이트진로,18150,17950,-200,-1.1,195014,3518728550
000087,하이트진로2우B,14850,14950,100,0.67,1779,26506400
000140,하이트진로홀딩스,7960,8020,60,0.75,3761,30115060
000145,하이트진로홀딩스우,8340,8330,-10,-0.12,0,0
152550,한국ANKOR유전,1700,1700,0,0.0,9042,15361590
036460,한국가스공사,48350,47400,-950,-1.96,230301,10986701600
005430,한국공항,42950,44100,1150,2.68,3864,168625300
071050,한국금융지주,65500,64700,-800,-1.22,160128,10401020300
071055,한국금융지주우,37150,37000,-150,-0.4,4700,174278500
010040,한국내화,5900,5840,-60,-1.02,384172,2228442300
025540,한국단자,61500,61300,-200,-0.33,29339,1795300800
004090,한국석유,122000,121000,-1000,-0.82,2340,281455500
002960,한국쉘석유,324500,324000,-500,-0.15,1008,327440500
123890,한국자산신탁,4345,4355,10,0.23,69522,299625820
015760,한국전력,31900,31950,50,0.16,1140285,36438788800
006200,한국전자홀딩스,811,815,4,0.49,118035,96034563
002300,한국제지,18450,18450,0,0.0,4181,76691650
023350,한국종합기술,5060,5050,-10,-0.2,43873,220207935
025890,한국주강,1860,1845,-15,-0.81,16372,30463745
000970,한국주철관,10050,10350,300,2.99,67011,683775100
104700,한국철강,6120,6080,-40,-0.65,23573,143982530
017960,한국카본,8550,8450,-100,-1.17,382608,3215049560
161890,한국콜마,80000,79100,-900,-1.13,100025,7971013100
024720,한국콜마홀딩스,37900,37000,-900,-2.37,80432,3021899700
161390,한국타이어,42250,41250,-1000,-2.37,324621,13405009450
000240,한국타이어월드와이드,16400,16050,-350,-2.13,46575,751633100
034830,한국토지신탁,2685,2630,-55,-2.05,332568,879555715
007280,한국특수형강,1970,1960,-10,-0.51,49668,97957305
168490,한국패러랠,2455,2455,0,0.0,9243,22675760
010100,한국프랜지,1580,1560,-20,-1.27,100768,157264815
047810,한국항공우주,35500,36700,1200,3.38,768516,28320880750
123690,한국화장품,12550,12500,-50,-0.4,103751,1302216850
003350,한국화장품제조,36550,36600,50,0.14,11716,429366400
011500,한농화성,4055,4040,-15,-0.37,51822,208347750
002390,한독,30300,31200,900,2.97,111376,3419099500
014790,한라,4055,4055,0,0.0,90330,365136385
060980,한라홀딩스,42100,41700,-400,-0.95,17127,715072500
053690,한미글로벌,11000,10800,-200,-1.82,139242,1507750050
042700,한미반도체,8450,8520,70,0.83,303781,2587009970
008930,한미사이언스,77400,77300,-100,-0.13,38500,2996921400
128940,한미약품,456000,458500,2500,0.55,24086,10997325500
009240,한샘,89600,84700,-4900,-5.47,291479,25006153500
020000,한섬,41700,40850,-850,-2.04,57618,2364395000
003680,한성기업,5810,5790,-20,-0.34,3902,22581740
105630,한세실업,25750,25550,-200,-0.78,256203,6430176550
069640,한세엠케이,7330,7120,-210,-2.86,48269,344573650
016450,한세예스24홀딩스,8970,8740,-230,-2.56,43137,376878770
010420,한솔PNS,1395,1395,0,0.0,64397,90087605
009180,한솔로지스틱스,1365,1355,-10,-0.73,87753,118931500
213500,한솔제지,16100,15750,-350,-2.17,294072,4631062400
014680,한솔케미칼,81800,80800,-1000,-1.22,66020,5342507700
004710,한솔테크닉스,7620,7550,-70,-0.92,43517,329094700
004150,한솔홀딩스,4700,4700,0,0.0,94480,441271550
025750,한솔홈데코,1405,1410,5,0.36,910021,1296639775
004960,한신공영,17600,17450,-150,-0.85,38721,675275000
011700,한신기계,2395,2390,-5,-0.21,75896,181715795
001750,한양증권,6810,6810,0,0.0,5022,34056480
001755,한양증권우,7800,7780,-20,-0.26,514,3980880
018880,한온시스템,11550,11650,100,0.87,692119,8063845450
009420,한올바이오파마,33600,34200,600,1.79,336612,11494757800
014130,한익스프레스,4810,4785,-25,-0.52,6291,30216480
300720,한일시멘트,135500,136500,1000,0.74,2664,357973000
002220,한일철강,21550,23200,1650,7.66,38054,870222800
006390,한일현대시멘트,40750,40050,-700,-1.72,37683,1504193450
003300,한일홀딩스,54900,55100,200,0.36,12843,718126600
051600,한전KPS,34600,34700,100,0.29,150131,5190970500
052690,한전기술,25450,24900,-550,-2.16,101053,2514249300
130660,한전산업,3790,3790,0,0.0,23610,89136600
002320,한진,36000,36500,500,1.39,101893,3725888800
097230,한진중공업,1190,1190,0,0.0,0,0
003480,한진중공업홀딩스,4530,4525,-5,-0.11,33477,152081595
180640,한진칼,24700,25900,1200,4.86,1269655,31974213900
18064K,한진칼우,17000,17250,250,1.47,25570,441656200
005110,한창,2915,2835,-80,-2.74,5121206,14473211005
009460,한창제지,2820,2720,-100,-3.55,2112145,5741339745
000880,한화,31000,30950,-50,-0.16,114437,3550435250
00088K,한화3우B,15100,15100,0,0.0,13726,207045550
027390,한화갤러리아타임월드,36200,35500,-700,-1.93,42517,1518123900
088350,한화생명,4110,4070,-40,-0.97,904262,3691208600
000370,한화손해보험,5370,5380,10,0.19,227616,1221553480
012450,한화에어로스페이스,33150,33950,800,2.41,245343,8316901100
000885,한화우,21650,21050,-600,-2.77,17859,381221500
009830,한화케미칼,22550,22050,-500,-2.22,764331,16839862350
009835,한화케미칼우,12050,11800,-250,-2.07,9504,111634800
003530,한화투자증권,2280,2260,-20,-0.88,113300,258061160
003535,한화투자증권우,2290,2250,-40,-1.75,11334,25491455
195870,해성디에스,14050,14350,300,2.14,85336,1228049100
101530,해태제과식품,10650,10450,-200,-1.88,43959,465780100
143210,핸즈코퍼레이션,6730,6700,-30,-0.45,10318,68809130
000720,현대건설,50200,51500,1300,2.59,616205,31487363400
267270,현대건설기계,48400,48600,200,0.41,114063,5561081450
000725,현대건설우,170500,170500,0,0.0,2061,349950500
005440,현대그린푸드,14200,14100,-100,-0.7,116060,1643949800
086280,현대글로비스,125500,125000,-500,-0.4,138394,17187367000
064350,현대로템,21700,21850,150,0.69,601831,13127999750
079430,현대리바트,21150,20700,-450,-2.13,57020,1187408350
012330,현대모비스,213500,214500,1000,0.47,232552,49764713500
010620,현대미포조선,57600,57100,-500,-0.87,163361,9369811500
069960,현대백화점,104500,104500,0,0.0,41178,4295814500
004560,현대비앤지스틸,10300,10350,50,0.49,29461,303070200
004565,현대비앤지스틸우,62800,61700,-1100,-1.75,2281,140644700
011760,현대상사,24650,24500,-150,-0.61,115833,2839796100
011200,현대상선,3665,3650,-15,-0.41,570410,2084702660
004310,현대약품,5040,4995,-45,-0.89,161241,808467890
126560,현대에이치씨엔,4205,4190,-15,-0.36,55279,231304940
017800,현대엘리베이,80800,81000,200,0.25,313116,25085116100
011210,현대위아,42600,42450,-150,-0.35,52857,2256892200
267260,현대일렉트릭,25850,25800,-50,-0.19,62594,1613955650
004020,현대제철,46000,45650,-350,-0.76,251869,11564252950
009540,현대중공업,127000,126000,-1000,-0.79,147714,18627412500
267250,현대중공업지주,345000,340000,-5000,-1.45,32312,11038518000
005380,현대차,124500,123500,-1000,-0.8,486194,59883512500
005387,현대차2우B,79200,79500,300,0.38,62717,4965428100
005389,현대차3우B,68000,68100,100,0.15,3539,241431000
005385,현대차우,71100,71800,700,0.98,59245,4224789800
001500,현대차증권,9800,9550,-250,-2.55,41264,395749340
227840,현대코퍼레이션홀딩스,14700,14500,-200,-1.36,62584,910625150
001450,현대해상,38350,38600,250,0.65,246196,9477599900
057050,현대홈쇼핑,111500,111500,0,0.0,25633,2847101000
093240,형지엘리트,1820,1765,-55,-3.02,439644,786390205
003010,혜인,5390,5370,-20,-0.37,89691,479761740
111110,호전실업,11950,12450,500,4.18,32425,399052300
008770,호텔신라,92400,93700,1300,1.41,627819,58372982000
008775,호텔신라우,48000,48750,750,1.56,8491,407972700
002460,화성산업,14250,14100,-150,-1.05,25344,360030600
013520,화승알앤에이,2270,2230,-40,-1.76,115767,260075500
241590,화승엔터프라이즈,11150,11350,200,1.79,110575,1248693800
006060,화승인더,8610,8670,60,0.7,234571,2026100720
010690,화신,2620,2580,-40,-1.53,55797,143509210
133820,화인베스틸,2960,2895,-65,-2.2,328956,956061705
010660,화천기계,21900,21900,0,0.0,335,7302850
000850,화천기공,43000,42800,-200,-0.47,730,31210450
016580,환인제약,18900,18900,0,0.0,17708,332684000
032560,황금에스티,9410,9250,-160,-1.7,90490,840203560
004800,효성,75900,75400,-500,-0.66,65799,4976163100
094280,효성ITX,10750,10800,50,0.47,8870,95237300
298040,효성중공업,40400,40000,-400,-0.99,36172,1449310600
298050,효성첨단소재,133500,131000,-2500,-1.87,19656,2606220000
298020,효성티앤씨,188500,190500,2000,1.06,12197,2321723500
298000,효성화학,148000,147500,-500,-0.34,5322,785171000
093370,후성,8500,8350,-150,-1.76,1087274,9075634550
081660,휠라코리아,71000,73200,2200,3.1,545047,39516141600
005870,휴니드,9110,9000,-110,-1.21,41971,378088040
079980,휴비스,7940,8110,170,2.14,160147,1286766260
005010,휴스틸,11950,11950,0,0.0,13558,162178300
069260,휴켐스,20400,20350,-50,-0.25,79655,1626043650
000540,흥국화재,4870,4915,45,0.92,28052,136876315
000547,흥국화재2우B,25250,25200,-50,-0.2,3004,74657700
000545,흥국화재우,5730,5590,-140,-2.44,9632,52653320
003280,흥아해운,376,366,-10,-2.66,1183233,435964779
