티커,종목명,시가,종가,변동폭,등락률,거래량,거래대금
095570,AJ네트웍스,4175,4125,-50,-1.2,20363,84128765
068400,AJ렌터카,11400,11600,200,1.75,424520,4918559400
006840,AK홀딩스,32350,32050,-300,-0.93,8696,279589250
027410,BGF,5730,5730,0,0.0,56542,322653600
282330,BGF리테일,171000,170000,-1000,-0.58,42992,7290812500
138930,BNK금융지주,7080,7070,-10,-0.14,268076,1887309360
001460,BYC,235000,236000,1000,0.43,56,13162000
001465,BYC우,126500,126000,-500,-0.4,198,24770000
001040,CJ,94400,93800,-600,-0.64,34490,3238810400
079160,CJCGV,37750,37000,-750,-1.99,83417,3093840150
00104K,CJ4우전환,66400,66700,300,0.45,2370,157325800
000120,CJ대한통운,158000,160000,2000,1.27,29733,4731112000
011150,CJ씨푸드,2750,2745,-5,-0.18,116215,320049930
011155,CJ씨푸드1우,30800,30500,-300,-0.97,1104,33561400
001045,CJ우,43300,43050,-250,-0.58,3907,169356550
097950,CJ제일제당,250000,249000,-1000,-0.4,16238,4034914000
097955,CJ제일제당우,104000,104000,0,0.0,2105,218474000
037560,CJ헬로,6420,6310,-110,-1.71,157637,1002564740
000590,CS홀딩스,58900,58600,-300,-0.51,161,9477300
012030,DB,778,778,0,0.0,263379,204596578
016610,DB금융투자,4315,4305,-10,-0.23,26863,115811855
005830,DB손해보험,57400,57200,-200,-0.35,125248,7145788200
000990,DB하이텍,18950,18950,0,0.0,168579,3186880250
000995,DB하이텍1우,39700,39550,-150,-0.38,138,5385050
139130,DGB금융지주,7190,7120,-70,-0.97,516503,3685875460
001530,DI동일,75100,73500,-1600,-2.13,3850,283925800
004840,DRB동일,5460,5420,-40,-0.73,8216,44613310
155660,DSR,4230,4275,45,1.06,25047,105747210
069730,DSR제강,4425,4480,55,1.24,47592,210877835
017940,E1,48150,48000,-150,-0.31,6118,294015200
007700,FF,111500,110500,-1000,-0.9,81443,8899481000
114090,GKL,19700,19600,-100,-0.51,106239,2074735250
078930,GS,49150,48650,-500,-1.02,106044,5153018400
006360,GS건설,30950,30550,-400,-1.29,365459,11194807050
001250,GS글로벌,2275,2270,-5,-0.22,64268,146060205
007070,GS리테일,38900,39150,250,0.64,66992,2613129300
078935,GS우,37350,37100,-250,-0.67,2007,74551200
012630,HDC,11900,11700,-200,-1.68,205616,2422998950
039570,HDC아이콘트롤스,10550,10500,-50,-0.47,130842,1385433000
089470,HDC현대EP,4385,4420,35,0.8,57488,253787405
294870,HDC현대산업개발,29400,28700,-700,-2.38,299753,8653487500
082740,HSD엔진,4395,4295,-100,-2.28,350215,1512759320
003560,IHQ,1775,1735,-40,-2.25,996929,1744959075
175330,JB금융지주,5420,5420,0,0.0,73371,396575630
234080,JW생명과학,18650,18500,-150,-0.8,39648,729924900
001060,JW중외제약,30900,31300,400,1.29,96663,3046364600
001067,JW중외제약2우B,40550,40100,-450,-1.11,692,28138700
001065,JW중외제약우,25600,25950,350,1.37,291,7520600
096760,JW홀딩스,6670,6760,90,1.35,80538,541844960
105560,KB금융,46100,46550,450,0.98,540476,25044874900
002380,KCC,221000,218500,-2500,-1.13,11929,2613625500
009070,KCTC,2830,2805,-25,-0.88,33878,95330280
009440,KC그린홀딩스,4340,4340,0,0.0,10191,44179880
119650,KC코트렐,6850,6850,0,0.0,46885,319450750
092220,KEC,992,988,-4,-0.4,339313,336149475
001390,KG케미칼,11400,11550,150,1.32,23336,268601600
001940,KISCO홀딩스,13450,13200,-250,-1.86,4503,59712200
025000,KPX케미칼,57500,57300,-200,-0.35,1794,101791600
092230,KPX홀딩스,54200,54700,500,0.92,685,37377100
000040,KR모터스,467,464,-3,-0.64,180644,84255507
044450,KSS해운,7600,7670,70,0.92,15577,117522720
030200,KT,27300,27250,-50,-0.18,303999,8293411700
033780,KTG,97900,98700,800,0.82,235210,23159082100
030210,KTB투자증권,2385,2360,-25,-1.05,23502,55639020
058850,KTcs,2155,2205,50,2.32,714559,1570544140
058860,KTis,2270,2280,10,0.44,54905,124557385
093050,LF,18000,17850,-150,-0.83,45001,805348900
003550,LG,72200,72300,100,0.14,112273,8075864400
034220,LG디스플레이,13950,14750,800,5.73,4722787,69265677850
001120,LG상사,15150,15050,-100,-0.66,72255,1085910250
051900,LG생활건강,1276000,1290000,14000,1.1,22331,28669422000
051905,LG생활건강우,760000,759000,-1000,-0.13,1115,847662000
003555,LG우,47100,47200,100,0.21,2408,113484400
032640,LG유플러스,13750,13600,-150,-1.09,1125204,15348433700
011070,LG이노텍,126000,125000,-1000,-0.79,82324,10327751500
066570,LG전자,71500,71000,-500,-0.7,259491,18387695600
066575,LG전자우,28750,29050,300,1.04,23080,665887400
108670,LG하우시스,57600,57800,200,0.35,6696,384269600
108675,LG하우시스우,28100,28100,0,0.0,465,13042200
051910,LG화학,309000,309000,0,0.0,87936,27151389348
051915,LG화학우,169500,169500,0,0.0,12024,2037427000
079550,LIG넥스원,34000,34200,200,0.59,38418,1308425150
006260,LS,44050,44400,350,0.79,44822,1984763100
000680,LS네트웍스,2390,2315,-75,-3.14,73890,173401630
010120,LS산전,50600,50600,0,0.0,38746,1954785000
229640,LS전선아시아,7850,7870,20,0.25,73426,577219420
023150,MH에탄올,6340,6260,-80,-1.26,9032,56022690
035420,NAVER,172500,173000,500,0.29,252885,43684590000
181710,NHN,66700,66600,-100,-0.15,109539,7390050700
005940,NH투자증권,12550,12600,50,0.4,476868,5959725000
005945,NH투자증권우,9100,9120,20,0.22,49013,445967580
034310,NICE,19650,19950,300,1.53,15664,311494050
008260,NI스틸,2155,2160,5,0.23,41881,90008075
004250,NPC,3900,3860,-40,-1.03,22954,88791590
004255,NPC우,2310,2310,0,0.0,466,1078780
010060,OCI,63100,63300,200,0.32,38295,2414262900
005490,POSCO,233000,232500,-500,-0.21,142160,32966948000
100840,STC,18450,18200,-250,-1.36,13472,244986950
064960,ST모티브,42500,41200,-1300,-3.06,52980,2198413650
003570,ST중공업,6710,6640,-70,-1.04,5113,33857240
036530,ST홀딩스,15200,14750,-450,-2.96,20737,307168100
010950,S-Oil,91300,90800,-500,-0.55,205924,18730092000
010955,S-Oil우,54800,54600,-200,-0.36,4439,241775000
034120,SBS,17750,17450,-300,-1.69,28963,510558400
101060,SBS미디어홀딩스,2010,2055,45,2.24,640117,1312050220
004060,SG세계물산,887,881,-6,-0.68,536976,474599879
001380,SG충방,1815,1780,-35,-1.93,80323,144084800
002360,SH에너지화학,1035,1030,-5,-0.48,373459,386411190
009160,SIMPAC,3050,3015,-35,-1.15,48445,147450535
123700,SJM,3620,3630,10,0.28,23391,85029615
025530,SJM홀딩스,3280,3280,0,0.0,796,2614260
034730,SK,260000,260000,0,0.0,146692,38015692000
011790,SKC,46300,46050,-250,-0.54,81355,3730699550
018670,SK가스,85200,85400,200,0.23,3998,339789000
001740,SK네트웍스,5910,5710,-200,-3.38,1232933,7062818720
001745,SK네트웍스우,91700,82800,-8900,-9.71,20453,1754975400
006120,SK디스커버리,32550,27850,-4700,-14.44,3559436,112532295000
006125,SK디스커버리우,21750,19500,-2250,-10.34,1078006,23428658350
210980,SK디앤디,30300,30000,-300,-0.99,8298,249564600
03473K,SK우,218500,189500,-29000,-13.27,277318,54559603500
096770,SK이노베이션,150000,147500,-2500,-1.67,244653,36220562000
096775,SK이노베이션우,113500,111000,-2500,-2.2,12488,1394813500
001510,SK증권,615,611,-4,-0.65,787487,481599096
001515,SK증권우,3020,2830,-190,-6.29,213064,613592605
285130,SK케미칼,73400,77200,3800,5.18,5391611,446182645200
28513K,SK케미칼우,37150,36450,-700,-1.88,1545794,64406977300
017670,SK텔레콤,245000,246500,1500,0.61,77308,19006278000
000660,SK하이닉스,82700,82800,100,0.12,1413983,117686527100
005610,SPC삼립,92600,91400,-1200,-1.3,4392,402469600
011810,STX,8150,7970,-180,-2.21,39779,316140490
077970,STX엔진,6980,6880,-100,-1.43,12027,82932430
071970,STX중공업,3405,3340,-65,-1.91,325312,1091808420
084870,TBH글로벌,2720,2750,30,1.1,62995,174596005
002710,TCC스틸,2665,2670,5,0.19,15780,42357830
024070,WISCOM,2615,2630,15,0.57,654,1717505
037270,YGPLUS,1200,1185,-15,-1.25,23650,28293460
000500,가온전선,20900,21250,350,1.67,16006,338143450
000860,강남제비스코,20300,20250,-50,-0.25,5835,118531150
035250,강원랜드,30200,30150,-50,-0.17,205991,6167594250
011420,갤럭시아에스엠,1665,1640,-25,-1.5,112418,184084455
002100,경농,11950,11850,-100,-0.84,51685,613623200
009450,경동나비엔,44000,43900,-100,-0.23,33772,1480780650
267290,경동도시가스,26750,26950,200,0.75,14114,379926050
012320,경동인베스트,35100,35450,350,1.0,7699,274609500
000050,경방,9840,9830,-10,-0.1,16709,164512630
214390,경보제약,8300,8500,200,2.41,14024,116813230
012610,경인양행,7680,7500,-180,-2.34,420043,3198529740
009140,경인전자,20400,20450,50,0.25,1694,34324900
013580,계룡건설,20800,20700,-100,-0.48,4611,95160700
012200,계양전기,2880,2840,-40,-1.39,61786,176071910
012205,계양전기우,6790,6740,-50,-0.74,6176,41373430
004200,고려개발,9640,9640,0,0.0,2893,27640790
002140,고려산업,3385,3405,20,0.59,129877,440606585
010130,고려아연,413000,412000,-1000,-0.24,14205,5843737000
002240,고려제강,22050,22000,-50,-0.23,58612,1289644950
009290,광동제약,6970,6960,-10,-0.14,47656,329590230
017040,광명전기,2165,2165,0,0.0,105723,228346155
017900,광전자,2080,2065,-15,-0.72,23290,48270400
037710,광주신세계,171500,172000,500,0.29,390,67260500
030610,교보증권,9520,9390,-130,-1.37,25692,242550940
007690,국도화학,45850,45700,-150,-0.33,3944,179700750
005320,국동,1405,1370,-35,-2.49,287924,397652080
002720,국제약품,4595,4545,-50,-1.09,193992,887707725
083420,그린케미칼,3915,3915,0,0.0,66724,259712255
014530,극동유화,3420,3415,-5,-0.15,26897,91643045
014280,금강공업,3905,3915,10,0.26,30574,119523777
014285,금강공업우,8280,8380,100,1.21,217,1796840
008870,금비,64300,63400,-900,-1.4,154,9782000
001570,금양,2280,2230,-50,-2.19,51177,114533685
002990,금호산업,11400,11300,-100,-0.88,78692,890040250
002995,금호산업우,40750,40050,-700,-1.72,5995,242941400
011780,금호석유,75900,74500,-1400,-1.84,80032,5975011300
011785,금호석유우,31250,31250,0,0.0,5642,177304900
214330,금호에이치티,6560,6420,-140,-2.13,852047,5566504190
001210,금호전기,3670,3730,60,1.63,409071,1483186465
073240,금호타이어,4235,4245,10,0.24,136671,578046000
092440,기신정기,3840,3845,5,0.13,22945,87727095
000270,기아차,44100,44550,450,1.02,610036,27085233250
024110,기업은행,11950,11900,-50,-0.42,1404533,16662362200
013700,까뮤이앤씨,1250,1260,10,0.8,708853,898663115
004540,깨끗한나라,2330,2315,-15,-0.64,68555,158101890
004545,깨끗한나라우,17350,17250,-100,-0.58,1918,33121400
074610,나노메딕스,9000,8760,-240,-2.67,1213222,10849256860
001260,남광토건,11600,11200,-400,-3.45,29412,331075250
008350,남선알미늄,3200,3140,-60,-1.88,4823079,15332256015
008355,남선알미우,21300,20700,-600,-2.82,12715,266682750
004270,남성,3230,3165,-65,-2.01,486002,1568101000
003920,남양유업,466000,465000,-1000,-0.21,331,153568500
003925,남양유업우,159000,161000,2000,1.26,11,1765000
002070,남영비비안,20100,20050,-50,-0.25,63674,1274472200
025860,남해화학,8300,8210,-90,-1.08,97741,804535350
005720,넥센,5820,5870,50,0.86,30388,177107450
005725,넥센우,3390,3415,25,0.74,472,1606370
002350,넥센타이어,9010,9000,-10,-0.11,45671,411008150
002355,넥센타이어1우B,3465,3490,25,0.72,769,2678125
003580,넥스트사이언스,9290,8770,-520,-5.6,3239375,28537157620
251270,넷마블,89100,89000,-100,-0.11,72389,6463763200
090350,노루페인트,8300,8280,-20,-0.24,13977,115912430
090355,노루페인트우,12050,12150,100,0.83,1135,13763850
000320,노루홀딩스,12600,12500,-100,-0.79,2313,28759900
000325,노루홀딩스우,17950,17750,-200,-1.11,93,1658700
006280,녹십자,125500,127500,2000,1.59,30255,3862799000
005250,녹십자홀딩스,21750,21950,200,0.92,32023,701361950
005257,녹십자홀딩스2우,17600,17600,0,0.0,6177,109858150
004370,농심,238500,238500,0,0.0,11208,2655987500
072710,농심홀딩스,80700,78400,-2300,-2.85,917,72235300
058730,다스코,6460,6500,40,0.62,98031,639891150
023590,다우기술,18900,19100,200,1.06,42956,817165950
019680,대교,6130,6140,10,0.16,17103,104661500
019685,대교우B,4210,4205,-5,-0.12,4366,18396670
006370,대구백화점,5890,5900,10,0.17,6403,37529800
008060,대덕전자,10350,10200,-150,-1.45,240726,2477453600
00806K,대덕전자1우,6370,6370,0,0.0,5639,35753430
000490,대동공업,5660,5650,-10,-0.18,54166,304049570
008110,대동전자,3610,3600,-10,-0.28,2768,9909235
005750,대림BCo,4170,4160,-10,-0.24,22363,95419175
000210,대림산업,93600,92100,-1500,-1.6,46397,4289484100
000215,대림산업우,40200,40250,50,0.12,8168,329600050
004440,대림씨엔에스,7500,7470,-30,-0.4,6714,50235790
006570,대림통상,4020,4020,0,0.0,276,1106635
001680,대상,23450,23450,0,0.0,35970,838904850
001685,대상우,13350,13300,-50,-0.37,2725,36353600
084690,대상홀딩스,6940,6960,20,0.29,10996,76291690
084695,대상홀딩스우,6140,6070,-70,-1.14,12592,76789130
128820,대성산업,3355,3365,10,0.3,153232,525654535
117580,대성에너지,5450,5440,-10,-0.18,18611,100855390
016710,대성홀딩스,7910,7740,-170,-2.15,3295,25653210
003540,대신증권,12250,12150,-100,-0.82,35887,437671500
003547,대신증권2우B,8700,8700,0,0.0,27352,237263330
003545,대신증권우,9330,9350,20,0.21,22061,206304210
009190,대양금속,16700,17600,900,5.39,507935,9172785500
014160,대영포장,1155,1150,-5,-0.43,1452264,1677224290
047040,대우건설,4615,4570,-45,-0.98,450611,2057616555
009320,대우부품,2170,2145,-25,-1.15,265876,575963485
042660,대우조선해양,27050,26700,-350,-1.29,77537,2084596200
003090,대웅,12950,12850,-100,-0.77,55760,720958850
069620,대웅제약,134000,136000,2000,1.49,26761,3633174500
000430,대원강업,3485,3470,-15,-0.43,60467,209201565
006340,대원전선,1210,1195,-15,-1.24,91349,109511085
006345,대원전선우,3030,3040,10,0.33,7839,23409455
003220,대원제약,17100,17050,-50,-0.29,32833,558696450
024890,대원화성,1425,1400,-25,-1.75,19328,27180435
002880,대유에이텍,886,870,-16,-1.81,96196,84080780
000300,대유플러스,737,723,-14,-1.9,137057,99387868
012800,대창,1185,1180,-5,-0.42,628761,740517300
015230,대창단조,29150,29200,50,0.17,4496,130559750
001070,대한방직,19250,19400,150,0.78,734,14181900
006650,대한유화,118000,116500,-1500,-1.27,27407,3196443500
001440,대한전선,619,613,-6,-0.97,522584,321228633
084010,대한제강,5940,5890,-50,-0.84,24192,142366960
001790,대한제당,18400,18550,150,0.82,5847,108016400
001799,대한제당3우B,24950,24700,-250,-1.0,350,8599300
001795,대한제당우,12750,12700,-50,-0.39,3837,48803450
001130,대한제분,155000,155500,500,0.32,286,44333000
003490,대한항공,25350,25400,50,0.2,293642,7416746150
003495,대한항공우,14950,15250,300,2.01,25391,388831150
005880,대한해운,22300,22300,0,0.0,44853,995317250
003830,대한화섬,91300,91200,-100,-0.11,839,77643700
016090,대현,2410,2415,5,0.21,51945,125513865
069460,대호에이엘,5310,5100,-210,-3.95,223907,1164072860
192080,더블유게임즈,48800,48700,-100,-0.2,35254,1723017550
012510,더존비즈온,70500,70900,400,0.57,40516,2881659900
004830,덕성,2885,2860,-25,-0.87,30627,87833850
004835,덕성우,3435,3385,-50,-1.46,16438,55807865
024900,덕양산업,1240,1200,-40,-3.23,74910,90689410
145720,덴티움,55400,56100,700,1.26,37886,2107644100
002150,도화엔지니어링,9220,9130,-90,-0.98,36412,335223650
001230,동국제강,6200,6130,-70,-1.13,132524,814364640
023450,동남합성,24600,24450,-150,-0.61,140,3427850
004140,동방,1625,1625,0,0.0,67483,109311620
007590,동방아그로,6880,6900,20,0.29,570,3916450
005960,동부건설,8450,8460,10,0.12,14491,123039900
005965,동부건설우,18650,18650,0,0.0,602,11223950
016380,동부제철,7330,7290,-40,-0.55,9538,68959410
016385,동부제철우,69600,69500,-100,-0.14,316,21965400
083370,동북아12호,5010,5010,0,0.0,0,0
083380,동북아13호,4970,4975,5,0.1,10,49750
026960,동서,17550,17400,-150,-0.85,34729,605106200
002210,동성제약,16250,16150,-100,-0.62,173869,2819913550
102260,동성코퍼레이션,5240,5250,10,0.19,47534,248687750
005190,동성화학,16800,16750,-50,-0.3,7067,117784150
000640,동아쏘시오홀딩스,99400,103000,3600,3.62,25634,2621948900
170900,동아에스티,108000,110000,2000,1.85,19229,2106904500
028100,동아지질,18950,18950,0,0.0,36228,686541900
282690,동아타이어,12300,12400,100,0.81,3124,38492850
001520,동양,1475,1465,-10,-0.68,108023,158442645
001527,동양2우B,8940,8930,-10,-0.11,683,6096600
001529,동양3우B,28750,28400,-350,-1.22,354,9952200
084670,동양고속,27200,27150,-50,-0.18,4949,133934200
030790,동양네트웍스,515,521,6,1.17,1826834,942758486
002900,동양물산,948,948,0,0.0,1117351,1049931714
082640,동양생명,4075,4010,-65,-1.6,37834,153052425
001525,동양우,6040,6130,90,1.49,642,3919390
008970,동양철관,1115,1095,-20,-1.79,426345,469187740
092780,동양피스톤,4735,4685,-50,-1.06,20461,95948115
049770,동원FB,228000,228000,0,0.0,3042,691323500
018500,동원금속,877,866,-11,-1.25,14261,12438254
006040,동원산업,225500,223000,-2500,-1.11,389,87728000
030720,동원수산,9590,9660,70,0.73,43516,420231180
014820,동원시스템즈,30050,29950,-100,-0.33,9698,290462050
014825,동원시스템즈우,27650,27300,-350,-1.27,1034,28043650
163560,동일고무벨트,5580,5580,0,0.0,28273,159012040
004890,동일산업,58800,58500,-300,-0.51,913,53394100
002690,동일제강,2615,2580,-35,-1.34,201447,523640400
000020,동화약품,8210,8260,50,0.61,115148,951470600
000150,두산,70700,69700,-1000,-1.41,97790,6839068700
000157,두산2우B,65500,63500,-2000,-3.05,700,44567000
011160,두산건설,1535,1555,20,1.3,1370363,2130261315
241560,두산밥캣,32600,31850,-750,-2.3,87436,2795322050
336370,두산솔루스,20500,19900,-600,-2.93,176221,3540261500
33637K,두산솔루스1우,7200,7100,-100,-1.39,15180,107757720
33637L,두산솔루스2우B,16550,15450,-1100,-6.65,17378,273537650
000155,두산우,64200,62900,-1300,-2.02,10816,685527200
042670,두산인프라코어,5470,5440,-30,-0.55,509187,2768388980
034020,두산중공업,5460,5520,60,1.1,665986,3675919490
336260,두산퓨얼셀,8600,8280,-320,-3.72,1292199,10831283690
33626K,두산퓨얼셀1우,4465,4340,-125,-2.8,61982,271063525
33626L,두산퓨얼셀2우B,8730,8460,-270,-3.09,18860,162061710
016740,두올,3250,3240,-10,-0.31,25053,81348775
192650,드림텍,6240,6110,-130,-2.08,104520,644088680
024090,디씨엠,12450,12350,-100,-0.8,4563,56104850
003160,디아이,2955,2945,-10,-0.34,15415,45363940
092200,디아이씨,2175,2155,-20,-0.92,80354,171919165
013570,디와이,5710,5710,0,0.0,171835,970826310
210540,디와이파워,9860,9800,-60,-0.61,21586,212503790
007340,디티알오토모티브,30300,30200,-100,-0.33,1778,53678900
026890,디피씨,4965,4870,-95,-1.91,301343,1477679215
115390,락앤락,13750,13550,-200,-1.45,110164,1508968300
032350,롯데관광개발,13450,13450,0,0.0,521543,7015139700
330590,롯데리츠,6500,6500,0,0.0,431182,2797694080
000400,롯데손해보험,2130,2115,-15,-0.7,64325,136482365
023530,롯데쇼핑,129500,135500,6000,4.63,144894,19458367500
004000,롯데정밀화학,45500,44850,-650,-1.43,46516,2093003500
286940,롯데정보통신,43250,43750,500,1.16,20359,887733200
280360,롯데제과,150000,149000,-1000,-0.67,318,47443000
004990,롯데지주,35650,36250,600,1.68,86883,3135359400
00499K,롯데지주우,52000,50300,-1700,-3.27,9821,494919950
005300,롯데칠성,132000,132500,500,0.38,6177,817237500
005305,롯데칠성우,71900,71000,-900,-1.25,484,34528300
011170,롯데케미칼,223000,222000,-1000,-0.45,48855,10816233000
002270,롯데푸드,425000,432000,7000,1.65,1338,573558000
071840,롯데하이마트,31250,31900,650,2.08,56828,1800293000
027740,마니커,811,810,-1,-0.12,1645421,1337774823
204320,만도,35450,35000,-450,-1.27,119443,4180906200
001080,만호제강,16100,15750,-350,-2.17,4815,75921450
088980,맥쿼리인프라,11850,11950,100,0.84,970550,11572765600
094800,맵스리얼티1,5200,5060,-140,-2.69,186154,952237100
015540,메디파트너생명공학,6640,6400,-240,-3.61,308934,1973069870
138040,메리츠금융지주,12450,12500,50,0.4,13675,170379200
008560,메리츠종금증권,4315,4325,10,0.23,840026,3625979865
000060,메리츠화재,18400,18450,50,0.27,44028,811194900
090370,메타랩스,1425,1440,15,1.05,332075,474263400
017180,명문제약,4850,4850,0,0.0,526403,2578495960
012690,모나리자,3790,3725,-65,-1.72,159413,595579155
005360,모나미,3505,3505,0,0.0,843240,2957643440
204210,모두투어리츠,3215,3215,0,0.0,13725,44189150
009680,모토닉,8900,8840,-60,-0.67,26649,235998050
009580,무림PP,4370,4345,-25,-0.57,70581,307309080
009200,무림페이퍼,2575,2580,5,0.19,46889,119768430
033920,무학,9040,8980,-60,-0.66,37629,338448820
008420,문배철강,2595,2590,-5,-0.19,41473,107204530
025560,미래산업,163,162,-1,-0.61,7329973,1189349904
007120,미래아이앤지,305,306,1,0.33,172816,52551149
006800,미래에셋대우,7300,7340,40,0.55,618921,4520503340
00680K,미래에셋대우2우B,4285,4300,15,0.35,83168,356454260
006805,미래에셋대우우,4710,4700,-10,-0.21,24281,114280155
085620,미래에셋생명,4230,4250,20,0.47,37913,159594305
002840,미원상사,56100,56200,100,0.18,1545,86906600
268280,미원에스씨,71100,70900,-200,-0.28,436,30851100
107590,미원홀딩스,41000,41300,300,0.73,578,23727850
134380,미원화학,43350,44950,1600,3.69,165,7172550
003650,미창석유,79800,79700,-100,-0.13,14,1116000
155900,바다로19호,2935,2940,5,0.17,12891,37894040
003610,방림,2070,2080,10,0.48,18270,37512695
001340,백광산업,2400,2400,0,0.0,67314,161671900
014580,백광소재,4290,4335,45,1.05,455285,1995612055
035150,백산,8410,8380,-30,-0.36,112066,932563370
002410,범양건영,1935,1895,-40,-2.07,561371,1085800945
096300,베트남개발1,368,369,1,0.27,656379,242033563
007210,벽산,1895,1875,-20,-1.06,97674,183495525
002760,보락,2045,2050,5,0.24,1233179,2575280985
003850,보령제약,15550,16200,650,4.18,786748,12696629300
000890,보해양조,1025,1025,0,0.0,938654,959045905
003000,부광약품,14950,14850,-100,-0.67,83577,1243640550
001270,부국증권,21900,21700,-200,-0.91,452,9909100
001275,부국증권우,19100,19200,100,0.52,2835,54241400
026940,부국철강,5250,5160,-90,-1.71,979878,5021119140
015350,부산가스,36100,36000,-100,-0.28,161,5784700
011390,부산산업,152000,145500,-6500,-4.28,27511,4064665500
005030,부산주공,471,476,5,1.06,637232,307464486
100220,비상교육,8050,7940,-110,-1.37,8043,64199500
101140,비티원,3670,3490,-180,-4.9,187123,671230895
005180,빙그레,55700,54800,-900,-1.62,22510,1236272900
003960,사조대림,17100,17000,-100,-0.58,9481,161772600
008040,사조동아원,1025,1025,0,0.0,284282,288735135
007160,사조산업,39500,39200,-300,-0.76,4925,193779350
014710,사조씨푸드,5310,5350,40,0.75,28537,151806150
006090,사조오양,7810,7820,10,0.13,14641,114102870
005090,삼광글라스,30250,30200,-50,-0.17,2370,71389850
001470,삼부토건,669,669,0,0.0,251977,168461550
006400,삼성SDI,236000,233000,-3000,-1.27,189958,44403347500
006405,삼성SDI우,89700,89600,-100,-0.11,5801,521802000
006660,삼성공조,8560,8540,-20,-0.23,2195,18767460
028260,삼성물산,101500,101500,0,0.0,148563,15039887500
02826K,삼성물산우B,73700,73300,-400,-0.54,344,25236400
207940,삼성바이오로직스,397000,399000,2000,0.5,68488,27325586000
032830,삼성생명,72600,72700,100,0.14,95687,6948445200
018260,삼성에스디에스,199500,199000,-500,-0.25,36319,7218849000
028050,삼성엔지니어링,19200,18850,-350,-1.82,648308,12182576750
009150,삼성전기,112000,112000,0,0.0,341910,38340193500
009155,삼성전기우,43800,44200,400,0.91,8054,355471300
005930,삼성전자,52200,51300,-900,-1.72,6833885,353450137280
005935,삼성전자우,42250,41700,-550,-1.3,1064367,44455349032
001360,삼성제약,4235,4240,5,0.12,3754301,16346469330
010140,삼성중공업,6940,7040,100,1.44,1959168,13729922400
010145,삼성중공우,57200,57700,500,0.87,692,39466600
016360,삼성증권,36450,36400,-50,-0.14,89845,3256264350
068290,삼성출판사,18500,24050,5550,30.0,3822074,84168040100
029780,삼성카드,37600,37500,-100,-0.27,54652,2037180650
000810,삼성화재,238500,240000,1500,0.63,72254,17311737500
000815,삼성화재우,169500,169000,-500,-0.29,6313,1069177500
006110,삼아알미늄,4250,4205,-45,-1.06,10378,43693075
145990,삼양사,51800,53600,1800,3.47,12693,671765400
145995,삼양사우,36000,36300,300,0.83,248,8919650
003230,삼양식품,86500,87000,500,0.58,23738,2065765500
002170,삼양통상,68500,68200,-300,-0.44,2014,136689100
272550,삼양패키징,16200,15750,-450,-2.78,74795,1178031250
000070,삼양홀딩스,67300,67100,-200,-0.3,4748,317167000
000075,삼양홀딩스우,44050,44450,400,0.91,68,3027950
002810,삼영무역,16250,16050,-200,-1.23,20283,326585700
005680,삼영전자,8910,8960,50,0.56,5645,50528200
003720,삼영화학,997,995,-2,-0.2,55678,55359495
023000,삼원강재,3020,3020,0,0.0,4940,14889135
004380,삼익THK,11500,11350,-150,-1.3,32282,363709400
002450,삼익악기,1795,1790,-5,-0.28,82861,148756700
000520,삼일제약,20100,20000,-100,-0.5,12208,244569350
009770,삼정펄프,33600,33250,-350,-1.04,151,5020750
005500,삼진제약,25150,24900,-250,-0.99,39437,983890150
004690,삼천리,87100,86100,-1000,-1.15,3963,341912900
001880,삼호,20350,20200,-150,-0.74,3614,73780750
010960,삼호개발,4420,4460,40,0.9,72022,320528695
004450,삼화왕관,46000,45950,-50,-0.11,681,31236550
009470,삼화전기,13550,13550,0,0.0,14499,196870700
011230,삼화전자,2355,2350,-5,-0.21,24228,56674905
001820,삼화콘덴서,45600,45250,-350,-0.77,38816,1774918250
000390,삼화페인트,5060,4995,-65,-1.28,18542,93062730
001290,상상인증권,1345,1320,-25,-1.86,59774,78803580
041650,상신브레이크,3760,3735,-25,-0.66,10306,38449135
075180,새론오토모티브,4500,4460,-40,-0.89,2555,11331240
007540,샘표,40350,41450,1100,2.73,29768,1232036600
248170,샘표식품,33150,33450,300,0.9,15568,518879300
007860,서연,3060,3060,0,0.0,24477,74650380
200880,서연이화,4980,4945,-35,-0.7,30170,148377575
017390,서울가스,69600,70300,700,1.01,13,906700
004410,서울식품,166,165,-1,-0.6,911270,151136166
004415,서울식품우,3475,3435,-40,-1.15,20735,71438995
021050,서원,1660,1695,35,2.11,5497565,9317477870
008490,서흥,34450,34450,0,0.0,13895,473926900
007610,선도전기,3075,3030,-45,-1.46,49857,151807780
136490,선진,9540,9440,-100,-1.05,26323,249627670
002820,선창산업,4285,4285,0,0.0,4455,18978370
014910,성문전자,2185,2240,55,2.52,117194,262051635
014915,성문전자우,10850,10900,50,0.46,16634,184736050
003080,성보화학,4825,4800,-25,-0.52,3960,19025570
004980,성신양회,7590,7400,-190,-2.5,75633,567327560
004985,성신양회우,9940,9840,-100,-1.01,2428,24076470
011300,성안,577,543,-34,-5.89,1903075,1041204240
000180,성창기업지주,1655,1650,-5,-0.3,57557,94653375
002420,세기상사,54100,54800,700,1.29,438,23853700
004360,세방,11400,11750,350,3.07,48189,559564750
004365,세방우,6550,6550,0,0.0,6713,43914700
004490,세방전지,37900,37650,-250,-0.66,12882,484295300
001430,세아베스틸,16700,16400,-300,-1.8,16882,278313550
306200,세아제강,62500,61000,-1500,-2.4,7544,460433500
003030,세아제강지주,47250,47250,0,0.0,1082,50979750
019440,세아특수강,13600,13600,0,0.0,5440,74051800
058650,세아홀딩스,80200,79600,-600,-0.75,255,20309300
013000,세우글로벌,2085,2075,-10,-0.48,421600,874152105
091090,세원셀론텍,2855,2825,-30,-1.05,62536,177858740
021820,세원정공,8090,8090,0,0.0,0,0
067830,세이브존IC,3310,3335,25,0.76,8031,26582020
033530,세종공업,4555,4480,-75,-1.65,24803,111856210
075580,세진중공업,4520,4450,-70,-1.55,84262,372816990
027970,세하,2410,2515,105,4.36,129380,320751335
145210,세화아이엠씨,2990,2990,0,0.0,0,0
308170,센트랄모텍,16750,18750,2000,11.94,10999625,222405421600
068270,셀트리온,184000,178500,-5500,-2.99,466884,84536307500
004430,송원산업,15550,15600,50,0.32,38048,593634100
017550,수산중공업,1550,1525,-25,-1.61,251358,383981115
002200,수출포장,19050,19100,50,0.26,3222,61257200
053210,스카이라이프,9050,9000,-50,-0.55,43963,395561860
134790,시디즈,39950,39750,-200,-0.5,686,27250350
016590,신대양제지,59200,58500,-700,-1.18,6281,369006400
029530,신도리코,37700,37500,-200,-0.53,3406,127936100
004970,신라교역,12200,12200,0,0.0,3127,38063850
011930,신성이엔지,934,934,0,0.0,145164,135332412
005390,신성통상,1530,1525,-5,-0.33,2032431,3120682200
004170,신세계,267000,283000,16000,5.99,75969,21238184500
035510,신세계IC,110000,110000,0,0.0,4771,526257500
034300,신세계건설,27700,27450,-250,-0.9,2094,57557300
031430,신세계인터내셔날,199500,207500,8000,4.01,60115,12422674500
031440,신세계푸드,69900,69900,0,0.0,3572,248560900
006880,신송홀딩스,4085,4095,10,0.24,56574,230242330
005800,신영와코루,103000,101500,-1500,-1.46,39,3952500
001720,신영증권,54400,54400,0,0.0,661,36031300
001725,신영증권우,53000,53200,200,0.38,4109,217432000
009270,신원,1985,1935,-50,-2.52,1008044,1971558030
009275,신원우,49450,49150,-300,-0.61,61,2989150
002700,신일산업,1625,1625,0,0.0,500013,809559550
019170,신풍제약,6690,6780,90,1.35,913451,6214598530
019175,신풍제약우,5890,5930,40,0.68,15937,94960440
002870,신풍제지,1500,1500,0,0.0,93452,139787015
005450,신한,4945,4945,0,0.0,0,0
293940,신한알파리츠,8270,8150,-120,-1.45,87502,714984520
055550,신한지주,44650,44500,-150,-0.34,532711,23676471050
001770,신화실업,22200,22150,-50,-0.23,6318,139588700
004080,신흥,9450,9430,-20,-0.21,128,1204690
102280,쌍방울,1025,1015,-10,-0.98,579165,589221425
003410,쌍용양회,5500,5570,70,1.27,730473,4037934140
003415,쌍용양회우,12500,12350,-150,-1.2,3687,45797550
003620,쌍용차,2230,2155,-75,-3.36,377553,821678925
004770,써니전자,3645,3570,-75,-2.06,1030307,3740480105
004920,씨아이테크,471,465,-6,-1.27,116437,54174089
112610,씨에스윈드,36450,35750,-700,-1.92,24324,874792350
008700,아남전자,2075,2055,-20,-0.96,213370,438094275
002790,아모레G,79600,82100,2500,3.14,312219,25498187200
002795,아모레G우,31550,32550,1000,3.17,6337,205377250
090430,아모레퍼시픽,185500,191500,6000,3.23,389658,74532027000
090435,아모레퍼시픽우,87900,89700,1800,2.05,14427,1295374900
002030,아세아,107500,107500,0,0.0,140,15000000
183190,아세아시멘트,78900,77100,-1800,-2.28,3164,245497600
002310,아세아제지,30050,29500,-550,-1.83,14387,426771550
267850,아시아나IDT,26900,29100,2200,8.18,5327657,155117560050
020560,아시아나항공,5500,5460,-40,-0.73,1425094,7795871900
122900,아이마켓코리아,10500,10000,-500,-4.76,120427,1225638200
010780,아이에스동서,33800,33650,-150,-0.44,25329,851776300
033660,아주캐피탈,11350,11450,100,0.88,7272,82867050
001780,알루코,2410,2405,-5,-0.21,51880,124589785
018250,애경산업,27350,27250,-100,-0.37,52571,1433543000
161000,애경유화,7970,7910,-60,-0.75,35573,281566580
011090,에넥스,1115,1135,20,1.79,258739,294638110
005850,에스엘,19400,19050,-350,-1.8,62555,1189127100
012750,에스원,95800,94800,-1000,-1.04,24068,2285651300
023960,에쓰씨엔지니어링,1485,1495,10,0.67,18853,28105350
298690,에어부산,6700,6710,10,0.15,3486157,23750305020
140910,에이리츠,7210,7200,-10,-0.14,2816,20190140
078520,에이블씨엔씨,9820,9870,50,0.51,47052,468329360
015260,에이엔피,385,378,-7,-1.82,452435,170985891
007460,에이프로젠KIC,2610,2520,-90,-3.45,37356953,100481486575
003060,에이프로젠제약,1100,1095,-5,-0.45,4137116,4644875760
036570,엔씨소프트,505000,499000,-6000,-1.19,170595,84851610000
138250,엔에스쇼핑,9790,9890,100,1.02,7397,72872670
085310,엔케이,1115,1085,-30,-2.69,267746,290584545
009810,엔케이물산,738,726,-12,-1.63,1131427,819271467
900140,엘브이엠씨홀딩스,4550,4585,35,0.77,313093,1423759875
014440,영보화학,3490,3490,0,0.0,16578,57651985
111770,영원무역,35950,35400,-550,-1.53,61022,2157771750
009970,영원무역홀딩스,49200,48800,-400,-0.81,1397,68453750
003520,영진약품,6300,6320,20,0.32,1490046,9350261970
000670,영풍,633000,636000,3000,0.47,466,295390000
006740,영풍제지,2995,2985,-10,-0.33,9631,28910055
012280,영화금속,1680,1660,-20,-1.19,501154,833061030
012160,영흥철강,1170,1145,-25,-2.14,217940,251792090
015360,예스코홀딩스,38500,38450,-50,-0.13,242,9181850
007310,오뚜기,564000,568000,4000,0.71,4200,2381240000
079440,오렌지라이프,29050,29050,0,0.0,101192,2934635200
002630,오리엔트바이오,279,289,10,3.58,11772558,3373732484
271560,오리온,104000,104000,0,0.0,60492,6296383000
001800,오리온홀딩스,17500,17350,-150,-0.86,28130,486970150
070960,용평리조트,6540,6420,-120,-1.83,107614,697896290
316140,우리금융지주,11850,11800,-50,-0.42,864934,10244410300
004720,우리들제약,6190,6090,-100,-1.62,167708,1020798000
118000,우리들휴브레인,2400,2375,-25,-1.04,120346,286013895
010050,우리종금,642,645,3,0.47,773097,495531406
006980,우성사료,3060,3110,50,1.63,378788,1184119365
017370,우신시스템,4540,4590,50,1.1,4546,20800155
105840,우진,4750,4510,-240,-5.05,509279,2332018115
010400,우진아이엔에스,8000,7970,-30,-0.38,13391,107269290
049800,우진플라임,3615,3660,45,1.24,7726,28241580
016880,웅진,1425,1400,-25,-1.75,167001,234927555
095720,웅진씽크빅,2915,2845,-70,-2.4,902168,2563719445
103130,웅진에너지,914,914,0,0.0,0,0
021240,웅진코웨이,94300,92900,-1400,-1.48,114393,10593026900
005820,원림,17500,17600,100,0.57,402,7071750
010600,웰바이오텍,2250,2265,15,0.67,193114,439793765
008600,윌비스,1355,1305,-50,-3.69,2127773,2850320750
033270,유나이티드제약,18700,18650,-50,-0.27,36356,676727350
014830,유니드,46800,47000,200,0.43,7043,330106250
000910,유니온,4260,4355,95,2.23,215385,933881280
047400,유니온머티리얼,2465,2610,145,5.88,3203263,8457072850
011330,유니켐,2045,2070,25,1.22,822389,1710069055
077500,유니퀘스트,6320,6390,70,1.11,48754,309782950
002920,유성기업,2645,2665,20,0.76,16300,43351420
000700,유수홀딩스,6620,6640,20,0.3,13757,91081120
003470,유안타증권,2770,2765,-5,-0.18,73115,201805040
003475,유안타증권우,2055,2050,-5,-0.24,7715,15703340
011690,유양디앤유,5300,5290,-10,-0.19,347904,1852097190
072130,유엔젤,5580,5930,350,6.27,2631943,15477757090
000220,유유제약,11050,10900,-150,-1.36,11217,122992150
000225,유유제약1우,7080,7130,50,0.71,1030,7309210
000227,유유제약2우B,18950,18950,0,0.0,12,227050
001200,유진투자증권,2170,2135,-35,-1.61,74668,160049785
000100,유한양행,219500,217500,-2000,-0.91,20020,4365709000
000105,유한양행우,205000,204500,-500,-0.24,23,4708500
003460,유화증권,12800,12850,50,0.39,29149,371406250
003465,유화증권우,13100,13150,50,0.38,681,9055200
008730,율촌화학,13950,13950,0,0.0,39850,556430200
008250,이건산업,7510,7500,-10,-0.13,17133,128043710
025820,이구산업,1610,1580,-30,-1.86,175392,279403315
214320,이노션,64600,64700,100,0.15,17887,1154633400
088260,이리츠코크렙,7040,7000,-40,-0.57,64394,450748670
139480,이마트,123500,129500,6000,4.86,268323,34216119000
007660,이수페타시스,3815,3775,-40,-1.05,165273,625823385
005950,이수화학,10300,10300,0,0.0,42588,434340800
015020,이스타코,602,601,-1,-0.17,22702,13503249
093230,이아이디,235,234,-1,-0.43,2943575,692642655
102460,이연제약,15300,15200,-100,-0.65,17397,265227750
084680,이월드,6300,6350,50,0.79,1647624,10374773390
000760,이화산업,15300,15400,100,0.65,267,4103950
014990,인디에프,2655,2420,-235,-8.85,1602524,3984210460
006490,인스코비,3060,3065,5,0.16,1049608,3202428645
023800,인지컨트롤스,4740,4720,-20,-0.42,26412,124869400
034590,인천도시가스,29700,29700,0,0.0,295,8759300
129260,인터지스,2330,2275,-55,-2.36,85041,194729530
023810,인팩,3890,3875,-15,-0.39,6521,25261035
249420,일동제약,16450,16350,-100,-0.61,32010,528404050
000230,일동홀딩스,11250,11150,-100,-0.89,18690,210075800
013360,일성건설,1300,1285,-15,-1.15,117265,150890270
003120,일성신약,84600,84100,-500,-0.59,295,24950600
003200,일신방직,73400,73100,-300,-0.41,1110,81061300
007110,일신석재,2620,2525,-95,-3.63,1117164,2884225355
007570,일양약품,21600,21400,-200,-0.93,20435,436595700
007575,일양약품우,16650,16800,150,0.9,710,11861000
008500,일정실업,18300,18250,-50,-0.27,22,401500
081000,일진다이아,28000,27950,-50,-0.18,47315,1328991550
020760,일진디스플,3405,3270,-135,-3.96,326300,1066971800
020150,일진머티리얼즈,39800,39500,-300,-0.75,143123,5678552750
103590,일진전기,3100,3100,0,0.0,43360,132987165
015860,일진홀딩스,4000,3990,-10,-0.25,45506,181205845
226320,잇츠한불,17950,18000,50,0.28,19182,347167350
317400,자이에스앤디,5960,5910,-50,-0.84,274045,1607875480
033240,자화전자,10200,10100,-100,-0.98,118638,1209781900
000950,전방,15950,15450,-500,-3.13,4738,73524600
194370,제이에스코퍼레이션,12300,12100,-200,-1.63,38867,466854100
025620,제이준코스메틱,4100,4025,-75,-1.83,381641,1549335520
036420,제이콘텐트리,38900,38050,-850,-2.19,100556,3850842550
030000,제일기획,24300,24200,-100,-0.41,104531,2529469800
271980,제일약품,34950,34900,-50,-0.14,19522,682513450
001560,제일연마,6560,6500,-60,-0.91,4017,26277630
002620,제일파마홀딩스,19050,18900,-150,-0.79,9176,174602700
006220,제주은행,4055,4045,-10,-0.25,1540,6236550
089590,제주항공,25400,25300,-100,-0.39,42346,1073716800
004910,조광페인트,5550,5550,0,0.0,10548,58186470
004700,조광피혁,39400,39550,150,0.38,969,38322700
001550,조비,16450,16350,-100,-0.61,6810,111065300
000480,조선내화,88500,87000,-1500,-1.69,1419,123695100
120030,조선선재,80500,80300,-200,-0.25,646,51802100
018470,조일알미늄,737,745,8,1.09,7404,5498589
002600,조흥,150000,151000,1000,0.67,11,1662000
185750,종근당,94700,92500,-2200,-2.32,15740,1460261100
063160,종근당바이오,29800,29550,-250,-0.84,22754,675462050
001630,종근당홀딩스,94400,94800,400,0.42,10945,1033137700
044380,주연테크,530,557,27,5.09,3795900,2062052184
013890,지누스,91400,91600,200,0.22,36202,3326972600
013870,지엠비코리아,4850,4850,0,0.0,19083,92685380
071320,지역난방공사,48250,48200,-50,-0.1,2783,134055850
010580,지코,830,870,40,4.82,1089644,924104746
035000,지투알,6830,6830,0,0.0,1599,10915540
088790,진도,3860,3850,-10,-0.26,3505,13538545
003780,진양산업,4010,3960,-50,-1.25,89637,357173905
010640,진양폴리,2850,2870,20,0.7,29850,85382000
100250,진양홀딩스,2605,2605,0,0.0,12253,31830125
051630,진양화학,5360,5400,40,0.75,93063,504581640
272450,진에어,14600,14500,-100,-0.68,102824,1483714350
011000,진원생명과학,2865,2850,-15,-0.52,73111,208342915
002780,진흥기업,2195,2210,15,0.68,152205,336801270
002787,진흥기업2우B,13300,13350,50,0.38,2575,34644350
002785,진흥기업우B,4955,4930,-25,-0.5,3457,17096090
009310,참엔지니어링,1275,1265,-10,-0.78,264958,334330400
000650,천일고속,71700,71700,0,0.0,221,15793900
012600,청호컴넷,2685,2655,-30,-1.12,13276,35369940
033250,체시스,2795,2780,-15,-0.54,401315,1144248950
001140,카리스국보,3205,3130,-75,-2.34,347695,1104789735
035720,카카오,157500,157000,-500,-0.32,218221,34147748000
006380,카프로,3085,3080,-5,-0.16,64628,199797790
109070,컨버즈,3260,3260,0,0.0,0,0
001620,케이비아이동국실업,742,738,-4,-0.54,13577,9965959
029460,케이씨,13650,13600,-50,-0.37,10287,139809200
281820,케이씨텍,18050,18100,50,0.28,22996,420119150
145270,케이탑리츠,922,918,-4,-0.43,215062,197558974
007815,코리아써우,3380,3380,0,0.0,1123,3781425
007810,코리아써키트,10000,9970,-30,-0.3,144463,1449795360
00781K,코리아써키트2우B,4390,4380,-10,-0.23,36,157810
152330,코리아오토글라스,16000,16000,0,0.0,26572,424819450
003690,코리안리,8450,8410,-40,-0.47,149363,1257187540
192820,코스맥스,78200,79500,1300,1.66,68426,5403074100
044820,코스맥스비티아이,13250,13250,0,0.0,6706,88636650
005070,코스모신소재,7840,7890,50,0.64,366763,2891602160
005420,코스모화학,4780,4635,-145,-3.03,200998,926270635
071950,코아스,1455,1440,-15,-1.03,178217,256679425
002020,코오롱,18100,18150,50,0.28,31123,570439650
003070,코오롱글로벌,9520,9430,-90,-0.95,15404,145957970
003075,코오롱글로벌우,17100,16900,-200,-1.17,618,10445900
144620,코오롱머티리얼,1405,1415,10,0.71,65772,92235090
002025,코오롱우,11300,11300,0,0.0,7749,87934450
120110,코오롱인더,48900,48550,-350,-0.72,113559,5471550200
120115,코오롱인더우,23050,22750,-300,-1.3,4849,109396750
138490,코오롱플라스틱,4390,4380,-10,-0.23,14510,63635835
031820,콤텍시스템,1565,1535,-30,-1.92,2778010,4364084940
192400,쿠쿠홀딩스,107000,107000,0,0.0,7354,787986000
284740,쿠쿠홈시스,46000,45150,-850,-1.85,16584,748919800
015590,큐로,910,940,30,3.3,11952197,11608678669
264900,크라운제과,8450,8430,-20,-0.24,11486,96695850
26490K,크라운제과우,7600,7460,-140,-1.84,2699,20376200
005740,크라운해태홀딩스,10700,10800,100,0.93,25402,274615100
005745,크라운해태홀딩스우,12750,12550,-200,-1.57,3232,40996450
020120,키다리스튜디오,3940,3990,50,1.27,43640,172415755
039490,키움증권,76200,75400,-800,-1.05,14847,1120378700
012170,키위미디어그룹,150,150,0,0.0,0,0
015890,태경산업,5650,5590,-60,-1.06,39521,220858960
006890,태경화학,4890,4900,10,0.2,25032,122750365
003240,태광산업,1090000,1080000,-10000,-0.92,327,353042000
011280,태림포장,4415,4385,-30,-0.68,335831,1478639140
004100,태양금속,1235,1200,-35,-2.83,343267,415757115
004105,태양금속우,2870,2895,25,0.87,23473,67823445
009410,태영건설,11700,11500,-200,-1.71,78913,916460450
009415,태영건설우,6550,6580,30,0.46,8243,54167470
001420,태원물산,4020,4025,5,0.12,5654,22788015
007980,태평양물산,2640,2600,-40,-1.52,129047,337276965
055490,테이팩스,22050,21200,-850,-3.85,6146,131773650
078000,텔코웨어,14600,14700,100,0.68,5260,76666000
214420,토니모리,9410,9220,-190,-2.02,54651,505874190
019180,티에이치엔,3700,3580,-120,-3.24,79045,285520050
091810,티웨이항공,5270,5400,130,2.47,198864,1069020780
004870,티웨이홀딩스,1670,1650,-20,-1.2,269953,443355010
005690,파미셀,7860,7760,-100,-1.27,311672,2442773590
036580,팜스코,4700,4675,-25,-0.53,57240,269492940
028670,팬오션,4365,4260,-105,-2.41,818766,3506072875
010820,퍼스텍,2100,2090,-10,-0.48,96459,202156295
016800,퍼시스,29600,29600,0,0.0,5413,160070700
001020,페이퍼코리아,707,694,-13,-1.84,564207,390863574
090080,평화산업,1275,1240,-35,-2.75,101094,126440675
010770,평화홀딩스,3690,3670,-20,-0.54,11300,40839780
058430,포스코강판,17850,17950,100,0.56,684,12248100
047050,포스코인터내셔널,18800,18450,-350,-1.86,172929,3200040700
003670,포스코케미칼,48800,49000,200,0.41,117564,5779100850
007630,폴루스바이오팜,1225,1225,0,0.0,0,0
017810,풀무원,9210,9140,-70,-0.76,27685,255377470
103140,풍산,21850,21500,-350,-1.6,65649,1413379300
005810,풍산홀딩스,33750,33600,-150,-0.44,1404,47209700
033180,필룩스,9540,9450,-90,-0.94,12327743,120307295090
086790,하나금융지주,36350,36300,-50,-0.14,336804,12208634850
099340,하나니켈1호,445,445,0,0.0,337492,152380819
099350,하나니켈2호,1110,1125,15,1.35,515318,606245945
293480,하나제약,22350,22350,0,0.0,45103,1009521800
039130,하나투어,48100,48050,-50,-0.1,22357,1075932750
172580,하이골드12호,2770,2775,5,0.18,2073,5741600
153360,하이골드3호,1795,1795,0,0.0,9410,16946205
159650,하이골드8호,2160,2165,5,0.23,3110,6726965
071090,하이스틸,19750,19650,-100,-0.51,5949,116688750
019490,하이트론,3260,3210,-50,-1.53,7583,24452075
000080,하이트진로,28750,28450,-300,-1.04,461393,13030995350
000087,하이트진로2우B,17700,17650,-50,-0.28,1571,27552300
000140,하이트진로홀딩스,13350,13350,0,0.0,73549,966542300
000145,하이트진로홀딩스우,17350,17100,-250,-1.44,17920,303017250
152550,한국ANKOR유전,1795,1805,10,0.56,6432,11640190
036460,한국가스공사,38550,38300,-250,-0.65,158589,6087787500
005430,한국공항,41750,41750,0,0.0,1176,49100800
071050,한국금융지주,72800,72000,-800,-1.1,82033,5884952800
071055,한국금융지주우,44450,44150,-300,-0.67,24538,1080381900
010040,한국내화,4345,4270,-75,-1.73,121324,521510130
025540,한국단자,41650,40950,-700,-1.68,10235,420318400
004090,한국석유,105000,103500,-1500,-1.43,882,91299000
002960,한국쉘석유,334000,331000,-3000,-0.9,1116,370542000
123890,한국자산신탁,3545,3570,25,0.71,354210,1248743185
015760,한국전력,27400,27500,100,0.36,826030,22640374850
006200,한국전자홀딩스,724,714,-10,-1.38,29842,21277401
002300,한국제지,17450,17300,-150,-0.86,2826,48893750
009540,한국조선해양,122000,122000,0,0.0,99599,12092342500
023350,한국종합기술,4000,4015,15,0.38,24196,96811475
025890,한국주강,1720,1700,-20,-1.16,9006,15341200
000970,한국주철관,10300,10450,150,1.46,145029,1512127400
104700,한국철강,5040,4930,-110,-2.18,21004,103784535
017960,한국카본,7520,7640,120,1.6,202921,1549094800
161890,한국콜마,46600,46700,100,0.21,98818,4607783200
024720,한국콜마홀딩스,21950,22000,50,0.23,34056,749399650
161390,한국타이어앤테크놀로지,34550,34250,-300,-0.87,159759,5494558300
000240,한국테크놀로지그룹,14600,14500,-100,-0.68,20775,299880600
034830,한국토지신탁,2170,2145,-25,-1.15,87476,188002545
007280,한국특수형강,1525,1740,215,14.1,10013901,17980465090
168490,한국패러랠,2245,2245,0,0.0,10786,24174640
010100,한국프랜지,2065,2040,-25,-1.21,194508,400466315
047810,한국항공우주,37950,37650,-300,-0.79,113787,4287812700
123690,한국화장품,8040,8010,-30,-0.37,75847,642700120
003350,한국화장품제조,29050,29000,-50,-0.17,54107,1636974250
011500,한농화성,4400,4390,-10,-0.23,16858,73592685
002390,한독,21650,21750,100,0.46,18942,411296200
014790,한라,3060,3030,-30,-0.98,42990,130162140
060980,한라홀딩스,47450,47450,0,0.0,13410,631595300
053690,한미글로벌,9490,9490,0,0.0,27628,260609140
042700,한미반도체,6440,6300,-140,-2.17,25926,164521130
008930,한미사이언스,39550,40100,550,1.39,155392,6231430150
128940,한미약품,332500,333000,500,0.15,17048,5666918500
009240,한샘,62600,62700,100,0.16,52167,3265660700
020000,한섬,32450,31950,-500,-1.54,58120,1852738000
003680,한성기업,5640,5690,50,0.89,24947,143033610
105630,한세실업,17950,17600,-350,-1.95,123187,2181502000
069640,한세엠케이,4240,4185,-55,-1.3,23320,98668045
016450,한세예스24홀딩스,7340,7280,-60,-0.82,26805,195961220
010420,한솔PNS,1675,1705,30,1.79,167051,280343500
009180,한솔로지스틱스,1390,1380,-10,-0.72,74708,103050765
213500,한솔제지,14750,14700,-50,-0.34,19710,289065700
014680,한솔케미칼,96900,99300,2400,2.48,58183,5751532200
004710,한솔테크닉스,8090,8540,450,5.56,2074281,17228847190
004150,한솔홀딩스,4040,4055,15,0.37,18401,74378935
025750,한솔홈데코,1140,1140,0,0.0,144871,164232505
004960,한신공영,14950,15000,50,0.33,2342,35161300
011700,한신기계,1675,1660,-15,-0.9,81039,135712120
001750,한양증권,8080,8120,40,0.5,29263,237126880
001755,한양증권우,9300,9140,-160,-1.72,1004,9068500
018880,한온시스템,10900,10750,-150,-1.38,498797,5366903900
009420,한올바이오파마,33900,33250,-650,-1.92,144386,4856218750
014130,한익스프레스,4400,4405,5,0.11,73290,326205150
300720,한일시멘트,96900,96600,-300,-0.31,1030,99232600
002220,한일철강,2080,2085,5,0.24,3234,6667775
006390,한일현대시멘트,30950,30400,-550,-1.78,8134,249014500
003300,한일홀딩스,43950,44250,300,0.68,2809,124599600
051600,한전KPS,35700,35750,50,0.14,100759,3572536100
052690,한전기술,19450,19150,-300,-1.54,59039,1134275050
130660,한전산업,3680,3550,-130,-3.53,67678,244534010
002320,한진,30150,30300,150,0.5,61841,1897690300
097230,한진중공업,4650,4580,-70,-1.51,80820,369886915
003480,한진중공업홀딩스,2655,2635,-20,-0.75,16273,42680160
180640,한진칼,33550,36150,2600,7.75,1027608,36154648150
18064K,한진칼우,37000,40500,3500,9.46,185656,7424042950
005110,한창,2950,2910,-40,-1.36,661947,1940792050
009460,한창제지,2950,3090,140,4.75,16977061,54114561180
000880,한화,25100,25050,-50,-0.2,68218,1706147050
00088K,한화3우B,14200,14050,-150,-1.06,13109,184907600
027390,한화갤러리아타임월드,25750,25750,0,0.0,151570,3905166150
088350,한화생명,2345,2385,40,1.71,1660146,3940310165
000370,한화손해보험,2915,2890,-25,-0.86,50927,147433685
272210,한화시스템,10300,10350,50,0.49,673064,7009397800
012450,한화에어로스페이스,39800,38550,-1250,-3.14,194845,7563540700
000885,한화우,30950,30300,-650,-2.1,13491,410311600
009830,한화케미칼,18150,18000,-150,-0.83,385095,6942247700
009835,한화케미칼우,12050,12100,50,0.41,11569,140023200
003530,한화투자증권,2030,2025,-5,-0.25,80096,162005850
003535,한화투자증권우,2040,2040,0,0.0,8305,16931210
195870,해성디에스,13950,14000,50,0.36,9602,133582300
101530,해태제과식품,7570,7540,-30,-0.4,6867,51724700
143210,핸즈코퍼레이션,6720,6800,80,1.19,11804,79536880
000720,현대건설,42700,41750,-950,-2.22,440839,18462726050
267270,현대건설기계,29000,28300,-700,-2.41,41621,1186242800
000725,현대건설우,147000,144500,-2500,-1.7,387,56218000
005440,현대그린푸드,11350,11550,200,1.76,133720,1540240250
086280,현대글로비스,153000,152000,-1000,-0.65,44880,6835238000
064350,현대로템,15300,15200,-100,-0.65,265114,4044252000
079430,현대리바트,13900,14050,150,1.08,20897,292382200
012330,현대모비스,252500,251000,-1500,-0.59,225680,56647134500
010620,현대미포조선,43850,44500,650,1.48,279508,12511865300
069960,현대백화점,81400,84000,2600,3.19,146501,12296856800
004560,현대비앤지스틸,9200,9230,30,0.33,9165,84324920
004565,현대비앤지스틸우,56700,56500,-200,-0.35,353,19911500
011760,현대상사,18100,17750,-350,-1.93,19712,351250050
011200,현대상선,3580,3565,-15,-0.42,208436,742176875
004310,현대약품,5320,5170,-150,-2.82,897628,4763980110
322000,현대에너지솔루션,16200,15300,-900,-5.56,375410,5876065250
126560,현대에이치씨엔,3595,3570,-25,-0.7,8477,30389615
017800,현대엘리베이,72800,71500,-1300,-1.79,141519,10193461300
307950,현대오토에버,50500,50100,-400,-0.79,15754,792545100
011210,현대위아,54200,53800,-400,-0.74,81757,4381478100
267260,현대일렉트릭,9690,9050,-640,-6.6,351650,3242400930
004020,현대제철,32350,32300,-50,-0.15,274035,8854237800
267250,현대중공업지주,344500,345000,500,0.15,18506,6345970500
005380,현대차,123500,124000,500,0.4,742295,92102055500
005387,현대차2우B,82000,81600,-400,-0.49,31584,2578102800
005389,현대차3우B,72700,72600,-100,-0.14,3999,289698600
005385,현대차우,73600,73200,-400,-0.54,31046,2276981200
001500,현대차증권,10000,9970,-30,-0.3,95151,949437140
227840,현대코퍼레이션홀딩스,12300,12250,-50,-0.41,11166,136278700
001450,현대해상,28600,28700,100,0.35,219347,6247925750
057050,현대홈쇼핑,84500,85100,600,0.71,16128,1369829200
093240,형지엘리트,1410,1380,-30,-2.13,101602,141350870
003010,혜인,4505,4480,-25,-0.55,59612,266995200
111110,호전실업,15950,15650,-300,-1.88,37338,593274150
008770,호텔신라,82400,84300,1900,2.31,621988,52085299200
008775,호텔신라우,49750,50000,250,0.5,5238,261626750
002460,화성산업,12100,12100,0,0.0,16467,198478200
013520,화승알앤에이,1985,2015,30,1.51,64197,128477440
241590,화승엔터프라이즈,16850,16200,-650,-3.86,100527,1650459050
006060,화승인더,11600,11350,-250,-2.16,121840,1382833300
010690,화신,3580,3565,-15,-0.42,18545,65111490
133820,화인베스틸,2600,2590,-10,-0.38,329749,845320810
010660,화천기계,2900,2895,-5,-0.17,443184,1280148415
000850,화천기공,38200,38000,-200,-0.52,1987,75554500
016580,환인제약,16450,16500,50,0.3,12012,198382300
032560,황금에스티,7070,7000,-70,-0.99,15471,108368680
004800,효성,79500,79500,0,0.0,34081,2709943400
094280,효성ITX,14450,14250,-200,-1.38,106223,1496055900
298040,효성중공업,26800,26100,-700,-2.61,44591,1172533600
298050,효성첨단소재,105000,105500,500,0.48,7210,758662500
298020,효성티앤씨,161000,159000,-2000,-1.24,2101,333191500
298000,효성화학,141500,145000,3500,2.47,16471,2371244500
093370,후성,8110,7940,-170,-2.1,1092870,8756922620
081660,휠라코리아,51400,52000,600,1.17,304668,15757223300
005870,휴니드,7190,7330,140,1.95,83974,617435160
079980,휴비스,6150,6090,-60,-0.98,35691,216507660
005010,휴스틸,10300,10300,0,0.0,3230,33272950
069260,휴켐스,21950,21750,-200,-0.91,41149,894773600
000540,흥국화재,3205,3150,-55,-1.72,8933,28414455
000547,흥국화재2우B,19750,19850,100,0.51,30,593550
000545,흥국화재우,4815,4755,-60,-1.25,1406,6655985
003280,흥아해운,639,616,-23,-3.6,9495655,6028562143
