티커,종목명,시가,종가,변동폭,등락률,거래량,거래대금
095570,AJ네트웍스,4180,4180,0,0.0,35796,149072040
068400,AJ렌터카,11550,11500,-50,-0.43,322608,3733490350
006840,AK홀딩스,32100,32050,-50,-0.16,28753,910902000
027410,BGF,6000,5900,-100,-1.67,126842,751388680
282330,BGF리테일,190500,188000,-2500,-1.31,17435,3266129500
138930,BNK금융지주,7140,7120,-20,-0.28,547936,3883736160
001460,BYC,238500,239500,1000,0.42,289,69091500
001465,BYC우,126500,126000,-500,-0.4,278,34789000
001040,CJ,82300,83000,700,0.85,42933,3523620200
079160,CJCGV,33950,35100,1150,3.39,86100,2992146050
00104K,CJ4우전환,59800,60500,700,1.17,9073,539197700
000120,CJ대한통운,159000,156000,-3000,-1.89,37066,5768372000
011150,CJ씨푸드,2965,2925,-40,-1.35,771602,2231147185
011155,CJ씨푸드1우,32700,32150,-550,-1.68,3093,99837350
001045,CJ우,41900,41000,-900,-2.15,24098,989217050
097950,CJ제일제당,228000,228500,500,0.22,22164,5034688000
097955,CJ제일제당우,97700,97300,-400,-0.41,6191,601187600
037560,CJ헬로,6070,6190,120,1.98,175936,1073492780
000590,CS홀딩스,57000,57500,500,0.88,640,36542200
012030,DB,773,794,21,2.72,654781,512101398
016610,DB금융투자,4325,4365,40,0.92,34451,148087175
005830,DB손해보험,52600,52000,-600,-1.14,118070,6160583800
000990,DB하이텍,17050,17200,150,0.88,258174,4420725400
000995,DB하이텍1우,38400,38300,-100,-0.26,249,9563450
139130,DGB금융지주,7260,7200,-60,-0.83,472539,3394155230
001530,DI동일,74400,73900,-500,-0.67,2761,202887800
004840,DRB동일,5480,5460,-20,-0.36,2844,15573260
155660,DSR,3990,3950,-40,-1.0,41454,163666015
069730,DSR제강,4245,4130,-115,-2.71,43002,178180820
017940,E1,48850,49350,500,1.02,6610,324728700
007700,FF,91400,91400,0,0.0,74800,6912115500
114090,GKL,21500,21750,250,1.16,86805,1871298950
078930,GS,50400,50800,400,0.79,73564,3712084900
006360,GS건설,31900,31600,-300,-0.94,259711,8191823400
001250,GS글로벌,2370,2360,-10,-0.42,121125,285065335
007070,GS리테일,40350,40400,50,0.12,84635,3396549750
078935,GS우,36900,36850,-50,-0.14,5476,200342300
012630,HDC,11850,11900,50,0.42,169761,2003924050
039570,HDC아이콘트롤스,9680,9700,20,0.21,6186,59810400
089470,HDC현대EP,4390,4450,60,1.37,18195,80140645
294870,HDC현대산업개발,31150,31150,0,0.0,83875,2595132300
082740,HSD엔진,3565,3635,70,1.96,154430,552830990
003560,IHQ,1710,1720,10,0.58,646213,1102812650
175330,JB금융지주,5430,5410,-20,-0.37,212109,1145575280
234080,JW생명과학,21000,20850,-150,-0.71,32194,666374050
001060,JW중외제약,28850,28300,-550,-1.91,48906,1378581200
001067,JW중외제약2우B,38850,38650,-200,-0.51,47,1827550
001065,JW중외제약우,26150,26100,-50,-0.19,724,18714350
096760,JW홀딩스,6160,6190,30,0.49,98540,605588600
105560,KB금융,43900,44000,100,0.23,657668,28852373250
002380,KCC,226500,227000,500,0.22,11694,2637980500
009070,KCTC,2910,2935,25,0.86,35310,102623115
009440,KC그린홀딩스,4400,4365,-35,-0.8,31353,136396425
119650,KC코트렐,6880,6950,70,1.02,104985,728938540
092220,KEC,1020,1005,-15,-1.47,979576,986829985
001390,KG케미칼,10950,10950,0,0.0,31913,344922500
001940,KISCO홀딩스,12900,12950,50,0.39,4140,53103150
025000,KPX케미칼,53800,53700,-100,-0.19,705,37759100
092230,KPX홀딩스,54800,55000,200,0.36,361,19800300
000040,KR모터스,498,497,-1,-0.2,157906,78110986
044450,KSS해운,7300,7260,-40,-0.55,33321,241010350
030200,KT,26850,26750,-100,-0.37,409656,10981075050
033780,KTG,104000,104000,0,0.0,227998,23683316000
030210,KTB투자증권,2385,2370,-15,-0.63,92605,218445210
058850,KTcs,2075,2160,85,4.1,3261570,7063178220
058860,KTis,2235,2230,-5,-0.22,116439,259005005
093050,LF,19200,19200,0,0.0,124784,2381529700
003550,LG,68100,68100,0,0.0,238477,16213832800
034220,LG디스플레이,14200,13800,-400,-2.82,2554816,35206275850
001120,LG상사,15600,15100,-500,-3.21,328575,4971512800
051900,LG생활건강,1277000,1302000,25000,1.96,48519,62779368629
051905,LG생활건강우,724000,738000,14000,1.93,1348,991745000
003555,LG우,44450,44400,-50,-0.11,3173,139897750
032640,LG유플러스,13800,13850,50,0.36,797147,11064159600
011070,LG이노텍,125500,126000,500,0.4,96918,12108019500
066570,LG전자,68600,69000,400,0.58,327266,22488583400
066575,LG전자우,27950,27950,0,0.0,26426,738593600
108670,LG하우시스,58200,58100,-100,-0.17,16944,990144300
108675,LG하우시스우,28250,28150,-100,-0.35,563,15882900
051910,LG화학,299500,298000,-1500,-0.5,238188,71544891500
051915,LG화학우,170500,168000,-2500,-1.47,10743,1814852000
079550,LIG넥스원,35500,35150,-350,-0.99,59951,2105873350
006260,LS,48050,47900,-150,-0.31,41210,1962146850
000680,LS네트웍스,2415,2390,-25,-1.04,21649,51972515
010120,LS산전,48450,47900,-550,-1.14,40982,1963668000
229640,LS전선아시아,7310,7290,-20,-0.27,94108,683434340
023150,MH에탄올,6090,6090,0,0.0,2262,13599970
035420,NAVER,152500,153000,500,0.33,224666,34164279000
181710,NHN,57800,59100,1300,2.25,29274,1723223800
005940,NH투자증권,12300,12250,-50,-0.41,569914,6954049250
005945,NH투자증권우,8990,8990,0,0.0,37134,333487890
034310,NICE,18950,18800,-150,-0.79,32324,609794650
008260,NI스틸,2280,2300,20,0.88,15464,35607980
004250,NPC,4035,4020,-15,-0.37,19739,79191380
004255,NPC우,2330,2305,-25,-1.07,16675,38140890
010060,OCI,66000,64400,-1600,-2.42,231697,14937200100
005490,POSCO,222500,223000,500,0.22,237858,52990849000
100840,STC,17100,16950,-150,-0.88,24310,415703100
064960,ST모티브,48200,47650,-550,-1.14,92129,4423529350
003570,ST중공업,6140,6100,-40,-0.65,4322,26244580
036530,ST홀딩스,14200,14250,50,0.35,6252,88307600
010950,S-Oil,101000,105500,4500,4.46,581286,60763819500
010955,S-Oil우,60200,60800,600,1.0,16044,977825000
034120,SBS,16550,16350,-200,-1.21,74343,1220500050
101060,SBS미디어홀딩스,2110,2170,60,2.84,166229,362074155
004060,SG세계물산,1010,996,-14,-1.39,1751802,1750585592
001380,SG충방,1940,1920,-20,-1.03,304836,578442075
002360,SH에너지화학,1035,1035,0,0.0,670611,693280050
009160,SIMPAC,3150,3205,55,1.75,165766,526266645
123700,SJM,2975,3020,45,1.51,1986,5953285
025530,SJM홀딩스,3020,3065,45,1.49,1626,4930005
034730,SK,238500,249500,11000,4.61,261073,63991836258
011790,SKC,41600,42000,400,0.96,102412,4281872750
018670,SK가스,76400,82800,6400,8.38,147633,12223959200
001740,SK네트웍스,5300,5370,70,1.32,2953071,15967386800
001745,SK네트웍스우,87400,88700,1300,1.49,2225,196529900
006120,SK디스커버리,22300,22450,150,0.67,22670,504546850
006125,SK디스커버리우,14700,14650,-50,-0.34,4119,60277900
210980,SK디앤디,27300,27800,500,1.83,12699,349477050
03473K,SK우,145000,150000,5000,3.45,1297,192701500
096770,SK이노베이션,159500,163500,4000,2.51,185498,30084941000
096775,SK이노베이션우,118000,119000,1000,0.85,2337,277036500
001510,SK증권,600,601,1,0.17,775152,465200512
001515,SK증권우,2680,2665,-15,-0.56,6980,18624200
285130,SK케미칼,47300,47400,100,0.21,24929,1171798500
28513K,SK케미칼우,20450,20500,50,0.24,1653,34306550
017670,SK텔레콤,236000,238500,2500,1.06,124147,29600166000
000660,SK하이닉스,77700,80000,2300,2.96,3076100,244841677000
005610,SPC삼립,95200,94400,-800,-0.84,6600,623541800
011810,STX,7900,7830,-70,-0.89,69202,529612810
077970,STX엔진,7500,7450,-50,-0.67,14818,109703860
071970,STX중공업,2415,2385,-30,-1.24,101720,241013185
084870,TBH글로벌,2875,2925,50,1.74,112672,319060885
002710,TCC스틸,2810,2825,15,0.53,8036,22621700
024070,WISCOM,2620,2645,25,0.95,1545,4071565
037270,YGPLUS,1300,1325,25,1.92,105717,137002500
000500,가온전선,18200,18150,-50,-0.27,547,9922200
000860,강남제비스코,22050,21900,-150,-0.68,5153,112775250
035250,강원랜드,30900,31050,150,0.49,167867,5195993750
011420,갤럭시아에스엠,1845,1850,5,0.27,128870,234834715
002100,경농,12800,13100,300,2.34,112043,1460549500
009450,경동나비엔,44650,44800,150,0.34,84609,3756766100
267290,경동도시가스,26600,26950,350,1.32,11993,314288100
012320,경동인베스트,33650,33750,100,0.3,1460,48967300
000050,경방,10000,10000,0,0.0,764,7660550
214390,경보제약,8500,8410,-90,-1.06,27590,231827160
012610,경인양행,8340,8170,-170,-2.04,714331,5830437680
009140,경인전자,20850,20800,-50,-0.24,3506,73633450
013580,계룡건설,21800,21950,150,0.69,1190,25888100
012200,계양전기,2820,2815,-5,-0.18,82151,229801570
012205,계양전기우,7080,6950,-130,-1.84,9677,67459790
004200,고려개발,9580,9570,-10,-0.1,8880,83568820
002140,고려산업,3560,3500,-60,-1.69,292167,1022956930
010130,고려아연,433000,439500,6500,1.5,23663,10362991500
002240,고려제강,22100,22100,0,0.0,10334,229155850
009290,광동제약,6910,6850,-60,-0.87,82363,565205180
017040,광명전기,2250,2300,50,2.22,176222,398441760
017900,광전자,2185,2145,-40,-1.83,36569,78974085
037710,광주신세계,169000,167000,-2000,-1.18,290,48536500
030610,교보증권,9100,9120,20,0.22,30009,272259730
007690,국도화학,46300,47300,1000,2.16,36488,1691420650
005320,국동,1485,1475,-10,-0.67,348937,511380470
002720,국제약품,4530,4535,5,0.11,387657,1757703665
083420,그린케미칼,3420,3670,250,7.31,288900,1062913675
014530,극동유화,3365,3390,25,0.74,33246,112051905
014280,금강공업,3960,3965,5,0.13,40051,158810045
014285,금강공업우,9000,9070,70,0.78,815,7274740
008870,금비,63400,63600,200,0.32,111,7061900
001570,금양,2405,2510,105,4.37,5856505,15380173730
002990,금호산업,11950,11850,-100,-0.84,108141,1267005900
002995,금호산업우,48350,47950,-400,-0.83,4545,216374100
011780,금호석유,69700,70000,300,0.43,55326,3855361600
011785,금호석유우,29000,29250,250,0.86,3650,106166750
214330,금호에이치티,4995,5080,85,1.7,113261,567220925
001210,금호전기,2280,2280,0,0.0,0,0
073240,금호타이어,4265,4225,-40,-0.94,234254,985316590
092440,기신정기,3650,3655,5,0.14,13725,49971140
000270,기아차,40550,41400,850,2.1,1249624,51346817950
024110,기업은행,12600,12700,100,0.79,830842,10487810900
013700,까뮤이앤씨,1220,1215,-5,-0.41,229329,274269530
004540,깨끗한나라,2295,2290,-5,-0.22,70019,159245850
004545,깨끗한나라우,17900,17350,-550,-3.07,10440,181259150
074610,나노메딕스,9630,9470,-160,-1.66,4286295,41072652280
001260,남광토건,11450,11600,150,1.31,31573,363235200
008350,남선알미늄,3640,3765,125,3.43,10368213,39085819595
008355,남선알미우,35150,36100,950,2.7,18990,686026700
004270,남성,3280,3285,5,0.15,1004854,3318188225
003920,남양유업,490000,487000,-3000,-0.61,556,270118500
003925,남양유업우,177500,176500,-1000,-0.56,5,887000
002070,남영비비안,24600,23300,-1300,-5.28,467768,11121723550
025860,남해화학,8570,8490,-80,-0.93,107945,913448430
005720,넥센,5840,5870,30,0.51,9599,55719260
005725,넥센우,3360,3360,0,0.0,5690,19267345
002350,넥센타이어,9430,9470,40,0.42,131209,1243263860
002355,넥센타이어1우B,3500,3515,15,0.43,1049,3660110
003580,넥스트사이언스,7180,6470,-710,-9.89,4232568,27767201670
251270,넷마블,88600,87000,-1600,-1.81,226512,19765865200
090350,노루페인트,7620,7630,10,0.13,15020,114238380
090355,노루페인트우,11700,11650,-50,-0.43,1442,16858650
000320,노루홀딩스,12500,12550,50,0.4,4622,57717250
000325,노루홀딩스우,17800,17800,0,0.0,298,5297900
006280,녹십자,118500,116000,-2500,-2.11,25835,3004137500
005250,녹십자홀딩스,20550,20150,-400,-1.95,38431,776631000
005257,녹십자홀딩스2우,16550,16300,-250,-1.51,8129,134162800
004370,농심,246500,250000,3500,1.42,10098,2497483500
072710,농심홀딩스,86900,86900,0,0.0,1544,132550300
058730,다스코,5500,5590,90,1.64,51172,283869850
023590,다우기술,18700,18450,-250,-1.34,113336,2092476050
019680,대교,6240,6230,-10,-0.16,27461,172199610
019685,대교우B,4195,4200,5,0.12,1185,4973450
006370,대구백화점,5690,5610,-80,-1.41,7060,39759510
008060,대덕전자,10700,10750,50,0.47,668510,7083320350
00806K,대덕전자1우,6340,6380,40,0.63,3554,22438090
000490,대동공업,5960,5970,10,0.17,96016,569416220
008110,대동전자,3570,3605,35,0.98,4005,14271745
005750,대림BCo,3980,3900,-80,-2.01,30425,119581420
000210,대림산업,93500,94300,800,0.86,120283,11270031700
000215,대림산업우,40250,40250,0,0.0,10430,414373550
004440,대림씨엔에스,7320,7320,0,0.0,5394,39263670
006570,대림통상,4030,4000,-30,-0.74,1294,5193955
001680,대상,21950,22100,150,0.68,71669,1569109350
001685,대상우,12850,12850,0,0.0,737,9389550
084690,대상홀딩스,6860,6730,-130,-1.9,15501,104653410
084695,대상홀딩스우,6240,6100,-140,-2.24,18733,114388440
128820,대성산업,3910,3845,-65,-1.66,76547,294211020
117580,대성에너지,5420,5390,-30,-0.55,4474,24000510
016710,대성홀딩스,7830,7880,50,0.64,18987,149533050
003540,대신증권,12600,12800,200,1.59,182872,2322159150
003547,대신증권2우B,8620,8630,10,0.12,5769,49719910
003545,대신증권우,9330,9320,-10,-0.11,32574,303837190
009190,대양금속,16700,14050,-2650,-15.87,520357,7952714350
014160,대영포장,1070,1090,20,1.87,2113324,2344524295
047040,대우건설,4610,4615,5,0.11,476382,2186246655
009320,대우부품,2295,2320,25,1.09,1077520,2502639830
042660,대우조선해양,29250,29650,400,1.37,119293,3524120250
003090,대웅,14450,14500,50,0.35,37530,539249500
069620,대웅제약,150000,149500,-500,-0.33,31266,4652705000
000430,대원강업,3620,3560,-60,-1.66,46456,165630400
006340,대원전선,1190,1180,-10,-0.84,124517,146971130
006345,대원전선우,2915,2965,50,1.72,428,1259445
003220,대원제약,15350,15250,-100,-0.65,52059,791119450
024890,대원화성,1385,1380,-5,-0.36,21445,29290990
002880,대유에이텍,825,857,32,3.88,194293,162866685
000300,대유플러스,740,750,10,1.35,89072,66209684
012800,대창,1170,1175,5,0.43,589641,687686850
015230,대창단조,27200,27200,0,0.0,9266,254279550
001070,대한방직,19100,19100,0,0.0,2719,51785850
006650,대한유화,121500,121500,0,0.0,19486,2363484000
001440,대한전선,576,589,13,2.26,642685,373563560
084010,대한제강,6100,6130,30,0.49,38716,236598620
001790,대한제당,18200,18250,50,0.27,10104,183809950
001799,대한제당3우B,28350,28250,-100,-0.35,2789,78191950
001795,대한제당우,12500,12550,50,0.4,2829,35274600
001130,대한제분,155000,155000,0,0.0,1435,223347000
003490,대한항공,24650,24950,300,1.22,340638,8415891250
003495,대한항공우,15250,14900,-350,-2.3,14897,220878950
005880,대한해운,22500,22400,-100,-0.44,46893,1045545300
003830,대한화섬,93200,93200,0,0.0,74,6879200
016090,대현,2370,2365,-5,-0.21,35015,82836350
069460,대호에이엘,4900,5360,460,9.39,806580,4199456365
192080,더블유게임즈,51800,51000,-800,-1.54,169660,8568699400
012510,더존비즈온,68000,68500,500,0.74,210822,14431746250
004830,덕성,2925,2920,-5,-0.17,59874,175345120
004835,덕성우,3650,3665,15,0.41,6762,24701355
024900,덕양산업,1070,1050,-20,-1.87,105288,111408950
145720,덴티움,60300,59800,-500,-0.83,33313,1990471500
002150,도화엔지니어링,9430,9750,320,3.39,141043,1353696490
001230,동국제강,6160,6080,-80,-1.3,269990,1637377080
023450,동남합성,24000,24000,0,0.0,30,720750
004140,동방,1655,1645,-10,-0.6,187219,305544235
007590,동방아그로,6750,6780,30,0.44,5775,38973790
005960,동부건설,9010,8940,-70,-0.78,8689,77175700
005965,동부건설우,18700,18650,-50,-0.27,738,13635350
016380,동부제철,8540,8290,-250,-2.93,29473,246563430
016385,동부제철우,75200,75200,0,0.0,404,30040000
083370,동북아12호,5010,5010,0,0.0,171,858310
083380,동북아13호,5030,5100,70,1.39,51,260100
026960,동서,17600,17650,50,0.28,47278,829941650
002210,동성제약,18350,18800,450,2.45,3938665,74561489950
102260,동성코퍼레이션,5480,5370,-110,-2.01,35105,189118640
005190,동성화학,16600,16650,50,0.3,8311,136914400
000640,동아쏘시오홀딩스,86700,85500,-1200,-1.38,13117,1126030400
170900,동아에스티,91100,92000,900,0.99,16539,1505936600
028100,동아지질,20050,20150,100,0.5,102078,2058993350
282690,동아타이어,12000,12150,150,1.25,2453,29681150
001520,동양,1500,1495,-5,-0.33,159225,237909880
001527,동양2우B,9210,9100,-110,-1.19,1300,11853060
001529,동양3우B,27900,27800,-100,-0.36,185,5121750
084670,동양고속,27250,27200,-50,-0.18,3748,102045150
030790,동양네트웍스,887,875,-12,-1.35,1192033,1045647870
002900,동양물산,870,892,22,2.53,1601157,1437271649
082640,동양생명,3625,3685,60,1.66,76689,279446750
001525,동양우,6510,6410,-100,-1.54,2955,18687360
008970,동양철관,1100,1100,0,0.0,883987,961594395
092780,동양피스톤,4485,4535,50,1.11,34772,157039550
049770,동원FB,234500,235000,500,0.21,2975,695739500
018500,동원금속,844,854,10,1.18,28006,23633316
006040,동원산업,223500,223000,-500,-0.22,1419,316736000
030720,동원수산,9350,9080,-270,-2.89,97992,897449190
014820,동원시스템즈,34700,34250,-450,-1.3,25706,886280300
014825,동원시스템즈우,26600,26050,-550,-2.07,368,9600250
163560,동일고무벨트,5470,5480,10,0.18,6490,35359990
004890,동일산업,56700,56700,0,0.0,249,14101200
002690,동일제강,2560,2560,0,0.0,14301,36514205
000020,동화약품,7860,7980,120,1.53,109246,870532430
000150,두산,82700,80400,-2300,-2.78,102660,8268734200
000157,두산2우B,70000,68500,-1500,-2.14,723,49845700
011160,두산건설,1305,1290,-15,-1.15,97438,126416790
241560,두산밥캣,32350,32550,200,0.62,143678,4626403200
336370,두산솔루스,12050,15650,3600,29.88,579507,9062797350
33637K,두산솔루스1우,9240,12000,2760,29.87,630669,7555707600
33637L,두산솔루스2우B,10150,13150,3000,29.56,304,3997600
000155,두산우,68600,68500,-100,-0.15,8289,567272700
042670,두산인프라코어,6070,6120,50,0.82,548861,3324346240
034020,두산중공업,6350,6360,10,0.16,574071,3651093690
336260,두산퓨얼셀,7930,7800,-130,-1.64,34906548,290323580790
33626K,두산퓨얼셀1우,5300,5080,-220,-4.15,3679399,20108319640
33626L,두산퓨얼셀2우B,10150,13150,3000,29.56,205643,2552242400
016740,두올,3305,3345,40,1.21,68020,226063925
192650,드림텍,6460,6440,-20,-0.31,242808,1557146290
024090,디씨엠,12200,12250,50,0.41,277,3374850
003160,디아이,3065,3120,55,1.79,61501,187242495
092200,디아이씨,2310,2345,35,1.52,86514,199057600
013570,디와이,4745,4740,-5,-0.11,35344,167278785
210540,디와이파워,9720,9510,-210,-2.16,87392,832453810
007340,디티알오토모티브,30000,29900,-100,-0.33,1197,35577750
026890,디피씨,5520,5600,80,1.45,2706869,15263391320
115390,락앤락,11750,11650,-100,-0.85,79074,922606650
032350,롯데관광개발,11400,11400,0,0.0,309074,3488252550
000400,롯데손해보험,2150,2240,90,4.19,345932,758035580
023530,롯데쇼핑,126000,125000,-1000,-0.79,61230,7629198000
004000,롯데정밀화학,45150,44900,-250,-0.55,42763,1916166000
286940,롯데정보통신,44000,43750,-250,-0.57,34059,1478104000
280360,롯데제과,142500,142500,0,0.0,368,52231000
004990,롯데지주,37700,37750,50,0.13,82464,3087435550
00499K,롯데지주우,49900,50000,100,0.2,4203,210169650
005300,롯데칠성,140000,139500,-500,-0.36,7347,1022713000
005305,롯데칠성우,71700,71700,0,0.0,209,14975300
011170,롯데케미칼,236000,236500,500,0.21,50947,11991977000
002270,롯데푸드,433000,435000,2000,0.46,1050,453721000
071840,롯데하이마트,30650,30400,-250,-0.82,27284,828576000
027740,마니커,866,859,-7,-0.81,9050424,7735701160
204320,만도,34100,34150,50,0.15,446296,15348681400
001080,만호제강,16500,16750,250,1.52,3787,62917100
088980,맥쿼리인프라,11900,11900,0,0.0,384497,4574217400
094800,맵스리얼티1,5020,5010,-10,-0.2,51206,256465610
015540,메디파트너생명공학,6700,6770,70,1.04,41159,275673410
138040,메리츠금융지주,12500,12550,50,0.4,37117,461586450
008560,메리츠종금증권,4660,4750,90,1.93,934976,4409070940
000060,메리츠화재,18700,18900,200,1.07,72664,1367629150
090370,메타랩스,1260,1280,20,1.59,391060,492346220
017180,명문제약,4560,4405,-155,-3.4,1437391,6536828900
012690,모나리자,4055,4175,120,2.96,370186,1527096630
005360,모나미,4035,4260,225,5.58,2886838,12284749850
204210,모두투어리츠,3070,3055,-15,-0.49,38151,116531315
009680,모토닉,8600,8450,-150,-1.74,27704,235717320
009580,무림PP,4530,4575,45,0.99,169042,766853525
009200,무림페이퍼,2590,2590,0,0.0,38426,99383785
033920,무학,9100,9090,-10,-0.11,20400,184423060
008420,문배철강,2610,2650,40,1.53,51669,135777155
025560,미래산업,173,174,1,0.58,16849571,2929233291
007120,미래아이앤지,297,299,2,0.67,412024,122398323
006800,미래에셋대우,7260,7210,-50,-0.69,1122018,8068443240
00680K,미래에셋대우2우B,4145,4130,-15,-0.36,87442,359645385
006805,미래에셋대우우,4600,4595,-5,-0.11,14160,64622965
085620,미래에셋생명,4070,4100,30,0.74,54445,221811775
002840,미원상사,53900,54800,900,1.67,1023,55876600
268280,미원에스씨,71800,71700,-100,-0.14,8521,610340500
107590,미원홀딩스,41000,40850,-150,-0.37,2082,84795050
134380,미원화학,42500,42500,0,0.0,38,1617500
003650,미창석유,78900,81700,2800,3.55,993,80446000
155900,바다로19호,2940,2940,0,0.0,14438,42324095
003610,방림,2035,2000,-35,-1.72,19279,38740780
001340,백광산업,2495,2490,-5,-0.2,168722,417067305
014580,백광소재,4450,4510,60,1.35,806957,3593057330
035150,백산,6580,6630,50,0.76,139576,920868430
002410,범양건영,1570,1560,-10,-0.64,87998,137571520
096300,베트남개발1,460,458,-2,-0.43,258240,118443899
007210,벽산,1960,1965,5,0.26,164324,320251130
002760,보락,2000,1995,-5,-0.25,402564,801049240
003850,보령제약,12900,12750,-150,-1.16,301499,3878570350
000890,보해양조,1090,1105,15,1.38,2647145,2909496885
003000,부광약품,14800,14550,-250,-1.69,143033,2071195400
001270,부국증권,20700,20850,150,0.72,2561,53230100
001275,부국증권우,18800,18950,150,0.8,24,453800
026940,부국철강,3605,3640,35,0.97,42340,151619850
015350,부산가스,35950,35850,-100,-0.28,277,9934250
011390,부산산업,149500,168000,18500,12.37,215998,35564691000
005030,부산주공,471,471,0,0.0,65417,30560772
100220,비상교육,8390,8280,-110,-1.31,16042,132208480
101140,비티원,2645,2700,55,2.08,96677,258079565
005180,빙그레,57400,56700,-700,-1.22,15176,860176100
003960,사조대림,17000,16850,-150,-0.88,18872,316323150
008040,사조동아원,1055,1055,0,0.0,477826,500053150
007160,사조산업,40300,40050,-250,-0.62,4829,192636700
014710,사조씨푸드,5490,5430,-60,-1.09,66863,359982550
006090,사조오양,8430,8250,-180,-2.14,98096,809898450
005090,삼광글라스,29950,29000,-950,-3.17,17784,516752350
001470,삼부토건,669,668,-1,-0.15,515422,344406862
006400,삼성SDI,224500,226000,1500,0.67,137278,30982862500
006405,삼성SDI우,86900,87100,200,0.23,558,48617300
006660,삼성공조,8640,8640,0,0.0,1456,12613730
028260,삼성물산,95000,94600,-400,-0.42,304866,28759483100
02826K,삼성물산우B,68900,68400,-500,-0.73,1287,87839300
207940,삼성바이오로직스,372500,378000,5500,1.48,220840,82870093500
032830,삼성생명,71100,71200,100,0.14,143632,10179080700
018260,삼성에스디에스,189500,194000,4500,2.37,90262,17278926000
028050,삼성엔지니어링,16750,16850,100,0.6,344627,5784446700
009150,삼성전기,111500,113000,1500,1.35,892570,100606452500
009155,삼성전기우,44900,45550,650,1.45,10235,462868700
005930,삼성전자,51200,50700,-500,-0.98,21185785,1077416754960
005935,삼성전자우,41400,41650,250,0.6,1044017,43342057600
001360,삼성제약,3320,3235,-85,-2.56,2537816,8152701615
010140,삼성중공업,7840,7820,-20,-0.26,1367344,10740166680
010145,삼성중공우,58000,58700,700,1.21,758,44154500
016360,삼성증권,34450,34300,-150,-0.44,127508,4357790900
068290,삼성출판사,17550,22800,5250,29.91,7733607,160834484350
029780,삼성카드,34350,34450,100,0.29,45486,1561545400
000810,삼성화재,225000,226500,1500,0.67,122377,27614831598
000815,삼성화재우,165000,165000,0,0.0,4751,784435500
006110,삼아알미늄,4265,4230,-35,-0.82,17023,71846165
145990,삼양사,49900,48850,-1050,-2.1,9888,483764150
145995,삼양사우,35650,35050,-600,-1.68,79,2764950
003230,삼양식품,88100,87400,-700,-0.79,21261,1859285700
002170,삼양통상,59800,59200,-600,-1.0,12400,736492700
272550,삼양패키징,15950,15800,-150,-0.94,18278,289602050
000070,삼양홀딩스,63600,63300,-300,-0.47,6044,383497300
000075,삼양홀딩스우,44450,43450,-1000,-2.25,256,11201900
002810,삼영무역,16100,15850,-250,-1.55,13461,214043700
005680,삼영전자,9200,9000,-200,-2.17,18884,170920490
003720,삼영화학,1050,1045,-5,-0.48,42975,44819370
023000,삼원강재,2790,2800,10,0.36,2947,8257835
004380,삼익THK,11950,12000,50,0.42,18154,217504050
002450,삼익악기,1770,1750,-20,-1.13,224493,394589215
000520,삼일제약,21650,21100,-550,-2.54,52665,1111722800
009770,삼정펄프,33300,33250,-50,-0.15,592,19926200
005500,삼진제약,25950,25700,-250,-0.96,29409,750256700
004690,삼천리,84100,83800,-300,-0.36,2114,177535200
001880,삼호,19450,19000,-450,-2.31,3706,71139450
010960,삼호개발,4395,4450,55,1.25,42396,187696255
004450,삼화왕관,46200,45700,-500,-1.08,268,12323500
009470,삼화전기,14700,14450,-250,-1.7,69042,1005117750
011230,삼화전자,2540,2485,-55,-2.17,38895,96403025
001820,삼화콘덴서,47300,47800,500,1.06,74026,3538342750
000390,삼화페인트,5370,5320,-50,-0.93,15620,82684070
001290,상상인증권,1650,1650,0,0.0,149817,246945550
041650,상신브레이크,3910,3900,-10,-0.26,14444,55743340
075180,새론오토모티브,4530,4550,20,0.44,3655,16681880
007540,샘표,38950,38750,-200,-0.51,18103,699882350
248170,샘표식품,29550,29300,-250,-0.85,15113,443195500
007860,서연,3390,3395,5,0.15,29231,98604165
200880,서연이화,5550,5440,-110,-1.98,93445,503650430
017390,서울가스,68300,67200,-1100,-1.61,408,27450500
004410,서울식품,172,172,0,0.0,1618283,276660258
004415,서울식품우,3535,3520,-15,-0.42,16404,57870480
021050,서원,1095,1100,5,0.46,175784,190736355
008490,서흥,33050,34000,950,2.87,16964,571562050
007610,선도전기,3250,3265,15,0.46,72183,234995130
136490,선진,9990,9900,-90,-0.9,41082,407798380
002820,선창산업,4500,4480,-20,-0.44,3092,13884245
014910,성문전자,2140,2185,45,2.1,55623,119811180
014915,성문전자우,11250,11550,300,2.67,14928,167799500
003080,성보화학,4835,4855,20,0.41,985,4776385
004980,성신양회,8200,8380,180,2.2,116770,966726670
004985,성신양회우,10750,10650,-100,-0.93,16832,179149550
011300,성안,434,434,0,0.0,210181,89064369
000180,성창기업지주,1755,1750,-5,-0.28,37275,64918420
002420,세기상사,55200,54900,-300,-0.54,1425,78211800
004360,세방,11500,11400,-100,-0.87,3705,42240650
004365,세방우,6670,6600,-70,-1.05,15,99060
004490,세방전지,39550,39750,200,0.51,11788,464170800
001430,세아베스틸,15900,15950,50,0.31,21842,346266600
306200,세아제강,63000,63600,600,0.95,2421,152577600
003030,세아제강지주,49800,49300,-500,-1.0,3580,176221650
019440,세아특수강,13300,13300,0,0.0,2986,39628400
058650,세아홀딩스,81200,81200,0,0.0,129,10421600
013000,세우글로벌,1935,1895,-40,-2.07,599012,1142999120
091090,세원셀론텍,3040,2990,-50,-1.64,147040,442695095
021820,세원정공,8090,8090,0,0.0,0,0
067830,세이브존IC,3380,3370,-10,-0.3,5016,16871950
033530,세종공업,4320,4220,-100,-2.31,91388,387002215
075580,세진중공업,4975,4975,0,0.0,124087,605261895
027970,세하,2655,2660,5,0.19,123950,326474435
145210,세화아이엠씨,2990,2990,0,0.0,0,0
068270,셀트리온,196500,197000,500,0.25,902749,174104822500
004430,송원산업,17850,17900,50,0.28,126203,2242824250
017550,수산중공업,1430,1425,-5,-0.35,51251,73153915
002200,수출포장,18800,18600,-200,-1.06,4371,81425200
053210,스카이라이프,8850,8720,-130,-1.47,47561,416084320
134790,시디즈,38100,38350,250,0.66,475,18137400
016590,신대양제지,64200,64300,100,0.16,8912,568485600
029530,신도리코,38850,39250,400,1.03,4721,184179900
004970,신라교역,12550,12450,-100,-0.8,16447,203243900
011930,신성이엔지,902,902,0,0.0,371793,334846532
005390,신성통상,1745,1770,25,1.43,7635000,13506404020
004170,신세계,237000,231500,-5500,-2.32,68365,15810344500
035510,신세계IC,110500,110500,0,0.0,3663,404486500
034300,신세계건설,24600,24850,250,1.02,1526,37356900
031430,신세계인터내셔날,185500,184000,-1500,-0.81,31561,5762590000
031440,신세계푸드,73400,73100,-300,-0.41,4320,313306000
006880,신송홀딩스,4215,4255,40,0.95,72370,305540230
005800,신영와코루,104000,106500,2500,2.4,36,3783000
001720,신영증권,54900,54700,-200,-0.36,19060,1043800600
001725,신영증권우,52500,52300,-200,-0.38,6210,325651100
009270,신원,2010,2060,50,2.49,1330673,2713726660
009275,신원우,50800,51400,600,1.18,927,47012700
002700,신일산업,1610,1635,25,1.55,2365041,3864890470
019170,신풍제약,6480,6190,-290,-4.48,613984,3863054480
019175,신풍제약우,5660,5620,-40,-0.71,7589,42554760
002870,신풍제지,1340,1340,0,0.0,69291,92635280
005450,신한,4945,4945,0,0.0,0,0
293940,신한알파리츠,8470,8310,-160,-1.89,114006,951632110
055550,신한지주,43550,43850,300,0.69,995450,43553778300
001770,신화실업,22650,22500,-150,-0.66,9021,202277000
004080,신흥,9370,9340,-30,-0.32,1957,18183760
102280,쌍방울,1025,1000,-25,-2.44,1956177,1970544085
003410,쌍용양회,5970,5900,-70,-1.17,388276,2292320460
003415,쌍용양회우,13250,13400,150,1.13,15880,207180150
003620,쌍용차,2330,2370,40,1.72,468636,1075867895
004770,써니전자,3625,3695,70,1.93,1265054,4606776580
004920,씨아이테크,475,470,-5,-1.05,233636,108771507
112610,씨에스윈드,32550,32700,150,0.46,27538,896445400
008700,아남전자,2125,2130,5,0.24,506516,1062181055
002790,아모레G,71000,70000,-1000,-1.41,73054,5106034100
002795,아모레G우,29200,29200,0,0.0,8727,253380300
090430,아모레퍼시픽,158500,158500,0,0.0,152654,24069814200
090435,아모레퍼시픽우,78000,78400,400,0.51,5072,396007700
002030,아세아,112000,112500,500,0.45,242,26969500
183190,아세아시멘트,85000,85300,300,0.35,1492,127342900
002310,아세아제지,29900,29800,-100,-0.33,14132,419872850
267850,아시아나IDT,16200,16100,-100,-0.62,63904,1019546250
020560,아시아나항공,5200,5140,-60,-1.15,1024051,5241093740
122900,아이마켓코리아,10300,10650,350,3.4,80992,848167600
010780,아이에스동서,31800,32600,800,2.52,47540,1535886750
033660,아주캐피탈,10550,10500,-50,-0.47,13451,141420800
001780,알루코,2240,2230,-10,-0.45,68166,151440360
018250,애경산업,28200,28000,-200,-0.71,94505,2633166200
161000,애경유화,7630,7620,-10,-0.13,42221,320140380
011090,에넥스,1220,1215,-5,-0.41,878537,1067192295
005850,에스엘,21850,22000,150,0.69,37536,823253300
012750,에스원,95100,95400,300,0.32,46352,4395050500
023960,에쓰씨엔지니어링,1580,1550,-30,-1.9,33261,51460450
298690,에어부산,6160,6110,-50,-0.81,364965,2215756390
140910,에이리츠,6760,6720,-40,-0.59,4944,33060160
078520,에이블씨엔씨,10850,11200,350,3.23,125060,1392735100
015260,에이엔피,343,331,-12,-3.5,360288,119319280
007460,에이프로젠KIC,2230,2115,-115,-5.16,4358885,9439103280
003060,에이프로젠제약,1175,1090,-85,-7.23,6458549,7131369585
036570,엔씨소프트,523000,529000,6000,1.15,42903,22654893000
138250,엔에스쇼핑,9790,9750,-40,-0.41,23498,226376240
085310,엔케이,1185,1155,-30,-2.53,163104,189609385
009810,엔케이물산,717,711,-6,-0.84,1351657,954091969
900140,엘브이엠씨홀딩스,4155,4250,95,2.29,218264,917219460
014440,영보화학,3395,3390,-5,-0.15,23274,78323725
111770,영원무역,36150,36200,50,0.14,57476,2068969150
009970,영원무역홀딩스,53300,52800,-500,-0.94,2864,151456700
003520,영진약품,5270,5200,-70,-1.33,957926,4933759090
000670,영풍,620000,623000,3000,0.48,665,412944000
006740,영풍제지,2945,2950,5,0.17,32817,95137315
012280,영화금속,1335,1335,0,0.0,262508,348321985
012160,영흥철강,1070,1055,-15,-1.4,112780,119324025
015360,예스코홀딩스,37000,37300,300,0.81,937,34537750
007310,오뚜기,572000,575000,3000,0.52,2012,1149434000
079440,오렌지라이프,27750,28000,250,0.9,239563,6684684500
002630,오리엔트바이오,431,425,-6,-1.39,854765,363236259
271560,오리온,105500,103500,-2000,-1.9,80659,8277771000
001800,오리온홀딩스,16550,16550,0,0.0,41840,686423550
070960,용평리조트,6480,6580,100,1.54,322921,2126288700
316140,우리금융지주,12350,12450,100,0.81,1144400,14134443500
004720,우리들제약,6210,6060,-150,-2.42,132376,801779060
118000,우리들휴브레인,2595,2735,140,5.39,442518,1203523560
010050,우리종금,660,651,-9,-1.36,1363713,889044351
006980,우성사료,3095,3140,45,1.45,395771,1227992900
017370,우신시스템,4435,4435,0,0.0,1455,6465270
105840,우진,4835,4865,30,0.62,106694,515414420
010400,우진아이엔에스,8370,8370,0,0.0,10330,85639440
049800,우진플라임,3600,3660,60,1.67,4472,16270375
016880,웅진,1525,1550,25,1.64,960355,1480541860
095720,웅진씽크빅,2675,2690,15,0.56,1089445,2934358820
103130,웅진에너지,914,914,0,0.0,0,0
021240,웅진코웨이,89400,89800,400,0.45,118803,10603966300
005820,원림,17500,17400,-100,-0.57,1052,18314200
010600,웰바이오텍,2610,2475,-135,-5.17,377210,949893935
008600,윌비스,1430,1465,35,2.45,16010638,24106214455
033270,유나이티드제약,20450,20150,-300,-1.47,25587,511860500
014830,유니드,48000,47700,-300,-0.63,11182,533692300
000910,유니온,4395,4415,20,0.46,111812,491404915
047400,유니온머티리얼,2620,2545,-75,-2.86,1801451,4539416245
011330,유니켐,1925,1880,-45,-2.34,456095,863155435
077500,유니퀘스트,6790,7020,230,3.39,293898,2038558250
002920,유성기업,2725,2725,0,0.0,12167,32962350
000700,유수홀딩스,7050,7050,0,0.0,17865,125441630
003470,유안타증권,2620,2615,-5,-0.19,140546,365862480
003475,유안타증권우,1980,1990,10,0.51,1848,3663685
011690,유양디앤유,5570,5570,0,0.0,275364,1522314270
072130,유엔젤,3660,3670,10,0.27,30865,112844415
000220,유유제약,11450,11400,-50,-0.44,110753,1253182200
000225,유유제약1우,7210,7130,-80,-1.11,3288,23494680
000227,유유제약2우B,19350,19100,-250,-1.29,276,5267700
001200,유진투자증권,2110,2100,-10,-0.47,87755,183103230
000100,유한양행,225000,223500,-1500,-0.67,30288,6731816500
000105,유한양행우,205000,205000,0,0.0,2,409000
003460,유화증권,12250,12250,0,0.0,1085,13322300
003465,유화증권우,13200,13250,50,0.38,314,4144900
008730,율촌화학,13600,13550,-50,-0.37,71794,971297850
008250,이건산업,7870,7920,50,0.64,27694,219366720
025820,이구산업,1610,1615,5,0.31,72657,116052075
214320,이노션,66500,65900,-600,-0.9,50888,3329045300
088260,이리츠코크렙,7130,7080,-50,-0.7,31204,220661850
139480,이마트,116000,115500,-500,-0.43,118862,13622965000
007660,이수페타시스,4055,4055,0,0.0,450638,1811656105
005950,이수화학,11250,11250,0,0.0,50824,563886050
015020,이스타코,590,590,0,0.0,13338,7838573
093230,이아이디,255,247,-8,-3.14,8188144,2016433290
102460,이연제약,15400,15000,-400,-2.6,116586,1754092550
084680,이월드,3625,3700,75,2.07,3178950,11700178150
000760,이화산업,14900,14950,50,0.34,106,1581700
014990,인디에프,2810,2915,105,3.74,886726,2556249660
006490,인스코비,3200,3070,-130,-4.06,1674331,5199870370
023800,인지컨트롤스,5050,4995,-55,-1.09,39243,195975975
034590,인천도시가스,29250,29250,0,0.0,364,10658800
129260,인터지스,2155,2105,-50,-2.32,41708,88229045
023810,인팩,3800,3730,-70,-1.84,5400,20112460
249420,일동제약,16650,16500,-150,-0.9,40702,675089550
000230,일동홀딩스,11150,11100,-50,-0.45,4640,51517950
013360,일성건설,1250,1300,50,4.0,261830,333643085
003120,일성신약,83800,83800,0,0.0,168,14082300
003200,일신방직,71300,71300,0,0.0,3996,282342000
007110,일신석재,2755,2855,100,3.63,2721104,7696436745
007570,일양약품,21500,21200,-300,-1.4,41352,872844800
007575,일양약품우,16800,16850,50,0.3,204,3432200
008500,일정실업,17900,18400,500,2.79,93,1671800
081000,일진다이아,30450,30300,-150,-0.49,96768,2919254150
020760,일진디스플,3520,3500,-20,-0.57,43032,150712600
020150,일진머티리얼즈,35850,36350,500,1.39,754763,27924303500
103590,일진전기,3130,3125,-5,-0.16,5159,16076230
015860,일진홀딩스,4600,4585,-15,-0.33,220580,1005012275
226320,잇츠한불,18750,18400,-350,-1.87,15915,292615150
033240,자화전자,9300,10900,1600,17.2,964180,10134658700
000950,전방,16050,16400,350,2.18,236,3814200
194370,제이에스코퍼레이션,14950,14850,-100,-0.67,8528,126754250
025620,제이준코스메틱,4040,4070,30,0.74,157323,631500680
036420,제이콘텐트리,33350,34450,1100,3.3,97928,3325274500
030000,제일기획,25400,24950,-450,-1.77,444437,11136293900
271980,제일약품,33500,33800,300,0.9,41141,1377467950
001560,제일연마,6360,6330,-30,-0.47,3516,22173490
002620,제일파마홀딩스,17750,17550,-200,-1.13,17526,301654250
006220,제주은행,4180,4155,-25,-0.6,13587,56294330
089590,제주항공,24150,24400,250,1.04,135023,3256532250
004910,조광페인트,6160,6040,-120,-1.95,15925,96704310
004700,조광피혁,37500,37500,0,0.0,2636,100266700
001550,조비,17100,17500,400,2.34,22130,382472950
000480,조선내화,85200,85000,-200,-0.23,994,84528600
120030,조선선재,81700,81500,-200,-0.24,326,26498300
018470,조일알미늄,718,719,1,0.14,37041,26359220
002600,조흥,149000,151000,2000,1.34,24,3612000
185750,종근당,92000,92500,500,0.54,22866,2098157900
063160,종근당바이오,31100,31450,350,1.13,25566,792954600
001630,종근당홀딩스,94200,96500,2300,2.44,34517,3282236600
044380,주연테크,409,406,-3,-0.73,581256,234948492
013870,지엠비코리아,5190,5220,30,0.58,48014,249480750
071320,지역난방공사,49250,49000,-250,-0.51,9263,453753000
010580,지코,868,868,0,0.0,325076,281561399
035000,지투알,6900,6820,-80,-1.16,7868,53695460
088790,진도,3835,3900,65,1.69,9347,35705605
003780,진양산업,3400,3375,-25,-0.74,23967,80669055
010640,진양폴리,2605,2650,45,1.73,40477,106806070
100250,진양홀딩스,2500,2500,0,0.0,9399,23335720
051630,진양화학,4735,4710,-25,-0.53,61547,289323280
272450,진에어,15050,15200,150,1.0,72618,1081493950
011000,진원생명과학,4175,4165,-10,-0.24,68596,285636920
002780,진흥기업,2600,2515,-85,-3.27,6257766,17245281415
002787,진흥기업2우B,16600,14000,-2600,-15.66,336600,5150297100
002785,진흥기업우B,6440,5440,-1000,-15.53,517686,3154896220
009310,참엔지니어링,1000,984,-16,-1.6,207514,205181129
000650,천일고속,71800,71700,-100,-0.14,282,20178200
012600,청호컴넷,2670,2670,0,0.0,28313,75215000
033250,체시스,3480,3565,85,2.44,718786,2506669525
001140,카리스국보,3360,3445,85,2.53,2137357,7498683825
035720,카카오,140000,139500,-500,-0.36,490092,68653541500
006380,카프로,3485,3475,-10,-0.29,29986,103358905
109070,컨버즈,3260,3260,0,0.0,0,0
001620,케이비아이동국실업,740,743,3,0.41,99393,73211026
029460,케이씨,14000,14300,300,2.14,36460,512156900
281820,케이씨텍,19300,19400,100,0.52,113379,2183136150
145270,케이탑리츠,919,917,-2,-0.22,77480,70970803
007815,코리아써우,3070,3005,-65,-2.12,3378,10149320
007810,코리아써키트,8360,8490,130,1.56,322670,2738089510
00781K,코리아써키트2우B,4590,4560,-30,-0.65,330,1524620
152330,코리아오토글라스,16950,16800,-150,-0.88,19107,318833950
003690,코리안리,7900,7830,-70,-0.89,67176,526177480
192820,코스맥스,72000,70400,-1600,-2.22,141277,9889921500
044820,코스맥스비티아이,13950,13750,-200,-1.43,5068,69501250
005070,코스모신소재,7790,8290,500,6.42,2865192,24813785810
005420,코스모화학,6140,6140,0,0.0,0,0
071950,코아스,1325,1340,15,1.13,219719,290730900
002020,코오롱,17700,17700,0,0.0,47189,827166450
003070,코오롱글로벌,9390,9750,360,3.83,87198,833500980
003075,코오롱글로벌우,16800,17400,600,3.57,2692,45788200
144620,코오롱머티리얼,1345,1370,25,1.86,75887,102809255
002025,코오롱우,11500,11400,-100,-0.87,17690,200408000
120110,코오롱인더,45950,45950,0,0.0,92368,4252960750
120115,코오롱인더우,21500,21200,-300,-1.4,10217,216874300
138490,코오롱플라스틱,4710,4705,-5,-0.11,81282,380893215
031820,콤텍시스템,1285,1235,-50,-3.89,625442,796611090
192400,쿠쿠홀딩스,104000,105500,1500,1.44,3709,385444000
284740,쿠쿠홈시스,38200,38300,100,0.26,10298,394200550
015590,큐로,782,780,-2,-0.26,248818,194925805
264900,크라운제과,8350,8350,0,0.0,5583,46478780
26490K,크라운제과우,7990,7850,-140,-1.75,6939,54494690
005740,크라운해태홀딩스,10400,10400,0,0.0,22580,232923650
005745,크라운해태홀딩스우,13100,13100,0,0.0,10255,133199350
020120,키다리스튜디오,4690,4555,-135,-2.88,45954,211778955
039490,키움증권,69400,69200,-200,-0.29,29098,2004301100
012170,키위미디어그룹,150,150,0,0.0,0,0
015890,태경산업,5530,5550,20,0.36,20658,114649430
006890,태경화학,5010,5000,-10,-0.2,45576,226556700
003240,태광산업,1115000,1129000,14000,1.26,607,673579000
011280,태림포장,4720,4820,100,2.12,629623,3046232025
004100,태양금속,1035,1015,-20,-1.93,45160,45732105
004105,태양금속우,2855,2925,70,2.45,6075,17379580
009410,태영건설,13300,13100,-200,-1.5,47810,627658850
009415,태영건설우,6980,7000,20,0.29,10151,70887820
001420,태원물산,4100,4035,-65,-1.59,10023,40677445
007980,태평양물산,2810,2800,-10,-0.36,40471,113349140
055490,테이팩스,22550,21900,-650,-2.88,8447,186350050
078000,텔코웨어,14150,14100,-50,-0.35,10858,152385300
214420,토니모리,10000,10050,50,0.5,69795,701892110
019180,티에이치엔,4000,3910,-90,-2.25,308384,1220547440
091810,티웨이항공,4990,5090,100,2.0,102724,514801690
004870,티웨이홀딩스,1825,1805,-20,-1.1,488076,882827120
005690,파미셀,9650,9030,-620,-6.42,2691034,24469170350
036580,팜스코,5000,4880,-120,-2.4,153758,754856790
028670,팬오션,4565,4525,-40,-0.88,591561,2662748055
010820,퍼스텍,2130,2140,10,0.47,237464,509021570
016800,퍼시스,29950,29900,-50,-0.17,3569,107027700
001020,페이퍼코리아,631,611,-20,-3.17,166389,102066187
090080,평화산업,1290,1280,-10,-0.78,141847,180218600
010770,평화홀딩스,4080,4075,-5,-0.12,36393,147812120
058430,포스코강판,17750,17900,150,0.85,1461,25953600
047050,포스코인터내셔널,18950,19250,300,1.58,249881,4781865150
003670,포스코케미칼,43950,45400,1450,3.3,572065,26017163050
007630,폴루스바이오팜,1225,1225,0,0.0,0,0
017810,풀무원,8980,8980,0,0.0,49456,441788380
103140,풍산,21950,21800,-150,-0.68,48467,1055401850
005810,풍산홀딩스,33750,33750,0,0.0,1365,46110600
033180,필룩스,7260,6770,-490,-6.75,14136796,97198207700
086790,하나금융지주,35600,36250,650,1.83,1069908,38631007700
099340,하나니켈1호,442,445,3,0.68,295818,131829079
099350,하나니켈2호,1195,1210,15,1.26,1103123,1364814635
293480,하나제약,22200,22450,250,1.13,56563,1247843100
039130,하나투어,47300,47250,-50,-0.11,119708,5646157100
172580,하이골드12호,2780,2785,5,0.18,12411,34455775
153360,하이골드3호,1795,1795,0,0.0,7706,13803245
159650,하이골드8호,1990,2000,10,0.5,12709,25416265
071090,하이스틸,20500,21000,500,2.44,3614,74718700
019490,하이트론,3500,3430,-70,-2.0,15613,54120770
000080,하이트진로,27750,28450,700,2.52,405409,11454086450
000087,하이트진로2우B,16950,17500,550,3.24,2216,38641050
000140,하이트진로홀딩스,12550,12800,250,1.99,200098,2583118500
000145,하이트진로홀딩스우,18400,18750,350,1.9,79494,1501997050
152550,한국ANKOR유전,1785,1795,10,0.56,897,1601735
036460,한국가스공사,40000,40400,400,1.0,111003,4456166600
005430,한국공항,38300,38550,250,0.65,1036,39986850
071050,한국금융지주,69700,70100,400,0.57,108014,7546614400
071055,한국금융지주우,41700,41850,150,0.36,9331,388027650
010040,한국내화,4680,4810,130,2.78,358641,1695714550
025540,한국단자,47150,46950,-200,-0.42,10115,469924300
004090,한국석유,107000,106000,-1000,-0.93,2274,241290500
002960,한국쉘석유,333500,336500,3000,0.9,925,310243500
123890,한국자산신탁,3385,3400,15,0.44,59622,201527010
015760,한국전력,25500,25400,-100,-0.39,1302236,33013461350
006200,한국전자홀딩스,714,718,4,0.56,42950,30668537
002300,한국제지,18050,17950,-100,-0.55,2946,53031350
009540,한국조선해양,124500,124500,0,0.0,106136,13246430000
023350,한국종합기술,3925,3895,-30,-0.76,18326,71529665
025890,한국주강,1830,1885,55,3.01,38755,72599675
000970,한국주철관,10050,10250,200,1.99,281367,2912595820
104700,한국철강,4700,4725,25,0.53,75398,355250455
017960,한국카본,8390,8470,80,0.95,222909,1879700330
161890,한국콜마,44600,44550,-50,-0.11,145519,6411745200
024720,한국콜마홀딩스,20650,20500,-150,-0.73,54988,1123295400
161390,한국타이어앤테크놀로지,32150,32000,-150,-0.47,134437,4299218100
000240,한국테크놀로지그룹,13500,13500,0,0.0,46103,621315350
034830,한국토지신탁,2150,2155,5,0.23,159744,342640205
007280,한국특수형강,1330,1285,-45,-3.38,41470,53341975
168490,한국패러랠,2230,2230,0,0.0,18879,41883235
010100,한국프랜지,2320,2260,-60,-2.59,380942,861409115
047810,한국항공우주,37250,36900,-350,-0.94,248713,9154853000
123690,한국화장품,7990,7890,-100,-1.25,51982,410131520
003350,한국화장품제조,29150,29100,-50,-0.17,34421,991237100
011500,한농화성,4010,4015,5,0.12,7105,28485485
002390,한독,23000,22350,-650,-2.83,39380,878285000
014790,한라,3025,3040,15,0.5,78320,235797570
060980,한라홀딩스,41450,41000,-450,-1.09,17815,728609200
053690,한미글로벌,8650,8630,-20,-0.23,35748,307191050
042700,한미반도체,6820,6820,0,0.0,32969,225015600
008930,한미사이언스,42450,43700,1250,2.94,204540,8717753000
128940,한미약품,323500,324000,500,0.15,48836,15678522000
009240,한샘,59000,58900,-100,-0.17,54078,3178869000
020000,한섬,29400,29800,400,1.36,51983,1530487550
003680,한성기업,5620,5510,-110,-1.96,77550,428395050
105630,한세실업,18650,18550,-100,-0.54,96967,1788250650
069640,한세엠케이,4005,4050,45,1.12,27087,108645715
016450,한세예스24홀딩스,7700,7810,110,1.43,28595,220613700
010420,한솔PNS,1525,1550,25,1.64,136846,210112750
009180,한솔로지스틱스,1245,1230,-15,-1.2,78207,96491280
213500,한솔제지,15450,15150,-300,-1.94,116454,1761529150
014680,한솔케미칼,93000,94300,1300,1.4,37850,3552493300
004710,한솔테크닉스,7170,7180,10,0.14,321585,2276828050
004150,한솔홀딩스,4095,4095,0,0.0,20136,82353680
025750,한솔홈데코,1180,1180,0,0.0,114657,135361455
004960,한신공영,15650,15450,-200,-1.28,9371,145034250
011700,한신기계,1690,1680,-10,-0.59,117561,197194490
001750,한양증권,7390,7430,40,0.54,8722,63887540
001755,한양증권우,8080,8150,70,0.87,275,2222550
018880,한온시스템,11450,11550,100,0.87,538234,6191168450
009420,한올바이오파마,34550,33550,-1000,-2.89,587435,19644026250
014130,한익스프레스,5070,5070,0,0.0,140249,694270390
300720,한일시멘트,99700,101000,1300,1.3,2115,212299500
002220,한일철강,2120,2115,-5,-0.24,4500,9508095
006390,한일현대시멘트,33050,33500,450,1.36,18890,629839000
003300,한일홀딩스,49200,49000,-200,-0.41,4427,217388300
051600,한전KPS,33200,33650,450,1.36,78379,2617835150
052690,한전기술,20950,20600,-350,-1.67,80641,1657970300
130660,한전산업,3330,3280,-50,-1.5,69034,225775950
002320,한진,32800,31000,-1800,-5.49,1177502,36362630386
097230,한진중공업,4460,4430,-30,-0.67,93310,412067865
003480,한진중공업홀딩스,2700,2715,15,0.56,54995,142602575
180640,한진칼,31150,30500,-650,-2.09,390022,11817289650
18064K,한진칼우,38250,37350,-900,-2.35,21787,817696200
005110,한창,3315,3375,60,1.81,3132662,10577083810
009460,한창제지,2880,2900,20,0.69,1037964,3006224600
000880,한화,24300,24400,100,0.41,127567,3083528700
00088K,한화3우B,13600,13550,-50,-0.37,14558,197325950
027390,한화갤러리아타임월드,19700,19650,-50,-0.25,16490,322178950
088350,한화생명,2300,2320,20,0.87,1199321,2755832560
000370,한화손해보험,2930,2890,-40,-1.37,329753,951206865
012450,한화에어로스페이스,39850,39900,50,0.13,144667,5788379850
000885,한화우,27550,27800,250,0.91,15091,418457700
009830,한화케미칼,17000,16950,-50,-0.29,796879,13368143550
009835,한화케미칼우,11800,11550,-250,-2.12,9203,105992400
003530,한화투자증권,2040,2055,15,0.74,70752,144172210
003535,한화투자증권우,2025,2030,5,0.25,12753,25683690
195870,해성디에스,14150,13950,-200,-1.41,27820,387780050
101530,해태제과식품,7550,7540,-10,-0.13,11706,87780690
143210,핸즈코퍼레이션,7270,7250,-20,-0.28,16175,116253370
000720,현대건설,43200,43500,300,0.69,383692,16573250850
267270,현대건설기계,30900,30950,50,0.16,83860,2566114750
000725,현대건설우,154000,156000,2000,1.3,819,126349000
005440,현대그린푸드,11750,11600,-150,-1.28,72790,847004200
086280,현대글로비스,147000,148000,1000,0.68,76604,11332281000
064350,현대로템,17250,17650,400,2.32,392945,6881021200
079430,현대리바트,13850,14650,800,5.78,62838,895711550
012330,현대모비스,240000,241000,1000,0.42,183751,44246654000
010620,현대미포조선,44050,44100,50,0.11,81865,3616715850
069960,현대백화점,77000,76100,-900,-1.17,32979,2504119800
004560,현대비앤지스틸,8900,8970,70,0.79,18931,168833660
004565,현대비앤지스틸우,57600,58300,700,1.22,419,23975600
011760,현대상사,17550,17700,150,0.85,50898,894920800
011200,현대상선,3395,3355,-40,-1.18,501942,1678148220
004310,현대약품,4860,4800,-60,-1.23,563041,2693484390
126560,현대에이치씨엔,3625,3695,70,1.93,117611,419736870
017800,현대엘리베이,74400,76500,2100,2.82,446258,33819882000
307950,현대오토에버,52700,52400,-300,-0.57,17651,922666000
011210,현대위아,44500,44100,-400,-0.9,83375,3663617600
267260,현대일렉트릭,10200,10500,300,2.94,184873,1912597150
004020,현대제철,35550,35600,50,0.14,151578,5381961050
267250,현대중공업지주,352000,353500,1500,0.43,17196,6057638000
005380,현대차,121000,122000,1000,0.83,655232,79609830500
005387,현대차2우B,79000,79900,900,1.14,22608,1810883200
005389,현대차3우B,71800,72300,500,0.7,972,69908000
005385,현대차우,73100,73300,200,0.27,33900,2475642800
001500,현대차증권,10250,10200,-50,-0.49,47833,485722450
227840,현대코퍼레이션홀딩스,11700,11750,50,0.43,80621,936210350
001450,현대해상,26100,26150,50,0.19,176682,4622616650
057050,현대홈쇼핑,85200,85000,-200,-0.23,10193,865017400
093240,형지엘리트,1350,1370,20,1.48,143444,190525560
003010,혜인,4760,4810,50,1.05,91785,436940810
111110,호전실업,14850,14850,0,0.0,5459,80210750
008770,호텔신라,79500,79000,-500,-0.63,285112,22388843500
008775,호텔신라우,54800,53200,-1600,-2.92,36833,1962917100
002460,화성산업,12250,12150,-100,-0.82,27322,331715550
013520,화승알앤에이,1970,1940,-30,-1.52,49096,95162930
241590,화승엔터프라이즈,14850,14750,-100,-0.67,117898,1743018850
006060,화승인더,10600,10700,100,0.94,241902,2600582450
010690,화신,3740,3650,-90,-2.41,75105,273869220
133820,화인베스틸,3235,3190,-45,-1.39,226407,724540705
010660,화천기계,3200,2885,-315,-9.84,5307458,15159396765
000850,화천기공,38650,38750,100,0.26,3400,131442200
016580,환인제약,16950,16600,-350,-2.06,43451,716324750
032560,황금에스티,7510,7460,-50,-0.67,29220,218486670
004800,효성,84600,86700,2100,2.48,63910,5485129400
094280,효성ITX,12150,12900,750,6.17,102589,1294047000
298040,효성중공업,30650,30250,-400,-1.31,30741,926608000
298050,효성첨단소재,122500,121500,-1000,-0.82,33086,4012213500
298020,효성티앤씨,159000,159000,0,0.0,2897,459639500
298000,효성화학,166000,165000,-1000,-0.6,8182,1344634000
093370,후성,8540,8560,20,0.23,1129940,9552330650
081660,휠라코리아,58200,57900,-300,-0.52,338906,19494927300
005870,휴니드,6870,6880,10,0.15,24007,164797990
079980,휴비스,5880,5760,-120,-2.04,59153,342451980
005010,휴스틸,10200,10200,0,0.0,13913,140891950
069260,휴켐스,22600,22700,100,0.44,43044,973536050
000540,흥국화재,3115,3115,0,0.0,28766,88730745
000547,흥국화재2우B,19200,19250,50,0.26,227,4358450
000545,흥국화재우,4870,4880,10,0.21,2960,14170555
003280,흥아해운,402,394,-8,-1.99,270939,106803187
