티커,종목명,시가,종가,변동폭,등락률,거래량,거래대금
095570,AJ네트웍스,4035,4150,115,2.85,80204,328817350
006840,AK홀딩스,24450,24650,200,0.82,13528,332141900
027410,BGF,4570,4705,135,2.95,128868,601674320
282330,BGF리테일,155000,160500,5500,3.55,31194,4994695500
138930,BNK금융지주,6090,6050,-40,-0.66,1622610,9805159800
001460,BYC,207500,207500,0,0.0,395,81655000
001465,BYC우,115000,114500,-500,-0.43,3,343500
001040,CJ,81300,82600,1300,1.6,67200,5541112000
079160,CJCGV,23750,24400,650,2.74,169502,4082418450
00104K,CJ4우전환,61200,62200,1000,1.63,10225,629679200
000120,CJ대한통운,135000,142000,7000,5.19,71964,10100145500
011150,CJ씨푸드,3995,3860,-135,-3.38,4213347,16375410090
011155,CJ씨푸드1우,37450,36800,-650,-1.74,18313,678066650
001045,CJ우,40500,40750,250,0.62,9287,378103100
097950,CJ제일제당,249500,258500,9000,3.61,47037,12042042500
097955,CJ제일제당우,106000,110000,4000,3.77,6141,667079000
000590,CS홀딩스,53400,53400,0,0.0,303,16145700
012030,DB,731,738,7,0.96,162218,118920991
016610,DB금융투자,3540,3575,35,0.99,30333,108871060
005830,DB손해보험,41450,40650,-800,-1.93,326515,13279771700
000990,DB하이텍,25200,25800,600,2.38,718278,18447616850
000995,DB하이텍1우,43100,44100,1000,2.32,423,18482750
139130,DGB금융지주,5380,5260,-120,-2.23,3936150,20671454690
001530,DI동일,73000,75600,2600,3.56,3150,233325600
004840,DRB동일,4485,4555,70,1.56,9755,44273125
155660,DSR,3880,3935,55,1.42,22024,85972485
069730,DSR제강,3905,3980,75,1.92,35006,137862605
017940,E1,40700,41250,550,1.35,2082,85236200
007700,FF,95800,99600,3800,3.97,103100,10135116000
114090,GKL,17150,17400,250,1.46,259255,4505852800
078930,GS,40750,40650,-100,-0.25,200295,8166217100
006360,GS건설,26500,26850,350,1.32,321104,8609186100
001250,GS글로벌,1780,1830,50,2.81,121871,221031240
007070,GS리테일,34850,35350,500,1.43,190467,6702752500
078935,GS우,32000,32000,0,0.0,3035,97264050
012630,HDC,9240,9400,160,1.73,264677,2465809830
039570,HDC아이콘트롤스,8100,8150,50,0.62,36589,296838990
089470,HDC현대EP,3690,3700,10,0.27,37125,137556980
294870,HDC현대산업개발,16950,17150,200,1.18,830667,14200072100
082740,HSD엔진,3650,3760,110,3.01,65956,245318160
003560,IHQ,1610,1645,35,2.17,481169,789335985
175330,JB금융지주,4910,4920,10,0.2,308298,1516184415
234080,JW생명과학,17200,17050,-150,-0.87,92609,1578804550
001060,JW중외제약,24950,25000,50,0.2,51879,1295526600
001067,JW중외제약2우B,43500,43400,-100,-0.23,522,22694300
001065,JW중외제약우,27000,26700,-300,-1.11,1314,35128050
096760,JW홀딩스,5110,5120,10,0.2,210975,1080409390
105560,KB금융,38100,38950,850,2.23,1601011,62154179700
002380,KCC,167000,168000,1000,0.6,66057,11006813500
009070,KCTC,2350,2370,20,0.85,58459,137611570
009440,KC그린홀딩스,4150,4245,95,2.29,37344,155522730
119650,KC코트렐,5410,5570,160,2.96,103008,572891320
092220,KEC,885,908,23,2.6,632850,569084361
001390,KG케미칼,12750,13500,750,5.88,247413,3264934450
001940,KISCO홀딩스,10950,11100,150,1.37,15602,170403800
025000,KPX케미칼,49850,49450,-400,-0.8,3134,154803100
092230,KPX홀딩스,48000,47950,-50,-0.1,331,15848700
000040,KR모터스,650,670,20,3.08,275890,182248720
044450,KSS해운,7680,7780,100,1.3,30071,233493690
030200,KT,23500,23650,150,0.64,768675,18086914500
033780,KTG,84900,81500,-3400,-4.0,2017991,164816660800
030210,KTB투자증권,2155,2200,45,2.09,378334,824751995
058850,KTcs,1885,1920,35,1.86,58836,111918450
058860,KTis,1970,1985,15,0.76,143832,281599555
093050,LF,12600,12800,200,1.59,115446,1460874400
003550,LG,68300,68100,-200,-0.29,300070,20424592300
034220,LG디스플레이,13900,14100,200,1.44,2324958,32639727450
001120,LG상사,11250,11350,100,0.89,150622,1706822800
051900,LG생활건강,1232000,1269000,37000,3.0,54284,68797882000
051905,LG생활건강우,790000,793000,3000,0.38,2051,1638847000
003555,LG우,47450,47450,0,0.0,1834,87340050
032640,LG유플러스,12800,13150,350,2.73,2141661,27769858000
011070,LG이노텍,136000,136000,0,0.0,204531,27901822000
066570,LG전자,60200,60600,400,0.66,520867,31642157300
066575,LG전자우,23300,23300,0,0.0,76356,1781533800
108670,LG하우시스,45400,45400,0,0.0,21859,997250650
108675,LG하우시스우,21550,21750,200,0.93,1409,30353700
037560,LG헬로비전,4500,4590,90,2.0,78588,360483920
051910,LG화학,386500,392000,5500,1.42,478790,188052293500
051915,LG화학우,192500,196000,3500,1.82,28367,5580644500
079550,LIG넥스원,26450,26700,250,0.95,50264,1340617300
006260,LS,36300,36200,-100,-0.28,138025,5001588500
000680,LS네트웍스,2075,2090,15,0.72,11419,23706285
010120,LS산전,44000,44100,100,0.23,46498,2052569650
229640,LS전선아시아,7650,7730,80,1.05,42233,324803770
023150,MH에탄올,8400,8150,-250,-2.98,714176,5847000000
035420,NAVER,175000,178500,3500,2.0,450252,80148066000
181710,NHN,72300,75600,3300,4.56,96428,7240507600
005940,NH투자증권,10200,10450,250,2.45,881841,9172638450
005945,NH투자증권우,8140,8230,90,1.11,101149,827920790
338100,NH프라임리츠,5400,5600,200,3.7,83091,454452860
034310,NICE,20800,20900,100,0.48,96893,2021013750
008260,NI스틸,1820,1830,10,0.55,40892,74538615
004250,NPC,3470,3350,-120,-3.46,71701,242415430
004255,NPC우,2155,2200,45,2.09,180,394360
010060,OCI,49900,50100,200,0.4,180092,9021395600
005490,POSCO,192000,194000,2000,1.04,363057,70753805500
100840,STC,16750,16850,100,0.6,11401,191223800
064960,ST모티브,41150,41200,50,0.12,63278,2613221850
003570,ST중공업,5770,5630,-140,-2.43,69029,389592700
036530,ST홀딩스,13750,14200,450,3.27,19221,270958850
010950,S-Oil,68100,67500,-600,-0.88,326733,22102075500
010955,S-Oil우,39200,39400,200,0.51,6719,263756600
034120,SBS,22700,22700,0,0.0,64795,1466303950
101060,SBS미디어홀딩스,1895,1940,45,2.37,77046,148154215
004060,SG세계물산,758,781,23,3.03,641159,494989815
001380,SG충방,1420,1460,40,2.82,61058,88627510
002360,SH에너지화학,933,963,30,3.22,608133,579782904
009160,SIMPAC,2735,2865,130,4.75,133950,378940310
123700,SJM,3015,3125,110,3.65,7952,24174215
025530,SJM홀딩스,2870,2900,30,1.05,3530,10138290
034730,SK,191500,197000,5500,2.87,272260,53587524500
011790,SKC,52500,54400,1900,3.62,270159,14611336200
018670,SK가스,77000,77800,800,1.04,6689,514888500
001740,SK네트웍스,4510,4770,260,5.76,1857250,8660573220
001745,SK네트웍스우,73800,78500,4700,6.37,1889,147652500
006120,SK디스커버리,21800,22500,700,3.21,163173,3657728450
006125,SK디스커버리우,15600,16250,650,4.17,137737,2268693850
210980,SK디앤디,26400,27100,700,2.65,15158,409058050
068400,SK렌터카,9680,9840,160,1.65,30086,293868260
03473K,SK우,161000,166000,5000,3.11,11585,1896152000
096770,SK이노베이션,114500,115000,500,0.44,555120,64113944000
096775,SK이노베이션우,73100,73400,300,0.41,5467,400177700
001510,SK증권,541,550,9,1.66,1363988,746599575
001515,SK증권우,2530,2585,55,2.17,11488,29305750
285130,SK케미칼,61000,62100,1100,1.8,507539,32662616500
28513K,SK케미칼우,28550,30000,1450,5.08,628245,19821341650
017670,SK텔레콤,207000,219500,12500,6.04,353005,76128609000
000660,SK하이닉스,92800,94300,1500,1.62,4984561,468285374400
005610,SPC삼립,68300,68800,500,0.73,8740,597192500
011810,STX,7030,7070,40,0.57,7606,53080150
077970,STX엔진,5900,5900,0,0.0,5940,34910220
071970,STX중공업,2245,2345,100,4.45,67520,154850470
084870,TBH글로벌,1945,1960,15,0.77,21323,41390690
002710,TCC스틸,2285,2370,85,3.72,15864,36259465
024070,WISCOM,2410,2485,75,3.11,14808,36508015
037270,YGPLUS,1225,1245,20,1.63,116241,144007225
000500,가온전선,17900,18350,450,2.51,1405,25618100
000860,강남제비스코,17550,17750,200,1.14,5409,94742450
035250,강원랜드,23350,23650,300,1.28,402946,9493870750
011420,갤럭시아에스엠,1475,1555,80,5.42,73348,112696705
002100,경농,9490,9620,130,1.37,40901,391540520
009450,경동나비엔,38000,38150,150,0.39,44343,1686333200
267290,경동도시가스,17700,18100,400,2.26,5394,96492000
012320,경동인베스트,32650,32550,-100,-0.31,4910,159660200
000050,경방,9310,9430,120,1.29,16451,154387170
214390,경보제약,7570,7820,250,3.3,34056,263459550
012610,경인양행,7500,7720,220,2.93,232569,1775428610
009140,경인전자,17700,17600,-100,-0.56,196,3409750
013580,계룡건설,16700,17000,300,1.8,4889,81979900
012200,계양전기,2955,3050,95,3.21,177246,534311110
012205,계양전기우,6830,7040,210,3.07,38839,266377400
004200,고려개발,7210,7230,20,0.28,2418,17328980
002140,고려산업,2630,2700,70,2.66,225048,598851685
010130,고려아연,408500,413500,5000,1.22,39740,16563806000
002240,고려제강,16600,16550,-50,-0.3,24632,408229050
009290,광동제약,5830,5930,100,1.72,77296,457514200
017040,광명전기,1930,1960,30,1.55,157186,303649175
017900,광전자,1900,1940,40,2.11,25779,49138635
037710,광주신세계,154500,155500,1000,0.65,701,108333000
030610,교보증권,7680,7840,160,2.08,43769,340528430
007690,국도화학,39900,40500,600,1.5,3675,147449350
005320,국동,1320,1715,395,29.92,13002201,20996203720
001140,국보,1660,1805,145,8.73,2332796,4250252655
002720,국제약품,5820,5790,-30,-0.52,1394257,8115216360
083420,그린케미칼,3185,3160,-25,-0.78,18403,58229050
014530,극동유화,3285,3320,35,1.07,97263,321579185
014280,금강공업,3060,3090,30,0.98,28733,88197650
014285,금강공업우,8610,8410,-200,-2.32,11348,95845950
008870,금비,56500,56400,-100,-0.18,929,51922200
001570,금양,2685,2760,75,2.79,264220,724770345
002990,금호산업,8140,8210,70,0.86,64173,525181660
002995,금호산업우,28550,30300,1750,6.13,25667,781724300
011780,금호석유,58500,61900,3400,5.81,180579,10963957000
011785,금호석유우,26400,27650,1250,4.73,7940,216064100
214330,금호에이치티,3890,4005,115,2.96,69989,274962930
001210,금호전기,3110,3140,30,0.96,35278,110110055
073240,금호타이어,3640,3730,90,2.47,411359,1498320665
092440,기신정기,3575,3640,65,1.82,9238,33330500
000270,기아차,34900,35750,850,2.44,1614490,57815676550
024110,기업은행,9390,9450,60,0.64,1879329,17747675880
013700,까뮤이앤씨,1360,1380,20,1.47,2087708,2874053930
004540,깨끗한나라,3275,3220,-55,-1.68,728356,2368884200
004545,깨끗한나라우,19750,19900,150,0.76,15622,309040950
074610,나노메딕스,5660,5760,100,1.77,2869743,16769965910
001260,남광토건,8700,8840,140,1.61,19371,170277490
008350,남선알미늄,3890,4130,240,6.17,7935750,32436723705
008355,남선알미우,31100,32500,1400,4.5,20387,657588850
004270,남성,2670,2800,130,4.87,1652573,4638518575
003920,남양유업,382500,383500,1000,0.26,1549,594513000
003925,남양유업우,120000,121500,1500,1.25,63,7633500
002070,남영비비안,1275,1255,-20,-1.57,2798859,3545709025
025860,남해화학,7010,7090,80,1.14,112343,791517270
005720,넥센,5030,5240,210,4.17,16162,82993310
005725,넥센우,3180,3115,-65,-2.04,32242,100369975
002350,넥센타이어,6300,6270,-30,-0.48,596492,3732520440
002355,넥센타이어1우B,2490,2475,-15,-0.6,266986,649360960
003580,넥스트사이언스,7000,6950,-50,-0.71,534571,3725269180
251270,넷마블,88000,94300,6300,7.16,453992,42084874900
090350,노루페인트,6790,6890,100,1.47,66090,452540800
090355,노루페인트우,13950,13600,-350,-2.51,29117,396192950
000320,노루홀딩스,9980,10250,270,2.71,4825,48831480
000325,노루홀딩스우,17350,17450,100,0.58,922,15765750
006280,녹십자,117000,117000,0,0.0,27751,3245575000
005250,녹십자홀딩스,17950,18300,350,1.95,118793,2171463450
005257,녹십자홀딩스2우,16400,16550,150,0.91,233,3814950
004370,농심,256500,273500,17000,6.63,74157,20017943000
072710,농심홀딩스,74300,75900,1600,2.15,2943,220180900
058730,다스코,5800,5980,180,3.1,52606,310547270
023590,다우기술,16500,17000,500,3.03,64040,1083827300
019680,대교,4900,4885,-15,-0.31,195784,954927150
019685,대교우B,3050,3050,0,0.0,33305,101383165
006370,대구백화점,6090,6190,100,1.64,1757,10861750
008060,대덕전자,9420,9570,150,1.59,615175,5831739240
00806K,대덕전자1우,6090,6140,50,0.82,3177,19411310
000490,대동공업,4875,4915,40,0.82,94319,459894320
008110,대동전자,3450,3520,70,2.03,8691,30219070
005750,대림BCo,3435,3475,40,1.16,10199,35117505
000210,대림산업,72200,73600,1400,1.94,125979,9310599700
000215,대림산업우,33950,34700,750,2.21,5188,178545650
004440,대림씨엔에스,5800,5950,150,2.59,52335,304214400
006570,대림통상,3890,3975,85,2.19,1045,4091400
001680,대상,19550,19900,350,1.79,70949,1407909100
001685,대상우,12250,12400,150,1.22,607,7431400
084690,대상홀딩스,5480,5510,30,0.55,60050,329182320
084695,대상홀딩스우,5750,5740,-10,-0.17,3554,20085290
128820,대성산업,3190,3205,15,0.47,62233,197879250
117580,대성에너지,4670,4700,30,0.64,14219,66669395
016710,대성홀딩스,8290,8330,40,0.48,36971,306063870
003540,대신증권,9870,10100,230,2.33,164549,1644723090
003547,대신증권2우B,7510,7690,180,2.4,22753,173903470
003545,대신증권우,8030,8250,220,2.74,106380,871879160
009190,대양금속,3800,3335,-465,-12.24,2736416,9269255305
014160,대영포장,1100,1120,20,1.82,2555540,2846187210
047040,대우건설,4005,4035,30,0.75,1033904,4171732655
009320,대우부품,2290,2390,100,4.37,3380348,8095279735
042660,대우조선해양,21900,22350,450,2.05,126757,2828466200
003090,대웅,11350,10650,-700,-6.17,475083,5134694800
069620,대웅제약,111000,100000,-11000,-9.91,655362,65088807300
000430,대원강업,3330,3430,100,3.0,40609,138958310
006340,대원전선,987,1005,18,1.82,262267,261468529
006345,대원전선우,2630,2725,95,3.61,80357,216381310
003220,대원제약,14450,14700,250,1.73,158042,2328182700
024890,대원화성,1305,1360,55,4.21,44723,59643325
002880,대유에이텍,837,839,2,0.24,161868,134851578
000300,대유플러스,735,750,15,2.04,94559,70126716
012800,대창,1160,1210,50,4.31,1311498,1582121475
015230,대창단조,25600,25550,-50,-0.2,1839,46875600
001070,대한방직,21400,23650,2250,10.51,64456,1494487100
006650,대한유화,87300,91100,3800,4.35,39332,3540130400
001440,대한전선,571,591,20,3.5,3827901,2268467851
084010,대한제강,5040,5210,170,3.37,24991,128518890
001790,대한제당,19600,19600,0,0.0,13863,269536400
001799,대한제당3우B,20150,20150,0,0.0,973,19653600
001795,대한제당우,12400,12450,50,0.4,190,2363300
001130,대한제분,133500,136000,2500,1.87,425,57421500
003490,대한항공,22400,24000,1600,7.14,1459603,34206187250
003495,대한항공우,21250,22200,950,4.47,115505,2535274550
005880,대한해운,17150,17450,300,1.75,56313,971760900
003830,대한화섬,81200,81800,600,0.74,1216,98630300
016090,대현,2025,2095,70,3.46,157916,327942025
069460,대호에이엘,2850,2795,-55,-1.93,328040,926243125
192080,더블유게임즈,41550,42350,800,1.93,60920,2556012500
012510,더존비즈온,88200,86700,-1500,-1.7,220666,19153466600
004830,덕성,3170,3260,90,2.84,251131,812721250
004835,덕성우,8320,8450,130,1.56,696668,5932927440
024900,덕양산업,1130,1150,20,1.77,115113,131071255
145720,덴티움,42700,44200,1500,3.51,25413,1111394950
002150,도화엔지니어링,7720,7800,80,1.04,54651,426449410
001230,동국제강,4555,4625,70,1.54,196626,907625740
023450,동남합성,27100,27700,600,2.21,360,9894700
004140,동방,2085,2070,-15,-0.72,5387266,11299418880
007590,동방아그로,6470,6370,-100,-1.55,15952,101640510
005960,동부건설,8380,8380,0,0.0,47660,399200220
005965,동부건설우,21000,20950,-50,-0.24,1136,23442050
016380,동부제철,7050,7160,110,1.56,8654,60444220
016385,동부제철우,69100,68000,-1100,-1.59,172,11661900
083370,동북아12호,5040,5030,-10,-0.2,202,1016020
083380,동북아13호,5010,5010,0,0.0,92,460890
026960,동서,15650,15800,150,0.96,73565,1161741000
002210,동성제약,12700,13000,300,2.36,158332,2049792400
102260,동성코퍼레이션,4210,4230,20,0.48,32454,136790610
005190,동성화학,15800,16000,200,1.27,16031,252471750
000640,동아쏘시오홀딩스,85700,85700,0,0.0,9412,803830000
170900,동아에스티,90500,91100,600,0.66,14307,1304598500
028100,동아지질,14800,15050,250,1.69,78192,1174374800
282690,동아타이어,10300,10500,200,1.94,4758,49784250
001520,동양,1390,1460,70,5.04,97691788,154418269435
001527,동양2우B,10900,13450,2550,23.39,124781,1661071800
001529,동양3우B,26350,27100,750,2.85,16674,475942800
084670,동양고속,26600,26600,0,0.0,1768,46583950
030790,동양네트웍스,5310,5500,190,3.58,866516,4870303520
002900,동양물산,992,1010,18,1.81,1150635,1158697451
082640,동양생명,3325,3265,-60,-1.8,119257,390003025
001525,동양우,6160,6370,210,3.41,227835,1523899180
008970,동양철관,935,941,6,0.64,328804,308306090
092780,동양피스톤,4325,4440,115,2.66,33263,145446150
049770,동원FB,203000,207000,4000,1.97,4120,848824000
018500,동원금속,863,870,7,0.81,55229,47777785
006040,동원산업,193500,195000,1500,0.78,1412,271248000
030720,동원수산,9600,9670,70,0.73,42295,405746760
014820,동원시스템즈,22350,22250,-100,-0.45,19137,425191950
014825,동원시스템즈우,29000,29650,650,2.24,87,2579900
163560,동일고무벨트,5170,5350,180,3.48,16197,85390510
004890,동일산업,51500,52200,700,1.36,1256,65112900
002690,동일제강,2305,2380,75,3.25,53893,127556730
000020,동화약품,6970,7030,60,0.86,105803,743814650
000150,두산,57300,59500,2200,3.84,56967,3381453100
000157,두산2우B,55900,56200,300,0.54,139,7794300
011160,두산건설,1240,1240,0,0.0,191249,234557610
241560,두산밥캣,28100,28600,500,1.78,114917,3272321500
336370,두산솔루스,26700,28500,1800,6.74,678230,18968689000
33637K,두산솔루스1우,10450,10950,500,4.78,116902,1246002400
33637L,두산솔루스2우B,21700,22550,850,3.92,18131,402000050
000155,두산우,55000,56000,1000,1.82,4555,254949500
042670,두산인프라코어,4240,4260,20,0.47,870645,3722877870
034020,두산중공업,4990,4990,0,0.0,776606,3876781990
336260,두산퓨얼셀,7280,7680,400,5.49,820640,6184558720
33626K,두산퓨얼셀1우,3725,3840,115,3.09,42710,162670420
33626L,두산퓨얼셀2우B,8090,8360,270,3.34,7670,63477730
016740,두올,2940,3010,70,2.38,70319,209581930
192650,드림텍,5830,5940,110,1.89,205492,1215440630
024090,디씨엠,11000,11400,400,3.64,3959,44173400
003160,디아이,2810,2920,110,3.91,106346,305227210
092200,디아이씨,1640,1695,55,3.35,127261,212559110
013570,디와이,4635,4635,0,0.0,87572,405459635
210540,디와이파워,8110,8240,130,1.6,22294,181994640
007340,디티알오토모티브,27900,28700,800,2.87,44957,1267341150
026890,디피씨,7700,7770,70,0.91,13570936,106833004450
115390,락앤락,12450,12400,-50,-0.4,76906,956806650
032350,롯데관광개발,10850,11100,250,2.3,247044,2713455600
330590,롯데리츠,5220,5360,140,2.68,772383,4079669380
000400,롯데손해보험,1625,1670,45,2.77,334492,553794715
023530,롯데쇼핑,97100,97600,500,0.51,131001,12857702700
004000,롯데정밀화학,33850,34100,250,0.74,63367,2164468500
286940,롯데정보통신,31850,32450,600,1.88,38427,1232203950
280360,롯데제과,136500,141500,5000,3.66,4117,575084000
004990,롯데지주,29600,29850,250,0.84,168848,5089468100
00499K,롯데지주우,51900,53700,1800,3.47,25669,1403313700
005300,롯데칠성,112500,111500,-1000,-0.89,22514,2510739500
005305,롯데칠성우,57200,57000,-200,-0.35,418,23490400
011170,롯데케미칼,188000,183500,-4500,-2.39,314717,57700786000
002270,롯데푸드,333500,334000,500,0.15,1777,594324000
071840,롯데하이마트,21050,21200,150,0.71,45203,954968300
027740,마니커,784,796,12,1.53,2269877,1791911707
204320,만도,29650,30100,450,1.52,272987,8145416050
001080,만호제강,14050,14100,50,0.36,2049,28598000
088980,맥쿼리인프라,11200,11400,200,1.79,546809,6185579100
094800,맵스리얼티1,4625,4715,90,1.95,80250,373713570
138040,메리츠금융지주,10000,10150,150,1.5,173674,1749189650
008560,메리츠종금증권,3475,3555,80,2.3,2475991,8786193255
000060,메리츠화재,14650,14800,150,1.02,102446,1502983950
090370,메타랩스,1010,1015,5,0.5,368505,371459519
017180,명문제약,4360,4460,100,2.29,278020,1237115790
012690,모나리자,5950,5970,20,0.34,3638455,21894473990
005360,모나미,2980,3050,70,2.35,441930,1339607855
204210,모두투어리츠,2845,2840,-5,-0.18,1890,5372085
009680,모토닉,8200,8230,30,0.37,55339,450105240
009580,무림PP,3580,3650,70,1.96,93227,339379025
009200,무림페이퍼,2370,2395,25,1.05,167297,397180305
033920,무학,6330,6370,40,0.63,16880,107666870
008420,문배철강,2210,2235,25,1.13,53908,119742450
025560,미래산업,112,118,6,5.36,24349918,2837820639
007120,미래아이앤지,328,391,63,19.21,28708564,10958825469
006800,미래에셋대우,6370,6550,180,2.83,1840563,12000559770
00680K,미래에셋대우2우B,3710,3760,50,1.35,165314,618271415
006805,미래에셋대우우,4000,4090,90,2.25,33373,136450160
085620,미래에셋생명,3995,4010,15,0.38,141650,564700985
002840,미원상사,56000,56200,200,0.36,3510,196892900
268280,미원에스씨,70300,71100,800,1.14,1924,135498100
107590,미원홀딩스,40650,40900,250,0.62,1773,71677600
134380,미원화학,45000,45000,0,0.0,113,5049900
003650,미창석유,71400,71700,300,0.42,82,5871700
155900,바다로19호,2785,2775,-10,-0.36,1461,4054350
003610,방림,1990,1980,-10,-0.5,48724,96222675
001340,백광산업,2935,2910,-25,-0.85,9766016,29691613910
014580,백광소재,3595,3720,125,3.48,712526,2643979880
035150,백산,6840,6900,60,0.88,147870,1018714530
002410,범양건영,2870,2990,120,4.18,445867,1316546625
096300,베트남개발1,318,317,-1,-0.31,30507,9656813
007210,벽산,1580,1600,20,1.27,188484,300557355
002760,보락,1860,1900,40,2.15,366008,695289990
003850,보령제약,12250,12400,150,1.22,196078,2415180000
000890,보해양조,949,968,19,2.0,1585245,1516731399
003000,부광약품,13200,13250,50,0.38,143204,1892875200
001270,부국증권,19100,19250,150,0.79,1816,34491750
001275,부국증권우,17950,17900,-50,-0.28,248,4430450
026940,부국철강,4000,4170,170,4.25,166344,681263140
015350,부산가스,33400,33200,-200,-0.6,9797,321954150
011390,부산산업,117500,121000,3500,2.98,5979,718036500
005030,부산주공,392,396,4,1.02,209687,82544474
100220,비상교육,8510,8130,-380,-4.47,557885,4582105580
101140,비티원,2660,2675,15,0.56,72255,192415085
005180,빙그레,53200,53000,-200,-0.38,20715,1099846500
003960,사조대림,14150,14200,50,0.35,20205,287274200
008040,사조동아원,952,953,1,0.11,742273,704161299
007160,사조산업,29100,29250,150,0.52,14017,408651650
014710,사조씨푸드,4230,4250,20,0.47,132353,557031170
006090,사조오양,9070,8930,-140,-1.54,161261,1452719510
005090,삼광글라스,28650,29150,500,1.75,3019,86617350
001470,삼부토건,702,708,6,0.85,999083,711181438
006400,삼성SDI,308000,315000,7000,2.27,491231,154203045000
006405,삼성SDI우,153500,160500,7000,4.56,45145,7163700000
006660,삼성공조,7010,7060,50,0.71,999,7012520
028260,삼성물산,106500,109000,2500,2.35,353320,38477278500
02826K,삼성물산우B,80700,82300,1600,1.98,10029,818210800
207940,삼성바이오로직스,479500,489000,9500,1.98,140079,68236694000
032830,삼성생명,56300,56600,300,0.53,518769,29186496800
018260,삼성에스디에스,169500,179500,10000,5.9,217843,38630493000
028050,삼성엔지니어링,14200,14300,100,0.7,721174,10325624250
009150,삼성전기,131000,133000,2000,1.53,873616,115108764500
009155,삼성전기우,57600,58600,1000,1.74,55801,3259597300
005930,삼성전자,55400,57400,2000,3.61,24765728,1405494544044
005935,삼성전자우,46600,48200,1600,3.43,3658066,174959911176
001360,삼성제약,3700,3770,70,1.89,718645,2690502735
010140,삼성중공업,5900,6000,100,1.69,2870397,17181322640
010145,삼성중공우,57200,58400,1200,2.1,1004,57876700
016360,삼성증권,33200,34300,1100,3.31,396290,13526102200
068290,삼성출판사,20000,20700,700,3.5,150880,3079029900
029780,삼성카드,34050,33900,-150,-0.44,126245,4292768750
000810,삼성화재,196500,192000,-4500,-2.29,154977,29774604000
000815,삼성화재우,136000,135000,-1000,-0.74,16162,2168003500
006110,삼아알미늄,4150,4195,45,1.08,9680,40308905
145990,삼양사,38300,38200,-100,-0.26,13367,510779750
145995,삼양사우,27500,27850,350,1.27,500,13920600
003230,삼양식품,89500,92000,2500,2.79,41911,3844415000
002170,삼양통상,56000,56400,400,0.71,5578,311632500
272550,삼양패키징,15700,15650,-50,-0.32,11912,186102500
000070,삼양홀딩스,49150,49200,50,0.1,9953,488519100
000075,삼양홀딩스우,37350,37450,100,0.27,245,9120000
002810,삼영무역,15300,15350,50,0.33,3588,54759350
005680,삼영전자,7810,7910,100,1.28,19331,152323520
003720,삼영화학,1070,1110,40,3.74,129667,142029490
023000,삼원강재,2820,2840,20,0.71,14754,41488310
004380,삼익THK,12500,12700,200,1.6,13799,174439500
002450,삼익악기,1555,1595,40,2.57,493096,780764970
000520,삼일제약,17800,18200,400,2.25,32746,591514850
009770,삼정펄프,29450,30250,800,2.72,205,6286000
005500,삼진제약,23050,23550,500,2.17,28400,663112150
004690,삼천리,78200,79200,1000,1.28,7859,617458100
001880,삼호,16300,16650,350,2.15,3567,58407200
010960,삼호개발,4205,4380,175,4.16,186566,805388570
004450,삼화왕관,40000,40650,650,1.63,287,11487150
009470,삼화전기,15900,16500,600,3.77,42999,697991050
011230,삼화전자,2780,2815,35,1.26,54281,153061875
001820,삼화콘덴서,61500,62600,1100,1.79,147774,9225942700
000390,삼화페인트,4760,4870,110,2.31,18869,90104155
001290,상상인증권,1140,1170,30,2.63,58960,67996080
041650,상신브레이크,3185,3190,5,0.16,11033,35128175
075180,새론오토모티브,4100,4110,10,0.24,6433,26219720
007540,샘표,34950,35550,600,1.72,5372,190557050
248170,샘표식품,29150,29200,50,0.17,11837,344530300
007860,서연,3875,4100,225,5.81,752689,3023325005
200880,서연이화,4100,4140,40,0.98,72222,297899385
017390,서울가스,70100,70600,500,0.71,83,5810800
004410,서울식품,191,186,-5,-2.62,42105125,7819336758
004415,서울식품우,4555,4390,-165,-3.62,957343,4223309365
021050,서원,2530,2670,140,5.53,5126771,13721211920
008490,서흥,38900,38900,0,0.0,35085,1353508600
007610,선도전기,2560,2600,40,1.56,46644,120864130
136490,선진,8380,8410,30,0.36,21648,179877980
002820,선창산업,3670,3555,-115,-3.13,84570,297776960
014910,성문전자,1965,2015,50,2.54,75495,150417175
014915,성문전자우,12850,12900,50,0.39,18550,241649550
003080,성보화학,3750,3810,60,1.6,1559,5894305
004980,성신양회,5900,6110,210,3.56,100364,608073030
004985,성신양회우,8650,8710,60,0.69,14397,125957330
011300,성안,523,526,3,0.57,179043,93242892
000180,성창기업지주,1360,1380,20,1.47,43137,59465945
002420,세기상사,55600,55700,100,0.18,170,9438100
004360,세방,9020,9250,230,2.55,27372,249551020
004365,세방우,5820,5690,-130,-2.23,377,2138440
004490,세방전지,32400,33200,800,2.47,19146,630163200
001430,세아베스틸,11000,10900,-100,-0.91,43978,482174300
306200,세아제강,48650,48050,-600,-1.23,5668,274592050
003030,세아제강지주,33250,33250,0,0.0,13081,433793100
019440,세아특수강,12100,12050,-50,-0.41,4457,53620100
058650,세아홀딩스,66300,67000,700,1.06,72,4782000
013000,세우글로벌,1765,1845,80,4.53,338276,617213510
091090,세원셀론텍,2365,2415,50,2.11,107712,257846325
021820,세원정공,8090,8090,0,0.0,0,0
067830,세이브존IC,2500,2530,30,1.2,50559,127349200
033530,세종공업,4120,4185,65,1.58,70720,295599430
075580,세진중공업,3380,3490,110,3.25,55800,192358350
027970,세하,1855,1870,15,0.81,81333,151286760
145210,세화아이엠씨,2990,2990,0,0.0,0,0
308170,센트랄모텍,33850,34900,1050,3.1,388049,13292650150
068270,셀트리온,172500,174500,2000,1.16,427029,74183510500
004430,송원산업,11450,11750,300,2.62,40674,472686500
017550,수산중공업,1685,1710,25,1.48,329366,561966635
002200,수출포장,19000,19600,600,3.16,5154,99818300
053210,스카이라이프,7350,7440,90,1.22,49955,368618070
134790,시디즈,38800,38950,150,0.39,624,24341000
016590,신대양제지,54400,55400,1000,1.84,18821,1038214400
029530,신도리코,31450,31600,150,0.48,5202,162938200
004970,신라교역,9950,9960,10,0.1,36318,361012580
011930,신성이엔지,881,909,28,3.18,397357,357875677
005390,신성통상,1230,1275,45,3.66,917114,1154276425
004170,신세계,241500,253000,11500,4.76,93059,23419369500
035510,신세계IC,96000,99700,3700,3.85,6091,597004000
034300,신세계건설,21900,22500,600,2.74,10188,220759300
031430,신세계인터내셔날,181500,190500,9000,4.96,62982,11909971500
031440,신세계푸드,57300,57000,-300,-0.52,16876,960820900
006880,신송홀딩스,3480,3480,0,0.0,132969,465132295
005800,신영와코루,90300,90200,-100,-0.11,84,7557900
001720,신영증권,50400,50900,500,0.99,3547,179466800
001725,신영증권우,50400,50500,100,0.2,1342,67676350
009270,신원,1565,1600,35,2.24,701289,1105878365
009275,신원우,39200,39200,0,0.0,401,15549500
002700,신일산업,1690,1780,90,5.33,2283458,3969772855
019170,신풍제약,8670,8030,-640,-7.38,13231425,111129445460
019175,신풍제약우,14650,13850,-800,-5.46,1652077,25370894650
002870,신풍제지,1285,1290,5,0.39,83257,107141530
005450,신한,4945,4945,0,0.0,0,0
293940,신한알파리츠,7000,7200,200,2.86,324237,2311194700
055550,신한지주,32050,33150,1100,3.43,2272463,74628560850
001770,신화실업,20900,20900,0,0.0,0,0
004080,신흥,9100,9150,50,0.55,3375,30735030
102280,쌍방울,991,980,-11,-1.11,2113174,2077375941
003410,쌍용양회,4950,4945,-5,-0.1,474317,2346137235
003415,쌍용양회우,8760,8800,40,0.46,1461,12816660
003620,쌍용차,1890,1870,-20,-1.06,238294,444206300
004770,써니전자,4150,4250,100,2.41,4585052,19477554600
015540,쎌마테라퓨틱스,3965,4030,65,1.64,168714,662190395
004920,씨아이테크,295,295,0,0.0,0,0
112610,씨에스윈드,37100,37900,800,2.16,66632,2509778550
008700,아남전자,1810,1860,50,2.76,372428,687174225
002790,아모레G,61600,63000,1400,2.27,104606,6589305900
00279K,아모레G3우전환,42650,43450,800,1.88,4924,212572800
002795,아모레G우,24950,25550,600,2.4,11358,287690700
090430,아모레퍼시픽,164000,167000,3000,1.83,251076,42162055500
090435,아모레퍼시픽우,70600,71700,1100,1.56,37176,2669478800
002030,아세아,93700,94500,800,0.85,855,79483600
183190,아세아시멘트,63400,65200,1800,2.84,5072,327131300
002310,아세아제지,30650,30700,50,0.16,39387,1199217250
267850,아시아나IDT,16600,16200,-400,-2.41,326392,5258342350
020560,아시아나항공,4125,4140,15,0.36,1248498,5150776680
122900,아이마켓코리아,9050,9140,90,0.99,38980,357262140
010780,아이에스동서,26850,27250,400,1.49,38443,1046102850
033660,아주캐피탈,11700,11500,-200,-1.71,36036,415703300
001780,알루코,2200,2240,40,1.82,162854,362238755
018250,애경산업,27550,27600,50,0.18,50551,1394498400
161000,애경유화,7140,7180,40,0.56,62916,454243100
011090,에넥스,1035,1055,20,1.93,270233,281781490
005850,에스엘,14750,14950,200,1.36,97967,1462024850
012750,에스원,83700,85700,2000,2.39,67706,5756585300
023960,에쓰씨엔지니어링,1110,1130,20,1.8,29498,33169295
298690,에어부산,4300,4365,65,1.51,524755,2251598355
140910,에이리츠,5960,6000,40,0.67,26712,158417510
078520,에이블씨엔씨,10300,10650,350,3.4,96894,1022876050
015260,에이엔피,299,306,7,2.34,120681,36667178
007460,에이프로젠KIC,2470,2540,70,2.83,3141314,7937092695
003060,에이프로젠제약,1600,1575,-25,-1.56,8744604,13808431810
036570,엔씨소프트,679000,720000,41000,6.04,156369,111472584000
138250,엔에스쇼핑,7550,7590,40,0.53,44492,335615160
085310,엔케이,923,926,3,0.33,190551,176555769
009810,엔케이물산,787,796,9,1.14,828747,662253358
900140,엘브이엠씨홀딩스,4620,4600,-20,-0.43,138588,636518005
014440,영보화학,3060,3075,15,0.49,12543,38338425
111770,영원무역,32300,31500,-800,-2.48,188987,5973952850
009970,영원무역홀딩스,41900,42400,500,1.19,6920,291233750
003520,영진약품,5120,5190,70,1.37,451163,2330677710
000670,영풍,569000,569000,0,0.0,1437,819960000
006740,영풍제지,3290,3320,30,0.91,24341,81015440
012280,영화금속,1355,1410,55,4.06,231217,320170810
012160,영흥철강,996,1010,14,1.41,69374,69886609
015360,예스코홀딩스,33400,33900,500,1.5,1589,53041350
007310,오뚜기,490500,516000,25500,5.2,13686,6976197000
002630,오리엔트바이오,575,595,20,3.48,979708,577526267
271560,오리온,94100,97100,3000,3.19,118575,11446315491
001800,오리온홀딩스,14350,14400,50,0.35,47297,683830700
070960,용평리조트,4660,4745,85,1.82,135558,639686720
316140,우리금융지주,9470,9630,160,1.69,2467520,23586208250
004720,우리들제약,5880,6700,820,13.95,987090,6469145180
118000,우리들휴브레인,3135,3225,90,2.87,1014225,3228840065
010050,우리종금,575,586,11,1.91,695021,406108962
006980,우성사료,2905,3010,105,3.61,293747,873272300
017370,우신시스템,4335,4445,110,2.54,2773,12088555
105840,우진,3425,3495,70,2.04,27244,94246090
010400,우진아이엔에스,7610,7750,140,1.84,19571,151694240
049800,우진플라임,3835,3865,30,0.78,7994,30686200
016880,웅진,1115,1120,5,0.45,165235,184552780
095720,웅진씽크빅,2435,2475,40,1.64,251075,616797785
103130,웅진에너지,914,914,0,0.0,0,0
005820,원림,17850,17600,-250,-1.4,612,10750350
010600,웰바이오텍,2055,2165,110,5.35,818722,1778585315
008600,윌비스,1315,1365,50,3.8,1467611,1987777240
033270,유나이티드제약,17500,17250,-250,-1.43,775715,13631227900
014830,유니드,38600,38300,-300,-0.78,34167,1311817900
000910,유니온,3060,3135,75,2.45,68388,213345535
047400,유니온머티리얼,2155,2180,25,1.16,356701,768426825
011330,유니켐,1645,1650,5,0.3,477486,786077800
077500,유니퀘스트,5920,6110,190,3.21,98825,598849160
002920,유성기업,2370,2485,115,4.85,133105,333119535
000700,유수홀딩스,5990,5980,-10,-0.17,9748,58200630
003470,유안타증권,2420,2470,50,2.07,201724,496715550
003475,유안타증권우,2010,2030,20,1.0,6640,13421675
011690,유양디앤유,2105,2225,120,5.7,5719339,12522561350
072130,유엔젤,4250,4310,60,1.41,83917,359083960
000220,유유제약,10600,10850,250,2.36,63756,688221450
000225,유유제약1우,7470,7590,120,1.61,3684,27713350
000227,유유제약2우B,18100,18750,650,3.59,176,3207550
001200,유진투자증권,1995,2040,45,2.26,192297,388969185
000100,유한양행,226500,227500,1000,0.44,69194,15896937500
000105,유한양행우,206500,208000,1500,0.73,345,72440000
003460,유화증권,11100,11150,50,0.45,484,5357200
003465,유화증권우,11850,11850,0,0.0,144,1679400
008730,율촌화학,12350,12400,50,0.4,34143,423167350
008250,이건산업,5430,5550,120,2.21,25531,140693680
025820,이구산업,1470,1510,40,2.72,123319,182793000
214320,이노션,65200,65000,-200,-0.31,47241,3087026200
088260,이리츠코크렙,5480,5680,200,3.65,84604,476644130
139480,이마트,111500,113000,1500,1.35,281719,32139612500
007660,이수페타시스,3400,3515,115,3.38,114102,396287115
005950,이수화학,8230,8250,20,0.24,115627,951505360
015020,이스타코,730,718,-12,-1.64,137867,97957515
093230,이아이디,207,209,2,0.97,2831335,587308600
102460,이연제약,13050,13250,200,1.53,25337,333220850
084680,이월드,4280,4475,195,4.56,506898,2244635425
000760,이화산업,14050,13850,-200,-1.42,836,11591750
014990,인디에프,1725,1760,35,2.03,373417,649428415
006490,인스코비,2820,2890,70,2.48,379200,1090552860
023800,인지컨트롤스,4405,4545,140,3.18,53368,239672555
034590,인천도시가스,26100,26100,0,0.0,298,7833000
129260,인터지스,1830,1845,15,0.82,18520,33597365
023810,인팩,3665,3660,-5,-0.14,5855,21339545
249420,일동제약,13850,14150,300,2.17,49112,686518650
000230,일동홀딩스,9250,9350,100,1.08,3875,36162650
013360,일성건설,1060,1070,10,0.94,165451,175492450
003120,일성신약,91200,90400,-800,-0.88,49485,4589682600
003200,일신방직,62100,61400,-700,-1.13,3169,194554600
007110,일신석재,2070,2120,50,2.42,694218,1464859345
007570,일양약품,21400,21450,50,0.23,75158,1615446950
007575,일양약품우,17500,17500,0,0.0,285,5002150
008500,일정실업,15100,15000,-100,-0.66,242,3597750
081000,일진다이아,24450,25200,750,3.07,129825,3215651100
020760,일진디스플,4165,4390,225,5.4,237894,1027859050
020150,일진머티리얼즈,48000,48700,700,1.46,441229,21437897500
103590,일진전기,2700,2775,75,2.78,24466,67263270
015860,일진홀딩스,4020,4065,45,1.12,77444,314880745
226320,잇츠한불,15300,15750,450,2.94,11697,182556700
317400,자이에스앤디,5690,5620,-70,-1.23,91780,514930960
033240,자화전자,8940,9110,170,1.9,61953,563374220
000950,전방,13000,13200,200,1.54,1496,19535750
194370,제이에스코퍼레이션,10250,10100,-150,-1.46,34956,350263950
025620,제이준코스메틱,3280,3380,100,3.05,169297,567460515
036420,제이콘텐트리,35550,35550,0,0.0,96018,3414317850
030000,제일기획,19350,19850,500,2.58,415686,8282100600
271980,제일약품,28350,28800,450,1.59,26340,757930450
001560,제일연마,5900,6020,120,2.03,6232,37464170
002620,제일파마홀딩스,14050,14300,250,1.78,3395,48094550
006220,제주은행,3435,3430,-5,-0.15,5739,19622600
089590,제주항공,21350,21700,350,1.64,181593,3892018500
004910,조광페인트,4895,4900,5,0.1,10315,50118810
004700,조광피혁,39100,39100,0,0.0,4651,180654600
001550,조비,13100,13350,250,1.91,9113,121176650
000480,조선내화,78800,78100,-700,-0.89,15655,1248417900
120030,조선선재,79100,79800,700,0.88,647,51632100
018470,조일알미늄,652,652,0,0.0,31188,20277225
002600,조흥,129000,131000,2000,1.55,134,17476000
185750,종근당,89500,88700,-800,-0.89,25216,2249694400
063160,종근당바이오,31450,32600,1150,3.66,81112,2613041750
001630,종근당홀딩스,107500,106500,-1000,-0.93,65518,7006707000
044380,주연테크,715,735,20,2.8,2229691,1634546890
013890,지누스,80200,79200,-1000,-1.25,205143,16208393300
013870,지엠비코리아,4890,5050,160,3.27,64898,324376360
071320,지역난방공사,38450,38150,-300,-0.78,6755,257653700
010580,지코,348,367,19,5.46,1379177,493206354
035000,지투알,5510,5580,70,1.27,10735,59361950
088790,진도,2975,2935,-40,-1.34,13828,40642540
003780,진양산업,3755,3870,115,3.06,303515,1169167840
010640,진양폴리,3600,3650,50,1.39,475968,1792760795
100250,진양홀딩스,2390,2410,20,0.84,14845,35607465
051630,진양화학,4475,4715,240,5.36,385389,1794423055
272450,진에어,12250,12850,600,4.9,352246,4480845250
011000,진원생명과학,4800,5420,620,12.92,39437201,216945601620
002780,진흥기업,2000,2050,50,2.5,105658,214543725
002787,진흥기업2우B,14800,14850,50,0.34,3522,52640200
002785,진흥기업우B,5320,5350,30,0.56,15209,81578200
009310,참엔지니어링,1300,1335,35,2.69,248236,326032945
000650,천일고속,61800,61900,100,0.16,327,20131600
012600,청호컴넷,1950,2020,70,3.59,82772,163414810
033250,체시스,2355,2495,140,5.94,786100,1945675545
035720,카카오,175000,179500,4500,2.57,709188,126881236500
006380,카프로,3000,3005,5,0.17,158917,477544860
109070,컨버즈,1100,1100,0,0.0,0,0
001620,케이비아이동국실업,625,627,2,0.32,99790,62426279
029460,케이씨,14100,14600,500,3.55,57635,831231550
344820,케이씨씨글라스,26850,26350,-500,-1.86,176523,4682901750
281820,케이씨텍,19000,19800,800,4.21,96386,1891579500
145270,케이탑리츠,863,872,9,1.04,180269,156433462
007815,코리아써우,3810,3840,30,0.79,1354,5181385
007810,코리아써키트,11000,11350,350,3.18,365341,4090257650
00781K,코리아써키트2우B,5540,5340,-200,-3.61,1617,8641820
152330,코리아오토글라스,13300,13450,150,1.13,50870,680800550
003690,코리안리,8440,8610,170,2.01,375724,3195288250
192820,코스맥스,80000,84000,4000,5.0,195007,16257210400
044820,코스맥스비티아이,11850,12350,500,4.22,22846,280081200
005070,코스모신소재,9400,9840,440,4.68,337894,3277655320
005420,코스모화학,8210,8650,440,5.36,569664,4808889480
071950,코아스,1145,1155,10,0.87,117743,134570650
002020,코오롱,14050,14300,250,1.78,12219,173169150
003070,코오롱글로벌,8050,8190,140,1.74,9710,79137020
003075,코오롱글로벌우,16850,17400,550,3.26,888,15348600
144620,코오롱머티리얼,1510,1560,50,3.31,119331,182502320
002025,코오롱우,8920,8940,20,0.22,2265,20184430
120110,코오롱인더,33100,33500,400,1.21,126914,4253327350
120115,코오롱인더우,18600,18700,100,0.54,1428,26445550
138490,코오롱플라스틱,3620,3685,65,1.8,41698,152171055
021240,코웨이,67800,69800,2000,2.95,259513,17882283300
031820,콤텍시스템,1305,1380,75,5.75,811482,1095729205
192400,쿠쿠홀딩스,93000,94300,1300,1.4,8103,756194100
284740,쿠쿠홈시스,41750,40450,-1300,-3.11,84551,3431032900
015590,큐로,985,1045,60,6.09,2133982,2188046381
264900,크라운제과,7740,7890,150,1.94,12848,100333220
26490K,크라운제과우,7370,7410,40,0.54,6101,44924610
005740,크라운해태홀딩스,8890,9000,110,1.24,33136,296843980
005745,크라운해태홀딩스우,12250,12300,50,0.41,3389,41432100
020120,키다리스튜디오,4795,5300,505,10.53,944422,4852040890
039490,키움증권,65400,67700,2300,3.52,86126,5793962300
012170,키위미디어그룹,150,150,0,0.0,0,0
015890,태경산업,5080,5110,30,0.59,23225,117830390
006890,태경화학,4860,4950,90,1.85,43530,212525400
003240,태광산업,804000,804000,0,0.0,618,500595000
011280,태림포장,4150,4080,-70,-1.69,779397,3191916965
004100,태양금속,1250,1305,55,4.4,460456,592034285
004105,태양금속우,3190,3245,55,1.72,109971,358568635
009410,태영건설,12900,13200,300,2.33,137839,1803739950
009415,태영건설우,7230,7330,100,1.38,13398,97716380
001420,태원물산,3890,3920,30,0.77,12895,50232970
007980,태평양물산,2210,2250,40,1.81,183821,406368900
055490,테이팩스,18650,19350,700,3.75,10679,203495600
078000,텔코웨어,11200,11600,400,3.57,7203,82461200
214420,토니모리,10550,10950,400,3.79,48304,526077100
019180,티에이치엔,3345,3395,50,1.49,113388,379445560
091810,티웨이항공,3925,3945,20,0.51,245734,959279870
004870,티웨이홀딩스,1205,1250,45,3.73,167729,207248115
005690,파미셀,8270,8340,70,0.85,684383,5664348200
036580,팜스코,3820,3820,0,0.0,136502,520024860
028670,팬오션,3765,3875,110,2.92,1474361,5697250600
010820,퍼스텍,1905,1940,35,1.84,166837,321916895
016800,퍼시스,28400,28350,-50,-0.18,743,20914000
001020,페이퍼코리아,434,434,0,0.0,0,0
090080,평화산업,1215,1235,20,1.65,308225,375952425
010770,평화홀딩스,3300,3325,25,0.76,27617,91386760
058430,포스코강판,13250,13350,100,0.75,8006,107354000
047050,포스코인터내셔널,14950,15050,100,0.67,240746,3623883050
003670,포스코케미칼,57400,59200,1800,3.14,409625,24106213500
007630,폴루스바이오팜,1225,1225,0,0.0,0,0
017810,풀무원,10850,10900,50,0.46,45238,496565300
103140,풍산,20750,21050,300,1.45,72752,1520528200
005810,풍산홀딩스,31450,32000,550,1.75,5895,185196900
033180,필룩스,5730,5910,180,3.14,2003608,11704061360
086790,하나금융지주,30100,30650,550,1.83,1350588,41195644600
099340,하나니켈1호,422,548,126,29.86,2668818,1462307101
099350,하나니켈2호,1835,2385,550,29.97,6222852,13601758605
293480,하나제약,21300,21500,200,0.94,56099,1205230650
039130,하나투어,43250,45050,1800,4.16,121131,5367578250
172580,하이골드12호,2415,2395,-20,-0.83,26910,64631645
153360,하이골드3호,1560,1530,-30,-1.92,5413,8352140
159650,하이골드8호,2125,2100,-25,-1.18,23830,50111410
071090,하이스틸,16900,16950,50,0.3,4947,83151650
019490,하이트론,2515,2595,80,3.18,15507,39735990
000080,하이트진로,26800,28750,1950,7.28,905779,25515158050
000087,하이트진로2우B,15400,15700,300,1.95,9917,155113250
000140,하이트진로홀딩스,11750,12050,300,2.55,40939,482628600
000145,하이트진로홀딩스우,13900,14000,100,0.72,2604,36145050
152550,한국ANKOR유전,1785,1765,-20,-1.12,14371,25056735
036460,한국가스공사,27150,27200,50,0.18,418439,11328639650
005430,한국공항,35850,36850,1000,2.79,8144,295676550
071050,한국금융지주,63400,64100,700,1.1,179021,11471558700
071055,한국금융지주우,36450,37650,1200,3.29,10171,376955450
010040,한국내화,3300,3375,75,2.27,71299,237779660
025540,한국단자,31850,32550,700,2.2,29887,974463850
004090,한국석유,99000,98600,-400,-0.4,3965,391236600
002960,한국쉘석유,273500,266500,-7000,-2.56,2257,602846000
123890,한국자산신탁,2455,2490,35,1.43,219873,545026065
015760,한국전력,21200,21650,450,2.12,3023214,64608392400
006200,한국전자홀딩스,668,671,3,0.45,12052,8118747
002300,한국제지,15650,16100,450,2.88,13670,220280200
009540,한국조선해양,103500,106000,2500,2.42,309198,32593617500
023350,한국종합기술,4020,3995,-25,-0.62,55962,221367015
025890,한국주강,1310,1320,10,0.76,9643,12632210
000970,한국주철관,9570,9650,80,0.84,36124,346877120
104700,한국철강,3920,4010,90,2.3,105631,419056335
017960,한국카본,8140,8300,160,1.97,316869,2610065560
161890,한국콜마,41750,42500,750,1.8,156012,6603802600
024720,한국콜마홀딩스,21900,22350,450,2.05,50770,1126884800
161390,한국타이어앤테크놀로지,25200,25450,250,0.99,355125,9038787704
000240,한국테크놀로지그룹,12650,12300,-350,-2.77,169328,2099815700
034830,한국토지신탁,1945,1955,10,0.51,493963,959225330
007280,한국특수형강,1295,1305,10,0.77,23142,30022255
168490,한국패러랠,2195,2195,0,0.0,65364,142964975
010100,한국프랜지,1780,1820,40,2.25,137008,247100680
047810,한국항공우주,25550,25750,200,0.78,355935,9194021650
123690,한국화장품,12500,13100,600,4.8,308499,3958226200
003350,한국화장품제조,28350,29300,950,3.35,22304,648456400
011500,한농화성,4680,4720,40,0.85,208970,1003221975
002390,한독,23100,23050,-50,-0.22,74038,1692825300
014790,한라,2545,2620,75,2.95,51273,132857240
060980,한라홀딩스,34900,34750,-150,-0.43,22513,781402100
053690,한미글로벌,8140,8220,80,0.98,35103,287375120
042700,한미반도체,9070,9250,180,1.98,249133,2305318910
008930,한미사이언스,30900,31150,250,0.81,73431,2287523500
128940,한미약품,266500,271000,4500,1.69,34731,9373165500
009240,한샘,62800,65200,2400,3.82,77011,4985309200
020000,한섬,24750,25100,350,1.41,29453,734142150
003680,한성기업,4905,4970,65,1.33,30523,149644980
105630,한세실업,13650,13750,100,0.73,89597,1228445700
069640,한세엠케이,3255,3340,85,2.61,8029,26563085
016450,한세예스24홀딩스,5800,5850,50,0.86,14684,85777390
010420,한솔PNS,1695,1750,55,3.24,134534,231634900
009180,한솔로지스틱스,1480,1545,65,4.39,626399,942133235
213500,한솔제지,12750,12950,200,1.57,52334,670629900
014680,한솔케미칼,93100,94800,1700,1.83,40771,3850606700
004710,한솔테크닉스,7180,7500,320,4.46,335806,2474663720
004150,한솔홀딩스,3105,3190,85,2.74,40068,125739680
025750,한솔홈데코,950,960,10,1.05,213330,203726160
004960,한신공영,13700,14050,350,2.55,4441,61478800
011700,한신기계,1425,1435,10,0.7,154804,220831490
001750,한양증권,7020,6950,-70,-1.0,245784,1707844250
001755,한양증권우,9010,8760,-250,-2.77,162,1412200
018880,한온시스템,10550,10600,50,0.47,807558,8550557750
009420,한올바이오파마,25000,24950,-50,-0.2,305763,7630571150
014130,한익스프레스,5710,5800,90,1.58,759325,4374340140
300720,한일시멘트,76200,77900,1700,2.23,2805,216512600
002220,한일철강,1925,1945,20,1.04,20732,39575860
006390,한일현대시멘트,25150,26650,1500,5.96,62585,1697355450
003300,한일홀딩스,35900,35800,-100,-0.28,3002,106673300
051600,한전KPS,33600,33850,250,0.74,112533,3800009150
052690,한전기술,18000,18450,450,2.5,99860,1822004450
130660,한전산업,3115,3120,5,0.16,27642,85922345
002320,한진,32250,37100,4850,15.04,563680,19871418050
097230,한진중공업,4220,4335,115,2.73,27635,118037770
003480,한진중공업홀딩스,2315,2330,15,0.65,18056,42127190
180640,한진칼,80800,84700,3900,4.83,6419975,560019138700
18064K,한진칼우,60300,59800,-500,-0.83,188483,11824588900
005110,한창,2435,2550,115,4.72,762760,1914910175
009460,한창제지,3910,3905,-5,-0.13,6953986,27864810465
000880,한화,20400,20500,100,0.49,203203,4181232800
00088K,한화3우B,12400,12500,100,0.81,16914,210954450
027390,한화갤러리아타임월드,23100,23100,0,0.0,0,0
088350,한화생명,1625,1600,-25,-1.54,4095478,6566994500
000370,한화손해보험,2115,2125,10,0.47,249509,524556585
009830,한화솔루션,18000,18700,700,3.89,994094,18531750250
009835,한화솔루션우,11150,11450,300,2.69,11413,128817750
272210,한화시스템,8030,8090,60,0.75,352862,2849363810
012450,한화에어로스페이스,27750,28400,650,2.34,204105,5775992350
000885,한화우,26900,27400,500,1.86,2781,75507700
003530,한화투자증권,1795,1815,20,1.11,275604,499830410
003535,한화투자증권우,1775,1805,30,1.69,13970,24997665
195870,해성디에스,16650,17550,900,5.41,137891,2383787600
101530,해태제과식품,6730,6800,70,1.04,9597,64824690
143210,핸즈코퍼레이션,6600,6620,20,0.3,10251,67480140
000720,현대건설,34850,35150,300,0.86,447044,15734017550
267270,현대건설기계,20650,21200,550,2.66,102698,2168200350
000725,현대건설우,101000,102500,1500,1.49,425,43097500
005440,현대그린푸드,8650,8650,0,0.0,222626,1931836060
086280,현대글로비스,120500,124000,3500,2.9,80779,9989212500
064350,현대로템,13550,13750,200,1.48,342438,4689896250
079430,현대리바트,9460,9490,30,0.32,92870,880279030
012330,현대모비스,204500,209000,4500,2.2,249704,52101612000
010620,현대미포조선,36400,36850,450,1.24,146031,5378866300
069960,현대백화점,70000,71500,1500,2.14,66439,4728454500
004560,현대비앤지스틸,7480,7650,170,2.27,25933,196542350
004565,현대비앤지스틸우,55900,56200,300,0.54,282,16053000
011760,현대상사,13700,14050,350,2.55,40114,559532750
011200,현대상선,3405,3525,120,3.52,883729,3078732675
004310,현대약품,4550,4620,70,1.54,181777,834931310
322000,현대에너지솔루션,26800,27800,1000,3.73,342300,9569403000
126560,현대에이치씨엔,3305,3395,90,2.72,214335,717150905
017800,현대엘리베이,54900,55400,500,0.91,149416,8291801700
307950,현대오토에버,38100,38650,550,1.44,26862,1035182300
011210,현대위아,38050,38300,250,0.66,124331,4745428200
267260,현대일렉트릭,9170,9470,300,3.27,106312,993192460
004020,현대제철,23950,24400,450,1.88,463975,11345722300
267250,현대중공업지주,275000,276000,1000,0.36,46291,12755197000
005380,현대차,112500,113000,500,0.44,1319901,149363060000
005387,현대차2우B,72300,73400,1100,1.52,47185,3466590700
005389,현대차3우B,64000,64500,500,0.78,3773,243635300
005385,현대차우,63600,64800,1200,1.89,39390,2563009500
001500,현대차증권,8540,8600,60,0.7,30863,265359240
227840,현대코퍼레이션홀딩스,10600,10500,-100,-0.94,22491,235546300
001450,현대해상,21500,20950,-550,-2.56,399491,8346489000
057050,현대홈쇼핑,74100,74200,100,0.13,33736,2497325100
093240,형지엘리트,1265,1300,35,2.77,189634,245449580
003010,혜인,3980,4045,65,1.63,44737,179587695
111110,호전실업,13050,12950,-100,-0.77,4748,61684400
008770,호텔신라,82000,85300,3300,4.02,595455,50297236500
008775,호텔신라우,55100,56000,900,1.63,4692,261658400
002460,화성산업,9080,9190,110,1.21,22204,202812740
013520,화승알앤에이,1945,1980,35,1.8,38112,74428690
241590,화승엔터프라이즈,15450,15450,0,0.0,257390,3972396650
006060,화승인더,10850,10900,50,0.46,209716,2279270250
010690,화신,2750,2770,20,0.73,25961,71182535
133820,화인베스틸,2180,2235,55,2.52,130251,285874410
010660,화천기계,2480,2550,70,2.82,397597,1002749390
000850,화천기공,33400,33950,550,1.65,1790,60309050
016580,환인제약,14150,14150,0,0.0,9274,130689450
032560,황금에스티,6440,6560,120,1.86,101905,669237540
004800,효성,68900,70500,1600,2.32,53386,3750037700
094280,효성ITX,13700,13450,-250,-1.82,64700,870796000
298040,효성중공업,19400,19900,500,2.58,36308,718917300
298050,효성첨단소재,83700,86400,2700,3.23,19106,1632519800
298020,효성티앤씨,149500,152000,2500,1.67,4675,704304500
298000,효성화학,105000,108000,3000,2.86,6351,674914500
093370,후성,7320,7720,400,5.46,1090749,8283069360
081660,휠라홀딩스,38050,38300,250,0.66,446868,17044710900
005870,휴니드,5720,5770,50,0.87,16443,94495300
079980,휴비스,6370,6360,-10,-0.16,2742739,17962229200
005010,휴스틸,7840,8000,160,2.04,5749,45687490
069260,휴켐스,18200,18250,50,0.27,97276,1766035950
000540,흥국화재,2845,2870,25,0.88,55781,159340300
000547,흥국화재2우B,20150,20100,-50,-0.25,4412,88464700
000545,흥국화재우,7750,7280,-470,-6.06,195348,1471831400
003280,흥아해운,341,351,10,2.93,773853,270822326
