티커,종목명,시가,종가,변동폭,등락률,거래량,거래대금
095570,AJ네트웍스,3265,3305,40,1.23,134727,445123770
006840,AK홀딩스,18200,17850,-350,-1.92,51897,937713350
027410,BGF,4330,4320,-10,-0.23,184441,800758545
282330,BGF리테일,134000,132500,-1500,-1.12,79699,10664569000
138930,BNK금융지주,5500,5520,20,0.36,1818052,10023808080
001460,BYC,220000,218500,-1500,-0.68,359,78620500
001465,BYC우,130000,131000,1000,0.77,929,119400000
001040,CJ,91100,91600,500,0.55,236544,21664247300
079160,CJCGV,21900,24450,2550,11.64,3581424,84810414050
00104K,CJ4우전환,62400,61300,-1100,-1.76,20683,1275693500
000120,CJ대한통운,157000,154500,-2500,-1.59,124211,19239032000
011150,CJ씨푸드,3870,3870,0,0.0,529458,2061078825
011155,CJ씨푸드1우,48400,48200,-200,-0.41,11638,559319750
001045,CJ우,51200,49650,-1550,-3.03,56714,2829713650
097950,CJ제일제당,414500,414000,-500,-0.12,163946,67490077500
097955,CJ제일제당우,179500,175500,-4000,-2.23,27861,4928808500
000590,CS홀딩스,60200,60400,200,0.33,9195,550724800
012030,DB,720,731,11,1.53,882160,644054947
016610,DB금융투자,3990,3980,-10,-0.25,179933,719574760
005830,DB손해보험,49450,49300,-150,-0.3,739824,37081198000
000990,DB하이텍,34700,36900,2200,6.34,3359443,122509890000
000995,DB하이텍1우,71000,73300,2300,3.24,7606,556935600
139130,DGB금융지주,5670,5610,-60,-1.06,850299,4789846560
001530,DI동일,80600,97500,16900,20.97,348120,32800381800
004840,DRB동일,6730,7320,590,8.77,583211,4218288890
155660,DSR,3940,4040,100,2.54,73515,295054465
069730,DSR제강,4255,4330,75,1.76,104126,450465630
017940,E1,38500,38050,-450,-1.17,29032,1107941450
007700,FF,100500,97700,-2800,-2.79,131076,12934152400
114090,GKL,13800,13800,0,0.0,748989,10295517550
078930,GS,36150,35850,-300,-0.83,480465,17413758150
006360,GS건설,27800,27600,-200,-0.72,690062,19125051850
001250,GS글로벌,1845,1800,-45,-2.44,987477,1792662570
007070,GS리테일,34950,34650,-300,-0.86,341642,11917680000
078935,GS우,30200,30250,50,0.17,13373,403896250
012630,HDC,11300,10750,-550,-4.87,820389,8984793100
039570,HDC아이콘트롤스,8660,8650,-10,-0.12,36976,320886750
089470,HDC현대EP,4930,5100,170,3.45,1846499,9540215785
294870,HDC현대산업개발,22700,22250,-450,-1.98,908657,20344345100
011200,HMM,6380,6650,270,4.23,5754698,37802945830
082740,HSD엔진,4810,4780,-30,-0.62,526122,2535388745
003560,IHQ,1420,1405,-15,-1.06,936542,1331396480
175330,JB금융지주,4760,4720,-40,-0.84,337169,1597420415
234080,JW생명과학,19900,19650,-250,-1.26,145834,2879807550
001060,JW중외제약,38000,37800,-200,-0.53,262552,9936385150
001067,JW중외제약2우B,150000,130000,-20000,-13.33,50111,7261931500
001065,JW중외제약우,102000,90600,-11400,-11.18,211235,20974693800
096760,JW홀딩스,5480,5420,-60,-1.09,153849,835822840
105560,KB금융,40350,41500,1150,2.85,4253152,173039194100
002380,KCC,157500,159500,2000,1.27,208064,33630521500
009070,KCTC,2410,2405,-5,-0.21,215574,521496985
009440,KC그린홀딩스,4330,4200,-130,-3.0,341101,1433682185
119650,KC코트렐,6150,6200,50,0.81,236099,1466209990
092220,KEC,805,851,46,5.71,1775780,1489664883
016380,KG동부제철,15000,14600,-400,-2.67,227475,3254134900
016385,KG동부제철우,172500,140500,-32000,-18.55,29363,4460921000
001390,KG케미칼,22750,21500,-1250,-5.49,613868,13539182500
001940,KISCO홀딩스,11150,11250,100,0.9,16622,185239250
025000,KPX케미칼,45600,45600,0,0.0,7786,354549450
092230,KPX홀딩스,42550,42600,50,0.12,8052,342078800
000040,KR모터스,719,707,-12,-1.67,702975,500812891
044450,KSS해운,8530,8580,50,0.59,42504,365510770
030200,KT,25600,25500,-100,-0.39,1893949,48438092600
033780,KTG,88300,88000,-300,-0.34,650555,57534160400
030210,KTB투자증권,3020,3010,-10,-0.33,383250,1148303920
058850,KTcs,1940,1955,15,0.77,295233,576500995
058860,KTis,2310,2325,15,0.65,80612,186719620
093050,LF,13000,12750,-250,-1.92,228220,2934356600
003550,LG,88600,90000,1400,1.58,749333,68098806767
034220,LG디스플레이,13150,13250,100,0.76,6314005,84242976350
001120,LG상사,16000,16250,250,1.56,660238,10720887500
051900,LG생활건강,1548000,1560000,12000,0.78,43833,68552855000
051905,LG생활건강우,769000,777000,8000,1.04,4147,3252474000
003555,LG우,59000,58900,-100,-0.17,41830,2498120200
032640,LG유플러스,12400,12300,-100,-0.81,4268848,53075112750
011070,LG이노텍,161500,166000,4500,2.79,438222,72500111500
066570,LG전자,87300,87000,-300,-0.34,1950559,171639745600
066575,LG전자우,34400,33850,-550,-1.6,291102,10108552400
108670,LG하우시스,60900,61800,900,1.48,74545,4614937600
108675,LG하우시스우,29100,29400,300,1.03,12648,371747700
037560,LG헬로비전,4070,4395,325,7.99,1176092,5068698770
051910,LG화학,741000,737000,-4000,-0.54,970866,728241258000
051915,LG화학우,400000,392500,-7500,-1.88,134183,53906293500
079550,LIG넥스원,36600,36150,-450,-1.23,200440,7263272950
006260,LS,42250,42000,-250,-0.59,234278,9856047050
010120,LSELECTRIC,55900,55900,0,0.0,144397,8043315200
000680,LS네트웍스,2280,2315,35,1.54,188375,435795445
229640,LS전선아시아,6900,6980,80,1.16,121075,846664040
023150,MH에탄올,8190,8340,150,1.83,144714,1186606870
035420,NAVER,305000,307000,2000,0.66,1406370,431869653500
181710,NHN,78700,78400,-300,-0.38,187289,14758507300
005940,NH투자증권,9750,9730,-20,-0.21,2158303,21018184280
005945,NH투자증권우,7880,7910,30,0.38,175045,1382323790
338100,NH프라임리츠,4490,4505,15,0.33,45104,202903870
034310,NICE,20500,19900,-600,-2.93,128735,2568330950
008260,NI스틸,2230,2300,70,3.14,547631,1244863890
004250,NPC,3400,3395,-5,-0.15,41360,140354830
004255,NPC우,2305,2300,-5,-0.22,6612,15195680
010060,OCI,65600,63000,-2600,-3.96,661956,42271044100
005490,POSCO,208500,206000,-2500,-1.2,397625,82406412000
100840,STC,15150,15350,200,1.32,22556,348188500
064960,ST모티브,52800,53400,600,1.14,124516,6726332200
003570,ST중공업,5100,5140,40,0.78,101913,526161370
036530,ST홀딩스,15200,15050,-150,-0.99,8951,135716400
010950,S-Oil,64300,63600,-700,-1.09,651143,41765279200
010955,S-Oil우,37800,37800,0,0.0,35089,1328499700
034120,SBS,16150,16150,0,0.0,218452,3500447800
101060,SBS미디어홀딩스,1880,1890,10,0.53,43289,81856230
004060,SG세계물산,601,607,6,1.0,1793150,1095323404
001380,SG충방,1685,1800,115,6.82,3780135,6765178855
002360,SH에너지화학,820,832,12,1.46,616928,511593178
009160,SIMPAC,2405,2415,10,0.42,74245,178871925
123700,SJM,2730,2725,-5,-0.18,23896,65425770
025530,SJM홀딩스,2610,2610,0,0.0,6151,16114730
034730,SK,240000,237500,-2500,-1.04,321381,76896199000
011790,SKC,91000,89500,-1500,-1.65,815655,73941118100
018670,SK가스,92800,92500,-300,-0.32,21950,2045734800
001740,SK네트웍스,5370,5430,60,1.12,936303,5058930160
001745,SK네트웍스우,180500,181000,500,0.28,4117,743087000
006120,SK디스커버리,81300,80000,-1300,-1.6,1315213,104889357900
006125,SK디스커버리우,73900,71400,-2500,-3.38,227756,16592402800
210980,SK디앤디,35350,34600,-750,-2.12,95776,3360584300
068400,SK렌터카,9780,9660,-120,-1.23,88959,862883800
326030,SK바이오팜,191000,186000,-5000,-2.62,491263,92029465000
03473K,SK우,237500,236000,-1500,-0.63,17546,4168828000
096770,SK이노베이션,182500,182000,-500,-0.27,945867,174706107000
096775,SK이노베이션우,165000,165000,0,0.0,58026,9705250000
001510,SK증권,879,868,-11,-1.25,7876297,6881318234
001515,SK증권우,6100,6010,-90,-1.48,163732,989356000
285130,SK케미칼,400000,436000,36000,9.0,1138610,493593471500
28513K,SK케미칼우,218000,228500,10500,4.82,287073,65425736000
017670,SK텔레콤,241500,242000,500,0.21,955607,233242559000
000660,SK하이닉스,81000,80700,-300,-0.37,4049387,328483224600
005610,SPC삼립,64400,65300,900,1.4,16880,1101689200
011810,STX,5100,5140,40,0.78,51802,262911180
077970,STX엔진,5750,5730,-20,-0.35,18377,105392480
071970,STX중공업,2360,2370,10,0.42,114128,269707650
084870,TBH글로벌,1645,1680,35,2.13,66892,111495595
002710,TCC스틸,2315,3005,690,29.81,4140027,11782237900
024070,WISCOM,2320,2290,-30,-1.29,46813,108098590
037270,YGPLUS,3995,4115,120,3.0,28685385,124175277090
000500,가온전선,16700,16950,250,1.5,2391,40300800
000860,강남제비스코,15550,15650,100,0.64,14203,222684350
035250,강원랜드,23900,23500,-400,-1.67,1035539,24410287550
011420,갤럭시아에스엠,1625,1655,30,1.85,616366,1072258880
002100,경농,17350,17300,-50,-0.29,477326,8239825400
009450,경동나비엔,54300,56600,2300,4.24,281308,16002658400
267290,경동도시가스,17250,17100,-150,-0.87,18194,314254350
012320,경동인베스트,28750,28300,-450,-1.57,7222,205079450
000050,경방,11900,11950,50,0.42,39981,487595800
214390,경보제약,11400,11300,-100,-0.88,178309,2035541150
012610,경인양행,9150,9140,-10,-0.11,1391263,12803778140
009140,경인전자,17300,17400,100,0.58,3031,52819800
013580,계룡건설,28000,30500,2500,8.93,1331045,39146629000
012200,계양전기,3165,3355,190,6.0,3508035,11963013350
012205,계양전기우,8810,9080,270,3.06,357506,3322064210
002140,고려산업,3985,4110,125,3.14,6102362,25350958020
010130,고려아연,432000,429000,-3000,-0.69,88524,37879737500
002240,고려제강,16300,16450,150,0.92,132157,2172588700
009290,광동제약,9150,9080,-70,-0.77,357392,3260712340
017040,광명전기,1860,1860,0,0.0,145127,269730260
017900,광전자,2295,2380,85,3.7,1311384,3114605460
037710,광주신세계,149000,149000,0,0.0,1653,246059000
030610,교보증권,7340,7300,-40,-0.54,143071,1044734970
007690,국도화학,38900,39300,400,1.03,31711,1239664250
005320,국동,3380,3570,190,5.62,3974127,14316174505
001140,국보,2245,2235,-10,-0.45,1014775,2230308900
002720,국제약품,10550,11250,700,6.64,1254412,13601811000
083420,그린케미칼,3635,3670,35,0.96,115762,422081145
014530,극동유화,3145,3160,15,0.48,137330,432811310
014280,금강공업,3720,3725,5,0.13,114315,424826770
014285,금강공업우,12450,12450,0,0.0,71853,909262100
008870,금비,57500,58200,700,1.22,1962,114717000
001570,금양,4280,4400,120,2.8,507602,2207723635
002990,금호산업,7430,7360,-70,-0.94,261083,1921869020
002995,금호산업우,44100,41550,-2550,-5.78,17692,743393350
011780,금호석유,96200,97700,1500,1.56,317852,31405526600
011785,금호석유우,38300,38700,400,1.04,39657,1555083050
214330,금호에이치티,1945,1965,20,1.03,3768117,7262459110
001210,금호전기,3340,3260,-80,-2.4,78019,256578345
073240,금호타이어,2955,3100,145,4.91,1918317,5928986010
092440,기신정기,3190,3165,-25,-0.78,31857,101230250
000270,기아차,45250,44900,-350,-0.77,2245671,101170630400
024110,기업은행,8800,8820,20,0.23,3430244,30192842650
013700,까뮤이앤씨,1300,1295,-5,-0.38,607903,788526610
004540,깨끗한나라,3945,4030,85,2.15,247088,992192175
004545,깨끗한나라우,27600,28000,400,1.45,12775,358266850
001260,남광토건,12250,11600,-650,-5.31,155927,1857418450
008350,남선알미늄,5220,5440,220,4.21,25073679,138959145990
008355,남선알미우,72800,86000,13200,18.13,344439,29516629700
004270,남성,2665,2710,45,1.69,358157,967852735
003920,남양유업,306500,307500,1000,0.33,3436,1051295000
003925,남양유업우,202500,201000,-1500,-0.74,3837,785562000
025860,남해화학,8580,8710,130,1.52,637494,5622795320
005720,넥센,4140,4150,10,0.24,90493,374247965
005725,넥센우,3065,3115,50,1.63,36229,111932535
002350,넥센타이어,5750,6040,290,5.04,975688,5797792180
002355,넥센타이어1우B,2370,2475,105,4.43,89128,219014320
003580,넥스트사이언스,4865,6000,1135,23.33,6867883,40338813035
251270,넷마블,149500,149500,0,0.0,920922,139766979000
090350,노루페인트,7780,7710,-70,-0.9,120441,938403960
090355,노루페인트우,16050,16250,200,1.25,92236,1478475250
000320,노루홀딩스,9390,9500,110,1.17,17824,168641210
000325,노루홀딩스우,19800,19750,-50,-0.25,1850,36107450
006280,녹십자,295000,286500,-8500,-2.88,257875,74746948000
005250,녹십자홀딩스,29200,28450,-750,-2.57,298587,8577627700
005257,녹십자홀딩스2우,253000,232000,-21000,-8.3,24445,5709440000
004370,농심,378000,379000,1000,0.26,64079,24091442500
072710,농심홀딩스,80400,79900,-500,-0.62,19577,1550078000
058730,다스코,4830,4895,65,1.35,29082,141083265
023590,다우기술,21100,21000,-100,-0.47,277586,5904150750
019680,대교,3980,3975,-5,-0.13,70435,281081525
019685,대교우B,2570,2590,20,0.78,41780,107265580
006370,대구백화점,5660,5780,120,2.12,77961,472702930
008060,대덕,6650,6660,10,0.15,411934,2752587760
00806K,대덕1우,6490,6570,80,1.23,8504,55796110
353200,대덕전자,13200,13050,-150,-1.14,1649403,21891035450
35320K,대덕전자1우,7740,7700,-40,-0.52,46293,358409950
000490,대동공업,7190,7150,-40,-0.56,240602,1727633130
008110,대동전자,4405,4360,-45,-1.02,12903,56562885
005750,대림BCo,5090,5130,40,0.79,28225,145144080
001880,대림건설,27550,27750,200,0.73,94721,2641228300
000210,대림산업,88000,86800,-1200,-1.36,317748,27818654900
000215,대림산업우,41000,40400,-600,-1.46,26939,1098241350
004440,대림씨엔에스,7940,8280,340,4.28,112902,929566030
006570,대림통상,4390,4410,20,0.46,2448,10672015
001680,대상,27000,26650,-350,-1.3,291248,7792682750
001685,대상우,16250,16600,350,2.15,29650,487578800
084690,대상홀딩스,9520,9290,-230,-2.42,203238,1901728090
084695,대상홀딩스우,7250,7210,-40,-0.55,6849,49228230
128820,대성산업,3265,3325,60,1.84,480915,1609354355
117580,대성에너지,5090,5060,-30,-0.59,33791,171696690
016710,대성홀딩스,14250,14150,-100,-0.7,22177,315470650
003540,대신증권,11400,11250,-150,-1.32,136795,1558611400
003547,대신증권2우B,9580,9600,20,0.21,29661,285030600
003545,대신증권우,10000,10100,100,1.0,121704,1223871450
009190,대양금속,4030,4240,210,5.21,1953921,8271200260
014160,대영포장,1060,1070,10,0.94,811506,869735765
047040,대우건설,3615,3510,-105,-2.9,4142554,14591756185
009320,대우부품,2395,2480,85,3.55,8542734,21637802465
042660,대우조선해양,25500,25000,-500,-1.96,596229,15087493900
003090,대웅,36750,35550,-1200,-3.27,1539713,56566642800
069620,대웅제약,116500,115000,-1500,-1.29,154078,17913809500
000430,대원강업,3520,3470,-50,-1.42,111427,389960410
006340,대원전선,1015,1015,0,0.0,446002,453241250
006345,대원전선우,3695,3790,95,2.57,132571,499172615
003220,대원제약,21250,20400,-850,-4.0,684462,14037011200
024890,대원화성,1920,1900,-20,-1.04,170817,325028685
002880,대유에이텍,666,665,-1,-0.15,259764,172708426
000300,대유플러스,605,614,9,1.49,540433,331224727
012800,대창,1180,1200,20,1.69,1490978,1776507335
015230,대창단조,28000,28200,200,0.71,9564,268264200
001070,대한방직,33800,34400,600,1.78,10303,355452600
006650,대한유화,120000,119000,-1000,-0.83,53078,6397525000
001440,대한전선,741,743,2,0.27,2869897,2128600762
084010,대한제강,6880,6820,-60,-0.87,162695,1126880200
001790,대한제당,19900,20000,100,0.5,19122,380930400
001795,대한제당우,14150,14100,-50,-0.35,1694,23651150
001130,대한제분,182000,180000,-2000,-1.1,21080,3784057500
003490,대한항공,19550,19700,150,0.77,4559089,90236387200
003495,대한항공우,25900,25400,-500,-1.93,731212,19815073100
005880,대한해운,16500,16900,400,2.42,699440,12308180050
003830,대한화섬,87800,88000,200,0.23,2714,236599000
016090,대현,1920,1905,-15,-0.78,306433,580580555
069460,대호에이엘,2085,2120,35,1.68,168959,355534685
192080,더블유게임즈,79100,79200,100,0.13,174720,13727327100
012510,더존비즈온,103000,101000,-2000,-1.94,68848,7015510000
004830,덕성,5820,6070,250,4.3,3580652,21750302920
004835,덕성우,11150,11750,600,5.38,410340,4819398900
024900,덕양산업,2125,2050,-75,-3.53,30892612,68129030395
145720,덴티움,44200,43900,-300,-0.68,98622,4347117650
002150,도화엔지니어링,8240,8130,-110,-1.33,126415,1035356610
001230,동국제강,6560,6380,-180,-2.74,895142,5767651030
023450,동남합성,38100,38100,0,0.0,8237,320192100
004140,동방,1760,1760,0,0.0,578617,1019724385
007590,동방아그로,6560,6600,40,0.61,41023,270192190
005960,동부건설,11900,11900,0,0.0,110239,1296098300
005965,동부건설우,35400,35000,-400,-1.13,13964,485830150
026960,동서,21600,22250,650,3.01,511822,11403917450
002210,동성제약,12900,12850,-50,-0.39,266252,3439206800
102260,동성코퍼레이션,4000,3945,-55,-1.38,228558,896994450
005190,동성화학,16300,16400,100,0.61,25183,409860750
000640,동아쏘시오홀딩스,106000,107500,1500,1.42,26189,2791842500
170900,동아에스티,99100,98500,-600,-0.61,50261,4967541600
028100,동아지질,16700,16450,-250,-1.5,256361,4265461900
282690,동아타이어,10500,10650,150,1.43,2065,21873350
001520,동양,1235,1240,5,0.4,1041902,1286293830
001527,동양2우B,16250,14950,-1300,-8.0,13576,206898650
001529,동양3우B,29100,29200,100,0.34,1426,41159050
084670,동양고속,27000,27050,50,0.19,15057,407795000
002900,동양물산,1165,1170,5,0.43,2032775,2388662325
082640,동양생명,3220,3205,-15,-0.47,285351,918813865
001525,동양우,7070,6890,-180,-2.55,3077,21283550
008970,동양철관,1015,1030,15,1.48,1528250,1573383145
092780,동양피스톤,5170,5530,360,6.96,1810603,10156894650
049770,동원FB,187500,184000,-3500,-1.87,12681,2355904000
018500,동원금속,740,743,3,0.41,335916,251423163
006040,동원산업,207500,207000,-500,-0.24,2748,566529000
030720,동원수산,9320,9380,60,0.64,70848,667506050
014820,동원시스템즈,23600,23650,50,0.21,85150,2027692550
014825,동원시스템즈우,34200,33350,-850,-2.49,501,16893600
163560,동일고무벨트,8030,8650,620,7.72,733136,6304768680
004890,동일산업,68900,69100,200,0.29,9471,654127500
002690,동일제강,1950,2070,120,6.15,593027,1243408930
000020,동화약품,24950,22550,-2400,-9.62,3196774,74585312150
000150,두산,45300,44300,-1000,-2.21,78127,3503920550
000157,두산2우B,77500,79000,1500,1.94,3075,241043200
241560,두산밥캣,29450,28450,-1000,-3.4,525244,15100225900
336370,두산솔루스,47600,46200,-1400,-2.94,831180,38931244100
33637K,두산솔루스1우,20500,19700,-800,-3.9,64030,1292709550
33637L,두산솔루스2우B,38550,38350,-200,-0.52,13510,521441200
000155,두산우,38000,37900,-100,-0.26,20247,765537900
042670,두산인프라코어,7790,7870,80,1.03,5282213,41156831350
034020,두산중공업,9090,9010,-80,-0.88,3504677,31663688260
336260,두산퓨얼셀,44600,44350,-250,-0.56,568872,25597523800
33626K,두산퓨얼셀1우,13150,13100,-50,-0.38,132675,1739065200
33626L,두산퓨얼셀2우B,21700,21550,-150,-0.69,27942,602809650
016740,두올,3855,4230,375,9.73,3450051,14065194890
192650,드림텍,17950,17950,0,0.0,3915173,72210519100
024090,디씨엠,11000,10950,-50,-0.45,10022,109549900
003160,디아이,4485,4655,170,3.79,518362,2401392735
092200,디아이씨,1750,1860,110,6.29,5111374,9960003270
013570,디와이,4325,4380,55,1.27,212867,939612010
210540,디와이파워,11450,11400,-50,-0.44,390045,4551047500
007340,디티알오토모티브,24500,24450,-50,-0.2,16108,395717300
026890,디피씨,17950,17900,-50,-0.28,7309660,135156328800
115390,락앤락,11750,11850,100,0.85,154346,1835445250
032350,롯데관광개발,18800,18950,150,0.8,711233,13274137750
330590,롯데리츠,5240,5240,0,0.0,273728,1426926010
000400,롯데손해보험,1750,1750,0,0.0,520910,916646350
023530,롯데쇼핑,83900,83700,-200,-0.24,195138,16309841800
004000,롯데정밀화학,48550,47900,-650,-1.34,207324,10058518450
286940,롯데정보통신,35200,35500,300,0.85,69846,2506468500
280360,롯데제과,110000,110500,500,0.45,13011,1439469000
004990,롯데지주,32250,32450,200,0.62,416554,13596607900
00499K,롯데지주우,70700,71800,1100,1.56,26183,1877472000
005300,롯데칠성,101500,101500,0,0.0,36793,3742855500
005305,롯데칠성우,62100,62200,100,0.16,3936,243681500
011170,롯데케미칼,189500,191000,1500,0.79,288259,55197570000
002270,롯데푸드,334000,336500,2500,0.75,7256,2410569500
071840,롯데하이마트,32100,31700,-400,-1.25,146735,4669450000
027740,마니커,722,760,38,5.26,4179856,3178799511
204320,만도,32600,31750,-850,-2.61,832445,26747131600
001080,만호제강,18700,18650,-50,-0.27,14570,269207300
088980,맥쿼리인프라,11400,11300,-100,-0.88,636350,7184892300
094800,맵스리얼티1,3950,3960,10,0.25,125498,494444310
138040,메리츠금융지주,9590,9640,50,0.52,113851,1106621440
008560,메리츠증권,3600,3575,-25,-0.69,6265583,22454257765
000060,메리츠화재,13450,13550,100,0.74,401788,5512665350
090370,메타랩스,1440,1530,90,6.25,1406704,2104211695
017180,명문제약,6110,6170,60,0.98,801536,4942099500
012690,모나리자,5720,5780,60,1.05,365326,2117718180
005360,모나미,7900,7910,10,0.13,1678064,13293106440
204210,모두투어리츠,2935,2965,30,1.02,25806,76108975
009680,모토닉,7590,7780,190,2.5,76380,595184710
009580,무림PP,3110,3115,5,0.16,129387,405239335
009200,무림페이퍼,2140,2145,5,0.23,81862,176477235
033920,무학,5640,6050,410,7.27,217518,1292904700
008420,문배철강,2825,3005,180,6.37,2201613,6490732570
025560,미래산업,3095,3135,40,1.29,129196,404781325
007120,미래아이앤지,362,369,7,1.93,470205,171152264
006800,미래에셋대우,9380,9480,100,1.07,4635390,43728765540
00680K,미래에셋대우2우B,4795,4775,-20,-0.42,1497868,7176635500
006805,미래에셋대우우,5550,5540,-10,-0.18,97872,541272530
357250,미래에셋맵스리츠,4760,4780,20,0.42,363114,1695961975
085620,미래에셋생명,3435,3540,105,3.06,606971,2101081060
002840,미원상사,92000,95100,3100,3.37,7966,754662500
268280,미원에스씨,81000,81900,900,1.11,4626,376048600
107590,미원홀딩스,51200,54900,3700,7.23,17208,920816000
134380,미원화학,50600,51500,900,1.78,2526,129433400
003650,미창석유,59700,59300,-400,-0.67,832,49536400
155900,바다로19호,2615,2610,-5,-0.19,26721,69523300
003610,방림,1780,1805,25,1.4,264942,473118815
001340,백광산업,3535,3670,135,3.82,2402174,8801148075
035150,백산,5600,5670,70,1.25,606024,3414703570
002410,범양건영,7200,7410,210,2.92,4137380,30669691390
096300,베트남개발1,287,286,-1,-0.35,39897,11413908
007210,벽산,1825,1860,35,1.92,684262,1272009955
002760,보락,1850,1850,0,0.0,457464,851821370
003850,보령제약,16700,16500,-200,-1.2,372625,6188146750
000890,보해양조,850,859,9,1.06,1497345,1282807050
003000,부광약품,38200,37000,-1200,-3.14,2554540,96629640300
001270,부국증권,20000,20000,0,0.0,3550,71205750
001275,부국증권우,19050,19050,0,0.0,2219,42150050
026940,부국철강,5830,5790,-40,-0.69,847590,4939088590
015350,부산가스,54100,47900,-6200,-11.46,117049,5727290900
011390,부산산업,128500,129500,1000,0.78,8440,1085967500
005030,부산주공,413,392,-21,-5.08,3835559,1512631678
002070,비비안,991,991,0,0.0,0,0
100220,비상교육,6970,7080,110,1.58,37979,267315720
030790,비케이탑스,5180,5390,210,4.05,193441,1020162790
101140,비티원,3715,3675,-40,-1.08,199871,747876510
005180,빙그레,60500,61000,500,0.83,36528,2217844200
003960,사조대림,14800,15300,500,3.38,91067,1379131050
008040,사조동아원,857,873,16,1.87,870710,756823018
007160,사조산업,32800,33350,550,1.68,36520,1211463850
014710,사조씨푸드,3760,3825,65,1.73,103475,393869775
006090,사조오양,8680,8850,170,1.96,164413,1448773290
005090,삼광글라스,35600,36250,650,1.83,46412,1683497650
001470,삼부토건,981,995,14,1.43,2277106,2278980669
006400,삼성SDI,475500,471000,-4500,-0.95,710421,337853507500
006405,삼성SDI우,300000,293000,-7000,-2.33,50864,15183404000
006660,삼성공조,6540,6630,90,1.38,35485,233865550
028260,삼성물산,119500,126500,7000,5.86,3201899,405423631500
02826K,삼성물산우B,103000,115000,12000,11.65,377327,44494065000
207940,삼성바이오로직스,843000,820000,-23000,-2.73,366305,303172831000
032830,삼성생명,59400,71900,12500,21.04,7226406,489910840500
018260,삼성에스디에스,172500,170000,-2500,-1.45,243932,41660725000
028050,삼성엔지니어링,12400,12600,200,1.61,3406447,43353790350
009150,삼성전기,139500,137500,-2000,-1.43,643575,89037783500
009155,삼성전기우,65900,65300,-600,-0.91,30453,1998998000
005930,삼성전자,59000,58700,-300,-0.51,22089460,1300659649700
005935,삼성전자우,50700,50700,0,0.0,1536456,78058606500
001360,삼성제약,4055,4130,75,1.85,1080669,4448380640
010140,삼성중공업,5660,5650,-10,-0.18,4920040,27866547140
010145,삼성중공우,454000,448000,-6000,-1.32,7313,3291657000
016360,삼성증권,33000,32950,-50,-0.15,722402,23719681900
068290,삼성출판사,21350,21100,-250,-1.17,104416,2217279450
029780,삼성카드,29700,29950,250,0.84,439032,13156654450
000810,삼성화재,178500,187000,8500,4.76,563113,104743441000
000815,삼성화재우,129500,134000,4500,3.47,50357,6650131000
006110,삼아알미늄,6210,7140,930,14.98,2187783,15349643220
145990,삼양사,72600,74800,2200,3.03,168094,12415605000
145995,삼양사우,55100,56700,1600,2.9,62047,3670152700
003230,삼양식품,121500,120000,-1500,-1.23,57603,6912713500
002170,삼양통상,61000,61600,600,0.98,7609,468473100
272550,삼양패키징,18850,19100,250,1.33,36955,702988100
000070,삼양홀딩스,74200,73200,-1000,-1.35,41137,3014480800
000075,삼양홀딩스우,54400,54300,-100,-0.18,10517,582228100
002810,삼영무역,13000,13000,0,0.0,216950,2823567850
005680,삼영전자,8320,8130,-190,-2.28,198186,1628297870
003720,삼영화학,1915,1945,30,1.57,194053,372609555
023000,삼원강재,2290,2295,5,0.22,45540,104328900
004380,삼익THK,10150,10150,0,0.0,85336,868752650
002450,삼익악기,1445,1500,55,3.81,1211998,1802339895
000520,삼일제약,20900,21300,400,1.91,120612,2591488000
009770,삼정펄프,29400,27800,-1600,-5.44,1715,48066000
005500,삼진제약,29200,28850,-350,-1.2,158594,4634262100
004690,삼천리,77700,77500,-200,-0.26,5839,453170300
010960,삼호개발,4530,4485,-45,-0.99,176378,792394130
004450,삼화왕관,41600,41600,0,0.0,898,37571500
009470,삼화전기,20400,20500,100,0.49,147829,3054842150
011230,삼화전자,3150,3190,40,1.27,156826,495561690
001820,삼화콘덴서,62200,61000,-1200,-1.93,314378,19393571300
000390,삼화페인트,5270,5250,-20,-0.38,26136,137947100
001290,상상인증권,1070,1075,5,0.47,272628,297184975
041650,상신브레이크,2675,2630,-45,-1.68,223465,597956180
075180,새론오토모티브,4130,4145,15,0.36,5501,22905250
007540,샘표,58900,58800,-100,-0.17,39467,2296086800
248170,샘표식품,49350,48800,-550,-1.11,63943,3135659700
007860,서연,10650,11850,1200,11.27,14122119,165852540850
200880,서연이화,4575,4700,125,2.73,1099703,5224988930
017390,서울가스,67400,68300,900,1.34,745,50638600
004410,서울식품,156,157,1,0.64,4703821,735250394
004415,서울식품우,5050,5530,480,9.5,979123,5571828240
021050,서원,3215,3420,205,6.38,4106169,13821908175
008490,서흥,56500,56600,100,0.18,38745,2199040300
007610,선도전기,2560,2560,0,0.0,43840,112259085
136490,선진,10400,10550,150,1.44,100448,1046057000
002820,선창산업,3500,3570,70,2.0,14214,50086425
014910,성문전자,1635,1630,-5,-0.31,196025,320705350
014915,성문전자우,11150,11350,200,1.79,5568,62516450
003080,성보화학,4895,5010,115,2.35,559315,2877072480
004980,성신양회,8200,8100,-100,-1.22,379069,3075126270
004985,성신양회우,20300,20300,0,0.0,77707,1560459550
011300,성안,413,420,7,1.69,112282,46767593
000180,성창기업지주,1685,1700,15,0.89,186283,314824635
002420,세기상사,61200,62600,1400,2.29,2860,176694500
004360,세방,10500,10600,100,0.95,79103,839296550
004365,세방우,6200,6120,-80,-1.29,2902,18064090
004490,세방전지,30850,30450,-400,-1.3,55188,1685300050
001430,세아베스틸,11500,11200,-300,-2.61,279364,3142465450
306200,세아제강,69300,75500,6200,8.95,83818,6241713600
003030,세아제강지주,44900,46100,1200,2.67,19746,912076600
019440,세아특수강,11050,11200,150,1.36,24447,273617150
058650,세아홀딩스,73800,73900,100,0.14,584,43316700
013000,세우글로벌,1840,1915,75,4.08,1064032,2021903245
091090,세원셀론텍,2665,2745,80,3.0,265128,717589420
021820,세원정공,8090,8090,0,0.0,0,0
067830,세이브존IC,2185,2200,15,0.69,591805,1282563510
033530,세종공업,7330,7660,330,4.5,9429922,76790665670
075580,세진중공업,6390,6560,170,2.66,569818,3709978760
027970,세하,1370,1385,15,1.09,1388409,1898264860
145210,세화아이엠씨,1175,1175,0,0.0,823346,984063260
308170,센트랄모텍,28900,30300,1400,4.84,524843,15828596550
068270,셀트리온,302000,308500,6500,2.15,1754825,548133148000
004430,송원산업,13200,13150,-50,-0.38,198616,2631560750
017550,수산중공업,1820,1775,-45,-2.47,1741532,3167214775
053210,스카이라이프,9810,9490,-320,-3.26,311307,2966898000
134790,시디즈,55300,55200,-100,-0.18,6935,380826300
016590,신대양제지,58400,59800,1400,2.4,41706,2477989300
029530,신도리코,24100,24100,0,0.0,18318,445221350
004970,신라교역,10300,10250,-50,-0.49,7554,77463150
011930,신성이엔지,1285,1295,10,0.78,2911402,3826558120
005390,신성통상,1960,1970,10,0.51,3329275,6619569710
004170,신세계,220500,222500,2000,0.91,262400,59032777500
035510,신세계IC,130000,130500,500,0.38,7665,1017346000
034300,신세계건설,24450,24850,400,1.64,111893,2825237850
031430,신세계인터내셔날,158000,163500,5500,3.48,221445,36384556000
031440,신세계푸드,57500,57200,-300,-0.52,23112,1328077600
006880,신송홀딩스,3910,4080,170,4.35,39789,160541695
005800,신영와코루,96600,96400,-200,-0.21,266,25309000
001720,신영증권,49700,48800,-900,-1.81,14849,726326300
001725,신영증권우,46850,46650,-200,-0.43,3409,159683600
009270,신원,1610,1620,10,0.62,576692,930324040
009275,신원우,51400,53200,1800,3.5,2550,133506000
002700,신일전자,1905,1900,-5,-0.26,2206771,4224843265
019170,신풍제약,71800,75100,3300,4.6,2849271,216933973400
019175,신풍제약우,168500,168500,0,0.0,195871,34062750000
002870,신풍제지,1625,1670,45,2.77,539928,883780770
293940,신한알파리츠,6630,6620,-10,-0.15,120973,800990800
055550,신한지주,33800,33800,0,0.0,3437220,115605293750
001770,신화실업,20100,20000,-100,-0.5,3036,60567350
004080,신흥,9170,9150,-20,-0.22,2152,19609700
102280,쌍방울,782,783,1,0.13,2215141,1735886571
003410,쌍용양회,5670,5620,-50,-0.88,2032813,11458315470
003415,쌍용양회우,14850,14900,50,0.34,6788,100436500
003620,쌍용차,3665,3535,-130,-3.55,2112618,7525456960
004770,써니전자,3440,3625,185,5.38,6192933,22550807370
015540,쎌마테라퓨틱스,7700,7700,0,0.0,170010,1306719680
004920,씨아이테크,1050,1055,5,0.48,270433,288149955
112610,씨에스윈드,85500,85300,-200,-0.23,325840,27613209200
008700,아남전자,1620,1630,10,0.62,389623,634325700
002790,아모레G,58200,59000,800,1.37,346918,20471824600
00279K,아모레G3우전환,35700,35950,250,0.7,16337,591698250
002795,아모레G우,25050,25100,50,0.2,127166,3231745400
090430,아모레퍼시픽,182000,187500,5500,3.02,1022663,192848497000
090435,아모레퍼시픽우,64500,66300,1800,2.79,173559,11581211400
002030,아세아,75900,76200,300,0.4,15740,1189780800
183190,아세아시멘트,61800,62000,200,0.32,10081,623793000
002310,아세아제지,29800,30200,400,1.34,78443,2351234150
267850,아시아나IDT,24000,22550,-1450,-6.04,732122,16807463850
020560,아시아나항공,4500,4345,-155,-3.44,4845909,21225167850
122900,아이마켓코리아,8150,8260,110,1.35,198938,1647192960
010780,아이에스동서,46050,46700,650,1.41,192604,9073641150
033660,아주캐피탈,11400,11350,-50,-0.44,42689,487617600
001780,알루코,4520,5870,1350,29.87,40237734,222776326960
018250,애경산업,22850,23300,450,1.97,259373,6048883900
161000,애경유화,7620,7500,-120,-1.57,148076,1123769860
011090,에넥스,1105,1135,30,2.71,396326,444002195
005850,에스엘,12650,12550,-100,-0.79,283096,3553285750
012750,에스원,94800,94900,100,0.11,55474,5252644900
023960,에쓰씨엔지니어링,1165,1175,10,0.86,25101,29403165
298690,에어부산,4310,4160,-150,-3.48,599952,2499448615
140910,에이리츠,6430,6440,10,0.16,16353,105586780
078520,에이블씨엔씨,8330,8490,160,1.92,232076,1970870830
015260,에이엔피,173,174,1,0.58,596661,102807998
007460,에이프로젠KIC,2700,2845,145,5.37,11197957,31850276060
003060,에이프로젠제약,1430,1465,35,2.45,7001255,10316643110
036570,엔씨소프트,850000,897000,47000,5.53,363276,321040095000
138250,엔에스쇼핑,12350,12050,-300,-2.43,55552,674415500
085310,엔케이,1020,1020,0,0.0,466013,477592770
009810,엔케이물산,537,547,10,1.86,504046,272863298
900140,엘브이엠씨홀딩스,3755,3885,130,3.46,227268,875349435
014440,영보화학,4425,4530,105,2.37,479539,2161809215
111770,영원무역,26750,26950,200,0.75,274998,7369115800
009970,영원무역홀딩스,36000,35800,-200,-0.56,16853,596151150
003520,영진약품,6380,6420,40,0.63,1693149,10880771560
000670,영풍,533000,522000,-11000,-2.06,7523,3933140000
006740,영풍제지,3395,3415,20,0.59,52482,179312330
012280,영화금속,2185,2185,0,0.0,1389480,3015042060
012160,영흥,1335,1305,-30,-2.25,1152178,1509547225
015360,예스코홀딩스,34800,34700,-100,-0.29,530,18321650
007310,오뚜기,605000,599000,-6000,-0.99,8965,5398864000
002630,오리엔트바이오,884,936,52,5.88,26047196,25370631325
271560,오리온,149500,157500,8000,5.35,180264,28088912000
001800,오리온홀딩스,13300,14000,700,5.26,536781,7348599200
070960,용평리조트,4435,4430,-5,-0.11,128902,573825635
316140,우리금융지주,9240,9210,-30,-0.32,2968102,27291790410
004720,우리들제약,12450,12450,0,0.0,2985758,38355216100
118000,우리들휴브레인,3180,3190,10,0.31,957979,3054073060
010050,우리종금,595,597,2,0.34,1548287,920534760
006980,우성사료,3325,3310,-15,-0.45,470209,1562842430
017370,우신시스템,2855,2920,65,2.28,120626,354716690
105840,우진,3775,3935,160,4.24,702705,2755228545
010400,우진아이엔에스,7380,7720,340,4.61,150162,1174486950
049800,우진플라임,3480,3470,-10,-0.29,16172,56161670
016880,웅진,1120,1085,-35,-3.13,287271,315336900
095720,웅진씽크빅,2605,2590,-15,-0.58,559611,1459834550
005820,원림,17450,17800,350,2.01,1302,23253950
010600,웰바이오텍,2510,2610,100,3.98,985662,2580716200
008600,윌비스,1255,1270,15,1.2,363836,458787135
033270,유나이티드제약,26050,27650,1600,6.14,999056,27356624700
014830,유니드,49500,50000,500,1.01,48157,2404255350
000910,유니온,9930,10050,120,1.21,7128950,71752623990
047400,유니온머티리얼,5240,5120,-120,-2.29,6224867,32214736000
011330,유니켐,1485,1485,0,0.0,544862,810486610
077500,유니퀘스트,10300,10400,100,0.97,309643,3250109900
002920,유성기업,2580,2580,0,0.0,38611,99907400
000700,유수홀딩스,5590,5600,10,0.18,12056,67415330
003470,유안타증권,3485,3425,-60,-1.72,780013,2689322060
003475,유안타증권우,2360,2340,-20,-0.85,162887,379995030
011690,유양디앤유,1220,1220,0,0.0,0,0
072130,유엔젤,3095,3125,30,0.97,79755,248919655
000220,유유제약,17500,17050,-450,-2.57,300190,5179550100
000225,유유제약1우,21800,20300,-1500,-6.88,321097,6740111350
000227,유유제약2우B,72800,72800,0,0.0,0,0
001200,유진투자증권,4040,3970,-70,-1.73,1118235,4492234240
000100,유한양행,66600,65200,-1400,-2.1,791432,52262335100
000105,유한양행우,71200,70000,-1200,-1.69,36427,2568005500
003460,유화증권,2225,2225,0,0.0,20758,46005970
003465,유화증권우,2625,2615,-10,-0.38,3502,8978090
008730,율촌화학,18150,17550,-600,-3.31,177623,3157084350
008250,이건산업,7910,7750,-160,-2.02,179505,1412723490
025820,이구산업,1520,1535,15,0.99,143717,220383490
214320,이노션,55500,55600,100,0.18,186051,10439323200
088260,이리츠코크렙,5340,5370,30,0.56,65771,355121250
139480,이마트,125500,122500,-3000,-2.39,495379,61720506000
007660,이수페타시스,4100,4900,800,19.51,9930886,47444966190
005950,이수화학,8450,8570,120,1.42,322268,2750598630
015020,이스타코,766,777,11,1.44,215690,167642112
093230,이아이디,245,246,1,0.41,4192429,1034182777
074610,이엔플러스,5200,5320,120,2.31,1581438,8456932200
102460,이연제약,22000,20300,-1700,-7.73,459465,9643942050
084680,이월드,3755,3840,85,2.26,695978,2672590835
350520,이지스레지던스리츠,4700,4740,40,0.85,100485,476854290
334890,이지스밸류리츠,4655,4705,50,1.07,167236,787260235
000760,이화산업,14650,15000,350,2.39,3668,54579500
014990,인디에프,1945,1920,-25,-1.29,483296,927906190
006490,인스코비,2185,2200,15,0.69,2233304,5010454430
023800,인지컨트롤스,7080,7710,630,8.9,15333197,118190060680
034590,인천도시가스,24750,24850,100,0.4,2469,61438050
129260,인터지스,2600,2840,240,9.23,3596112,10233848405
023810,인팩,4800,4795,-5,-0.1,17718,85151665
249420,일동제약,16100,16350,250,1.55,210932,3445861250
000230,일동홀딩스,9170,9500,330,3.6,97060,908475570
013360,일성건설,949,950,1,0.11,97114,92356539
003120,일성신약,84200,84800,600,0.71,5077,427557700
003200,일신방직,70400,69800,-600,-0.85,7311,514610600
007110,일신석재,2290,2330,40,1.75,986820,2274975080
007570,일양약품,84800,78900,-5900,-6.96,1309304,105654125000
007575,일양약품우,106000,98600,-7400,-6.98,37289,3722919500
008500,일정실업,11900,12150,250,2.1,883,10761950
081000,일진다이아,63000,60900,-2100,-3.33,538978,33586950800
020760,일진디스플,3095,3095,0,0.0,87715,271910535
020150,일진머티리얼즈,54200,54400,200,0.37,714758,39284300600
103590,일진전기,3000,3045,45,1.5,462110,1400160540
015860,일진홀딩스,6310,6090,-220,-3.49,1448130,8846793580
226320,잇츠한불,28100,29950,1850,6.58,2068891,63899588950
317400,자이에스앤디,7860,7690,-170,-2.16,301708,2344521580
033240,자화전자,11850,11850,0,0.0,408525,5010078700
000950,전방,27050,27150,100,0.37,7026,189415150
348950,제이알글로벌리츠,5010,4970,-40,-0.8,1030017,5114849480
194370,제이에스코퍼레이션,6850,7000,150,2.19,78348,553677240
025620,제이준코스메틱,2935,2935,0,0.0,648411,1920390670
036420,제이콘텐트리,32000,32900,900,2.81,334636,11042038050
030000,제일기획,19250,18800,-450,-2.34,762660,14447372950
271980,제일약품,54800,57300,2500,4.56,709849,40768671400
001560,제일연마,6630,6670,40,0.6,8515,56400050
002620,제일파마홀딩스,24550,24650,100,0.41,180961,4530029050
006220,제주은행,3190,3185,-5,-0.16,26306,83888250
089590,제주항공,15650,15550,-100,-0.64,162356,2509199700
004910,조광페인트,5650,5810,160,2.83,36804,213192730
004700,조광피혁,51100,52000,900,1.76,3239,169604600
001550,조비,25000,24850,-150,-0.6,149973,3741050150
000480,조선내화,72600,72900,300,0.41,2504,183526900
120030,조선선재,108000,109500,1500,1.39,33156,3715353000
018470,조일알미늄,631,651,20,3.17,2597160,1753201743
002600,조흥,152500,154000,1500,0.98,226,34733500
185750,종근당,173000,170000,-3000,-1.73,226139,39421724000
063160,종근당바이오,52600,51000,-1600,-3.04,369454,19362715300
001630,종근당홀딩스,123000,121500,-1500,-1.22,29651,3633402000
044380,주연테크,1135,1165,30,2.64,675072,789075645
013890,지누스,87800,88000,200,0.23,73267,6479767000
013870,지엠비코리아,5280,5940,660,12.5,9544417,58546831570
071320,지역난방공사,35000,34850,-150,-0.43,19528,683092100
010580,지코,306,306,0,0.0,0,0
035000,지투알,5280,5200,-80,-1.52,44359,231410800
088790,진도,2905,2995,90,3.1,460498,1342868910
003780,진양산업,3690,3785,95,2.57,487877,1828634455
010640,진양폴리,2900,2910,10,0.34,66008,192517545
100250,진양홀딩스,2415,2415,0,0.0,85217,205901065
051630,진양화학,3545,3725,180,5.08,264768,969919225
272450,진에어,10050,9950,-100,-1.0,252414,2508661120
011000,진원생명과학,8430,9080,650,7.71,3539854,31591581740
002780,진흥기업,2360,2335,-25,-1.06,154894,359554660
002787,진흥기업2우B,15550,15350,-200,-1.29,10315,159321650
002785,진흥기업우B,5860,5880,20,0.34,12047,70536810
009310,참엔지니어링,1355,1405,50,3.69,275386,380932580
000650,천일고속,63700,64600,900,1.41,7163,468332500
012600,청호컴넷,8000,8010,10,0.13,241549,1946735240
033250,체시스,3235,3080,-155,-4.79,1892924,5886561340
035720,카카오,354000,360500,6500,1.84,1117859,403458217500
006380,카프로,2705,2725,20,0.74,186315,505086545
109070,컨버즈,4100,4100,0,0.0,0,0
001620,케이비아이동국실업,610,614,4,0.66,146390,90124724
029460,케이씨,22000,22000,0,0.0,62988,1395808150
344820,케이씨씨글라스,32800,32800,0,0.0,80112,2630646400
281820,케이씨텍,21450,21400,-50,-0.23,115815,2507207500
145270,케이탑리츠,756,758,2,0.26,119224,90477794
007815,코리아써우,5610,5580,-30,-0.53,7457,41582300
007810,코리아써키트,14550,14450,-100,-0.69,277627,4040030250
00781K,코리아써키트2우B,6970,6840,-130,-1.87,7425,50906610
152330,코리아오토글라스,14950,15200,250,1.67,138308,2122239100
003690,코리안리,7310,7440,130,1.78,987209,7306540500
192820,코스맥스,98100,101000,2900,2.96,830092,84860325300
044820,코스맥스비티아이,23350,23500,150,0.64,248801,6054040400
005070,코스모신소재,15850,15750,-100,-0.63,1010194,16044530950
005420,코스모화학,12000,11300,-700,-5.83,1986517,23256638600
071950,코아스,1115,1130,15,1.35,309319,347720110
002020,코오롱,20800,20500,-300,-1.44,78969,1654197650
003070,코오롱글로벌,12450,12200,-250,-2.01,256010,3149478500
003075,코오롱글로벌우,25600,25900,300,1.17,13150,340176550
144620,코오롱머티리얼,2955,3065,110,3.72,1750825,5397822845
002025,코오롱우,12850,13050,200,1.56,9196,119774050
120110,코오롱인더,36600,36050,-550,-1.5,246086,8971494950
120115,코오롱인더우,19700,19600,-100,-0.51,24742,488515300
138490,코오롱플라스틱,4770,4820,50,1.05,300535,1457999265
021240,코웨이,88700,85300,-3400,-3.83,334010,28767584600
031820,콤텍시스템,1200,1200,0,0.0,554758,667516025
192400,쿠쿠홀딩스,87200,87400,200,0.23,11145,983026000
284740,쿠쿠홈시스,42500,41500,-1000,-2.35,60006,2519872600
015590,큐로,608,638,30,4.93,3133421,1981747153
264900,크라운제과,8740,8930,190,2.17,48328,427102750
26490K,크라운제과우,9400,9530,130,1.38,14593,138088360
005740,크라운해태홀딩스,8550,8590,40,0.47,73804,634936460
005745,크라운해태홀딩스우,12350,12650,300,2.43,13745,173781250
020120,키다리스튜디오,7790,7800,10,0.13,95974,752534110
039490,키움증권,113000,113000,0,0.0,156915,17813517500
012170,키위미디어그룹,150,150,0,0.0,0,0
014580,태경비케이,3990,4010,20,0.5,642979,2603527320
015890,태경산업,4920,4950,30,0.61,53671,264451585
006890,태경케미컬,8140,8200,60,0.74,500970,4127639250
003240,태광산업,714000,708000,-6000,-0.84,1919,1367782000
011280,태림포장,3605,3645,40,1.11,581110,2106917050
004100,태양금속,1085,1105,20,1.84,325364,355894845
004105,태양금속우,3775,3895,120,3.18,195777,754474265
009410,태영건설,19550,18550,-1000,-5.12,1280605,24201381000
009415,태영건설우,24150,23750,-400,-1.66,258324,6186944000
001420,태원물산,3450,3435,-15,-0.43,9206,31764540
007980,태평양물산,1715,1715,0,0.0,538238,924687100
055490,테이팩스,25550,25800,250,0.98,97941,2585422050
078000,텔코웨어,12650,12600,-50,-0.4,12317,155980050
214420,토니모리,10800,10950,150,1.39,717719,8090950450
019180,티에이치엔,2655,2740,85,3.2,509409,1394669985
091810,티웨이항공,3005,2960,-45,-1.5,279210,820202440
004870,티웨이홀딩스,1075,1075,0,0.0,430885,457864840
005690,파미셀,21800,21950,150,0.69,2398412,52454276000
036580,팜스코,6230,6230,0,0.0,199721,1243513760
028670,팬오션,3745,3820,75,2.0,4597684,17452440970
010820,퍼스텍,2125,2155,30,1.41,2014290,4445879305
016800,퍼시스,28500,28500,0,0.0,753,21505300
001020,페이퍼코리아,1685,1735,50,2.97,173511,298428105
090080,평화산업,1185,1200,15,1.27,366624,443115325
010770,평화홀딩스,3070,3145,75,2.44,64508,204650070
058430,포스코강판,13500,13700,200,1.48,112565,1528302450
047050,포스코인터내셔널,14600,15000,400,2.74,658897,9811302550
003670,포스코케미칼,95200,98000,2800,2.94,1432117,141470786700
007630,폴루스바이오팜,1225,1225,0,0.0,0,0
017810,풀무원,19850,19700,-150,-0.76,156350,3085164150
103140,풍산,25050,25100,50,0.2,315597,7844741050
005810,풍산홀딩스,27300,27300,0,0.0,89791,2394778300
033180,필룩스,3420,3525,105,3.07,2596930,9097536100
086790,하나금융지주,31900,31950,50,0.16,2544845,80554048100
293480,하나제약,25250,25250,0,0.0,207584,5246945400
039130,하나투어,41500,41950,450,1.08,424112,17709841550
172580,하이골드12호,2055,2055,0,0.0,24379,49752685
153360,하이골드3호,1335,1340,5,0.37,2010,2673410
071090,하이스틸,16900,16950,50,0.3,4383,74705800
019490,하이트론,2840,3020,180,6.34,141069,424258325
000080,하이트진로,44950,44100,-850,-1.89,803274,35784453100
000087,하이트진로2우B,23200,23100,-100,-0.43,6245,145426200
000140,하이트진로홀딩스,21800,21500,-300,-1.38,37338,807742900
000145,하이트진로홀딩스우,19150,18950,-200,-1.04,4373,82664300
152550,한국ANKOR유전,1695,1700,5,0.29,46802,79214960
036460,한국가스공사,26450,26600,150,0.57,438258,11640085150
005430,한국공항,35150,34950,-200,-0.57,14191,495391050
071050,한국금융지주,63900,62900,-1000,-1.56,735297,46514736900
071055,한국금융지주우,49700,49700,0,0.0,80715,4029298750
010040,한국내화,3425,3425,0,0.0,143897,497073440
025540,한국단자,47850,52100,4250,8.88,242066,12255705600
004090,한국석유,100500,101500,1000,1.0,6193,623790700
002200,한국수출포장,18850,19300,450,2.39,14693,281526850
002960,한국쉘석유,238500,239500,1000,0.42,4893,1173555000
123890,한국자산신탁,3105,3165,60,1.93,750066,2344579555
015760,한국전력,20700,21550,850,4.11,12573404,266725090250
006200,한국전자홀딩스,541,561,20,3.7,105977,59174512
009540,한국조선해양,92100,90300,-1800,-1.95,438141,40076820400
023350,한국종합기술,4035,4010,-25,-0.62,48128,193760235
025890,한국주강,1375,1430,55,4.0,44287,61997615
000970,한국주철관,9230,9330,100,1.08,199756,1857882870
104700,한국철강,4550,4480,-70,-1.54,524591,2354149580
017960,한국카본,8540,8640,100,1.17,975623,8420826390
161890,한국콜마,52400,51800,-600,-1.15,449762,23390834800
024720,한국콜마홀딩스,31600,31500,-100,-0.32,217962,6952132300
161390,한국타이어앤테크놀로지,31750,33100,1350,4.25,711305,22975985300
000240,한국테크놀로지그룹,13950,13700,-250,-1.79,561229,7743254900
034830,한국토지신탁,1760,1740,-20,-1.14,1891675,3313078835
007280,한국특수형강,1530,1570,40,2.61,539000,843953795
168490,한국패러랠,1950,1950,0,0.0,42197,82147770
010100,한국프랜지,2440,2565,125,5.12,1754217,4464838605
047810,한국항공우주,25050,24950,-100,-0.4,614546,15374024900
123690,한국화장품,14650,14650,0,0.0,2138161,32397488150
003350,한국화장품제조,43400,44350,950,2.19,865623,40103997200
011500,한농화성,5710,5570,-140,-2.45,164533,922455460
002390,한독,35650,35500,-150,-0.42,168462,5995055700
014790,한라,3920,3850,-70,-1.79,158874,616341685
060980,한라홀딩스,31000,30850,-150,-0.48,116523,3568975800
053690,한미글로벌,8660,8730,70,0.81,109962,954368290
042700,한미반도체,11700,11400,-300,-2.56,892239,10409653700
008930,한미사이언스,62900,65700,2800,4.45,1069341,69038889300
128940,한미약품,321500,313500,-8000,-2.49,174411,55212510000
009240,한샘,102500,101500,-1000,-0.98,136593,14075785500
020000,한섬,33800,33900,100,0.3,226409,7671786250
003680,한성기업,15450,15800,350,2.27,210846,3299808000
105630,한세실업,12750,13150,400,3.14,542774,7142775900
069640,한세엠케이,2750,2845,95,3.45,251396,735602665
016450,한세예스24홀딩스,4145,4185,40,0.97,98018,413289260
010420,한솔PNS,1495,1545,50,3.34,464732,730240175
009180,한솔로지스틱스,2180,2230,50,2.29,1288463,2866698015
213500,한솔제지,14150,14050,-100,-0.71,200277,2823301100
014680,한솔케미칼,162500,161000,-1500,-0.92,142217,22938801000
004710,한솔테크닉스,9660,9580,-80,-0.83,707462,6875043690
004150,한솔홀딩스,3525,3570,45,1.28,885943,3117404525
025750,한솔홈데코,1180,1180,0,0.0,2348978,2821798860
004960,한신공영,15300,15250,-50,-0.33,78229,1181492300
011700,한신기계,1350,1370,20,1.48,83019,113505635
001750,한양증권,9430,9730,300,3.18,204833,2013856960
001755,한양증권우,13950,13350,-600,-4.3,40103,539063600
018880,한온시스템,12000,12750,750,6.25,16273756,212735081450
009420,한올바이오파마,30100,30100,0,0.0,243951,7372770050
014130,한익스프레스,4730,4800,70,1.48,98611,469201985
300720,한일시멘트,89700,90200,500,0.56,3726,333150800
002220,한일철강,1780,1785,5,0.28,42652,75629770
006390,한일현대시멘트,31800,31750,-50,-0.16,45447,1433572200
003300,한일홀딩스,46400,46150,-250,-0.54,1370,63333000
051600,한전KPS,31100,31000,-100,-0.32,260262,8045409200
052690,한전기술,17350,17500,150,0.86,91126,1581209800
130660,한전산업,3365,3375,10,0.3,40134,135171900
002320,한진,44300,45300,1000,2.26,133411,5966391500
097230,한진중공업,6450,6700,250,3.88,838840,5701762600
003480,한진중공업홀딩스,3485,3360,-125,-3.59,1267931,4206817635
180640,한진칼,83000,83800,800,0.96,166287,13888750400
18064K,한진칼우,54500,53300,-1200,-2.2,49616,2690058400
005110,한창,1435,1445,10,0.7,437009,629296800
009460,한창제지,1985,2020,35,1.76,1005035,2015013300
000880,한화,26150,25850,-300,-1.15,914835,23889818400
00088K,한화3우B,12500,12600,100,0.8,171730,2161768100
088350,한화생명,1630,1645,15,0.92,28304047,46925585540
000370,한화손해보험,3270,3310,40,1.22,2549322,8484239370
009830,한화솔루션,32350,32300,-50,-0.15,2490928,81057586650
009835,한화솔루션우,30700,30000,-700,-2.28,139230,4259974050
272210,한화시스템,10650,10550,-100,-0.94,926615,9871633900
012450,한화에어로스페이스,26950,27100,150,0.56,765699,20611699450
000885,한화우,59700,61000,1300,2.18,84774,5190869500
003530,한화투자증권,1975,1960,-15,-0.76,919912,1805997560
003535,한화투자증권우,2925,2965,40,1.37,217514,640143555
195870,해성디에스,20750,20700,-50,-0.24,309220,6455703150
101530,해태제과식품,8480,8790,310,3.66,200894,1768484380
143210,핸즈코퍼레이션,6620,6570,-50,-0.76,48736,322951460
000720,현대건설,36550,36100,-450,-1.23,1307133,47375268950
267270,현대건설기계,26050,25550,-500,-1.92,221729,5721154600
000725,현대건설우,250000,247000,-3000,-1.2,7537,1855622500
005440,현대그린푸드,8030,8210,180,2.24,1866179,15242086040
086280,현대글로비스,125500,123000,-2500,-1.99,218568,27337716500
064350,현대로템,16050,16000,-50,-0.31,4192564,66975458300
079430,현대리바트,18200,18200,0,0.0,403050,7373658550
012330,현대모비스,229500,228000,-1500,-0.65,983401,227829427500
010620,현대미포조선,33100,32500,-600,-1.81,251530,8256685400
069960,현대백화점,64800,62700,-2100,-3.24,452456,28314337900
004560,현대비앤지스틸,8010,7800,-210,-2.62,116025,917863270
004565,현대비앤지스틸우,84900,82300,-2600,-3.06,6941,575736600
011760,현대상사,14900,14600,-300,-2.01,96993,1420615750
004310,현대약품,6140,6110,-30,-0.49,699537,4302180610
322000,현대에너지솔루션,34050,33850,-200,-0.59,348833,11779397500
126560,현대에이치씨엔,4060,4100,40,0.99,233453,955660795
017800,현대엘리베이,46050,46100,50,0.11,304944,14144703850
307950,현대오토에버,44400,43650,-750,-1.69,384151,16549766100
011210,현대위아,46700,46150,-550,-1.18,738044,34642903450
267260,현대일렉트릭,11800,12200,400,3.39,1095364,13145232650
004020,현대제철,28500,28150,-350,-1.23,1827188,51789191050
267250,현대중공업지주,258500,253000,-5500,-2.13,71314,18252451500
005380,현대차,172000,170000,-2000,-1.16,3997431,685908473000
005387,현대차2우B,88900,88300,-600,-0.67,271475,24208080800
005389,현대차3우B,80700,79800,-900,-1.12,44180,3570839500
005385,현대차우,89200,89500,300,0.34,264171,23622439700
001500,현대차증권,10400,10300,-100,-0.96,122571,1267743100
227840,현대코퍼레이션홀딩스,10400,10500,100,0.96,34777,364350150
001450,현대해상,24450,24500,50,0.2,463583,11447617400
057050,현대홈쇼핑,62900,64300,1400,2.23,60896,3909925800
093240,형지엘리트,1680,1795,115,6.85,24841514,47566332340
003010,혜인,5250,5280,30,0.57,445303,2394218970
111110,호전실업,8660,8710,50,0.58,49612,435092630
008770,호텔신라,77300,78700,1400,1.81,1983414,154579827200
008775,호텔신라우,67500,67900,400,0.59,67066,4544272900
002460,화성산업,12350,12450,100,0.81,110887,1363242150
013520,화승알앤에이,1745,1745,0,0.0,115647,201754625
241590,화승엔터프라이즈,13050,12750,-300,-2.3,489082,6277192850
006060,화승인더,7540,7420,-120,-1.59,636650,4717421150
010690,화신,2530,2610,80,3.16,408137,1064412440
133820,화인베스틸,2580,2625,45,1.74,170654,444059060
010660,화천기계,3825,3720,-105,-2.75,1780510,6690504625
000850,화천기공,33100,32900,-200,-0.6,5638,184857300
016580,환인제약,15850,15600,-250,-1.58,76941,1216639600
032560,황금에스티,7500,7230,-270,-3.6,715827,5262409440
004800,효성,72300,72500,200,0.28,104243,7540189400
094280,효성ITX,28100,28700,600,2.14,30468,866033200
298040,효성중공업,44550,44800,250,0.56,206791,9346650700
298050,효성첨단소재,151000,148500,-2500,-1.66,161641,24639276500
298020,효성티앤씨,114000,116000,2000,1.75,25919,2979837500
298000,효성화학,113000,113500,500,0.44,18975,2154591500
093370,후성,8700,8850,150,1.72,2663415,23803962860
081660,휠라홀딩스,33700,33700,0,0.0,377863,12748970650
005870,휴니드,6700,6830,130,1.94,1239249,8659971030
079980,휴비스,7360,7460,100,1.36,1617086,12355816720
005010,휴스틸,7150,7200,50,0.7,35347,254655600
069260,휴켐스,16850,16750,-100,-0.59,244219,4119672350
000540,흥국화재,2280,2320,40,1.75,64545,150085770
000547,흥국화재2우B,23900,24250,350,1.46,4218,102109050
000545,흥국화재우,6040,5960,-80,-1.32,14258,85230540
003280,흥아해운,258,258,0,0.0,0,0
