티커,종목명,시가,종가,변동폭,등락률,거래량,거래대금
095570,AJ네트웍스,3180,3075,-105,-3.3,157166,484429870
006840,AK홀딩스,17850,17300,-550,-3.08,31784,556205050
027410,BGF,4140,4060,-80,-1.93,194837,794414520
282330,BGF리테일,119500,116000,-3500,-2.93,43916,5157210000
138930,BNK금융지주,5100,5020,-80,-1.57,1041367,5251331490
001460,BYC,223000,218500,-4500,-2.02,291,63932500
001465,BYC우,126000,122500,-3500,-2.78,1407,170845000
001040,CJ,83300,81900,-1400,-1.68,84465,6918598100
079160,CJCGV,23050,22000,-1050,-4.56,430307,9607516500
00104K,CJ4우전환,58600,57200,-1400,-2.39,21097,1208908100
000120,CJ대한통운,177000,168500,-8500,-4.8,123811,21094853500
011150,CJ씨푸드,4700,4490,-210,-4.47,1062549,4830041025
011155,CJ씨푸드1우,50500,46800,-3700,-7.33,10154,478624250
001045,CJ우,47200,46200,-1000,-2.12,7542,349633150
097950,CJ제일제당,387500,380500,-7000,-1.81,63034,24205162500
097955,CJ제일제당우,160500,154500,-6000,-3.74,19225,3012510500
000590,CS홀딩스,54700,53900,-800,-1.46,1520,81744600
012030,DB,700,690,-10,-1.43,887437,615604759
016610,DB금융투자,3785,3690,-95,-2.51,156514,581264455
005830,DB손해보험,44900,44350,-550,-1.22,143659,6439647950
000990,DB하이텍,37000,35550,-1450,-3.92,795335,28648879300
000995,DB하이텍1우,157000,153000,-4000,-2.55,33254,5114659500
139130,DGB금융지주,5400,5280,-120,-2.22,1080087,5721235860
001530,DI동일,89900,92500,2600,2.89,68571,6338521200
004840,DRB동일,6800,6460,-340,-5.0,115327,752565320
155660,DSR,5670,5500,-170,-3.0,440850,2401554770
069730,DSR제강,4540,4340,-200,-4.41,149188,653218785
017940,E1,47000,45200,-1800,-3.83,24821,1133798200
007700,FF,85900,84800,-1100,-1.28,59684,5141617800
114090,GKL,12500,12100,-400,-3.2,392331,4793051500
078930,GS,32700,32000,-700,-2.14,336048,10793919500
006360,GS건설,25050,24350,-700,-2.79,552397,13519059350
001250,GS글로벌,1710,1655,-55,-3.22,206981,344662030
007070,GS리테일,33200,32250,-950,-2.86,211696,6883819650
078935,GS우,29350,29100,-250,-0.85,12436,361499250
012630,HDC,10700,10400,-300,-2.8,662130,6957584050
039570,HDC아이콘트롤스,9900,9450,-450,-4.55,129216,1222144230
089470,HDC현대EP,5470,5450,-20,-0.37,378544,2041189190
294870,HDC현대산업개발,22200,21300,-900,-4.05,795343,17121678700
011200,HMM,7410,7100,-310,-4.18,5461917,39141223600
082740,HSD엔진,5130,4890,-240,-4.68,580446,2866921415
003560,IHQ,1490,1415,-75,-5.03,752469,1077104900
175330,JB금융지주,4645,4530,-115,-2.48,294182,1345589550
234080,JW생명과학,19550,19100,-450,-2.3,124973,2399872900
001060,JW중외제약,38200,36150,-2050,-5.37,352656,13037397950
001067,JW중외제약2우B,106000,99500,-6500,-6.13,10685,1077300600
001065,JW중외제약우,79700,74900,-4800,-6.02,10277,785139100
096760,JW홀딩스,6200,5950,-250,-4.03,556324,3353574300
105560,KB금융,37650,37450,-200,-0.53,1538136,57706591200
002380,KCC,150500,145000,-5500,-3.65,78208,11381638500
009070,KCTC,2295,2260,-35,-1.53,261144,591005070
009440,KC그린홀딩스,3845,3705,-140,-3.64,98156,365888320
119650,KC코트렐,6380,6090,-290,-4.55,361362,2201918430
092220,KEC,1465,1550,85,5.8,109979996,172953079645
016380,KG동부제철,12100,11150,-950,-7.85,323009,3606188450
016385,KG동부제철우,138000,135000,-3000,-2.17,2461,324449500
001390,KG케미칼,21900,20500,-1400,-6.39,356479,7476002700
001940,KISCO홀딩스,11950,11750,-200,-1.67,8756,102586450
025000,KPX케미칼,47800,46300,-1500,-3.14,5284,247704250
092230,KPX홀딩스,44400,43150,-1250,-2.82,4211,182192650
000040,KR모터스,775,729,-46,-5.94,1240304,911166657
044450,KSS해운,9100,8710,-390,-4.29,71054,626637970
030200,KT,23300,22800,-500,-2.15,1396530,32098852650
033780,KTG,83200,82100,-1100,-1.32,345714,28548276500
030210,KTB투자증권,2560,2480,-80,-3.13,243948,608179965
058850,KTcs,2025,1970,-55,-2.72,578265,1139937235
058860,KTis,2435,2355,-80,-3.29,200467,476641185
093050,LF,13300,12950,-350,-2.63,152912,1993453850
003550,LG,77200,74600,-2600,-3.37,295013,22254245908
034220,LG디스플레이,16250,15700,-550,-3.38,2479103,39546464500
001120,LG상사,16350,15700,-650,-3.98,262411,4175943600
051900,LG생활건강,1497000,1473000,-24000,-1.6,22655,33609498000
051905,LG생활건강우,714000,705000,-9000,-1.26,1490,1052633000
003555,LG우,51500,50600,-900,-1.75,9617,487628100
032640,LG유플러스,11500,11350,-150,-1.3,1645768,18656055050
011070,LG이노텍,157500,155000,-2500,-1.59,157282,24599026500
066570,LG전자,90900,88900,-2000,-2.2,1054942,94000527400
066575,LG전자우,33300,32650,-650,-1.95,113461,3705697000
108670,LG하우시스,58200,56200,-2000,-3.44,58253,3294806900
108675,LG하우시스우,26800,25550,-1250,-4.66,19254,499974750
037560,LG헬로비전,4000,3885,-115,-2.88,230250,902859335
051910,LG화학,627000,639000,12000,1.91,1209481,780315760000
051915,LG화학우,293500,299500,6000,2.04,132290,39660304000
079550,LIG넥스원,34550,32450,-2100,-6.08,153546,5069987750
006260,LS,56000,53500,-2500,-4.46,378464,20335011500
010120,LSELECTRIC,58500,55300,-3200,-5.47,227533,12750395500
000680,LS네트웍스,2215,2100,-115,-5.19,78370,166425745
229640,LS전선아시아,7520,7150,-370,-4.92,351868,2539221370
023150,MH에탄올,7860,7630,-230,-2.93,106971,817112470
035420,NAVER,292000,284500,-7500,-2.57,864846,247453709000
181710,NHN,76300,73500,-2800,-3.67,135059,9992400000
005940,NH투자증권,9200,9040,-160,-1.74,1297472,11735431130
005945,NH투자증권우,8100,7900,-200,-2.47,183579,1456513880
338100,NH프라임리츠,4250,4250,0,0.0,53141,225505315
034310,NICE,18700,18400,-300,-1.6,23810,439297000
008260,NI스틸,2185,2150,-35,-1.6,484778,1064612470
004250,NPC,3230,3150,-80,-2.48,49454,155584540
004255,NPC우,2210,2210,0,0.0,13595,29826705
010060,OCI,60000,58000,-2000,-3.33,349725,20426854200
005490,POSCO,191000,194500,3500,1.83,953120,187171215000
100840,STC,15400,14950,-450,-2.92,21661,323817750
064960,ST모티브,51800,50500,-1300,-2.51,56254,2838457900
003570,ST중공업,5170,5010,-160,-3.09,198618,997774110
036530,ST홀딩스,14950,14550,-400,-2.68,11807,171871600
010950,S-Oil,53800,51800,-2000,-3.72,629371,32832761800
010955,S-Oil우,32300,31300,-1000,-3.1,25383,795666600
034120,SBS,14850,14550,-300,-2.02,101422,1486401650
101060,SBS미디어홀딩스,1855,1800,-55,-2.96,271768,491503480
004060,SG세계물산,594,570,-24,-4.04,1488868,857792036
001380,SG충방,1810,1765,-45,-2.49,512674,904114900
002360,SH에너지화학,817,791,-26,-3.18,1958708,1565877571
009160,SIMPAC,2420,2360,-60,-2.48,66759,157830790
123700,SJM,2535,2500,-35,-1.38,66128,164634225
025530,SJM홀딩스,2600,2575,-25,-0.96,6947,17804885
034730,SK,207500,200500,-7000,-3.37,226004,45814713000
011790,SKC,89100,87200,-1900,-2.13,290127,25473529900
018670,SK가스,101000,99900,-1100,-1.09,28104,2803687600
001740,SK네트웍스,4980,4860,-120,-2.41,626758,3080215120
001745,SK네트웍스우,164500,154500,-10000,-6.08,2419,380986500
006120,SK디스커버리,68200,64300,-3900,-5.72,327245,21181136800
006125,SK디스커버리우,55500,50700,-4800,-8.65,60116,3103690200
210980,SK디앤디,45150,43400,-1750,-3.88,269301,11690099900
068400,SK렌터카,8850,8540,-310,-3.5,250065,2158436650
326030,SK바이오팜,167500,164500,-3000,-1.79,191073,31501733000
03473K,SK우,206500,200000,-6500,-3.15,11173,2253005000
096770,SK이노베이션,157500,151000,-6500,-4.13,801039,122773332500
096775,SK이노베이션우,131000,125500,-5500,-4.2,36141,4543428000
001510,SK증권,718,697,-21,-2.92,5558036,3903627303
001515,SK증권우,5600,5250,-350,-6.25,199114,1059940810
285130,SK케미칼,316500,305000,-11500,-3.63,409995,125578236000
28513K,SK케미칼우,164000,151000,-13000,-7.93,84726,13008513500
017670,SK텔레콤,240500,237500,-3000,-1.25,236983,56398085000
000660,SK하이닉스,84500,81300,-3200,-3.79,4139983,340340683784
005610,SPC삼립,61600,60300,-1300,-2.11,12888,781355400
011810,STX,5740,5450,-290,-5.05,78539,431490490
077970,STX엔진,6330,6100,-230,-3.63,34798,214269290
071970,STX중공업,4145,3935,-210,-5.07,582072,2308314080
084870,TBH글로벌,1625,1595,-30,-1.85,54027,86869400
002710,TCC스틸,3420,4150,730,21.35,31170464,124014552550
024070,WISCOM,2290,2230,-60,-2.62,22267,49856575
037270,YGPLUS,6900,6950,50,0.72,2994623,20697748790
000500,가온전선,22150,20700,-1450,-6.55,80716,1679502850
000860,강남제비스코,15800,15550,-250,-1.58,9244,143674350
035250,강원랜드,21200,20950,-250,-1.18,536304,11269409950
011420,갤럭시아에스엠,1400,1370,-30,-2.14,147498,203191430
002100,경농,14600,13600,-1000,-6.85,259135,3610986350
009450,경동나비엔,54700,53900,-800,-1.46,76559,4108897200
267290,경동도시가스,20400,18600,-1800,-8.82,104718,1985589950
012320,경동인베스트,29300,27950,-1350,-4.61,11117,310169150
000050,경방,10750,10400,-350,-3.26,36960,385409650
214390,경보제약,11250,10550,-700,-6.22,313814,3357636750
012610,경인양행,7690,7340,-350,-4.55,716114,5323059100
009140,경인전자,21650,21100,-550,-2.54,2035,43031500
013580,계룡건설,20900,20000,-900,-4.31,108485,2167279700
012200,계양전기,3295,3180,-115,-3.49,415395,1322176510
012205,계양전기우,8990,8690,-300,-3.34,77944,675167510
002140,고려산업,3600,3385,-215,-5.97,547110,1890991815
010130,고려아연,388500,377500,-11000,-2.83,55399,20927922000
002240,고려제강,14000,13850,-150,-1.07,38319,527364050
009290,광동제약,9850,9360,-490,-4.97,639115,6074067630
017040,광명전기,1850,1810,-40,-2.16,298306,540506120
017900,광전자,2180,2105,-75,-3.44,190511,406465125
037710,광주신세계,149500,150000,500,0.33,1830,271504000
030610,교보증권,6570,6430,-140,-2.13,156154,1009039590
007690,국도화학,44600,43000,-1600,-3.59,23712,1030592400
005320,국동,4350,4150,-200,-4.6,2489176,10352730085
001140,국보,2420,2345,-75,-3.1,1397479,3214620770
002720,국제약품,11400,11150,-250,-2.19,495608,5470825450
083420,그린케미칼,3960,3865,-95,-2.4,34571,133032170
014530,극동유화,3130,3130,0,0.0,202719,631202830
014280,금강공업,4030,4000,-30,-0.74,182183,733528190
014285,금강공업우,16950,15800,-1150,-6.78,156749,2460396600
008870,금비,56500,56200,-300,-0.53,844,47313800
001570,금양,4920,5030,110,2.24,550260,2684324600
002990,금호산업,6840,6700,-140,-2.05,141069,951274610
002995,금호산업우,37100,35350,-1750,-4.72,6836,246089550
011780,금호석유,100500,98600,-1900,-1.89,159517,15939059500
011785,금호석유우,40000,38850,-1150,-2.88,17467,683065600
214330,금호에이치티,4040,3970,-70,-1.73,5105593,20380545550
001210,금호전기,4575,4690,115,2.51,238829,1103911365
073240,금호타이어,4010,3780,-230,-5.74,873504,3353243535
092440,기신정기,3525,3400,-125,-3.55,162284,554728055
000270,기아차,48450,46300,-2150,-4.44,2512697,117331664900
024110,기업은행,8000,7880,-120,-1.5,2091223,16538371550
013700,까뮤이앤씨,1265,1205,-60,-4.74,1263885,1537322565
004540,깨끗한나라,4580,4390,-190,-4.15,287222,1275782330
004545,깨끗한나라우,28000,26050,-1950,-6.96,13266,348162700
001260,남광토건,10200,9960,-240,-2.35,55576,556575210
008350,남선알미늄,5280,5080,-200,-3.79,3629902,18712520330
008355,남선알미우,70900,67200,-3700,-5.22,14990,1021979900
004270,남성,2715,2590,-125,-4.6,413025,1082916175
003920,남양유업,268500,261500,-7000,-2.61,4321,1138162500
003925,남양유업우,163500,159500,-4000,-2.45,1164,182713500
025860,남해화학,8420,8110,-310,-3.68,222095,1812927550
005720,넥센,4130,3990,-140,-3.39,61096,245971240
005725,넥센우,3065,2950,-115,-3.75,30868,91838635
002350,넥센타이어,6020,5710,-310,-5.15,1209636,7034796060
002355,넥센타이어1우B,2400,2325,-75,-3.13,27851,65006640
003580,넥스트사이언스,6560,6080,-480,-7.32,825617,5139762490
251270,넷마블,188000,181000,-7000,-3.72,626845,114437782500
090350,노루페인트,7220,7060,-160,-2.22,104952,743405110
090355,노루페인트우,15000,13950,-1050,-7.0,34404,487620750
000320,노루홀딩스,9230,9010,-220,-2.38,10359,93696730
000325,노루홀딩스우,18950,17950,-1000,-5.28,1849,33392150
006280,녹십자,253500,238000,-15500,-6.11,183811,44203700500
005250,녹십자홀딩스,25350,24050,-1300,-5.13,181572,4425379500
005257,녹십자홀딩스2우,161500,150000,-11500,-7.12,12962,1977695500
004370,농심,331000,322000,-9000,-2.72,22653,7363774500
072710,농심홀딩스,76900,76000,-900,-1.17,3044,230911800
058730,다스코,5820,5460,-360,-6.19,287162,1612197200
023590,다우기술,22450,21850,-600,-2.67,464400,10110606000
019680,대교,3940,3900,-40,-1.02,82390,322662250
019685,대교우B,2585,2580,-5,-0.19,77204,196597955
006370,대구백화점,8120,7360,-760,-9.36,36586,280381540
008060,대덕,6370,6130,-240,-3.77,302378,1864424930
00806K,대덕1우,7010,7070,60,0.86,83767,591047260
353200,대덕전자,11100,10700,-400,-3.6,1340670,14213683100
35320K,대덕전자1우,7330,7070,-260,-3.55,56516,400338720
000490,대동공업,6890,6500,-390,-5.66,399769,2681797010
008110,대동전자,4260,4290,30,0.7,16893,71448685
005750,대림BCo,4820,4820,0,0.0,22835,108374375
001880,대림건설,24850,24550,-300,-1.21,64897,1577979250
000210,대림산업,82400,79300,-3100,-3.76,414481,33038557000
000215,대림산업우,43100,40750,-2350,-5.45,38216,1578505950
006570,대림통상,4045,4000,-45,-1.11,5020,19829325
001680,대상,27150,26100,-1050,-3.87,269158,7120976050
001685,대상우,17500,17150,-350,-2.0,5807,100456300
084690,대상홀딩스,10100,9930,-170,-1.68,276498,2765249110
084695,대상홀딩스우,8620,8410,-210,-2.44,13251,112368240
128820,대성산업,3435,3300,-135,-3.93,162450,540421535
117580,대성에너지,5320,5180,-140,-2.63,84571,440189640
016710,대성홀딩스,18350,17950,-400,-2.18,104688,1878801450
003540,대신증권,10900,10800,-100,-0.92,192861,2125836050
003547,대신증권2우B,9280,9200,-80,-0.86,60714,581259680
003545,대신증권우,9550,9480,-70,-0.73,149061,1434845800
009190,대양금속,3725,3520,-205,-5.5,827894,2962166250
014160,대영포장,1140,1100,-40,-3.51,3883432,4354540455
047040,대우건설,2885,2850,-35,-1.21,1722958,4912314225
009320,대우부품,2975,2930,-45,-1.51,2085161,5962468420
042660,대우조선해양,23400,22550,-850,-3.63,297628,6755601750
003090,대웅,30250,28850,-1400,-4.63,607921,18019319750
069620,대웅제약,115000,110500,-4500,-3.91,157766,17989988500
000430,대원강업,3840,4145,305,7.94,8933342,38830857775
006340,대원전선,1010,979,-31,-3.07,904215,890890265
006345,대원전선우,3785,3545,-240,-6.34,175702,629609405
003220,대원제약,22100,20900,-1200,-5.43,525950,11122873550
024890,대원화성,1680,1635,-45,-2.68,88749,144483125
002880,대유에이텍,820,803,-17,-2.07,637217,517689160
000300,대유플러스,832,808,-24,-2.88,2985753,2445507111
012800,대창,1100,1070,-30,-2.73,768074,828425820
015230,대창단조,33600,32000,-1600,-4.76,36357,1177933850
001070,대한방직,34050,33850,-200,-0.59,18861,638668450
006650,대한유화,157000,149000,-8000,-5.1,75646,11417261500
001440,대한전선,805,781,-24,-2.98,5460223,4280773653
084010,대한제강,6860,6680,-180,-2.62,32406,217308200
001790,대한제당,18200,18600,400,2.2,43283,797617050
001795,대한제당우,13800,13300,-500,-3.62,9950,131571600
001130,대한제분,158000,154500,-3500,-2.22,12390,1906621000
003490,대한항공,18850,18400,-450,-2.39,1277582,23592032400
003495,대한항공우,24400,23100,-1300,-5.33,57214,1341497750
005880,대한해운,17000,16650,-350,-2.06,124892,2083237500
003830,대한화섬,83600,81900,-1700,-2.03,1568,128550200
016090,대현,1780,1770,-10,-0.56,1087127,1976360955
069460,대호에이엘,2160,2035,-125,-5.79,426590,877380485
192080,더블유게임즈,79800,76400,-3400,-4.26,204733,15789357100
012510,더존비즈온,105000,103000,-2000,-1.9,129962,13500100500
004830,덕성,4365,4150,-215,-4.93,460789,1920046025
004835,덕성우,9150,8680,-470,-5.14,42306,369863060
024900,덕양산업,1975,1900,-75,-3.8,1122950,2148820785
145720,덴티움,37250,35950,-1300,-3.49,46071,1675743550
002150,도화엔지니어링,7700,7510,-190,-2.47,282848,2129324830
001230,동국제강,6120,5970,-150,-2.45,422253,2539465090
023450,동남합성,37850,37500,-350,-0.92,814,30562000
004140,동방,2190,2095,-95,-4.34,1885690,3968703690
007590,동방아그로,6340,6250,-90,-1.42,11212,70170010
005960,동부건설,10700,10600,-100,-0.93,98880,1038614400
005965,동부건설우,31600,30250,-1350,-4.27,17761,535226450
026960,동서,30000,29750,-250,-0.83,225108,6728576900
002210,동성제약,12800,12300,-500,-3.91,265080,3280994900
102260,동성코퍼레이션,4190,4120,-70,-1.67,99681,409150745
005190,동성화학,15850,15750,-100,-0.63,10165,159024000
000640,동아쏘시오홀딩스,131000,129500,-1500,-1.15,110732,14748248500
170900,동아에스티,95800,92200,-3600,-3.76,84932,8002880700
028100,동아지질,14950,14500,-450,-3.01,99789,1462562100
282690,동아타이어,9600,9470,-130,-1.35,61645,574590560
001520,동양,1135,1125,-10,-0.88,1035989,1165797440
001527,동양2우B,16450,14350,-2100,-12.77,32581,480009450
001529,동양3우B,31350,29650,-1700,-5.42,9496,280587750
084670,동양고속,26900,26700,-200,-0.74,6611,176236400
002900,동양물산,1290,1210,-80,-6.2,4456095,5498816630
082640,동양생명,3115,3075,-40,-1.28,63949,197762075
001525,동양우,9050,8000,-1050,-11.6,174824,1421013660
008970,동양철관,1065,1035,-30,-2.82,1203920,1250925955
092780,동양피스톤,6100,5880,-220,-3.61,377035,2220437730
049770,동원FB,176500,171500,-5000,-2.83,7480,1298886000
018500,동원금속,699,688,-11,-1.57,191131,130607872
006040,동원산업,208500,207000,-1500,-0.72,3874,803735500
030720,동원수산,8830,8660,-170,-1.93,86160,747731350
014820,동원시스템즈,23200,23700,500,2.16,86868,2052460950
014825,동원시스템즈우,31400,29800,-1600,-5.1,5198,156289000
163560,동일고무벨트,9770,9280,-490,-5.02,170321,1594567410
004890,동일산업,69700,69400,-300,-0.43,6659,462316300
002690,동일제강,2340,2290,-50,-2.14,51202,117721315
000020,동화약품,25050,24050,-1000,-3.99,788037,18962628100
000150,두산,48700,47000,-1700,-3.49,219484,10692940900
000157,두산2우B,86600,88400,1800,2.08,172848,17177278600
241560,두산밥캣,27950,27900,-50,-0.18,1818691,52018605200
336370,두산솔루스,39400,42000,2600,6.6,546560,22243420150
33637K,두산솔루스1우,17400,18900,1500,8.62,261071,4869101550
33637L,두산솔루스2우B,35000,42000,7000,20.0,158341,6177474200
000155,두산우,39800,39550,-250,-0.63,449920,19037027050
042670,두산인프라코어,8140,9260,1120,13.76,128207788,1196748043140
034020,두산중공업,14400,14000,-400,-2.78,9002689,127728340250
336260,두산퓨얼셀,46550,46100,-450,-0.97,1770576,82229714600
33626K,두산퓨얼셀1우,18250,18350,100,0.55,734804,13453111800
33626L,두산퓨얼셀2우B,26350,26650,300,1.14,432752,11966104850
016740,두올,3455,3355,-100,-2.89,473022,1588969750
192650,드림텍,16850,16600,-250,-1.48,1972951,32864963450
024090,디씨엠,11000,11050,50,0.45,25580,280222800
003160,디아이,4020,3945,-75,-1.87,136742,536948315
092200,디아이씨,1530,1450,-80,-5.23,354610,521498435
013570,디와이,4280,4155,-125,-2.92,194594,808170840
210540,디와이파워,10700,10500,-200,-1.87,80325,845564550
007340,디티알오토모티브,23550,22900,-650,-2.76,11675,267834350
026890,디피씨,19250,20000,750,3.9,6603962,130053185550
115390,락앤락,11400,10800,-600,-5.26,181097,1980034500
032350,롯데관광개발,15200,14900,-300,-1.97,284239,4199311900
330590,롯데리츠,5150,5150,0,0.0,188380,967318180
000400,롯데손해보험,1615,1580,-35,-2.17,367743,585382460
023530,롯데쇼핑,79900,77800,-2100,-2.63,150969,11816215500
004000,롯데정밀화학,50100,48900,-1200,-2.4,122555,6049356950
286940,롯데정보통신,35000,35150,150,0.43,52006,1840676850
280360,롯데제과,101500,100000,-1500,-1.48,10068,1009222500
004990,롯데지주,29950,29350,-600,-2.0,181562,5367033850
00499K,롯데지주우,64500,62400,-2100,-3.26,6582,415028200
005300,롯데칠성,93100,91700,-1400,-1.5,26091,2409419800
005305,롯데칠성우,59500,57500,-2000,-3.36,3975,232338800
011170,롯데케미칼,212500,202000,-10500,-4.94,258209,52738567000
002270,롯데푸드,303500,299500,-4000,-1.32,4649,1399859500
071840,롯데하이마트,29750,28900,-850,-2.86,109064,3194470200
027740,마니커,696,679,-17,-2.44,1638991,1118620599
204320,만도,37100,34500,-2600,-7.01,1499754,52634579250
001080,만호제강,15100,14500,-600,-3.97,7065,104193050
088980,맥쿼리인프라,11050,10950,-100,-0.9,755638,8315171850
094800,맵스리얼티1,3940,3990,50,1.27,81324,323697435
138040,메리츠금융지주,9220,9090,-130,-1.41,88929,805791240
008560,메리츠증권,3220,3145,-75,-2.33,3149733,9892927715
000060,메리츠화재,13050,12700,-350,-2.68,134498,1724763650
090370,메타랩스,1165,1115,-50,-4.29,534843,594388435
017180,명문제약,6000,5750,-250,-4.17,789000,4596738680
012690,모나리자,5430,5120,-310,-5.71,697165,3638979550
005360,모나미,6710,6200,-510,-7.6,1565396,9805837570
204210,모두투어리츠,3070,3220,150,4.89,122404,394820975
009680,모토닉,12600,12000,-600,-4.76,748425,9563472800
009580,무림PP,3200,3065,-135,-4.22,289678,899702065
009200,무림페이퍼,2350,2300,-50,-2.13,92635,212423075
033920,무학,6730,6500,-230,-3.42,76778,502210490
008420,문배철강,2655,2620,-35,-1.32,2059638,5647392230
025560,미래산업,3345,3165,-180,-5.38,204823,659143440
007120,미래아이앤지,360,350,-10,-2.78,894446,313471292
006800,미래에셋대우,8870,8510,-360,-4.06,2984344,25649424080
00680K,미래에셋대우2우B,4435,4260,-175,-3.95,821697,3532012010
006805,미래에셋대우우,5100,4890,-210,-4.12,67108,330472695
357250,미래에셋맵스리츠,4785,4755,-30,-0.63,31277,149029860
085620,미래에셋생명,4185,4170,-15,-0.36,118292,494609535
002840,미원상사,95700,94700,-1000,-1.04,2147,202589000
268280,미원에스씨,94700,93800,-900,-0.95,3061,286675100
107590,미원홀딩스,56300,55500,-800,-1.42,3100,171070200
134380,미원화학,57100,56000,-1100,-1.93,1451,81690700
003650,미창석유,60000,59800,-200,-0.33,304,18114100
155900,바다로19호,2565,2570,5,0.19,8667,22153700
003610,방림,1965,1880,-85,-4.33,189294,358720370
001340,백광산업,3505,3315,-190,-5.42,2239558,7501466020
035150,백산,4475,4380,-95,-2.12,138300,605936415
002410,범양건영,5890,5590,-300,-5.09,532512,3025290840
096300,베트남개발1,282,281,-1,-0.35,99250,27818268
007210,벽산,1910,1860,-50,-2.62,572031,1074999725
002760,보락,2420,2340,-80,-3.31,10137759,24517298290
003850,보령제약,16600,15900,-700,-4.22,397426,6409376400
000890,보해양조,903,932,29,3.21,12958867,11809145574
003000,부광약품,30350,28850,-1500,-4.94,1867363,54744803400
001270,부국증권,20500,20100,-400,-1.95,1193,24023700
001275,부국증권우,19300,19150,-150,-0.78,1254,24046850
026940,부국철강,5180,4990,-190,-3.67,527556,2663657345
015350,부산가스,53000,50600,-2400,-4.53,7067,361824600
011390,부산산업,121000,117000,-4000,-3.31,11298,1331543000
005030,부산주공,535,497,-38,-7.1,4759740,2400122017
002070,비비안,4550,4130,-420,-9.23,675131,2910472590
100220,비상교육,6880,6700,-180,-2.62,47069,316885500
030790,비케이탑스,4905,4670,-235,-4.79,140650,654004220
101140,비티원,3500,3505,5,0.14,145977,506759460
005180,빙그레,57800,57700,-100,-0.17,39820,2319482200
003960,사조대림,14250,14100,-150,-1.05,37779,527502500
008040,사조동아원,915,879,-36,-3.93,712481,631092655
007160,사조산업,30600,29550,-1050,-3.43,24251,720124150
014710,사조씨푸드,4330,4175,-155,-3.58,128373,532666830
006090,사조오양,8910,8700,-210,-2.36,67188,584162690
005090,삼광글라스,48650,44300,-4350,-8.94,91584,4177551850
001470,삼부토건,1530,1480,-50,-3.27,2543073,3767828290
006400,삼성SDI,446000,446500,500,0.11,441003,197784384500
006405,삼성SDI우,260500,261500,1000,0.38,32330,8323870500
006660,삼성공조,6680,6630,-50,-0.75,70452,465318780
028260,삼성물산,108500,105500,-3000,-2.76,592653,63240358000
02826K,삼성물산우B,98400,95600,-2800,-2.85,14458,1393710100
207940,삼성바이오로직스,740000,731000,-9000,-1.22,174966,130983468000
032830,삼성생명,62500,60000,-2500,-4.0,803162,48583273800
018260,삼성에스디에스,177500,168000,-9500,-5.35,216101,37023405500
028050,삼성엔지니어링,10900,10500,-400,-3.67,1263398,13365675200
009150,삼성전기,137500,135000,-2500,-1.82,426853,57919265000
009155,삼성전기우,62100,60600,-1500,-2.42,16043,978120900
005930,삼성전자,59200,58200,-1000,-1.69,20830381,1220859748740
005935,삼성전자우,51300,51000,-300,-0.58,2117503,107773458000
001360,삼성제약,3920,3825,-95,-2.42,1007976,3888321225
010140,삼성중공업,5420,5230,-190,-3.51,4038823,21364681610
010145,삼성중공우,410000,414500,4500,1.1,20816,8946166500
016360,삼성증권,30700,29950,-750,-2.44,507456,15295448500
068290,삼성출판사,19200,19150,-50,-0.26,72291,1358075300
029780,삼성카드,28650,28400,-250,-0.87,135279,3842376400
000810,삼성화재,184000,180000,-4000,-2.17,78330,14262996000
000815,삼성화재우,135500,133500,-2000,-1.48,7482,1000126500
006110,삼아알미늄,8120,10550,2430,29.93,14696908,145045169930
145990,삼양사,60000,56400,-3600,-6.0,23826,1369035100
145995,삼양사우,48050,46000,-2050,-4.27,3723,171541200
003230,삼양식품,105500,101500,-4000,-3.79,47379,4839970500
002170,삼양통상,63100,61400,-1700,-2.69,5938,365799400
272550,삼양패키징,21650,20700,-950,-4.39,47061,976264850
000070,삼양홀딩스,64300,62200,-2100,-3.27,19948,1252907100
000075,삼양홀딩스우,48250,46000,-2250,-4.66,2288,106722650
002810,삼영무역,13600,13550,-50,-0.37,38252,516031700
005680,삼영전자,8030,7840,-190,-2.37,51819,407719630
003720,삼영화학,2150,2115,-35,-1.63,369273,783584500
023000,삼원강재,2295,2360,65,2.83,244530,576515135
004380,삼익THK,11500,11050,-450,-3.91,285184,3256767350
002450,삼익악기,1380,1340,-40,-2.9,462971,623482020
004440,삼일씨엔에스,10500,9950,-550,-5.24,116689,1171254030
000520,삼일제약,22600,21700,-900,-3.98,97823,2130037250
009770,삼정펄프,28700,27750,-950,-3.31,3413,96037350
005500,삼진제약,30700,29300,-1400,-4.56,181303,5337207900
004690,삼천리,78800,76400,-2400,-3.05,7381,567263800
010960,삼호개발,4055,3950,-105,-2.59,162858,645937025
004450,삼화왕관,38900,39000,100,0.26,582,22642650
009470,삼화전기,19000,18400,-600,-3.16,85031,1560813150
011230,삼화전자,2945,2855,-90,-3.06,135657,389293685
001820,삼화콘덴서,56600,54300,-2300,-4.06,221620,12136818700
000390,삼화페인트,5090,4945,-145,-2.85,36683,182460275
001290,상상인증권,999,999,0,0.0,121472,120502557
041650,상신브레이크,2500,2400,-100,-4.0,105188,254367795
075180,새론오토모티브,3980,4055,75,1.88,8453,33914220
007540,샘표,49550,47000,-2550,-5.15,20435,972707950
248170,샘표식품,46600,44800,-1800,-3.86,32045,1441500800
007860,서연,8080,7500,-580,-7.18,784886,5998410550
200880,서연이화,4235,4050,-185,-4.37,142077,585497645
017390,서울가스,77500,77200,-300,-0.39,1323,100818900
004410,서울식품,158,153,-5,-3.16,9645008,1484207877
004415,서울식품우,5630,5280,-350,-6.22,83457,446115870
021050,서원,3555,3405,-150,-4.22,1335099,4596365295
008490,서흥,56800,55600,-1200,-2.11,32970,1823704600
007610,선도전기,2640,2505,-135,-5.11,144488,367538550
136490,선진,9720,9550,-170,-1.75,60251,573641370
002820,선창산업,4200,4200,0,0.0,36771,153381425
014910,성문전자,1930,1880,-50,-2.59,258341,484854645
014915,성문전자우,14150,12850,-1300,-9.19,82519,1087831350
003080,성보화학,4260,4195,-65,-1.53,15440,65107395
004980,성신양회,7060,6740,-320,-4.53,220960,1505258770
004985,성신양회우,16800,15800,-1000,-5.95,73626,1160592250
011300,성안,376,364,-12,-3.19,259143,93848331
000180,성창기업지주,1705,1650,-55,-3.23,98582,162884715
002420,세기상사,61600,61600,0,0.0,0,0
004360,세방,9770,9530,-240,-2.46,28532,272167130
004365,세방우,6050,5860,-190,-3.14,1570,9195380
004490,세방전지,27850,27200,-650,-2.33,36386,995667650
001430,세아베스틸,10050,9800,-250,-2.49,168888,1679611150
306200,세아제강,79400,80400,1000,1.26,26602,2082017400
003030,세아제강지주,43950,44000,50,0.11,14951,650513400
019440,세아특수강,10600,10550,-50,-0.47,15106,161513300
058650,세아홀딩스,71000,70200,-800,-1.13,238,16762700
013000,세우글로벌,2925,2930,5,0.17,18414525,53194497680
091090,세원셀론텍,2880,2755,-125,-4.34,485883,1359819510
021820,세원정공,8090,8090,0,0.0,0,0
067830,세이브존IC,2490,2375,-115,-4.62,159239,381812180
033530,세종공업,9860,9080,-780,-7.91,1510873,13920349240
075580,세진중공업,10250,9840,-410,-4.0,964335,9543870830
027970,세하,1695,1705,10,0.59,1075575,1825030215
145210,세화아이엠씨,1065,1005,-60,-5.63,1129241,1154714431
308170,센트랄모텍,24550,23900,-650,-2.65,67113,1596740750
068270,셀트리온,278500,268000,-10500,-3.77,1337964,362593734000
004430,송원산업,13900,13600,-300,-2.16,255418,3450426650
017550,수산중공업,1745,1685,-60,-3.44,927075,1591857300
053210,스카이라이프,9450,9550,100,1.06,205844,1967158550
134790,시디즈,63100,61500,-1600,-2.54,5881,360323700
016590,신대양제지,53700,52000,-1700,-3.17,18595,977049400
029530,신도리코,22550,21800,-750,-3.33,17796,390338350
004970,신라교역,9800,9690,-110,-1.12,13762,132230470
011930,신성이엔지,2285,2110,-175,-7.66,8081000,17412293095
005390,신성통상,1710,1630,-80,-4.68,2805270,4611813045
004170,신세계,211500,208500,-3000,-1.42,106135,22073018000
035510,신세계IC,142000,134500,-7500,-5.28,12462,1698751000
034300,신세계건설,22200,21750,-450,-2.03,13667,297967150
031430,신세계인터내셔날,150000,147000,-3000,-2.0,38611,5694993000
031440,신세계푸드,54400,53000,-1400,-2.57,8847,468563600
006880,신송홀딩스,3595,3580,-15,-0.42,16109,57208310
005800,신영와코루,94600,94200,-400,-0.42,153,14322800
001720,신영증권,46800,46250,-550,-1.18,6241,289600350
001725,신영증권우,47650,47500,-150,-0.31,1115,52926450
009270,신원,1435,1395,-40,-2.79,640694,896247510
009275,신원우,51000,48050,-2950,-5.78,7372,356157500
002700,신일전자,1660,1620,-40,-2.41,1444507,2345904040
019170,신풍제약,193500,166000,-27500,-14.21,13709460,2282393410500
019175,신풍제약우,216000,190000,-26000,-12.04,320669,61856727500
002870,신풍제지,1590,1625,35,2.2,5967810,10254829530
293940,신한알파리츠,6790,6760,-30,-0.44,66342,449105150
055550,신한지주,28150,27600,-550,-1.95,2362160,65305736550
001770,신화실업,19800,19900,100,0.51,53419,1090406450
004080,신흥,9070,9090,20,0.22,787,7149870
102280,쌍방울,660,635,-25,-3.79,4567682,2931446354
003410,쌍용양회,5880,5860,-20,-0.34,1119205,6557666520
003415,쌍용양회우,22600,21750,-850,-3.76,35252,747411050
003620,쌍용차,4410,4140,-270,-6.12,2989821,12318551340
004770,써니전자,4555,4585,30,0.66,27904560,129460282170
015540,쎌마테라퓨틱스,7740,7660,-80,-1.03,138458,1038517970
004920,씨아이테크,949,915,-34,-3.58,143291,132290796
112610,씨에스윈드,110500,101000,-9500,-8.6,516436,53159998900
008700,아남전자,1790,1705,-85,-4.75,836962,1454038970
002790,아모레G,50300,48800,-1500,-2.98,131329,6476084950
00279K,아모레G3우전환,33750,33200,-550,-1.63,10073,331134650
002795,아모레G우,20800,20050,-750,-3.61,40271,810895300
090430,아모레퍼시픽,166500,163000,-3500,-2.1,220308,35896215500
090435,아모레퍼시픽우,59900,58400,-1500,-2.5,67062,3924555500
002030,아세아,79700,78900,-800,-1.0,6988,550415600
183190,아세아시멘트,57700,56900,-800,-1.39,9524,539398200
002310,아세아제지,24750,24200,-550,-2.22,34476,837335050
267850,아시아나IDT,19550,18400,-1150,-5.88,183965,3431064750
020560,아시아나항공,3905,3900,-5,-0.13,1433044,5590240285
122900,아이마켓코리아,8040,8050,10,0.12,88196,708150370
010780,아이에스동서,41150,40050,-1100,-2.67,96528,3869715350
033660,아주캐피탈,12100,12350,250,2.07,52876,644590700
001780,알루코,3980,4080,100,2.51,13041706,54359797440
018250,애경산업,21550,20950,-600,-2.78,108936,2297685300
161000,애경유화,7180,6980,-200,-2.79,108559,761059580
011090,에넥스,1000,979,-21,-2.1,521754,513633806
005850,에스엘,13300,12950,-350,-2.63,327175,4219287250
012750,에스원,86300,85800,-500,-0.58,61551,5286678900
023960,에쓰씨엔지니어링,1355,1295,-60,-4.43,148285,192027810
298690,에어부산,3680,3580,-100,-2.72,238872,861184205
140910,에이리츠,6700,6600,-100,-1.49,20759,137646210
078520,에이블씨엔씨,7510,7210,-300,-3.99,81337,592687530
015260,에이엔피,178,171,-7,-3.93,814112,140827935
007460,에이프로젠KIC,1845,1790,-55,-2.98,5328885,9640911615
003060,에이프로젠제약,1355,1300,-55,-4.06,5103145,6663987645
036570,엔씨소프트,804000,787000,-17000,-2.11,101535,80335488000
138250,엔에스쇼핑,14450,14000,-450,-3.11,151372,2106792850
085310,엔케이,1025,1005,-20,-1.95,667628,668882711
009810,엔케이물산,374,348,-26,-6.95,1927123,679280306
900140,엘브이엠씨홀딩스,3630,3465,-165,-4.55,530978,1839713155
014440,영보화학,3680,3540,-140,-3.8,121524,429999115
111770,영원무역,29000,27850,-1150,-3.97,227240,6320873500
009970,영원무역홀딩스,37700,36200,-1500,-3.98,5697,207541800
003520,영진약품,9020,8520,-500,-5.54,5256846,45687808780
000670,영풍,477500,466500,-11000,-2.3,2638,1238040000
006740,영풍제지,3370,3450,80,2.37,44937,152673705
012280,영화금속,1820,1770,-50,-2.75,1179818,2111238325
012160,영흥,1125,1100,-25,-2.22,601922,663401170
015360,예스코홀딩스,36000,35100,-900,-2.5,1985,69792950
007310,오뚜기,584000,577000,-7000,-1.2,3880,2256200000
002630,오리엔트바이오,1685,1540,-145,-8.61,3689129,5775342565
271560,오리온,146000,137000,-9000,-6.16,115557,16105100000
001800,오리온홀딩스,12800,12450,-350,-2.73,320016,4015128250
070960,용평리조트,4095,3960,-135,-3.3,112577,447589590
316140,우리금융지주,8390,8260,-130,-1.55,1978885,16463504680
004720,우리들제약,16600,15900,-700,-4.22,851141,13606949400
118000,우리들휴브레인,5160,4850,-310,-6.01,8573734,42698531620
010050,우리종금,515,511,-4,-0.78,1213827,619541606
006980,우성사료,3130,3065,-65,-2.08,280480,860005335
017370,우신시스템,3225,3150,-75,-2.33,629975,2018472245
105840,우진,3630,3550,-80,-2.2,151190,531573905
010400,우진아이엔에스,7460,7460,0,0.0,31954,238316830
049800,우진플라임,3850,3850,0,0.0,34630,130110770
016880,웅진,1140,1100,-40,-3.51,170885,188980895
095720,웅진씽크빅,2630,2565,-65,-2.47,589221,1521054660
005820,원림,17550,17250,-300,-1.71,677,11741200
010600,웰바이오텍,2385,2255,-130,-5.45,559987,1268810220
008600,윌비스,1230,1180,-50,-4.07,859760,1019576015
033270,유나이티드제약,77500,79500,2000,2.58,5289503,433252434900
014830,유니드,47450,45150,-2300,-4.85,48635,2229349950
000910,유니온,8340,7820,-520,-6.24,754226,6021607850
047400,유니온머티리얼,3795,3565,-230,-6.06,1469178,5312244825
011330,유니켐,1400,1375,-25,-1.79,274812,378132920
077500,유니퀘스트,9790,9530,-260,-2.66,546637,5363162480
002920,유성기업,2450,2430,-20,-0.82,160041,407927525
000700,유수홀딩스,5500,5420,-80,-1.45,54387,295269140
003470,유안타증권,2895,2805,-90,-3.11,321284,903818495
003475,유안타증권우,2360,2235,-125,-5.3,161258,364813505
011690,유양디앤유,1220,1220,0,0.0,0,0
072130,유엔젤,4200,4205,5,0.12,424248,1809275140
000220,유유제약,16750,15850,-900,-5.37,277001,4431190250
000225,유유제약1우,16350,15150,-1200,-7.34,54586,843489700
000227,유유제약2우B,39150,36700,-2450,-6.26,6666,241167900
001200,유진투자증권,3750,3595,-155,-4.13,745737,2693894690
000100,유한양행,72000,66700,-5300,-7.36,1891243,128864850600
000105,유한양행우,71400,66500,-4900,-6.86,48655,3293958100
003460,유화증권,2220,2180,-40,-1.8,4866,10622045
003465,유화증권우,2395,2310,-85,-3.55,21975,51129750
008730,율촌화학,16300,15700,-600,-3.68,113309,1787864800
008250,이건산업,7990,7600,-390,-4.88,211796,1621588110
025820,이구산업,1570,1505,-65,-4.14,307573,465807435
214320,이노션,52700,50700,-2000,-3.8,65565,3356431800
088260,이리츠코크렙,5250,5270,20,0.38,21113,110768940
139480,이마트,145000,140500,-4500,-3.1,370059,52255422000
007660,이수페타시스,5020,4740,-280,-5.58,1356030,6498902765
005950,이수화학,8880,8580,-300,-3.38,286666,2486465670
015020,이스타코,685,668,-17,-2.48,101359,67494768
093230,이아이디,247,239,-8,-3.24,85537688,20922908085
074610,이엔플러스,4005,3935,-70,-1.75,1086982,4216006100
102460,이연제약,20300,19550,-750,-3.69,200980,3923903000
084680,이월드,3410,3225,-185,-5.43,691167,2265592040
350520,이지스레지던스리츠,4700,4690,-10,-0.21,60863,285230955
334890,이지스밸류리츠,4465,4455,-10,-0.22,48945,218416695
000760,이화산업,15200,14850,-350,-2.3,1671,24770350
014990,인디에프,1780,1700,-80,-4.49,349663,601986440
006490,인스코비,2650,2675,25,0.94,18103265,49742511145
023800,인지컨트롤스,8890,8700,-190,-2.14,350760,3066204910
034590,인천도시가스,25300,24700,-600,-2.37,7149,177785850
129260,인터지스,2630,2440,-190,-7.22,518370,1276047315
023810,인팩,4595,4450,-145,-3.16,22313,99663975
249420,일동제약,17850,17050,-800,-4.48,152874,2638431550
000230,일동홀딩스,9690,9290,-400,-4.13,20137,188726880
013360,일성건설,939,892,-47,-5.01,246799,222025431
003120,일성신약,84100,82300,-1800,-2.14,7387,606768600
003200,일신방직,71900,68900,-3000,-4.17,12327,856947600
007110,일신석재,2090,2045,-45,-2.15,768102,1574952975
007570,일양약품,80100,71500,-8600,-10.74,1033716,76858411900
007575,일양약품우,116500,106000,-10500,-9.01,77320,8151123000
008500,일정실업,13100,13750,650,4.96,5908,79360300
081000,일진다이아,65500,62000,-3500,-5.34,544895,34278979800
020760,일진디스플,3610,3640,30,0.83,239038,868215945
020150,일진머티리얼즈,47450,46450,-1000,-2.11,307350,14318046750
103590,일진전기,3030,2900,-130,-4.29,294038,852858975
015860,일진홀딩스,5340,5110,-230,-4.31,425865,2179781455
226320,잇츠한불,26400,24600,-1800,-6.82,224043,5627895300
317400,자이에스앤디,8010,7730,-280,-3.5,208689,1623510600
033240,자화전자,11850,11700,-150,-1.27,203202,2323424750
000950,전방,27000,26500,-500,-1.85,4916,130110500
348950,제이알글로벌리츠,4860,4930,70,1.44,167697,820868795
194370,제이에스코퍼레이션,7330,7150,-180,-2.46,25886,184882320
025620,제이준코스메틱,2725,2680,-45,-1.65,355745,947259470
036420,제이콘텐트리,26500,25050,-1450,-5.47,237915,6044606350
030000,제일기획,20550,20400,-150,-0.73,609534,12320234700
271980,제일약품,47600,44600,-3000,-6.3,148894,6755253850
001560,제일연마,6720,6500,-220,-3.27,23832,155187440
002620,제일파마홀딩스,22750,21800,-950,-4.18,57854,1262014400
006220,제주은행,3035,3030,-5,-0.16,12328,37131725
089590,제주항공,13700,13350,-350,-2.55,182631,2417533700
004910,조광페인트,5250,5150,-100,-1.9,14261,73012270
004700,조광피혁,51500,50200,-1300,-2.52,4283,214980150
001550,조비,22400,21300,-1100,-4.91,77988,1683639900
000480,조선내화,73000,72500,-500,-0.68,1115,80559100
120030,조선선재,98500,95700,-2800,-2.84,3837,369451700
018470,조일알미늄,643,703,60,9.33,15355733,10966777584
002600,조흥,151000,149000,-2000,-1.32,97,14468500
185750,종근당,173500,164000,-9500,-5.48,136884,22892340000
063160,종근당바이오,49450,46950,-2500,-5.06,118313,5588983800
001630,종근당홀딩스,113500,108500,-5000,-4.41,24290,2670170000
044380,주연테크,1155,1110,-45,-3.9,555544,619727275
013890,지누스,83000,82500,-500,-0.6,59367,4850750400
013870,지엠비코리아,7800,7350,-450,-5.77,1029162,7552170070
071320,지역난방공사,35950,34950,-1000,-2.78,8385,294109300
010580,지코,306,306,0,0.0,0,0
035000,지투알,5110,4910,-200,-3.91,31037,154302685
088790,진도,2715,2680,-35,-1.29,73613,195939935
003780,진양산업,3855,3985,130,3.37,4787955,19552673870
010640,진양폴리,3110,3030,-80,-2.57,175312,537023950
100250,진양홀딩스,2785,2780,-5,-0.18,200244,553083605
051630,진양화학,4190,4150,-40,-0.95,892437,3835570100
272450,진에어,9350,9210,-140,-1.5,72064,656329590
011000,진원생명과학,39000,42400,3400,8.72,46981550,2068267614200
002780,진흥기업,2420,2350,-70,-2.89,406602,955185640
002787,진흥기업2우B,16150,15000,-1150,-7.12,72509,1097450500
002785,진흥기업우B,10000,9650,-350,-3.5,85980,813715100
009310,참엔지니어링,1210,1200,-10,-0.83,141342,168030400
000650,천일고속,64300,63500,-800,-1.24,1716,108804400
012600,청호컴넷,9410,8980,-430,-4.57,228380,2066581310
033250,체시스,2845,2720,-125,-4.39,518490,1423323380
035720,카카오,364500,353000,-11500,-3.16,880318,313313875000
006380,카프로,2570,2475,-95,-3.7,154414,385833885
109070,컨버즈,4100,4100,0,0.0,0,0
001620,케이비아이동국실업,624,611,-13,-2.08,192837,116700910
029460,케이씨,23750,23750,0,0.0,259186,6228664800
344820,케이씨씨글라스,30000,29250,-750,-2.5,44392,1303884850
281820,케이씨텍,20550,19700,-850,-4.14,123397,2449657650
145270,케이탑리츠,777,779,2,0.26,215657,167760631
357120,코람코에너지리츠,4710,4705,-5,-0.11,99795,469293205
007815,코리아써우,5160,5100,-60,-1.16,2166,10967360
007810,코리아써키트,14500,13850,-650,-4.48,339439,4725727750
00781K,코리아써키트2우B,6820,6500,-320,-4.69,8288,54618010
152330,코리아오토글라스,13850,13650,-200,-1.44,112419,1533599450
003690,코리안리,7520,7470,-50,-0.66,314003,2338948120
192820,코스맥스,109500,103500,-6000,-5.48,121943,12927091500
044820,코스맥스비티아이,19250,19050,-200,-1.04,23258,446203050
005070,코스모신소재,14900,14250,-650,-4.36,613731,8814260750
005420,코스모화학,10050,9750,-300,-2.99,559601,5474481730
071950,코아스,1055,1040,-15,-1.42,243391,253492465
002020,코오롱,22450,21450,-1000,-4.45,127950,2756471500
003070,코오롱글로벌,20350,21600,1250,6.14,967261,20351062500
003075,코오롱글로벌우,40600,40650,50,0.12,32226,1303760350
144620,코오롱머티리얼,4300,4050,-250,-5.81,1252289,5038954800
002025,코오롱우,15900,15150,-750,-4.72,9530,145221550
120110,코오롱인더,41300,38550,-2750,-6.66,537944,21197491750
120115,코오롱인더우,22950,21400,-1550,-6.75,66249,1442413250
138490,코오롱플라스틱,4300,4120,-180,-4.19,131045,543962915
021240,코웨이,78900,78000,-900,-1.14,163094,12825381300
031820,콤텍시스템,1285,1245,-40,-3.11,1167888,1458737525
192400,쿠쿠홀딩스,96500,93800,-2700,-2.8,5042,476317100
284740,쿠쿠홈시스,41450,39300,-2150,-5.19,52619,2082261100
015590,큐로,601,580,-21,-3.49,1448478,847703806
264900,크라운제과,8620,8380,-240,-2.78,17650,149204090
26490K,크라운제과우,10200,9550,-650,-6.37,79656,773776950
005740,크라운해태홀딩스,9170,9020,-150,-1.64,45461,408964040
005745,크라운해태홀딩스우,14250,13200,-1050,-7.37,46707,630920000
020120,키다리스튜디오,9790,9490,-300,-3.06,209162,1943141190
039490,키움증권,105500,101500,-4000,-3.79,104376,10575029700
012170,키위미디어그룹,150,150,0,0.0,0,0
014580,태경비케이,3630,3500,-130,-3.58,299150,1047550840
015890,태경산업,4995,4880,-115,-2.3,88152,435654940
006890,태경케미컬,8890,8290,-600,-6.75,306718,2611780350
003240,태광산업,679000,664000,-15000,-2.21,1215,810613000
011280,태림포장,4585,4455,-130,-2.84,4703879,21785375660
004100,태양금속,1095,1020,-75,-6.85,1011757,1047188215
004105,태양금속우,3820,3535,-285,-7.46,435217,1566478375
009410,태영건설,10800,9520,-1280,-11.85,6743858,62983285930
009415,태영건설우,16250,11400,-4850,-29.85,1166712,14499139350
001420,태원물산,4015,4000,-15,-0.37,33327,130212930
007980,태평양물산,1745,1665,-80,-4.58,551163,936646425
055490,테이팩스,35300,34000,-1300,-3.68,119484,4084940800
078000,텔코웨어,11900,11900,0,0.0,6954,82515400
214420,토니모리,9890,9620,-270,-2.73,64575,626532860
019180,티에이치엔,2450,2330,-120,-4.9,125680,296037805
363280,티와이홀딩스,31350,29000,-2350,-7.5,4178431,119443248950
36328K,티와이홀딩스우,65000,45500,-19500,-30.0,708165,37426072550
091810,티웨이항공,2590,2550,-40,-1.54,223539,558682115
004870,티웨이홀딩스,952,923,-29,-3.05,265185,248256620
005690,파미셀,19350,18400,-950,-4.91,1353405,25282284100
036580,팜스코,5020,4930,-90,-1.79,120799,593454000
028670,팬오션,3370,3275,-95,-2.82,2094526,6903284360
010820,퍼스텍,2175,2100,-75,-3.45,476120,1006375535
016800,퍼시스,28550,28400,-150,-0.53,1035,29396800
001020,페이퍼코리아,1695,1630,-65,-3.83,84559,138659290
090080,평화산업,1175,1130,-45,-3.83,442270,505214730
010770,평화홀딩스,3500,3290,-210,-6.0,90976,302216600
058430,포스코강판,13650,13350,-300,-2.2,61757,827801200
047050,포스코인터내셔널,14000,13650,-350,-2.5,228835,3142662250
003670,포스코케미칼,88000,88800,800,0.91,600578,53265553700
007630,폴루스바이오팜,1225,1225,0,0.0,0,0
017810,풀무원,17150,16400,-750,-4.37,148385,2425330050
103140,풍산,25600,24550,-1050,-4.1,284353,7074391050
005810,풍산홀딩스,26700,25850,-850,-3.18,7658,198841700
033180,필룩스,3590,3460,-130,-3.62,1064209,3739651860
086790,하나금융지주,28150,27750,-400,-1.42,1311417,36573653801
293480,하나제약,24200,23400,-800,-3.31,125997,2960961950
039130,하나투어,38650,38000,-650,-1.68,118895,4504828750
172580,하이골드12호,2015,2025,10,0.5,8417,17003035
153360,하이골드3호,1330,1330,0,0.0,17985,23951445
071090,하이스틸,16950,16350,-600,-3.54,5039,83303000
019490,하이트론,2510,2415,-95,-3.78,39894,96569500
000080,하이트진로,36050,34900,-1150,-3.19,421130,14908597300
000087,하이트진로2우B,21200,20400,-800,-3.77,4327,89061200
000140,하이트진로홀딩스,16550,16100,-450,-2.72,33221,534002550
000145,하이트진로홀딩스우,16900,16250,-650,-3.85,3710,60190450
152550,한국ANKOR유전,1665,1680,15,0.9,2956,4949765
036460,한국가스공사,25000,24050,-950,-3.8,293497,7138979650
005430,한국공항,30950,30450,-500,-1.62,9852,300865600
071050,한국금융지주,75700,72000,-3700,-4.89,840493,60991039600
071055,한국금융지주우,68000,64100,-3900,-5.74,182134,11802206800
010040,한국내화,3320,3185,-135,-4.07,1149035,3957040700
025540,한국단자,46000,45300,-700,-1.52,51094,2291437700
004090,한국석유,95800,97300,1500,1.57,3863,366774100
002200,한국수출포장,17950,17950,0,0.0,9199,163883350
002960,한국쉘석유,238500,237500,-1000,-0.42,2143,508517000
123890,한국자산신탁,3615,3515,-100,-2.77,592706,2080971290
015760,한국전력,20700,20250,-450,-2.17,2584359,52715246450
006200,한국전자홀딩스,714,715,1,0.14,636485,458935824
009540,한국조선해양,84900,82400,-2500,-2.94,270444,22493278800
023350,한국종합기술,4230,4085,-145,-3.43,108635,445971970
025890,한국주강,1500,1515,15,1.0,390843,586686610
000970,한국주철관,8560,8300,-260,-3.04,191836,1587210730
104700,한국철강,4820,4735,-85,-1.76,128767,609266275
017960,한국카본,9720,9250,-470,-4.84,1399016,13053659030
161890,한국콜마,47450,45850,-1600,-3.37,187677,8675487500
024720,한국콜마홀딩스,28450,27650,-800,-2.81,87374,2418980950
161390,한국타이어앤테크놀로지,35250,33400,-1850,-5.25,743130,24788975650
000240,한국테크놀로지그룹,16150,18400,2250,13.93,4753505,82910848800
034830,한국토지신탁,1810,1790,-20,-1.1,527557,944584015
007280,한국특수형강,1970,1860,-110,-5.58,1289744,2341040370
168490,한국패러랠,1930,1925,-5,-0.26,4659,8972080
010100,한국프랜지,2060,1970,-90,-4.37,586713,1167024180
047810,한국항공우주,23700,22950,-750,-3.16,466489,10813001550
123690,한국화장품,13100,12600,-500,-3.82,153432,1953331350
003350,한국화장품제조,39800,38500,-1300,-3.27,31615,1233599050
011500,한농화성,5470,5600,130,2.38,98624,542842390
002390,한독,34200,32450,-1750,-5.12,174091,5697012750
014790,한라,3380,3330,-50,-1.48,203136,666933180
060980,한라홀딩스,30250,30050,-200,-0.66,117624,3535942500
053690,한미글로벌,8410,8100,-310,-3.69,104958,855584830
042700,한미반도체,10250,10100,-150,-1.46,338945,3412401060
008930,한미사이언스,58800,56200,-2600,-4.42,218358,12467832300
128940,한미약품,295000,285500,-9500,-3.22,56621,16316047500
009240,한샘,101000,98800,-2200,-2.18,59288,5909724600
020000,한섬,30050,29300,-750,-2.5,86940,2570617950
003680,한성기업,11900,11000,-900,-7.56,203842,2307273350
105630,한세실업,17550,16250,-1300,-7.41,248339,4103021600
069640,한세엠케이,2785,2710,-75,-2.69,20113,55088815
016450,한세예스24홀딩스,5730,5460,-270,-4.71,197682,1081629020
010420,한솔PNS,1510,1455,-55,-3.64,131689,193529205
009180,한솔로지스틱스,2010,1900,-110,-5.47,685698,1318388990
213500,한솔제지,14350,13950,-400,-2.79,198047,2785875900
014680,한솔케미칼,144000,139000,-5000,-3.47,133814,18550999500
004710,한솔테크닉스,9440,9020,-420,-4.45,501995,4569847640
004150,한솔홀딩스,3405,3345,-60,-1.76,190034,635398745
025750,한솔홈데코,1465,1385,-80,-5.46,3148998,4396834320
004960,한신공영,13950,13400,-550,-3.94,80408,1084113300
011700,한신기계,1560,1520,-40,-2.56,789669,1210225615
001750,한양증권,8440,8280,-160,-1.9,39297,324516910
001755,한양증권우,16950,15400,-1550,-9.14,36544,572488150
018880,한온시스템,13200,12250,-950,-7.2,2444827,30525927450
009420,한올바이오파마,35450,33600,-1850,-5.22,702844,24051318350
014130,한익스프레스,5690,5300,-390,-6.85,556561,3030954460
300720,한일시멘트,80400,79200,-1200,-1.49,3155,251029300
002220,한일철강,1670,1630,-40,-2.4,24608,40553245
006390,한일현대시멘트,26350,25450,-900,-3.42,21988,567451800
003300,한일홀딩스,46500,46000,-500,-1.08,639,29102550
051600,한전KPS,27750,27350,-400,-1.44,190147,5221172900
052690,한전기술,16950,16400,-550,-3.24,99960,1653874400
130660,한전산업,3535,3490,-45,-1.27,72090,249964425
002320,한진,43550,41800,-1750,-4.02,172110,7258014900
097230,한진중공업,9610,9470,-140,-1.46,306789,2911659800
003480,한진중공업홀딩스,4300,4140,-160,-3.72,161436,670186275
180640,한진칼,76100,72800,-3300,-4.34,141939,10405789300
18064K,한진칼우,50600,49950,-650,-1.28,10969,549944600
005110,한창,1370,1305,-65,-4.74,2745097,3611618370
009460,한창제지,2205,2125,-80,-3.63,2287597,4889063075
000880,한화,26300,25100,-1200,-4.56,785215,19808957600
00088K,한화3우B,13150,12650,-500,-3.8,133278,1697710250
088350,한화생명,1540,1495,-45,-2.92,3472431,5251356955
000370,한화손해보험,3065,2940,-125,-4.08,554668,1640964035
009830,한화솔루션,39400,38300,-1100,-2.79,8160662,314695925850
009835,한화솔루션우,62400,59200,-3200,-5.13,320131,18853448300
272210,한화시스템,11750,11100,-650,-5.53,1495155,16724528750
012450,한화에어로스페이스,26300,25350,-950,-3.61,462899,11823611550
000885,한화우,59500,61000,1500,2.52,39283,2256541500
003530,한화투자증권,1770,1725,-45,-2.54,668100,1157384350
003535,한화투자증권우,4800,4320,-480,-10.0,420344,1858035700
195870,해성디에스,19400,18700,-700,-3.61,143341,2705738600
101530,해태제과식품,8680,8300,-380,-4.38,53410,448255920
143210,핸즈코퍼레이션,7200,7220,20,0.28,76389,560710890
000720,현대건설,32000,31000,-1000,-3.13,883287,27721407600
267270,현대건설기계,25950,26000,50,0.19,252409,6613263250
000725,현대건설우,211000,208500,-2500,-1.18,2620,553680500
005440,현대그린푸드,7600,7380,-220,-2.89,296028,2203885560
086280,현대글로비스,147000,140500,-6500,-4.42,160291,22624461500
064350,현대로템,16250,15550,-700,-4.31,2176110,34157120200
079430,현대리바트,15650,15300,-350,-2.24,142751,2182108250
012330,현대모비스,242500,234000,-8500,-3.51,408883,96412718000
010620,현대미포조선,30100,29100,-1000,-3.32,217260,6395775900
069960,현대백화점,57200,55700,-1500,-2.62,200047,11251004700
004560,현대비앤지스틸,7540,7400,-140,-1.86,58984,437971250
004565,현대비앤지스틸우,78200,72100,-6100,-7.8,5101,373772300
011760,현대상사,14750,14900,150,1.02,1302201,20535663500
004310,현대약품,6030,5710,-320,-5.31,724192,4214514270
322000,현대에너지솔루션,33500,32200,-1300,-3.88,317988,10222979950
126560,현대에이치씨엔,3610,3525,-85,-2.35,233456,833712560
017800,현대엘리베이,40750,39700,-1050,-2.58,282552,11302316050
307950,현대오토에버,59100,56000,-3100,-5.25,252091,14199378300
011210,현대위아,42300,41100,-1200,-2.84,275556,11335309200
267260,현대일렉트릭,16850,16450,-400,-2.37,633298,10436572200
004020,현대제철,24850,24100,-750,-3.02,790014,19181546650
267250,현대중공업지주,222500,219000,-3500,-1.57,39991,8807070500
005380,현대차,185000,179500,-5500,-2.97,3042046,548354984000
005387,현대차2우B,90300,88200,-2100,-2.33,142911,12593293100
005389,현대차3우B,81000,78900,-2100,-2.59,58309,4601644500
005385,현대차우,87000,83900,-3100,-3.56,193409,16393785700
001500,현대차증권,10100,9990,-110,-1.09,208292,2077409740
227840,현대코퍼레이션홀딩스,10650,10550,-100,-0.94,111226,1198264750
001450,현대해상,22700,22350,-350,-1.54,260891,5879673350
057050,현대홈쇼핑,74100,72400,-1700,-2.29,45041,3255421600
093240,형지엘리트,2085,1895,-190,-9.11,1284438,2503264075
003010,혜인,5210,5000,-210,-4.03,321153,1631121735
111110,호전실업,8210,8120,-90,-1.1,31513,254132890
008770,호텔신라,77500,75500,-2000,-2.58,585658,44380082500
008775,호텔신라우,64300,62500,-1800,-2.8,25961,1629729400
002460,화성산업,11850,11600,-250,-2.11,76799,889410400
013520,화승알앤에이,1725,1715,-10,-0.58,151841,260924295
241590,화승엔터프라이즈,13400,12700,-700,-5.22,345746,4470294750
006060,화승인더,7850,7650,-200,-2.55,575148,4420981450
010690,화신,2905,3100,195,6.71,2767962,8382987135
133820,화인베스틸,2675,2505,-170,-6.36,638904,1647204945
010660,화천기계,3010,3015,5,0.17,2365507,7429998545
000850,화천기공,30750,30350,-400,-1.3,5397,163837650
016580,환인제약,15800,15550,-250,-1.58,123218,1903239750
032560,황금에스티,7120,6930,-190,-2.67,207075,1446911860
004800,효성,74500,72000,-2500,-3.36,111933,8140023800
094280,효성ITX,26650,24900,-1750,-6.57,107062,2676060650
298040,효성중공업,62900,62500,-400,-0.64,347654,21630894800
298050,효성첨단소재,148500,142000,-6500,-4.38,102946,14704093500
298020,효성티앤씨,114000,117000,3000,2.63,44378,5093353000
298000,효성화학,131000,125000,-6000,-4.58,39305,4954224500
093370,후성,10550,10300,-250,-2.37,3734226,39591798900
081660,휠라홀딩스,36300,35400,-900,-2.48,200573,7188962950
005870,휴니드,6260,6000,-260,-4.15,160186,967954060
079980,휴비스,8720,7950,-770,-8.83,1086742,8869142550
005010,휴스틸,6850,6720,-130,-1.9,12044,80606770
069260,휴켐스,21900,21950,50,0.23,512130,11392168850
000540,흥국화재,2710,2510,-200,-7.38,668778,1722410875
000547,흥국화재2우B,29200,26300,-2900,-9.93,60304,1660868900
000545,흥국화재우,12850,11300,-1550,-12.06,723068,9269499150
003280,흥아해운,258,258,0,0.0,0,0
