티커,종목명,시가,종가,변동폭,등락률,거래량,거래대금
095570,AJ네트웍스,2110,2040,-70,-3.32,899958,1786655310
006840,AK홀딩스,12000,15600,3600,30.0,111186,1485124300
027410,BGF,2930,2960,30,1.02,969205,2849388150
282330,BGF리테일,109000,121500,12500,11.47,45758,5410229500
138930,BNK금융지주,3830,3970,140,3.66,3709491,14390656185
001460,BYC,151000,152000,1000,0.66,16755,2550849500
001465,BYC우,89800,87100,-2700,-3.01,375,32863800
001040,CJ,55300,57800,2500,4.52,162081,9082026400
079160,CJCGV,14200,15650,1450,10.21,314826,4691657150
00104K,CJ4우전환,36350,37500,1150,3.16,55945,2030640200
000120,CJ대한통운,127000,133500,6500,5.12,109678,14122378000
011150,CJ씨푸드,2035,2135,100,4.91,2842208,6019147130
011155,CJ씨푸드1우,23550,24300,750,3.18,7042,171569950
001045,CJ우,28450,29800,1350,4.75,13966,406653650
097950,CJ제일제당,155000,188000,33000,21.29,191267,32786548500
097955,CJ제일제당우,69700,78100,8400,12.05,5223,391105500
000590,CS홀딩스,37700,38150,450,1.19,1612,61034800
012030,DB,489,507,18,3.68,983394,486437442
016610,DB금융투자,2300,2640,340,14.78,221728,535515800
005830,DB손해보험,23800,28600,4800,20.17,995328,27349360700
000990,DB하이텍,15000,17300,2300,15.33,2049125,33142647100
000995,DB하이텍1우,26500,29150,2650,10.0,2478,68026100
139130,DGB금융지주,3480,3720,240,6.9,2186265,7840816000
001530,DI동일,42700,45200,2500,5.85,7294,323199000
004840,DRB동일,3120,3270,150,4.81,101875,314609990
155660,DSR,2335,2460,125,5.35,83204,199669705
069730,DSR제강,2300,2425,125,5.43,187401,447321500
017940,E1,26750,26600,-150,-0.56,147219,3538025300
007700,FF,88100,90400,2300,2.61,136682,12138285800
114090,GKL,12250,12550,300,2.45,471505,5768436150
078930,GS,35600,35750,150,0.42,351928,12470127800
006360,GS건설,15050,17700,2650,17.61,1108678,17917379300
001250,GS글로벌,993,1060,67,6.75,675062,696355532
007070,GS리테일,26250,28500,2250,8.57,302467,8444310600
078935,GS우,25850,26100,250,0.97,14543,374031150
012630,HDC,6900,7350,450,6.52,989339,7073365480
039570,HDC아이콘트롤스,5050,5340,290,5.74,135880,718354560
089470,HDC현대EP,2005,2170,165,8.23,178317,370022870
294870,HDC현대산업개발,12600,16000,3400,26.98,702553,9424862400
082740,HSD엔진,1970,2115,145,7.36,573328,1148460610
003560,IHQ,976,1025,49,5.02,2704770,2674469231
175330,JB금융지주,3375,3820,445,13.19,1052187,3619702190
234080,JW생명과학,10700,11450,750,7.01,235318,2625556800
001060,JW중외제약,19400,20700,1300,6.7,817643,17149102500
001067,JW중외제약2우B,30800,32200,1400,4.55,482,15367950
001065,JW중외제약우,18200,18550,350,1.92,20618,382812600
096760,JW홀딩스,3805,4000,195,5.12,767882,2975138880
105560,KB금융,26050,30850,4800,18.43,2772947,77738261100
002380,KCC,114000,124000,10000,8.77,57172,6635052500
009070,KCTC,1565,1700,135,8.63,302297,488935665
009440,KC그린홀딩스,2460,2550,90,3.66,123484,303774955
119650,KC코트렐,2870,3005,135,4.7,304170,905294310
092220,KEC,513,541,28,5.46,2015283,1070231803
001390,KG케미칼,8450,9000,550,6.51,162780,1423535800
001940,KISCO홀딩스,8360,8440,80,0.96,9509,80048260
025000,KPX케미칼,41050,40400,-650,-1.58,11719,466676050
092230,KPX홀딩스,38900,39000,100,0.26,568,22132800
000040,KR모터스,441,481,40,9.07,704743,329609904
044450,KSS해운,5680,5940,260,4.58,84761,487743110
030200,KT,17800,18900,1100,6.18,1472194,27065251700
033780,KTG,69100,67900,-1200,-1.74,900538,61831083700
030210,KTB투자증권,1565,1655,90,5.75,639326,1052026290
058850,KTcs,1220,1275,55,4.51,1146094,1433584085
058860,KTis,1240,1350,110,8.87,364344,472049030
093050,LF,8940,10300,1360,15.21,208538,1949497900
003550,LG,48000,48500,500,1.04,541226,26121981475
034220,LG디스플레이,8900,10300,1400,15.73,4192287,40251510080
001120,LG상사,6650,7900,1250,18.8,483650,3369263820
051900,LG생활건강,1097000,1110000,13000,1.19,79664,88947445937
051905,LG생활건강우,672000,660000,-12000,-1.79,6362,4274687000
003555,LG우,37200,37100,-100,-0.27,15511,573020800
032640,LG유플러스,9430,9800,370,3.92,2583759,25055915010
011070,LG이노텍,76300,99100,22800,29.88,847968,77172423800
066570,LG전자,43650,45100,1450,3.32,1539670,68841349250
066575,LG전자우,15800,16150,350,2.22,96443,1555512800
108670,LG하우시스,31450,36750,5300,16.85,64513,2089299150
108675,LG하우시스우,13150,13600,450,3.42,3367,44716200
037560,LG헬로비전,2530,2675,145,5.73,495149,1274696590
051910,LG화학,230000,272500,42500,18.48,1306067,334382534750
051915,LG화학우,104500,120000,15500,14.83,70469,8143266500
079550,LIG넥스원,16100,17400,1300,8.07,246970,4077278550
006260,LS,26800,26800,0,0.0,278984,7461787200
000680,LS네트웍스,1230,1355,125,10.16,106533,124951990
010120,LS산전,26100,29650,3550,13.6,161714,4482035050
229640,LS전선아시아,5540,5770,230,4.15,129207,745527540
023150,MH에탄올,6750,7100,350,5.19,860131,6044660850
035420,NAVER,144000,154000,10000,6.94,997895,152296565000
181710,NHN,55000,59800,4800,8.73,125559,7181240400
005940,NH투자증권,6850,7220,370,5.4,2837378,19733952510
005945,NH투자증권우,6240,6250,10,0.16,185406,1144181570
338100,NH프라임리츠,4885,4880,-5,-0.1,108536,524652650
034310,NICE,13200,14450,1250,9.47,256803,3669566950
008260,NI스틸,1250,1245,-5,-0.4,225734,275134980
004250,NPC,2680,2760,80,2.99,22980,62263255
004255,NPC우,1655,1650,-5,-0.3,25094,39019615
010060,OCI,26600,30300,3700,13.91,441636,12319246400
005490,POSCO,139500,144500,5000,3.58,636918,90962141500
100840,STC,10600,11800,1200,11.32,24370,271968050
064960,ST모티브,26000,27500,1500,5.77,155160,3992389550
003570,ST중공업,4505,4600,95,2.11,90094,409311665
036530,ST홀딩스,10350,11400,1050,10.14,62174,667922950
010950,S-Oil,49900,52700,2800,5.61,840312,43101538900
010955,S-Oil우,26300,27900,1600,6.08,31692,857871250
034120,SBS,14600,15200,600,4.11,196945,2967302400
101060,SBS미디어홀딩스,1575,1715,140,8.89,188123,315905530
004060,SG세계물산,315,369,54,17.14,5982177,2078879109
001380,SG충방,681,694,13,1.91,1099129,750759697
002360,SH에너지화학,507,552,45,8.88,3512385,1878321557
009160,SIMPAC,1745,1970,225,12.89,190794,362142600
123700,SJM,1685,1795,110,6.53,59763,101965760
025530,SJM홀딩스,2005,2185,180,8.98,22099,44503285
034730,SK,107000,121500,14500,13.55,444841,50481666000
011790,SKC,28050,32100,4050,14.44,725893,22288865350
018670,SK가스,52800,54400,1600,3.03,44282,2287412500
001740,SK네트웍스,4015,4645,630,15.69,3015413,13095528625
001745,SK네트웍스우,49400,57400,8000,16.19,3696,209588700
006120,SK디스커버리,15650,17000,1350,8.63,140548,2278836250
006125,SK디스커버리우,10100,10600,500,4.95,25615,263754770
210980,SK디앤디,20450,21750,1300,6.36,21485,450520200
068400,SK렌터카,5090,5450,360,7.07,302388,1572735160
03473K,SK우,88000,93800,5800,6.59,29809,2707917800
096770,SK이노베이션,57300,64800,7500,13.09,1719407,106529173800
096775,SK이노베이션우,43300,49850,6550,15.13,20780,982098550
001510,SK증권,448,456,8,1.79,4038541,1857024158
001515,SK증권우,1590,1690,100,6.29,99558,160323970
285130,SK케미칼,56700,62800,6100,10.76,424212,25562661500
28513K,SK케미칼우,20600,22000,1400,6.8,60646,1297895350
017670,SK텔레콤,173000,175000,2000,1.16,403851,70523692000
000660,SK하이닉스,69000,74800,5800,8.41,8750101,641208325400
005610,SPC삼립,42950,43700,750,1.75,33392,1446583250
011810,STX,5200,4885,-315,-6.06,39053,189876585
077970,STX엔진,3835,3945,110,2.87,28724,112371010
071970,STX중공업,1285,1395,110,8.56,200508,268154090
084870,TBH글로벌,1180,1120,-60,-5.08,352573,403296825
002710,TCC스틸,1215,1330,115,9.47,78812,100003135
024070,WISCOM,1745,1730,-15,-0.86,40117,68265315
037270,YGPLUS,738,774,36,4.88,200818,154972233
000500,가온전선,12100,12150,50,0.41,6677,80913250
000860,강남제비스코,11950,12500,550,4.6,11003,134890850
035250,강원랜드,16900,17400,500,2.96,804523,13796807350
011420,갤럭시아에스엠,751,828,77,10.25,203260,155210698
002100,경농,5950,6400,450,7.56,195357,1200003520
009450,경동나비엔,26500,28450,1950,7.36,51007,1402691050
267290,경동도시가스,12300,13150,850,6.91,17345,223551400
012320,경동인베스트,18000,19150,1150,6.39,11941,224606950
000050,경방,7210,7280,70,0.97,53676,392158400
214390,경보제약,4670,5090,420,8.99,161718,789468825
012610,경인양행,3695,4350,655,17.73,928684,3839781985
009140,경인전자,15350,14850,-500,-3.26,1945,28801550
013580,계룡건설,8900,9880,980,11.01,126196,1182710950
012200,계양전기,1695,1805,110,6.49,284370,502083100
012205,계양전기우,3505,3740,235,6.7,54857,196624385
004200,고려개발,4610,4765,155,3.36,22399,103356185
002140,고려산업,1330,1450,120,9.02,575763,803297515
010130,고려아연,293500,295000,1500,0.51,87185,25995608000
002240,고려제강,11400,11700,300,2.63,149212,1753737100
009290,광동제약,3950,4115,165,4.18,305290,1241337610
017040,광명전기,1130,1200,70,6.19,2838260,3273329160
017900,광전자,1130,1195,65,5.75,190547,222600635
037710,광주신세계,119500,119500,0,0.0,4759,550912000
030610,교보증권,4550,4950,400,8.79,199405,936701535
007690,국도화학,33400,36500,3100,9.28,11732,412540700
005320,국동,1350,1470,120,8.89,7247275,10299748475
001140,국보,723,939,216,29.88,1468479,1300398972
002720,국제약품,3900,4410,510,13.08,3487163,15532304005
083420,그린케미칼,2445,2500,55,2.25,102429,255724200
014530,극동유화,2145,2240,95,4.43,471195,1055294290
014280,금강공업,1925,1965,40,2.08,234345,467903075
014285,금강공업우,5760,6080,320,5.56,12358,73301460
008870,금비,43150,44000,850,1.97,2004,86118500
001570,금양,1775,1945,170,9.58,592714,1092730155
002990,금호산업,4360,4505,145,3.33,431472,1935969985
002995,금호산업우,15300,18450,3150,20.59,27925,495921950
011780,금호석유,43950,57100,13150,29.92,222820,11457422250
011785,금호석유우,17900,20500,2600,14.53,29053,572939950
214330,금호에이치티,1850,2045,195,10.54,330542,649572130
001210,금호전기,1500,1600,100,6.67,145129,225896935
073240,금호타이어,2970,3030,60,2.02,3340229,9135166350
092440,기신정기,2360,2585,225,9.53,53771,132429460
000270,기아차,22550,24150,1600,7.1,3015123,69507711200
024110,기업은행,5870,6620,750,12.78,3698474,22752479170
013700,까뮤이앤씨,730,797,67,9.18,1951311,1476508120
004540,깨끗한나라,2245,2435,190,8.46,633575,1528273420
004545,깨끗한나라우,11550,12850,1300,11.26,19785,251859800
074610,나노메딕스,3255,3480,225,6.91,1023151,3508062065
001260,남광토건,6510,6690,180,2.76,39043,258945370
008350,남선알미늄,3090,3320,230,7.44,11016309,35547586230
008355,남선알미우,22250,23300,1050,4.72,25047,572832350
004270,남성,1070,1190,120,11.21,1712986,1941853455
003920,남양유업,275000,269000,-6000,-2.18,3333,902384000
003925,남양유업우,86500,89300,2800,3.24,66,5883900
002070,남영비비안,691,721,30,4.34,1139160,821246819
025860,남해화학,4510,4980,470,10.42,320488,1513108210
005720,넥센,3180,3305,125,3.93,44863,144078925
005725,넥센우,2160,2130,-30,-1.39,2698,5778545
002350,넥센타이어,3890,4625,735,18.89,455276,1828641215
002355,넥센타이어1우B,1750,1820,70,4.0,20535,36798625
003580,넥스트사이언스,4965,5260,295,5.94,459632,2376321950
251270,넷마블,90700,93500,2800,3.09,514529,47533947000
090350,노루페인트,4660,4910,250,5.36,178555,860845245
090355,노루페인트우,8130,8210,80,0.98,52764,424644960
000320,노루홀딩스,6900,6910,10,0.14,35254,240119810
000325,노루홀딩스우,10400,10800,400,3.85,1549,16625650
006280,녹십자,111000,112500,1500,1.35,124464,13913619500
005250,녹십자홀딩스,14900,17500,2600,17.45,105034,1631645800
005257,녹십자홀딩스2우,13000,13500,500,3.85,1307,16497100
004370,농심,252000,262000,10000,3.97,30021,7648147500
072710,농심홀딩스,63900,65400,1500,2.35,2837,180282200
058730,다스코,4310,4530,220,5.1,224558,973055545
023590,다우기술,12000,13100,1100,9.17,271398,3427947450
019680,대교,3145,3260,115,3.66,253142,814006625
019685,대교우B,2205,2225,20,0.91,42181,93319620
006370,대구백화점,4780,4450,-330,-6.9,12447,55880995
008060,대덕전자,6200,6760,560,9.03,757327,4976144060
00806K,대덕전자1우,4500,4615,115,2.56,36222,165269540
000490,대동공업,3005,3185,180,5.99,119248,377459385
008110,대동전자,3085,3030,-55,-1.78,32521,97026925
005750,대림BCo,1995,2175,180,9.02,75850,159806180
000210,대림산업,49000,56600,7600,15.51,305317,16274435650
000215,대림산업우,22950,26050,3100,13.51,26779,633756050
004440,대림씨엔에스,3400,3570,170,5.0,359061,1292131185
006570,대림통상,3000,2720,-280,-9.33,20492,57159540
001680,대상,13200,14500,1300,9.85,186267,2553708250
001685,대상우,9280,9800,520,5.6,7849,73595020
084690,대상홀딩스,3380,3490,110,3.25,107501,370679125
084695,대상홀딩스우,3800,4050,250,6.58,5973,23506915
128820,대성산업,2630,2670,40,1.52,88539,233148820
117580,대성에너지,3850,3960,110,2.86,34913,135740095
016710,대성홀딩스,8350,8580,230,2.75,120607,1030980170
003540,대신증권,6970,7190,220,3.16,324622,2303728540
003547,대신증권2우B,6080,6210,130,2.14,77044,471754540
003545,대신증권우,6400,6520,120,1.88,204638,1328509880
009190,대양금속,1460,1610,150,10.27,1496734,2384609640
014160,대영포장,681,723,42,6.17,3275722,2327987825
047040,대우건설,2370,2530,160,6.75,3331959,8059521410
009320,대우부품,1350,1480,130,9.63,2426171,3443106690
042660,대우조선해양,12000,12450,450,3.75,608700,7473802600
003090,대웅,6480,7220,740,11.42,238407,1671209400
069620,대웅제약,64000,66600,2600,4.06,186584,12270242700
000430,대원강업,2360,2480,120,5.08,80568,193088805
006340,대원전선,559,599,40,7.16,823916,482572239
006345,대원전선우,1585,1695,110,6.94,47512,76091470
003220,대원제약,10200,10400,200,1.96,89507,933328600
024890,대원화성,725,769,44,6.07,257254,187184170
002880,대유에이텍,631,624,-7,-1.11,958893,587014588
000300,대유플러스,527,529,2,0.38,330091,171213613
012800,대창,697,739,42,6.03,2505253,1811487952
015230,대창단조,19100,18900,-200,-1.05,7617,142179150
001070,대한방직,15800,16800,1000,6.33,15413,246366950
006650,대한유화,61500,69000,7500,12.2,108370,7002025600
001440,대한전선,405,425,20,4.94,1301188,543374966
084010,대한제강,3680,3740,60,1.63,230945,854930205
001790,대한제당,14200,14300,100,0.7,25150,362871100
001799,대한제당3우B,16200,16200,0,0.0,0,0
001795,대한제당우,8970,8940,-30,-0.33,6202,55348340
001130,대한제분,92000,94400,2400,2.61,2105,193297600
003490,대한항공,13600,15250,1650,12.13,7782231,114757932650
003495,대한항공우,9920,12850,2930,29.54,180566,2114300100
005880,대한해운,10900,12800,1900,17.43,159320,1956938300
003830,대한화섬,51800,55700,3900,7.53,2522,129520950
016090,대현,1350,1415,65,4.81,183190,252408710
069460,대호에이엘,1540,1545,5,0.32,781025,1214921115
192080,더블유게임즈,37750,39300,1550,4.11,113861,4441897450
012510,더존비즈온,55500,68000,12500,22.52,318875,20258690100
004830,덕성,1630,1765,135,8.28,408048,700546160
004835,덕성우,4200,4355,155,3.69,105039,461123175
024900,덕양산업,701,714,13,1.85,297712,210084979
145720,덴티움,26700,32700,6000,22.47,106962,3205107600
002150,도화엔지니어링,5100,5420,320,6.27,194041,1035954530
001230,동국제강,2780,3500,720,25.9,744596,2244723535
023450,동남합성,26500,27150,650,2.45,616,16689200
004140,동방,1460,1520,60,4.11,4257255,6532342355
007590,동방아그로,4980,4950,-30,-0.6,32315,158952500
005960,동부건설,6410,6560,150,2.34,135995,861097700
005965,동부건설우,15800,15700,-100,-0.63,1804,28702100
016380,동부제철,5320,5910,590,11.09,12571,71047620
016385,동부제철우,50000,54600,4600,9.2,280,14633400
083370,동북아12호,4950,4950,0,0.0,0,0
083380,동북아13호,5000,5000,0,0.0,0,0
026960,동서,14550,15050,500,3.44,136021,2006631300
002210,동성제약,6400,7330,930,14.53,802156,5699536320
102260,동성코퍼레이션,2275,2460,185,8.13,267018,623676855
005190,동성화학,12800,13200,400,3.13,40666,510321050
000640,동아쏘시오홀딩스,69200,71800,2600,3.76,25809,1764679200
170900,동아에스티,68300,71200,2900,4.25,38885,2693759300
028100,동아지질,10150,11350,1200,11.82,291317,3142046300
282690,동아타이어,9240,9650,410,4.44,1357,12823070
001520,동양,764,791,27,3.53,4208010,3361442953
001527,동양2우B,6180,6680,500,8.09,11502,75050210
001529,동양3우B,20000,20100,100,0.5,268,5412300
084670,동양고속,23550,23750,200,0.85,4602,108047450
030790,동양네트웍스,2770,3005,235,8.48,116173,336539945
002900,동양물산,651,770,119,18.28,27112606,20724034904
082640,동양생명,1700,1705,5,0.29,1317845,2046955050
001525,동양우,3770,3905,135,3.58,5642,21629130
008970,동양철관,700,723,23,3.29,860176,615367942
092780,동양피스톤,2770,2910,140,5.05,92391,262206455
049770,동원FB,136000,140000,4000,2.94,20428,2784536000
018500,동원금속,497,502,5,1.01,592727,286742723
006040,동원산업,136000,130500,-5500,-4.04,7133,959879500
030720,동원수산,5110,5880,770,15.07,153065,821222540
014820,동원시스템즈,15250,15450,200,1.31,72524,1115332950
014825,동원시스템즈우,17800,18150,350,1.97,663,11726250
163560,동일고무벨트,3300,3420,120,3.64,33892,113770780
004890,동일산업,40000,40750,750,1.88,7743,306738200
002690,동일제강,1185,1165,-20,-1.69,586506,661701720
000020,동화약품,4985,5190,205,4.11,206771,1062868430
000150,두산,26050,27950,1900,7.29,190652,5127663900
000157,두산2우B,29200,27300,-1900,-6.51,2365,65424750
011160,두산건설,1240,1240,0,0.0,0,0
241560,두산밥캣,13700,14700,1000,7.3,566771,8072323300
336370,두산솔루스,14400,16300,1900,13.19,999099,16292092900
33637K,두산솔루스1우,5250,6340,1090,20.76,244592,1523082900
33637L,두산솔루스2우B,9940,12900,2960,29.78,128662,1585120840
000155,두산우,25800,27500,1700,6.59,19250,510777400
042670,두산인프라코어,2560,2790,230,8.98,3660865,9827278775
034020,두산중공업,2645,2660,15,0.57,3682065,9746069145
336260,두산퓨얼셀,4180,4470,290,6.94,1144363,5179547715
33626K,두산퓨얼셀1우,1755,1945,190,10.83,357145,703292200
33626L,두산퓨얼셀2우B,4320,5230,910,21.06,145257,759637080
016740,두올,1655,1875,220,13.29,450343,793610005
192650,드림텍,3020,3520,500,16.56,981906,3198679840
024090,디씨엠,9690,9850,160,1.65,4202,41001860
003160,디아이,1950,2030,80,4.1,475540,943560935
092200,디아이씨,989,1035,46,4.65,648088,643048124
013570,디와이,2700,2795,95,3.52,182099,506893970
210540,디와이파워,5160,5210,50,0.97,154172,807146110
007340,디티알오토모티브,21900,22850,950,4.34,13915,305939950
026890,디피씨,3850,4080,230,5.97,4652313,18710823555
115390,락앤락,6900,7220,320,4.64,634186,4387390440
032350,롯데관광개발,7490,7950,460,6.14,545964,4213440590
330590,롯데리츠,4680,4680,0,0.0,984153,4550553420
000400,롯데손해보험,1020,1080,60,5.88,535857,560648037
023530,롯데쇼핑,60500,63400,2900,4.79,255489,15857557100
004000,롯데정밀화학,23900,26900,3000,12.55,152909,3805201100
286940,롯데정보통신,19050,19800,750,3.94,73273,1430306700
280360,롯데제과,99200,101000,1800,1.81,5132,516054800
004990,롯데지주,20350,21400,1050,5.16,338433,7131842850
00499K,롯데지주우,31550,33950,2400,7.61,16026,523026600
005300,롯데칠성,81000,94500,13500,16.67,19007,1609592400
005305,롯데칠성우,36650,37400,750,2.05,5243,192455950
011170,롯데케미칼,117000,147500,30500,26.07,301848,39936902500
002270,롯데푸드,212000,219500,7500,3.54,4406,948934000
071840,롯데하이마트,12200,12400,200,1.64,417436,5006184850
027740,마니커,510,581,71,13.92,3808175,2130885812
204320,만도,17350,18400,1050,6.05,836084,14715083900
001080,만호제강,10450,10950,500,4.78,12071,125147800
088980,맥쿼리인프라,9770,9900,130,1.33,2865541,28105518690
094800,맵스리얼티1,3500,3430,-70,-2.0,597686,2073676460
138040,메리츠금융지주,6000,6540,540,9.0,173142,1106985470
008560,메리츠종금증권,2110,2430,320,15.17,3942213,9050565295
000060,메리츠화재,9180,9900,720,7.84,596347,5547934910
090370,메타랩스,600,630,30,5.0,738017,453563817
017180,명문제약,3310,3840,530,16.01,2152367,8096284790
012690,모나리자,3970,4095,125,3.15,2549988,10449984980
005360,모나미,1705,1810,105,6.16,1096457,1937860050
204210,모두투어리츠,2540,2700,160,6.3,54692,148572725
009680,모토닉,5160,5450,290,5.62,49061,260836410
009580,무림PP,2470,2575,105,4.25,359628,907278065
009200,무림페이퍼,1550,1640,90,5.81,303308,486515865
033920,무학,3795,3900,105,2.77,424651,1645346305
008420,문배철강,1230,1280,50,4.07,204337,257106200
025560,미래산업,88,93,5,5.68,16087421,1466553839
007120,미래아이앤지,271,282,11,4.06,752582,211185221
006800,미래에셋대우,3600,3985,385,10.69,8484456,32603739995
00680K,미래에셋대우2우B,2410,2545,135,5.6,1256739,3096420530
006805,미래에셋대우우,2450,2680,230,9.39,38102,97982990
085620,미래에셋생명,2650,2510,-140,-5.28,535138,1370219365
002840,미원상사,50900,51500,600,1.18,15749,810702200
268280,미원에스씨,68000,68200,200,0.29,1303,89406900
107590,미원홀딩스,36850,37850,1000,2.71,3754,140982250
134380,미원화학,37600,39050,1450,3.86,1364,51991350
003650,미창석유,45000,46150,1150,2.56,568,25921400
155900,바다로19호,2385,2435,50,2.1,6113,14710290
003610,방림,1165,1310,145,12.45,168116,199267935
001340,백광산업,1750,1855,105,6.0,2412512,4366986580
014580,백광소재,1995,2190,195,9.77,605560,1261771595
035150,백산,3790,4290,500,13.19,364275,1444927500
002410,범양건영,1810,1930,120,6.63,870994,1633048445
096300,베트남개발1,254,271,17,6.69,150208,40347431
007210,벽산,951,1000,49,5.15,1058638,1016946159
002760,보락,1025,1115,90,8.78,2850500,3029303355
003850,보령제약,8600,9400,800,9.3,407062,3651821860
000890,보해양조,550,590,40,7.27,5612968,3197213910
003000,부광약품,17000,17700,700,4.12,7593404,132607515650
001270,부국증권,14500,15000,500,3.45,6166,90866800
001275,부국증권우,13400,14050,650,4.85,1331,18597250
026940,부국철강,1995,2200,205,10.28,566357,1179517605
015350,부산가스,25800,29050,3250,12.6,6223,163870800
011390,부산산업,70400,75300,4900,6.96,46668,3367122200
005030,부산주공,264,270,6,2.27,339820,89787252
100220,비상교육,4625,4760,135,2.92,258120,1222560900
101140,비티원,2400,2610,210,8.75,583528,1450403870
005180,빙그레,36000,39000,3000,8.33,89387,3344920050
003960,사조대림,9070,9290,220,2.43,57857,534891680
008040,사조동아원,481,582,101,21.0,2114176,1111970414
007160,사조산업,18950,20700,1750,9.23,14842,290610850
014710,사조씨푸드,2550,2700,150,5.88,212364,557241655
006090,사조오양,4695,4950,255,5.43,127458,619296595
005090,삼광글라스,27900,26550,-1350,-4.84,106322,2817300350
001470,삼부토건,411,429,18,4.38,854643,373391477
006400,삼성SDI,183000,216500,33500,18.31,1818258,373915279000
006405,삼성SDI우,99700,122500,22800,22.87,102210,11468257000
006660,삼성공조,5140,5330,190,3.7,10229,52799650
028260,삼성물산,76400,80500,4100,5.37,690277,54215219800
02826K,삼성물산우B,54500,57000,2500,4.59,20280,1137081900
207940,삼성바이오로직스,366000,430000,64000,17.49,586738,240736364500
032830,삼성생명,31900,33950,2050,6.43,700255,23303446100
018260,삼성에스디에스,139000,145000,6000,4.32,243413,34658201500
028050,삼성엔지니어링,7070,7630,560,7.92,3918606,29109608520
009150,삼성전기,85700,96400,10700,12.49,2158834,196819573910
009155,삼성전기우,36500,40800,4300,11.78,81883,3186330300
005930,삼성전자,42950,45400,2450,5.7,49730008,2221272156100
005935,삼성전자우,35450,38000,2550,7.19,4623584,173645210150
001360,삼성제약,2510,2700,190,7.57,1636921,4261360195
010140,삼성중공업,3320,3480,160,4.82,11535243,38924261295
010145,삼성중공우,32000,33700,1700,5.31,1796,59641100
016360,삼성증권,24400,23900,-500,-2.05,1291491,30395483900
068290,삼성출판사,10150,13150,3000,29.56,586764,6907947800
029780,삼성카드,23600,27300,3700,15.68,222603,5661702050
000810,삼성화재,126000,129500,3500,2.78,239608,30465212000
000815,삼성화재우,86100,92400,6300,7.32,29986,2684290300
006110,삼아알미늄,2615,2730,115,4.4,65683,176202515
145990,삼양사,24500,25200,700,2.86,59915,1467522100
145995,삼양사우,18300,18200,-100,-0.55,10725,190150500
003230,삼양식품,71000,76500,5500,7.75,47154,3511132700
002170,삼양통상,40000,41000,1000,2.5,11532,463754400
272550,삼양패키징,12900,13150,250,1.94,34749,453827400
000070,삼양홀딩스,36500,36400,-100,-0.27,58098,2116503200
000075,삼양홀딩스우,27000,27100,100,0.37,857,23321250
002810,삼영무역,10850,10900,50,0.46,109600,1191922000
005680,삼영전자,5940,6280,340,5.72,45003,275835280
003720,삼영화학,849,867,18,2.12,134109,113770282
023000,삼원강재,1460,1565,105,7.19,94350,143618485
004380,삼익THK,8000,8300,300,3.75,118172,963073320
002450,삼익악기,982,1045,63,6.42,1037700,1049642294
000520,삼일제약,10100,12850,2750,27.23,258391,3042319400
009770,삼정펄프,18000,20900,2900,16.11,4082,81621450
005500,삼진제약,17100,17550,450,2.63,91099,1590165500
004690,삼천리,61400,58800,-2600,-4.23,40317,2374462500
001880,삼호,11400,12000,600,5.26,40762,457564950
010960,삼호개발,3355,3425,70,2.09,192997,640251980
004450,삼화왕관,32100,34900,2800,8.72,685,22884000
009470,삼화전기,7580,8600,1020,13.46,177954,1456757250
011230,삼화전자,1420,1560,140,9.86,170902,260282695
001820,삼화콘덴서,34500,38250,3750,10.87,390073,14325896900
000390,삼화페인트,3950,4215,265,6.71,74153,306020615
001290,상상인증권,889,955,66,7.42,258609,236218974
041650,상신브레이크,2130,2125,-5,-0.23,41670,88266550
075180,새론오토모티브,2930,3135,205,7.0,30622,94834005
007540,샘표,21600,23200,1600,7.41,34708,772991000
248170,샘표식품,18550,20250,1700,9.16,41264,797019500
007860,서연,1615,1715,100,6.19,559143,931926600
200880,서연이화,1835,2050,215,11.72,501480,959374740
017390,서울가스,66900,64500,-2400,-3.59,871,55939400
004410,서울식품,107,120,13,12.15,23158510,2684762732
004415,서울식품우,2160,2255,95,4.4,212839,477324220
021050,서원,1995,2065,70,3.51,4219571,8719539330
008490,서흥,32500,33250,750,2.31,52582,1704054700
007610,선도전기,1580,1680,100,6.33,278259,455652070
136490,선진,5640,5510,-130,-2.3,142663,788904170
002820,선창산업,1955,2130,175,8.95,23482,46958450
014910,성문전자,1020,1135,115,11.27,412169,446727485
014915,성문전자우,6680,7260,580,8.68,21649,153996420
003080,성보화학,2825,2825,0,0.0,37289,104825005
004980,성신양회,4100,4350,250,6.1,253465,1080801660
004985,성신양회우,5640,5680,40,0.71,53306,302295930
011300,성안,300,306,6,2.0,469515,143816665
000180,성창기업지주,1000,1025,25,2.5,203441,207759743
002420,세기상사,44200,46450,2250,5.09,1827,81862100
004360,세방,6800,7000,200,2.94,68146,456288930
004365,세방우,4505,4590,85,1.89,7802,34380660
004490,세방전지,22500,26000,3500,15.56,56794,1314096450
001430,세아베스틸,5650,5840,190,3.36,279281,1619535090
306200,세아제강,28900,30400,1500,5.19,8472,250601000
003030,세아제강지주,19500,20900,1400,7.18,19350,379550300
019440,세아특수강,7180,7880,700,9.75,17947,134322620
058650,세아홀딩스,45900,47100,1200,2.61,2133,97484400
013000,세우글로벌,1085,1160,75,6.91,1242554,1414901145
091090,세원셀론텍,1490,1610,120,8.05,404249,623653640
021820,세원정공,8090,8090,0,0.0,0,0
067830,세이브존IC,1750,1900,150,8.57,125424,217614890
033530,세종공업,2315,2550,235,10.15,154365,375642230
075580,세진중공업,1700,2210,510,30.0,780906,1532330640
027970,세하,1240,1490,250,20.16,267561,375849420
145210,세화아이엠씨,2990,2990,0,0.0,0,0
308170,센트랄모텍,18400,20300,1900,10.33,778956,15776592650
068270,셀트리온,140000,152500,12500,8.93,2019176,298603636000
004430,송원산업,7200,8010,810,11.25,244755,1872680590
017550,수산중공업,873,944,71,8.13,1053989,953134082
002200,수출포장,13200,14250,1050,7.95,32505,452988650
053210,스카이라이프,4915,5150,235,4.78,150163,754009325
134790,시디즈,30050,30950,900,3.0,2093,64729750
016590,신대양제지,40550,45350,4800,11.84,24025,1042365900
029530,신도리코,19550,21200,1650,8.44,9504,195962400
004970,신라교역,7290,7190,-100,-1.37,118112,811176580
011930,신성이엔지,575,610,35,6.09,846651,500676377
005390,신성통상,651,754,103,15.82,5402875,3865938781
004170,신세계,204000,224000,20000,9.8,106243,22835901000
035510,신세계IC,74100,76200,2100,2.83,5840,440769200
034300,신세계건설,16350,16200,-150,-0.92,25637,419799900
031430,신세계인터내셔날,198500,200500,2000,1.01,82620,16112007500
031440,신세계푸드,42350,42700,350,0.83,25630,1070393650
006880,신송홀딩스,2495,2670,175,7.01,83776,221883205
005800,신영와코루,64800,64300,-500,-0.77,96133,6181247600
001720,신영증권,41900,42900,1000,2.39,11274,476917450
001725,신영증권우,42950,44000,1050,2.44,1528,66630800
009270,신원,999,1065,66,6.61,2321250,2415222704
009275,신원우,27000,27100,100,0.37,2343,60583900
002700,신일산업,1085,1250,165,15.21,5364486,6216985315
019170,신풍제약,6610,7880,1270,19.21,23789010,187874058820
019175,신풍제약우,11700,13750,2050,17.52,841915,11706919500
002870,신풍제지,776,775,-1,-0.13,402469,309956287
005450,신한,4945,4945,0,0.0,0,0
293940,신한알파리츠,6230,6200,-30,-0.48,312064,1906290890
055550,신한지주,22450,24200,1750,7.8,3288066,76144765550
001770,신화실업,20900,20900,0,0.0,0,0
004080,신흥,8500,8910,410,4.82,17212,143560820
102280,쌍방울,577,602,25,4.33,4232174,2520395353
003410,쌍용양회,4055,4680,625,15.41,1658698,7157859240
003415,쌍용양회우,7080,7130,50,0.71,17539,122156910
003620,쌍용차,1130,1220,90,7.96,563050,667472035
004770,써니전자,2205,2365,160,7.26,3662895,8527349705
015540,쎌마테라퓨틱스,5060,5530,470,9.29,233019,1245484020
004920,씨아이테크,636,623,-13,-2.04,1042826,651712816
112610,씨에스윈드,19700,22950,3250,16.5,101788,2257309000
008700,아남전자,935,1080,145,15.51,2095637,2167635072
002790,아모레G,48000,49150,1150,2.4,231976,11137594650
00279K,아모레G3우전환,33500,34150,650,1.94,21265,695689700
002795,아모레G우,18400,18600,200,1.09,18288,327147600
090430,아모레퍼시픽,159500,165500,6000,3.76,380927,62397392000
090435,아모레퍼시픽우,56400,57600,1200,2.13,30798,1774468600
002030,아세아,75800,72700,-3100,-4.09,10554,763552700
183190,아세아시멘트,42000,44800,2800,6.67,14281,612534550
002310,아세아제지,20600,22950,2350,11.41,48077,1062380200
267850,아시아나IDT,7440,8260,820,11.02,575797,4733191950
020560,아시아나항공,2270,2735,465,20.48,6931246,17543841755
122900,아이마켓코리아,6330,7830,1500,23.7,249965,1802655400
010780,아이에스동서,16250,19950,3700,22.77,161270,2923930050
033660,아주캐피탈,10000,10050,50,0.5,207217,2076202690
001780,알루코,1150,1205,55,4.78,693550,817153595
018250,애경산업,19500,20300,800,4.1,216024,4287795100
161000,애경유화,4480,4655,175,3.91,174102,796341775
011090,에넥스,555,590,35,6.31,617858,362880907
005850,에스엘,9380,9700,320,3.41,201956,1932852000
012750,에스원,84100,84400,300,0.36,141606,11840830000
023960,에쓰씨엔지니어링,602,700,98,16.28,254098,170309105
298690,에어부산,2095,2445,350,16.71,2248310,5164868360
140910,에이리츠,5540,5500,-40,-0.72,10398,56354580
078520,에이블씨엔씨,5790,6440,650,11.23,178330,1079119250
015260,에이엔피,173,183,10,5.78,1689459,308092703
007460,에이프로젠KIC,1415,1485,70,4.95,9688533,14124258085
003060,에이프로젠제약,1125,1175,50,4.44,4662940,5433624515
036570,엔씨소프트,530000,567000,37000,6.98,236382,132550892000
138250,엔에스쇼핑,4800,5350,550,11.46,394613,1965286330
085310,엔케이,533,571,38,7.13,779076,428172577
009810,엔케이물산,497,520,23,4.63,2211238,1126991362
900140,엘브이엠씨홀딩스,2380,2820,440,18.49,898982,2363086810
014440,영보화학,2090,1950,-140,-6.7,795696,1519304240
111770,영원무역,17550,20850,3300,18.8,250659,4628589200
009970,영원무역홀딩스,27400,32200,4800,17.52,10312,297136400
003520,영진약품,3695,3980,285,7.71,1803608,7027115455
000670,영풍,405000,437500,32500,8.02,5724,2443504500
006740,영풍제지,2250,2585,335,14.89,180859,416153850
012280,영화금속,708,731,23,3.25,868180,623318508
012160,영흥철강,625,659,34,5.44,387271,247626425
015360,예스코홀딩스,26500,27150,650,2.45,2327,62819100
007310,오뚜기,434000,463000,29000,6.68,9719,4276587500
002630,오리엔트바이오,413,437,24,5.81,1178390,498982978
271560,오리온,101500,102000,500,0.49,172892,17580085800
001800,오리온홀딩스,10950,11700,750,6.85,173952,1923425850
070960,용평리조트,2480,2650,170,6.85,892145,2254590265
316140,우리금융지주,6560,7440,880,13.41,4574529,31457996450
004720,우리들제약,4480,4850,370,8.26,598726,2816367305
118000,우리들휴브레인,1530,1670,140,9.15,1518018,2442357000
010050,우리종금,370,418,48,12.97,7034699,2728882717
006980,우성사료,1605,1700,95,5.92,553635,924849965
017370,우신시스템,3475,3580,105,3.02,17993,63414700
105840,우진,2980,3025,45,1.51,130927,389775880
010400,우진아이엔에스,5010,5220,210,4.19,81739,413474780
049800,우진플라임,1990,2270,280,14.07,76520,160120350
016880,웅진,958,982,24,2.51,291215,281293003
095720,웅진씽크빅,2040,2120,80,3.92,765449,1595976285
103130,웅진에너지,914,914,0,0.0,0,0
005820,원림,13100,13600,500,3.82,2233,28958200
010600,웰바이오텍,1845,1935,90,4.88,353282,675100130
008600,윌비스,637,730,93,14.6,2739521,1866909192
033270,유나이티드제약,11250,12350,1100,9.78,915055,11477758150
014830,유니드,30000,30900,900,3.0,56569,1706193100
000910,유니온,1670,1950,280,16.77,182305,310077255
047400,유니온머티리얼,994,1050,56,5.63,885860,895125826
011330,유니켐,1040,1080,40,3.85,776496,828973145
077500,유니퀘스트,3675,3970,295,8.03,187238,718497260
002920,유성기업,1795,1905,110,6.13,191557,349009530
000700,유수홀딩스,3710,3995,285,7.68,95998,363490945
003470,유안타증권,1350,1500,150,11.11,1098071,1578403965
003475,유안타증권우,1230,1295,65,5.28,48624,62540680
011690,유양디앤유,1220,1220,0,0.0,0,0
072130,유엔젤,1890,1990,100,5.29,238178,470143395
000220,유유제약,7250,7710,460,6.34,165020,1266002980
000225,유유제약1우,4990,5250,260,5.21,25668,132094110
000227,유유제약2우B,13950,13500,-450,-3.23,2565,35628250
001200,유진투자증권,1190,1400,210,17.65,1849177,2352795335
000100,유한양행,194500,200000,5500,2.83,76558,15121540500
000105,유한양행우,186500,192000,5500,2.95,265,51058000
003460,유화증권,9500,9800,300,3.16,17533,171607820
003465,유화증권우,10550,10650,100,0.95,2119,21242930
008730,율촌화학,11000,11500,500,4.55,63151,719828150
008250,이건산업,3070,3270,200,6.51,239694,752551165
025820,이구산업,801,847,46,5.74,297191,241577359
214320,이노션,43800,46050,2250,5.14,88755,3926296350
088260,이리츠코크렙,4980,4800,-180,-3.61,266750,1292646710
139480,이마트,101500,105000,3500,3.45,339958,34501746900
007660,이수페타시스,1785,1925,140,7.84,910849,1697279490
005950,이수화학,5130,5530,400,7.8,150489,796576780
015020,이스타코,420,492,72,17.14,768699,341094391
093230,이아이디,138,165,27,19.57,7287147,1104203790
102460,이연제약,7200,7790,590,8.19,154837,1155927960
084680,이월드,2615,2750,135,5.16,1826334,4865797430
000760,이화산업,11550,12450,900,7.79,6771,78717800
014990,인디에프,926,986,60,6.48,1261344,1219634249
006490,인스코비,1960,2045,85,4.34,1232602,2489438885
023800,인지컨트롤스,2435,2560,125,5.13,211713,513736650
034590,인천도시가스,22950,22550,-400,-1.74,4844,107879100
129260,인터지스,911,971,60,6.59,361539,336894666
023810,인팩,2690,2690,0,0.0,10967,29078965
249420,일동제약,9280,10000,720,7.76,103052,994655280
000230,일동홀딩스,6700,6800,100,1.49,21497,143562010
013360,일성건설,597,620,23,3.85,549696,336449566
003120,일성신약,78700,82900,4200,5.34,9049,741848000
003200,일신방직,45500,45350,-150,-0.33,10840,487059200
007110,일신석재,1120,1240,120,10.71,2851190,3425112475
007570,일양약품,26800,27800,1000,3.73,3331528,95146703750
007575,일양약품우,17100,17500,400,2.34,28200,501616600
008500,일정실업,9000,9140,140,1.56,749,6621290
081000,일진다이아,11050,12250,1200,10.86,437007,5179966250
020760,일진디스플,1975,2120,145,7.34,471172,968836650
020150,일진머티리얼즈,22550,25050,2500,11.09,1569859,38158689450
103590,일진전기,1425,1515,90,6.32,271719,399660510
015860,일진홀딩스,1900,2075,175,9.21,486163,970347985
226320,잇츠한불,8150,8700,550,6.75,119871,979905470
317400,자이에스앤디,2865,3050,185,6.46,232732,702671940
033240,자화전자,4430,4900,470,10.61,180979,861017190
000950,전방,10600,10550,-50,-0.47,3002,31401050
194370,제이에스코퍼레이션,5740,5940,200,3.48,41933,246163220
025620,제이준코스메틱,1615,1760,145,8.98,531236,888759935
036420,제이콘텐트리,22200,23550,1350,6.08,196624,4511410600
030000,제일기획,11900,13300,1400,11.76,982485,12578957400
271980,제일약품,15650,18100,2450,15.65,88987,1506173700
001560,제일연마,4450,4505,55,1.24,12391,56384795
002620,제일파마홀딩스,8210,8830,620,7.55,5857,50188680
006220,제주은행,2160,2180,20,0.93,180919,390832830
089590,제주항공,12500,12650,150,1.2,1277357,16355326800
004910,조광페인트,3320,3325,5,0.15,43121,141369110
004700,조광피혁,36700,39300,2600,7.08,10937,418530850
001550,조비,7320,7700,380,5.19,49010,372712770
000480,조선내화,69900,69000,-900,-1.29,5364,372414200
120030,조선선재,69000,70700,1700,2.46,3131,214592500
018470,조일알미늄,400,403,3,0.75,293903,114130348
002600,조흥,116000,116000,0,0.0,180,21144500
185750,종근당,64000,65200,1200,1.88,80315,5154964100
063160,종근당바이오,21800,24100,2300,10.55,127175,2987017350
001630,종근당홀딩스,87000,90500,3500,4.02,35828,3184798800
044380,주연테크,415,434,19,4.58,3745101,1574305012
013890,지누스,39700,51600,11900,29.97,490495,23082229100
013870,지엠비코리아,2470,2690,220,8.91,301943,781795925
071320,지역난방공사,27600,28350,750,2.72,9797,272064850
010580,지코,271,242,-29,-10.7,11985124,2955415800
035000,지투알,3400,3560,160,4.71,20600,71860605
088790,진도,2100,2320,220,10.48,15976,34439840
003780,진양산업,2200,2290,90,4.09,393288,884119975
010640,진양폴리,1980,2055,75,3.79,147778,303635635
100250,진양홀딩스,1880,1920,40,2.13,128392,239436905
051630,진양화학,1950,2000,50,2.56,217820,429890560
272450,진에어,5420,5780,360,6.64,1268460,7175929040
011000,진원생명과학,6790,7030,240,3.53,16245376,116159102860
002780,진흥기업,1380,1445,65,4.71,97067,138257360
002787,진흥기업2우B,11700,12350,650,5.56,2746,33169700
002785,진흥기업우B,3410,3635,225,6.6,14035,48817085
009310,참엔지니어링,984,1005,21,2.13,371843,376568455
000650,천일고속,41700,41950,250,0.6,1787,73062800
012600,청호컴넷,1810,1810,0,0.0,0,0
033250,체시스,1250,1285,35,2.8,809823,999338090
035720,카카오,134000,149500,15500,11.57,1765756,251523323500
006380,카프로,2150,2400,250,11.63,222272,506714585
109070,컨버즈,9500,9430,-70,-0.74,21969,205618280
001620,케이비아이동국실업,530,516,-14,-2.64,394146,210414769
029460,케이씨,9640,10400,760,7.88,104832,1065472390
344820,케이씨씨글라스,12800,13250,450,3.52,219962,2915515550
281820,케이씨텍,12800,16300,3500,27.34,160072,2281466450
145270,케이탑리츠,685,709,24,3.5,242776,168496779
007815,코리아써우,2690,2710,20,0.74,4937,13191970
007810,코리아써키트,5210,6230,1020,19.58,516274,2998552010
00781K,코리아써키트2우B,3740,3875,135,3.61,1751,6604465
152330,코리아오토글라스,8970,9670,700,7.8,87136,814493950
003690,코리안리,5670,5880,210,3.7,709087,3990880050
192820,코스맥스,65400,66300,900,1.38,201243,13280231700
044820,코스맥스비티아이,9660,9700,40,0.41,61844,600041440
005070,코스모신소재,4950,5780,830,16.77,1071201,5806882700
005420,코스모화학,4650,5260,610,13.12,850661,4325430100
071950,코아스,727,792,65,8.94,373283,287967754
002020,코오롱,8920,9790,870,9.75,88666,812636790
003070,코오롱글로벌,5400,5640,240,4.44,79323,439232660
003075,코오롱글로벌우,13900,14100,200,1.44,1590,21814350
144620,코오롱머티리얼,845,915,70,8.28,153173,138553711
002025,코오롱우,5830,5860,30,0.51,27328,156280070
120110,코오롱인더,20950,23450,2500,11.93,265602,5768674800
120115,코오롱인더우,12000,12800,800,6.67,21704,260809500
138490,코오롱플라스틱,2030,2100,70,3.45,217680,460421565
021240,코웨이,54900,54600,-300,-0.55,428433,23135089600
031820,콤텍시스템,740,816,76,10.27,2099815,1639914575
192400,쿠쿠홀딩스,67800,70900,3100,4.57,15146,1063953600
284740,쿠쿠홈시스,27150,29000,1850,6.81,50444,1412812550
015590,큐로,549,618,69,12.57,2336704,1393300807
264900,크라운제과,5030,5240,210,4.17,85028,439066445
26490K,크라운제과우,4515,4655,140,3.1,15972,72462105
005740,크라운해태홀딩스,5090,5340,250,4.91,93937,494961590
005745,크라운해태홀딩스우,7500,7790,290,3.87,10394,78170770
020120,키다리스튜디오,2250,2475,225,10.0,527843,1257317700
039490,키움증권,54400,56600,2200,4.04,121777,6672392500
012170,키위미디어그룹,150,150,0,0.0,0,0
015890,태경산업,3300,3455,155,4.7,51556,176692180
006890,태경화학,4000,4045,45,1.13,62641,250431840
003240,태광산업,496000,579000,83000,16.73,3103,1639043000
011280,태림포장,2150,2280,130,6.05,1186179,2655407950
004100,태양금속,700,732,32,4.57,396542,288144236
004105,태양금속우,1820,1865,45,2.47,88691,163747945
009410,태영건설,8930,10050,1120,12.54,372762,3501225970
009415,태영건설우,4670,5060,390,8.35,40502,195904395
001420,태원물산,2800,2765,-35,-1.25,82652,223445900
007980,태평양물산,1135,1210,75,6.61,401221,481705755
055490,테이팩스,11850,12100,250,2.11,24747,295748050
078000,텔코웨어,10450,11000,550,5.26,45242,474625400
214420,토니모리,6500,6940,440,6.77,140565,949501060
019180,티에이치엔,1715,1820,105,6.12,336642,578481450
091810,티웨이항공,2060,2165,105,5.1,974699,2081232755
004870,티웨이홀딩스,640,697,57,8.91,1396577,946777799
005690,파미셀,9220,9630,410,4.45,4983260,47980432630
036580,팜스코,2645,2740,95,3.59,241192,641375935
028670,팬오션,2085,2680,595,28.54,5822590,13949912500
010820,퍼스텍,1185,1235,50,4.22,414367,502819395
016800,퍼시스,24750,25850,1100,4.44,1866,47007700
001020,페이퍼코리아,434,434,0,0.0,0,0
090080,평화산업,784,797,13,1.66,659860,520383979
010770,평화홀딩스,1820,1895,75,4.12,62299,117411060
058430,포스코강판,8460,8600,140,1.65,21086,178796890
047050,포스코인터내셔널,9090,9730,640,7.04,657286,6164374430
003670,포스코케미칼,33100,37900,4800,14.5,1026044,37119841800
007630,폴루스바이오팜,1225,1225,0,0.0,0,0
017810,풀무원,7580,7800,220,2.9,106271,828299070
103140,풍산,13800,16000,2200,15.94,280535,3993065550
005810,풍산홀딩스,20650,20900,250,1.21,36027,749732300
033180,필룩스,2950,3135,185,6.27,5659941,17535230535
086790,하나금융지주,18550,20650,2100,11.32,3413303,66991174250
099340,하나니켈1호,299,311,12,4.01,21923751,6969254472
099350,하나니켈2호,1050,1130,80,7.62,1403319,1552530410
293480,하나제약,14600,16200,1600,10.96,153834,2392499550
039130,하나투어,27800,29200,1400,5.04,184452,5313106950
172580,하이골드12호,2210,2170,-40,-1.81,69642,151036000
153360,하이골드3호,1235,1250,15,1.21,10810,13519605
159650,하이골드8호,2015,2015,0,0.0,0,0
071090,하이스틸,10150,11150,1000,9.85,29221,309006800
019490,하이트론,1755,1750,-5,-0.28,14923,26160490
000080,하이트진로,22000,24200,2200,10.0,776466,17658074100
000087,하이트진로2우B,11500,12200,700,6.09,7845,93172850
000140,하이트진로홀딩스,8730,9210,480,5.5,52415,468225390
000145,하이트진로홀딩스우,8330,8340,10,0.12,9807,80404730
152550,한국ANKOR유전,1560,1600,40,2.56,43252,69096525
036460,한국가스공사,16600,19350,2750,16.57,603641,10931935200
005430,한국공항,23000,23000,0,0.0,63102,1375638600
071050,한국금융지주,39250,37050,-2200,-5.61,899740,33270362000
071055,한국금융지주우,25700,24950,-750,-2.92,58732,1461394550
010040,한국내화,1805,1980,175,9.7,472183,885964520
025540,한국단자,21350,24550,3200,14.99,55667,1245516850
004090,한국석유,61200,66900,5700,9.31,20087,1305300400
002960,한국쉘석유,225000,221000,-4000,-1.78,4492,1006188500
123890,한국자산신탁,1510,1510,0,0.0,990933,1521550245
015760,한국전력,16250,17300,1050,6.46,3694677,62732400000
006200,한국전자홀딩스,391,401,10,2.56,326919,131761976
002300,한국제지,10050,10650,600,5.97,17559,177543770
009540,한국조선해양,66300,77000,10700,16.14,517444,36475000600
023350,한국종합기술,3200,3390,190,5.94,142846,481766110
025890,한국주강,944,961,17,1.8,16651,15941674
000970,한국주철관,5550,5590,40,0.72,160093,883649100
104700,한국철강,2750,2895,145,5.27,66480,188232075
017960,한국카본,4240,4450,210,4.95,1025406,4469544525
161890,한국콜마,31900,33300,1400,4.39,301244,9770855700
024720,한국콜마홀딩스,13800,14450,650,4.71,155112,2197936650
161390,한국타이어앤테크놀로지,16500,16800,300,1.82,850872,14150574400
000240,한국테크놀로지그룹,8000,8660,660,8.25,117672,950399500
034830,한국토지신탁,1535,1560,25,1.63,748109,1164840815
007280,한국특수형강,711,730,19,2.67,400067,277790156
168490,한국패러랠,1935,1920,-15,-0.78,125393,242588950
010100,한국프랜지,1000,1075,75,7.5,685967,742814600
047810,한국항공우주,16400,18000,1600,9.76,872172,14914665450
123690,한국화장품,10050,10550,500,4.98,788409,8131472080
003350,한국화장품제조,21250,22100,850,4.0,69102,1505915500
011500,한농화성,3100,3330,230,7.42,83313,272677640
002390,한독,15550,16600,1050,6.75,122585,1987943050
014790,한라,1785,1970,185,10.36,124332,228757385
060980,한라홀딩스,24450,26400,1950,7.98,99933,2504558200
053690,한미글로벌,4880,5180,300,6.15,97383,498012255
042700,한미반도체,5270,6070,800,15.18,638207,3615239340
008930,한미사이언스,20100,20850,750,3.73,282569,5811896850
128940,한미약품,218000,227000,9000,4.13,73900,16375528500
009240,한샘,51400,53800,2400,4.67,215454,11233947700
020000,한섬,16750,21650,4900,29.25,107286,1921712150
003680,한성기업,3240,3320,80,2.47,56248,186702415
105630,한세실업,6810,7950,1140,16.74,299017,2215816690
069640,한세엠케이,1995,2105,110,5.51,29769,60162955
016450,한세예스24홀딩스,3150,3500,350,11.11,51227,172323765
010420,한솔PNS,905,983,78,8.62,328440,314854463
009180,한솔로지스틱스,871,912,41,4.71,1285015,1144824073
213500,한솔제지,8630,9090,460,5.33,136093,1219361140
014680,한솔케미칼,66200,74100,7900,11.93,64592,4488625200
004710,한솔테크닉스,3695,4390,695,18.81,776204,3064247245
004150,한솔홀딩스,2150,2325,175,8.14,142379,319012035
025750,한솔홈데코,537,579,42,7.82,1733324,954164378
004960,한신공영,9800,10200,400,4.08,151257,1570567110
011700,한신기계,970,1080,110,11.34,481932,500961422
001750,한양증권,4650,4910,260,5.59,68827,327907670
001755,한양증권우,6350,6330,-20,-0.31,1928,12182770
018880,한온시스템,9100,9320,220,2.42,2534183,22353427600
009420,한올바이오파마,14900,16600,1700,11.41,899027,14358206550
014130,한익스프레스,3015,3225,210,6.97,464148,1487621595
300720,한일시멘트,60000,57200,-2800,-4.67,11475,670627900
002220,한일철강,1270,1165,-105,-8.27,97301,115653820
006390,한일현대시멘트,17000,17700,700,4.12,48880,845515650
003300,한일홀딩스,27450,29400,1950,7.1,9105,259519050
051600,한전KPS,26500,26900,400,1.51,361447,9452796850
052690,한전기술,12950,14000,1050,8.11,149530,2004938850
130660,한전산업,2285,2465,180,7.88,77226,186065825
002320,한진,29800,32500,2700,9.06,447801,13569992650
097230,한진중공업,3890,3970,80,2.06,189238,747353780
003480,한진중공업홀딩스,2505,2555,50,2.0,77724,198675635
180640,한진칼,41050,53300,12250,29.84,6293980,301934253650
18064K,한진칼우,18200,23650,5450,29.95,95566,2040720250
005110,한창,1280,1360,80,6.25,2605310,3470152840
009460,한창제지,1655,1895,240,14.5,15187440,27660336045
000880,한화,12500,13750,1250,10.0,918027,11639622050
00088K,한화3우B,9050,9000,-50,-0.55,148607,1332593710
027390,한화갤러리아타임월드,23100,23100,0,0.0,0,0
088350,한화생명,917,958,41,4.47,8514019,7891272766
000370,한화손해보험,965,1025,60,6.22,2065204,2134429302
009830,한화솔루션,9500,10500,1000,10.53,2408986,24054259500
009835,한화솔루션우,6520,6880,360,5.52,17556,117999420
272210,한화시스템,4845,5150,305,6.3,603912,3052234145
012450,한화에어로스페이스,15700,16750,1050,6.69,717128,11346504550
000885,한화우,14600,15350,750,5.14,18634,277575850
003530,한화투자증권,1005,1135,130,12.94,3203086,3357390377
003535,한화투자증권우,1035,1095,60,5.8,181625,193457122
195870,해성디에스,11000,12150,1150,10.45,89863,1059862100
101530,해태제과식품,3500,4000,500,14.29,94541,348815595
143210,핸즈코퍼레이션,5350,5450,100,1.87,43304,228359920
000720,현대건설,19300,21200,1900,9.84,1887135,38045837000
267270,현대건설기계,10900,12350,1450,13.3,537986,6270802750
000725,현대건설우,64500,70200,5700,8.84,1392,93733900
005440,현대그린푸드,5020,5250,230,4.58,675369,3411967045
086280,현대글로비스,79600,81000,1400,1.76,237990,19068899300
064350,현대로템,8850,9700,850,9.6,1394067,12777225950
079430,현대리바트,6050,6210,160,2.64,165568,996841320
012330,현대모비스,129000,140500,11500,8.91,567440,75790632000
010620,현대미포조선,20500,23000,2500,12.2,368445,7934862950
069960,현대백화점,60300,60800,500,0.83,149020,8876147000
004560,현대비앤지스틸,5190,5470,280,5.39,47304,254284680
004565,현대비앤지스틸우,32450,34100,1650,5.08,1075,35815650
011760,현대상사,7060,7670,610,8.64,199804,1479130090
011200,현대상선,2325,2425,100,4.3,3836779,9069601745
004310,현대약품,2855,3100,245,8.58,613517,1834436060
322000,현대에너지솔루션,14300,16100,1800,12.59,299887,4610530700
126560,현대에이치씨엔,2435,2680,245,10.06,267268,678252405
017800,현대엘리베이,36350,40250,3900,10.73,531140,20200922550
307950,현대오토에버,21800,24350,2550,11.7,66240,1526081250
011210,현대위아,20450,23500,3050,14.91,369544,8064327050
267260,현대일렉트릭,4900,6170,1270,25.92,347343,1818267610
004020,현대제철,13300,13700,400,3.01,1724350,23250365300
267250,현대중공업지주,174500,183000,8500,4.87,118677,20672711500
005380,현대차,65900,71100,5200,7.89,3349914,228807950400
005387,현대차2우B,46350,47500,1150,2.48,142941,6794834000
005389,현대차3우B,40150,42500,2350,5.85,42573,1751210200
005385,현대차우,40400,43850,3450,8.54,170162,7171635800
001500,현대차증권,5090,5710,620,12.18,234279,1279560690
227840,현대코퍼레이션홀딩스,5830,6290,460,7.89,69984,426300380
001450,현대해상,17700,18450,750,4.24,616369,10887575250
057050,현대홈쇼핑,45250,48500,3250,7.18,131666,5909379600
093240,형지엘리트,762,753,-9,-1.18,689724,512436379
003010,혜인,2805,2975,170,6.06,218016,631592365
111110,호전실업,9750,9980,230,2.36,17872,178879620
008770,호텔신라,63000,67700,4700,7.46,835080,54914651000
008775,호텔신라우,39950,41300,1350,3.38,6886,283062600
002460,화성산업,6120,6300,180,2.94,95752,587180710
013520,화승알앤에이,1250,1340,90,7.2,181579,230603385
241590,화승엔터프라이즈,8500,9130,630,7.41,395115,3537666830
006060,화승인더,5770,6430,660,11.44,928404,5707672230
010690,화신,1585,1610,25,1.58,180844,284234490
133820,화인베스틸,1000,1125,125,12.5,539009,558674824
010660,화천기계,1465,1540,75,5.12,892363,1355640210
000850,화천기공,24700,25700,1000,4.05,6034,153181500
016580,환인제약,11050,11150,100,0.9,131320,1449067500
032560,황금에스티,3550,3960,410,11.55,147704,554824835
004800,효성,49750,57100,7350,14.77,230722,11908033500
094280,효성ITX,11300,12050,750,6.64,72182,868904650
298040,효성중공업,8750,10050,1300,14.86,248563,2341169840
298050,효성첨단소재,45750,48000,2250,4.92,79278,3692896500
298020,효성티앤씨,78200,87900,9700,12.4,24182,1972574700
298000,효성화학,51000,60900,9900,19.41,103539,5767780700
093370,후성,4610,5290,680,14.75,2005166,9977711570
081660,휠라홀딩스,21050,21250,200,0.95,1239231,25828155700
005870,휴니드,3800,4050,250,6.58,116796,450476880
079980,휴비스,3180,3400,220,6.92,716097,2378410540
005010,휴스틸,4200,4400,200,4.76,33826,141664395
069260,휴켐스,12650,13200,550,4.35,178942,2301060350
000540,흥국화재,1330,1525,195,14.66,183750,258941145
000547,흥국화재2우B,11900,12400,500,4.2,4823,58760000
000545,흥국화재우,3305,3870,565,17.1,94681,351826145
003280,흥아해운,240,244,4,1.67,19753319,4895333640
