티커,종목명,시가,종가,변동폭,등락률,거래량,거래대금
095570,AJ네트웍스,3270,3265,-5,-0.15,57781,188346365
006840,AK홀딩스,18000,18200,200,1.11,49861,906452050
027410,BGF,4270,4330,60,1.41,146866,628542040
282330,BGF리테일,133000,134000,1000,0.75,116522,15664994800
138930,BNK금융지주,5400,5500,100,1.85,1771575,9617769170
001460,BYC,219500,220000,500,0.23,341,74804000
001465,BYC우,129000,130000,1000,0.78,1637,212308000
001040,CJ,83500,91100,7600,9.1,592982,53310629700
079160,CJCGV,19950,21900,1950,9.77,2250051,48062408100
00104K,CJ4우전환,57700,62400,4700,8.15,60657,3671552300
000120,CJ대한통운,154500,157000,2500,1.62,85712,13299603000
011150,CJ씨푸드,3885,3870,-15,-0.39,1032630,4014542605
011155,CJ씨푸드1우,46350,48400,2050,4.42,36961,1771450750
001045,CJ우,46900,51200,4300,9.17,251220,13169467050
097950,CJ제일제당,443500,414500,-29000,-6.54,277899,118815303000
097955,CJ제일제당우,185000,179500,-5500,-2.97,104348,19829650000
000590,CS홀딩스,61300,60200,-1100,-1.79,3465,209512700
012030,DB,728,720,-8,-1.1,863599,619284210
016610,DB금융투자,4025,3990,-35,-0.87,314921,1240411030
005830,DB손해보험,48700,49450,750,1.54,269993,13251263600
000990,DB하이텍,33550,34700,1150,3.43,1144242,38806976800
000995,DB하이텍1우,70600,71000,400,0.57,2674,188943300
139130,DGB금융지주,5650,5670,20,0.35,1442871,8113145130
001530,DI동일,79500,80600,1100,1.38,44230,3589678200
004840,DRB동일,6700,6730,30,0.45,57043,380705870
155660,DSR,3995,3940,-55,-1.38,38848,152800570
069730,DSR제강,4305,4255,-50,-1.16,64177,271842760
017940,E1,38650,38500,-150,-0.39,20171,773413450
007700,FF,96700,100500,3800,3.93,179964,17881013700
114090,GKL,13100,13800,700,5.34,2283315,31246580150
078930,GS,35500,36150,650,1.83,568532,20425376900
006360,GS건설,27950,27800,-150,-0.54,556068,15317489400
001250,GS글로벌,1730,1845,115,6.65,2387886,4344747630
007070,GS리테일,33850,34950,1100,3.25,457460,15721867250
078935,GS우,29800,30200,400,1.34,18421,552190050
012630,HDC,11250,11300,50,0.44,425825,4772460400
039570,HDC아이콘트롤스,8600,8660,60,0.7,89858,772513830
089470,HDC현대EP,4970,4930,-40,-0.8,422853,2087997360
294870,HDC현대산업개발,22400,22700,300,1.34,925127,20785013350
011200,HMM,6800,6380,-420,-6.18,7911865,52384473890
082740,HSD엔진,4930,4810,-120,-2.43,448049,2155040605
003560,IHQ,1420,1420,0,0.0,770269,1079628470
175330,JB금융지주,4730,4760,30,0.63,296760,1406621355
234080,JW생명과학,20250,19900,-350,-1.73,204835,4101036450
001060,JW중외제약,38750,38000,-750,-1.94,568190,22000335150
001067,JW중외제약2우B,115500,150000,34500,29.87,23828,3288011500
001065,JW중외제약우,97500,102000,4500,4.62,307307,33448774600
096760,JW홀딩스,5600,5480,-120,-2.14,217276,1190023060
105560,KB금융,38800,40350,1550,3.99,5024954,199126092250
002380,KCC,151500,157500,6000,3.96,203806,31313719500
009070,KCTC,2350,2410,60,2.55,335072,807616170
009440,KC그린홀딩스,4360,4330,-30,-0.69,112532,483775825
119650,KC코트렐,6170,6150,-20,-0.32,306743,1879638990
092220,KEC,805,805,0,0.0,474501,380378482
016380,KG동부제철,14900,15000,100,0.67,578037,9042810100
016385,KG동부제철우,133000,172500,39500,29.7,7840,1323909500
001390,KG케미칼,22900,22750,-150,-0.66,617220,13888041700
001940,KISCO홀딩스,11200,11150,-50,-0.45,25643,284118750
025000,KPX케미칼,45950,45600,-350,-0.76,4925,224783700
092230,KPX홀딩스,42700,42550,-150,-0.35,4122,174926650
000040,KR모터스,702,719,17,2.42,694485,491716031
044450,KSS해운,8590,8530,-60,-0.7,65736,556424270
030200,KT,24750,25600,850,3.43,3065716,77034220900
033780,KTG,88100,88300,200,0.23,562328,49221921700
030210,KTB투자증권,3005,3020,15,0.5,544110,1620018005
058850,KTcs,1985,1940,-45,-2.27,449870,874608845
058860,KTis,2340,2310,-30,-1.28,164937,380928860
093050,LF,13350,13000,-350,-2.62,308886,4041882300
003550,LG,87300,88600,1300,1.49,604173,52396101168
034220,LG디스플레이,13150,13150,0,0.0,2681052,34881340550
001120,LG상사,15500,16000,500,3.23,602298,9470704700
051900,LG생활건강,1573000,1548000,-25000,-1.59,34961,54544822000
051905,LG생활건강우,760000,769000,9000,1.18,4533,3462567000
003555,LG우,58100,59000,900,1.55,42658,2468830700
032640,LG유플러스,11900,12400,500,4.2,5613573,68574291700
011070,LG이노텍,160000,161500,1500,0.94,192240,30656645000
066570,LG전자,83000,87300,4300,5.18,2704977,231176725900
066575,LG전자우,33200,34400,1200,3.61,593898,20233059050
108670,LG하우시스,61500,60900,-600,-0.98,50996,3084831600
108675,LG하우시스우,28900,29100,200,0.69,14166,411657150
037560,LG헬로비전,4065,4070,5,0.12,140652,568866950
051910,LG화학,758000,741000,-17000,-2.24,673527,504374170736
051915,LG화학우,416000,400000,-16000,-3.85,143292,58012934500
079550,LIG넥스원,35300,36600,1300,3.68,215578,7724843700
006260,LS,42900,42250,-650,-1.52,156299,6578116100
010120,LSELECTRIC,55000,55900,900,1.64,170149,9357557100
000680,LS네트웍스,2290,2280,-10,-0.44,114136,259899270
229640,LS전선아시아,6960,6900,-60,-0.86,116710,805675870
023150,MH에탄올,8320,8190,-130,-1.56,146324,1211953740
035420,NAVER,311500,305000,-6500,-2.09,856711,262002347000
181710,NHN,79800,78700,-1100,-1.38,272626,21516606400
005940,NH투자증권,9540,9750,210,2.2,2324197,22156426750
005945,NH투자증권우,7870,7880,10,0.13,195257,1528950560
338100,NH프라임리츠,4410,4490,80,1.81,79035,352610885
034310,NICE,20350,20500,150,0.74,96401,1930614800
008260,NI스틸,2250,2230,-20,-0.89,257161,570950310
004250,NPC,3415,3400,-15,-0.44,29684,101237385
004255,NPC우,2320,2305,-15,-0.65,14370,32892760
010060,OCI,63500,65600,2100,3.31,591550,37297717500
005490,POSCO,207000,208500,1500,0.72,360782,74555429000
100840,STC,15200,15150,-50,-0.33,13058,197910500
064960,ST모티브,53500,52800,-700,-1.31,76444,4019350900
003570,ST중공업,5100,5100,0,0.0,113139,574397550
036530,ST홀딩스,15350,15200,-150,-0.98,8865,134752050
010950,S-Oil,64000,64300,300,0.47,520713,33224189900
010955,S-Oil우,37350,37800,450,1.2,50021,1889028600
034120,SBS,16100,16150,50,0.31,108518,1743400650
101060,SBS미디어홀딩스,1885,1880,-5,-0.27,58898,111151430
004060,SG세계물산,608,601,-7,-1.15,2133099,1284287423
001380,SG충방,1700,1685,-15,-0.88,524281,882746365
002360,SH에너지화학,838,820,-18,-2.15,904447,743407023
009160,SIMPAC,2400,2405,5,0.21,46984,112349850
123700,SJM,2690,2730,40,1.49,16070,43441560
025530,SJM홀딩스,2600,2610,10,0.38,3866,10066425
034730,SK,240500,240000,-500,-0.21,270686,64757675000
011790,SKC,87800,91000,3200,3.64,2760791,263472284300
018670,SK가스,93800,92800,-1000,-1.07,17103,1584148000
001740,SK네트웍스,5280,5370,90,1.7,1119410,5972981950
001745,SK네트웍스우,186000,180500,-5500,-2.96,4767,863060000
006120,SK디스커버리,77300,81300,4000,5.17,4571997,376365713200
006125,SK디스커버리우,70000,73900,3900,5.57,604529,45615090500
210980,SK디앤디,36200,35350,-850,-2.35,140052,4938674250
068400,SK렌터카,9730,9780,50,0.51,296102,2906740230
326030,SK바이오팜,191500,191000,-500,-0.26,419642,80436518500
03473K,SK우,243000,237500,-5500,-2.26,22460,5355342000
096770,SK이노베이션,187000,182500,-4500,-2.41,1129184,208178020000
096775,SK이노베이션우,175000,165000,-10000,-5.71,82040,13778403000
001510,SK증권,897,879,-18,-2.01,8817780,7755795263
001515,SK증권우,6150,6100,-50,-0.81,198731,1205037850
285130,SK케미칼,401000,400000,-1000,-0.25,478482,190428193500
28513K,SK케미칼우,224000,218000,-6000,-2.68,165714,36350286500
017670,SK텔레콤,237000,241500,4500,1.9,565000,134495947000
000660,SK하이닉스,81300,81000,-300,-0.37,3595828,289641970965
005610,SPC삼립,63500,64400,900,1.42,10678,683092300
011810,STX,5100,5100,0,0.0,21543,109627610
077970,STX엔진,5790,5750,-40,-0.69,12090,69534560
071970,STX중공업,2400,2360,-40,-1.67,87575,204029595
084870,TBH글로벌,1670,1645,-25,-1.5,38744,64052245
002710,TCC스틸,2415,2315,-100,-4.14,1172948,2794416610
024070,WISCOM,2295,2320,25,1.09,45068,104093095
037270,YGPLUS,3855,3995,140,3.63,9891900,39947076815
000500,가온전선,16700,16700,0,0.0,11166,188578550
000860,강남제비스코,15450,15550,100,0.65,9874,153428550
035250,강원랜드,23050,23900,850,3.69,1944944,46284919700
011420,갤럭시아에스엠,1650,1625,-25,-1.52,113652,185519590
002100,경농,18550,17350,-1200,-6.47,820861,14386963000
009450,경동나비엔,53800,54300,500,0.93,176625,9494628600
267290,경동도시가스,17250,17250,0,0.0,14086,240172300
012320,경동인베스트,27950,28750,800,2.86,14851,420644550
000050,경방,11750,11900,150,1.28,13377,158275050
214390,경보제약,12150,11400,-750,-6.17,315788,3647628150
012610,경인양행,9300,9150,-150,-1.61,1161678,10650459530
009140,경인전자,17250,17300,50,0.29,3012,52515700
013580,계룡건설,27300,28000,700,2.56,620621,17372987550
012200,계양전기,3245,3165,-80,-2.47,418916,1327425425
012205,계양전기우,9080,8810,-270,-2.97,95825,847719890
002140,고려산업,3865,3985,120,3.1,1457505,5662809730
010130,고려아연,450500,432000,-18500,-4.11,132334,57336405000
002240,고려제강,16150,16300,150,0.93,86614,1389860950
009290,광동제약,9470,9150,-320,-3.38,701112,6456797240
017040,광명전기,1870,1860,-10,-0.53,159403,295374680
017900,광전자,2280,2295,15,0.66,383018,861982985
037710,광주신세계,139000,149000,10000,7.19,4607,671042500
030610,교보증권,7340,7340,0,0.0,180593,1306641780
007690,국도화학,39350,38900,-450,-1.14,17341,673683750
005320,국동,3360,3380,20,0.6,1144518,3885220580
001140,국보,2410,2245,-165,-6.85,1507281,3425054170
002720,국제약품,11400,10550,-850,-7.46,1068138,11551018650
083420,그린케미칼,3605,3635,30,0.83,91303,327110720
014530,극동유화,3140,3145,5,0.16,113131,353678110
014280,금강공업,3745,3720,-25,-0.67,111213,411413160
014285,금강공업우,12250,12450,200,1.63,39053,483803350
008870,금비,57200,57500,300,0.52,2482,142494100
001570,금양,4585,4280,-305,-6.65,1138091,4871132010
002990,금호산업,7540,7430,-110,-1.46,298441,2209464210
002995,금호산업우,45200,44100,-1100,-2.43,32566,1431164550
011780,금호석유,96000,96200,200,0.21,166029,15831301600
011785,금호석유우,38300,38300,0,0.0,34577,1331536450
214330,금호에이치티,2035,1945,-90,-4.42,2787695,5433841705
001210,금호전기,3350,3340,-10,-0.3,23983,79681300
073240,금호타이어,2930,2955,25,0.85,638578,1876478815
092440,기신정기,3105,3190,85,2.74,61782,194632245
000270,기아차,47200,45250,-1950,-4.13,2734266,125011297600
024110,기업은행,8680,8800,120,1.38,4199990,36687326020
013700,까뮤이앤씨,1315,1300,-15,-1.14,810572,1045601535
004540,깨끗한나라,4030,3945,-85,-2.11,313887,1240989995
004545,깨끗한나라우,28100,27600,-500,-1.78,12214,336151150
001260,남광토건,12250,12250,0,0.0,527401,6603291750
008350,남선알미늄,5290,5220,-70,-1.32,3171362,16409212390
008355,남선알미우,74600,72800,-1800,-2.41,16820,1225320700
004270,남성,2720,2665,-55,-2.02,265627,706837585
003920,남양유업,305500,306500,1000,0.33,3709,1137177000
003925,남양유업우,208000,202500,-5500,-2.64,3711,756418500
025860,남해화학,9060,8580,-480,-5.3,666266,5766160170
005720,넥센,4085,4140,55,1.35,56670,233095605
005725,넥센우,2990,3065,75,2.51,17758,53725135
002350,넥센타이어,5560,5750,190,3.42,592018,3347228100
002355,넥센타이어1우B,2345,2370,25,1.07,115192,272916090
003580,넥스트사이언스,4980,4865,-115,-2.31,243497,1176773845
251270,넷마블,150000,149500,-500,-0.33,613777,92338136500
090350,노루페인트,7860,7780,-80,-1.02,156560,1214152210
090355,노루페인트우,14800,16050,1250,8.45,339781,5526891700
000320,노루홀딩스,9380,9390,10,0.11,6787,63520480
000325,노루홀딩스우,19450,19800,350,1.8,4364,86881500
006280,녹십자,301500,295000,-6500,-2.16,225981,67065912500
005250,녹십자홀딩스,30150,29200,-950,-3.15,389080,11458815600
005257,녹십자홀딩스2우,249000,253000,4000,1.61,31698,7821176500
004370,농심,374000,378000,4000,1.07,70442,26892513500
072710,농심홀딩스,81100,80400,-700,-0.86,11369,914616400
058730,다스코,4880,4830,-50,-1.02,41933,202451290
023590,다우기술,21450,21100,-350,-1.63,220210,4616213200
019680,대교,3965,3980,15,0.38,91093,360293930
019685,대교우B,2570,2570,0,0.0,67940,174643740
006370,대구백화점,5610,5660,50,0.89,3303,18482510
008060,대덕,6690,6650,-40,-0.6,331281,2197669760
00806K,대덕1우,6520,6490,-30,-0.46,6747,43783660
353200,대덕전자,13250,13200,-50,-0.38,2254318,29562785050
35320K,대덕전자1우,7860,7740,-120,-1.53,46611,360643850
000490,대동공업,7160,7190,30,0.42,364054,2624797380
008110,대동전자,4395,4405,10,0.23,7290,32074125
005750,대림BCo,5140,5090,-50,-0.97,30962,156466050
001880,대림건설,27950,27550,-400,-1.43,134207,3647976500
000210,대림산업,87300,88000,700,0.8,207762,17985156100
000215,대림산업우,40800,41000,200,0.49,18388,749239100
004440,대림씨엔에스,8030,7940,-90,-1.12,50081,395639140
006570,대림통상,4350,4390,40,0.92,2949,12800185
001680,대상,26500,27000,500,1.89,535304,14500061000
001685,대상우,16400,16250,-150,-0.91,25431,414283100
084690,대상홀딩스,9200,9520,320,3.48,412710,3907344070
084695,대상홀딩스우,7240,7250,10,0.14,26470,189989680
128820,대성산업,3300,3265,-35,-1.06,164780,534755285
117580,대성에너지,5150,5090,-60,-1.17,69929,354715950
016710,대성홀딩스,14250,14250,0,0.0,323205,4542119900
003540,대신증권,11400,11400,0,0.0,179831,2022246900
003547,대신증권2우B,9580,9580,0,0.0,52758,499308370
003545,대신증권우,10000,10000,0,0.0,169874,1685234910
009190,대양금속,4110,4030,-80,-1.95,848964,3456489290
014160,대영포장,1070,1060,-10,-0.93,1243587,1326591235
047040,대우건설,3600,3615,15,0.42,1388502,4962374375
009320,대우부품,2460,2395,-65,-2.64,923835,2214974855
042660,대우조선해양,25650,25500,-150,-0.58,606433,15201396400
003090,대웅,36800,36750,-50,-0.14,2626327,97972680650
069620,대웅제약,118500,116500,-2000,-1.69,194928,22846799000
000430,대원강업,3435,3520,85,2.47,149641,515424865
006340,대원전선,1035,1015,-20,-1.93,360450,367291145
006345,대원전선우,3710,3695,-15,-0.4,65026,239258750
003220,대원제약,21100,21250,150,0.71,431581,8979597200
024890,대원화성,1960,1920,-40,-2.04,256608,500623770
002880,대유에이텍,665,666,1,0.15,110151,73088490
000300,대유플러스,624,605,-19,-3.04,1664219,1014306948
012800,대창,1210,1180,-30,-2.48,1488629,1761826745
015230,대창단조,28100,28000,-100,-0.36,21364,595514350
001070,대한방직,33450,33800,350,1.05,2775,93011800
006650,대한유화,120000,120000,0,0.0,41395,4946094500
001440,대한전선,761,741,-20,-2.63,3340825,2471847072
084010,대한제강,6640,6880,240,3.61,317228,2187344320
001790,대한제당,19950,19900,-50,-0.25,21554,425708600
001795,대한제당우,14400,14150,-250,-1.74,3654,51331550
001130,대한제분,169500,182000,12500,7.37,86174,15381561500
003490,대한항공,18900,19550,650,3.44,8913015,175334343400
003495,대한항공우,21300,25900,4600,21.6,1991204,52212485700
005880,대한해운,16600,16500,-100,-0.6,95380,1617939850
003830,대한화섬,87200,87800,600,0.69,152,13247400
016090,대현,1840,1920,80,4.35,809518,1505826150
069460,대호에이엘,2170,2085,-85,-3.92,216602,454108850
192080,더블유게임즈,79600,79100,-500,-0.63,176586,13955915000
012510,더존비즈온,100500,103000,2500,2.49,101423,10362616500
004830,덕성,5880,5820,-60,-1.02,1664255,9928323850
004835,덕성우,11400,11150,-250,-2.19,127879,1453649450
024900,덕양산업,1635,2125,490,29.97,28556474,55780190245
145720,덴티움,43800,44200,400,0.91,80392,3493061600
002150,도화엔지니어링,8430,8240,-190,-2.25,195944,1621615520
001230,동국제강,6380,6560,180,2.82,1266552,8136830760
023450,동남합성,35700,38100,2400,6.72,8209,308450000
004140,동방,1810,1760,-50,-2.76,611017,1078853440
007590,동방아그로,6690,6560,-130,-1.94,53310,348712770
005960,동부건설,12050,11900,-150,-1.24,112403,1337302900
005965,동부건설우,37250,35400,-1850,-4.97,12466,445371100
026960,동서,21400,21600,200,0.93,243170,5197212850
002210,동성제약,13300,12900,-400,-3.01,335044,4328644450
102260,동성코퍼레이션,4005,4000,-5,-0.12,179115,702050645
005190,동성화학,16300,16300,0,0.0,4155,67385900
000640,동아쏘시오홀딩스,103000,106000,3000,2.91,21868,2286375500
170900,동아에스티,101000,99100,-1900,-1.88,60193,6004949800
028100,동아지질,17050,16700,-350,-2.05,318083,5304483800
282690,동아타이어,10450,10500,50,0.48,2300,24220550
001520,동양,1240,1235,-5,-0.4,919074,1123826540
001527,동양2우B,14650,16250,1600,10.92,17130,275264700
001529,동양3우B,28550,29100,550,1.93,3014,87139950
084670,동양고속,26750,27000,250,0.93,13266,356664300
002900,동양물산,1175,1165,-10,-0.85,2279758,2622600310
082640,동양생명,3070,3220,150,4.89,415412,1324152960
001525,동양우,6990,7070,80,1.14,18457,129116100
008970,동양철관,1030,1015,-15,-1.46,910199,924138810
092780,동양피스톤,5290,5170,-120,-2.27,189610,978330780
049770,동원FB,185000,187500,2500,1.35,9572,1774140000
018500,동원금속,734,740,6,0.82,534363,396812217
006040,동원산업,210500,207500,-3000,-1.43,3348,694388500
030720,동원수산,9370,9320,-50,-0.53,60521,561282840
014820,동원시스템즈,22950,23600,650,2.83,85143,1968521750
014825,동원시스템즈우,33400,34200,800,2.4,1163,38075850
163560,동일고무벨트,8050,8030,-20,-0.25,49005,392784420
004890,동일산업,69000,68900,-100,-0.14,3426,236342200
002690,동일제강,1915,1950,35,1.83,113007,216862780
000020,동화약품,24400,24950,550,2.25,3375125,85731148100
000150,두산,45100,45300,200,0.44,78029,3517681950
000157,두산2우B,78900,77500,-1400,-1.77,5165,405985700
241560,두산밥캣,28150,29450,1300,4.62,822247,23669759850
336370,두산솔루스,46650,47600,950,2.04,1465207,68921785650
33637K,두산솔루스1우,20350,20500,150,0.74,98380,1971236750
33637L,두산솔루스2우B,39500,38550,-950,-2.41,23174,898233050
000155,두산우,38250,38000,-250,-0.65,26860,1023081500
042670,두산인프라코어,7760,7790,30,0.39,6239118,48048207780
034020,두산중공업,9050,9090,40,0.44,7535713,68627077040
336260,두산퓨얼셀,46750,44600,-2150,-4.6,956296,43289550100
33626K,두산퓨얼셀1우,13200,13150,-50,-0.38,100290,1311195650
33626L,두산퓨얼셀2우B,22400,21700,-700,-3.13,24613,537146350
016740,두올,3840,3855,15,0.39,718449,2744523150
192650,드림텍,18000,17950,-50,-0.28,2064075,37452883550
024090,디씨엠,11000,11000,0,0.0,2294,25133600
003160,디아이,4685,4485,-200,-4.27,435131,1972745000
092200,디아이씨,1770,1750,-20,-1.13,269538,464171760
013570,디와이,4325,4325,0,0.0,228969,992075840
210540,디와이파워,11650,11450,-200,-1.72,142153,1615195050
007340,디티알오토모티브,24500,24500,0,0.0,7518,183360650
026890,디피씨,17700,17950,250,1.41,2937368,53084948050
115390,락앤락,11800,11750,-50,-0.42,104883,1221660450
032350,롯데관광개발,17450,18800,1350,7.74,1841625,34013097300
330590,롯데리츠,5120,5240,120,2.34,601824,3133535500
000400,롯데손해보험,1700,1750,50,2.94,762998,1332524260
023530,롯데쇼핑,80400,83900,3500,4.35,363305,29977278800
004000,롯데정밀화학,47100,48550,1450,3.08,136835,6441012950
286940,롯데정보통신,34700,35200,500,1.44,76849,2693477600
280360,롯데제과,108000,110000,2000,1.85,17510,1898850000
004990,롯데지주,31450,32250,800,2.54,335384,10657732600
00499K,롯데지주우,70100,70700,600,0.86,13736,959800200
005300,롯데칠성,100500,101500,1000,1.0,60402,6057714700
005305,롯데칠성우,62500,62100,-400,-0.64,8960,552415000
011170,롯데케미칼,190000,189500,-500,-0.26,192140,35969408500
002270,롯데푸드,335000,334000,-1000,-0.3,2511,834902000
071840,롯데하이마트,31050,32100,1050,3.38,241536,7685076000
027740,마니커,774,767,-7,-0.9,2749800,2098850799
204320,만도,33800,32600,-1200,-3.55,971539,31764807200
001080,만호제강,18700,18700,0,0.0,33203,610381500
088980,맥쿼리인프라,11300,11400,100,0.88,935211,10617456800
094800,맵스리얼티1,3930,3950,20,0.51,89651,353770090
138040,메리츠금융지주,9300,9590,290,3.12,155109,1473502470
008560,메리츠증권,3455,3600,145,4.2,7962588,28209838090
000060,메리츠화재,12950,13450,500,3.86,323389,4306292950
090370,메타랩스,1430,1440,10,0.7,666364,959406715
017180,명문제약,6330,6110,-220,-3.48,1366582,8444994570
012690,모나리자,5870,5720,-150,-2.56,583391,3363854370
005360,모나미,8360,7900,-460,-5.5,2266341,18249704900
204210,모두투어리츠,2925,2935,10,0.34,136278,418603890
009680,모토닉,7600,7590,-10,-0.13,47036,354048940
009580,무림PP,3115,3110,-5,-0.16,158605,491385360
009200,무림페이퍼,2150,2140,-10,-0.47,75439,162072845
033920,무학,5580,5640,60,1.08,69895,393496590
008420,문배철강,2930,2825,-105,-3.58,783037,2202476985
025560,미래산업,3135,3095,-40,-1.28,187860,582661880
007120,미래아이앤지,362,362,0,0.0,826715,297387323
006800,미래에셋대우,9430,9380,-50,-0.53,4652751,43264050930
00680K,미래에셋대우2우B,4845,4795,-50,-1.03,2366011,11226235960
006805,미래에셋대우우,5550,5550,0,0.0,101437,550951430
357250,미래에셋맵스리츠,4640,4760,120,2.59,215966,1020538915
085620,미래에셋생명,3285,3435,150,4.57,553949,1866347220
002840,미원상사,90700,92000,1300,1.43,7693,707062500
268280,미원에스씨,81000,81000,0,0.0,2379,191058300
107590,미원홀딩스,50600,51200,600,1.19,6341,321724800
134380,미원화학,51000,50600,-400,-0.78,4742,239937600
003650,미창석유,59100,59700,600,1.02,379,22626200
155900,바다로19호,2620,2615,-5,-0.19,849,2219775
003610,방림,1720,1780,60,3.49,2980928,5654993455
001340,백광산업,3790,3535,-255,-6.73,3537468,12752595500
035150,백산,5260,5600,340,6.46,4242724,24147781710
002410,범양건영,7210,7200,-10,-0.14,9910420,73794301690
096300,베트남개발1,284,287,3,1.06,77490,22178662
007210,벽산,1850,1825,-25,-1.35,564442,1027140960
002760,보락,1880,1850,-30,-1.6,724680,1348905385
003850,보령제약,17250,16700,-550,-3.19,479652,8059776750
000890,보해양조,864,850,-14,-1.62,1854161,1580323816
003000,부광약품,38150,38200,50,0.13,11700499,463206534000
001270,부국증권,20050,20000,-50,-0.25,7734,154815900
001275,부국증권우,19100,19050,-50,-0.26,1052,20041150
026940,부국철강,5630,5830,200,3.55,960030,5571652010
015350,부산가스,41900,54100,12200,29.12,237953,12055359400
011390,부산산업,131000,128500,-2500,-1.91,15269,1960673000
005030,부산주공,440,413,-27,-6.14,16857149,7722771856
002070,비비안,991,991,0,0.0,0,0
100220,비상교육,6960,6970,10,0.14,23341,162719740
030790,비케이탑스,5120,5180,60,1.17,177283,921524130
101140,비티원,3815,3715,-100,-2.62,428861,1579229375
005180,빙그레,59800,60500,700,1.17,36172,2182086600
003960,사조대림,14850,14800,-50,-0.34,47247,700061000
008040,사조동아원,863,857,-6,-0.7,351529,301622488
007160,사조산업,32200,32800,600,1.86,19774,635824550
014710,사조씨푸드,3755,3760,5,0.13,101981,379072760
006090,사조오양,8450,8680,230,2.72,101290,861416910
005090,삼광글라스,34000,35600,1600,4.71,41037,1423154800
001470,삼부토건,1035,981,-54,-5.22,4293393,4272386436
006400,삼성SDI,472500,475500,3000,0.63,691109,328852548000
006405,삼성SDI우,306000,300000,-6000,-1.96,58502,17661000500
006660,삼성공조,6530,6540,10,0.15,8554,55694510
028260,삼성물산,110500,119500,9000,8.14,1779300,206662505500
02826K,삼성물산우B,97000,103000,6000,6.19,83927,8444370000
207940,삼성바이오로직스,804000,843000,39000,4.85,760424,636451719000
032830,삼성생명,56300,59400,3100,5.51,1678762,96700771300
018260,삼성에스디에스,165500,172500,7000,4.23,291858,49318196500
028050,삼성엔지니어링,12350,12400,50,0.4,1503635,18477116400
009150,삼성전기,139000,139500,500,0.36,579572,79466177000
009155,삼성전기우,66000,65900,-100,-0.15,48284,3151868600
005930,삼성전자,58200,59000,800,1.37,18573934,1083108188236
005935,삼성전자우,50300,50700,400,0.8,1278718,64352241300
001360,삼성제약,4225,4055,-170,-4.02,2216855,9104185540
010140,삼성중공업,5690,5660,-30,-0.53,4851979,27156215540
010145,삼성중공우,468500,454000,-14500,-3.09,6405,2931650000
016360,삼성증권,32650,33000,350,1.07,997755,32309246500
068290,삼성출판사,21850,21350,-500,-2.29,95206,2048196650
029780,삼성카드,29350,29700,350,1.19,283877,8320051200
000810,삼성화재,174500,178500,4000,2.29,212097,37469649000
000815,삼성화재우,125000,129500,4500,3.6,32808,4171633000
006110,삼아알미늄,6440,6210,-230,-3.57,131343,812844050
145990,삼양사,68800,72600,3800,5.52,137651,9767708100
145995,삼양사우,53900,55100,1200,2.23,30040,1682366300
003230,삼양식품,123000,121500,-1500,-1.22,79353,9608056000
002170,삼양통상,61000,61000,0,0.0,5914,360790600
272550,삼양패키징,18800,18850,50,0.27,23662,445561800
000070,삼양홀딩스,73000,74200,1200,1.64,36070,2628336200
000075,삼양홀딩스우,54300,54400,100,0.18,5170,282682900
002810,삼영무역,13050,13000,-50,-0.38,19688,255206200
005680,삼영전자,7910,8320,410,5.18,213502,1714368460
003720,삼영화학,1895,1915,20,1.06,615985,1188274105
023000,삼원강재,2285,2290,5,0.22,34272,77948660
004380,삼익THK,10150,10150,0,0.0,239719,2404423030
002450,삼익악기,1460,1445,-15,-1.03,286300,412878125
000520,삼일제약,21750,20900,-850,-3.91,171177,3644959150
009770,삼정펄프,28850,29400,550,1.91,2124,61529350
005500,삼진제약,30300,29200,-1100,-3.63,138518,4075415200
004690,삼천리,77100,77700,600,0.78,6929,535023400
010960,삼호개발,4680,4530,-150,-3.21,275736,1252993685
004450,삼화왕관,40900,41600,700,1.71,1084,45089600
009470,삼화전기,21150,20400,-750,-3.55,277775,5785266500
011230,삼화전자,3150,3150,0,0.0,144977,457631260
001820,삼화콘덴서,64500,62200,-2300,-3.57,359993,22557982800
000390,삼화페인트,5330,5270,-60,-1.13,49149,257279440
001290,상상인증권,1090,1070,-20,-1.83,228883,244858560
041650,상신브레이크,2705,2675,-30,-1.11,140492,370051795
075180,새론오토모티브,4055,4130,75,1.85,8824,36319555
007540,샘표,61200,58900,-2300,-3.76,47220,2794013500
248170,샘표식품,52000,49350,-2650,-5.1,68356,3415698400
007860,서연,10100,10650,550,5.45,5468522,58865747690
200880,서연이화,4620,4575,-45,-0.97,1191650,5580408390
017390,서울가스,66700,67400,700,1.05,1052,70562100
004410,서울식품,157,156,-1,-0.64,2524566,391419833
004415,서울식품우,4945,5050,105,2.12,220316,1128417650
021050,서원,3340,3215,-125,-3.74,1559022,5022479275
008490,서흥,57300,56500,-800,-1.4,53261,2999456000
007610,선도전기,2555,2560,5,0.2,89651,228753105
136490,선진,10350,10400,50,0.48,94435,977229400
002820,선창산업,3525,3500,-25,-0.71,9367,32521755
014910,성문전자,1675,1635,-40,-2.39,110891,181466580
014915,성문전자우,11500,11150,-350,-3.04,13494,149832700
003080,성보화학,5220,4895,-325,-6.23,339835,1691190020
004980,성신양회,8130,8200,70,0.86,422181,3432286910
004985,성신양회우,19850,20300,450,2.27,114236,2305603750
011300,성안,411,413,2,0.49,54439,22229200
000180,성창기업지주,1720,1685,-35,-2.03,232403,390685340
002420,세기상사,61700,61200,-500,-0.81,3818,235349200
004360,세방,10200,10500,300,2.94,111243,1166031350
004365,세방우,6100,6200,100,1.64,530,3221350
004490,세방전지,31100,30850,-250,-0.8,49735,1525492000
001430,세아베스틸,11550,11500,-50,-0.43,375192,4236286850
306200,세아제강,69900,69300,-600,-0.86,11682,813334700
003030,세아제강지주,45550,44900,-650,-1.43,10310,458208550
019440,세아특수강,11250,11050,-200,-1.78,18228,203984400
058650,세아홀딩스,74000,73800,-200,-0.27,457,33772100
013000,세우글로벌,1870,1840,-30,-1.6,369886,682568800
091090,세원셀론텍,2675,2665,-10,-0.37,227173,605201820
021820,세원정공,8090,8090,0,0.0,0,0
067830,세이브존IC,2255,2185,-70,-3.1,715826,1559154370
033530,세종공업,7320,7330,10,0.14,2393756,17480634460
075580,세진중공업,6520,6390,-130,-1.99,419362,2671595540
027970,세하,1585,1370,-215,-13.56,8894363,12037353430
145210,세화아이엠씨,1175,1175,0,0.0,853031,1003340000
308170,센트랄모텍,28800,28900,100,0.35,187129,5466161500
068270,셀트리온,314000,302000,-12000,-3.82,1121637,343232301500
004430,송원산업,13250,13200,-50,-0.38,134736,1776275100
017550,수산중공업,1800,1820,20,1.11,1272238,2262547000
053210,스카이라이프,10100,9810,-290,-2.87,204201,2009478830
134790,시디즈,56100,55300,-800,-1.43,6370,351480700
016590,신대양제지,57800,58400,600,1.04,27064,1567173800
029530,신도리코,24500,24100,-400,-1.63,14274,343866700
004970,신라교역,10250,10300,50,0.49,21358,217242950
011930,신성이엔지,1340,1285,-55,-4.1,5570314,7125564725
005390,신성통상,2055,1960,-95,-4.62,5001583,10020535110
004170,신세계,212000,220500,8500,4.01,310579,68209829500
035510,신세계IC,128000,130000,2000,1.56,7454,947149000
034300,신세계건설,24400,24450,50,0.2,29788,722640150
031430,신세계인터내셔날,152000,158000,6000,3.95,171294,26712257000
031440,신세계푸드,55700,57500,1800,3.23,44477,2546608300
006880,신송홀딩스,4075,3910,-165,-4.05,61484,241098565
005800,신영와코루,96900,96600,-300,-0.31,402,38487300
001720,신영증권,49900,49700,-200,-0.4,15832,782124900
001725,신영증권우,46550,46850,300,0.64,3476,161665650
009270,신원,1650,1610,-40,-2.42,912171,1475851395
009275,신원우,53400,51400,-2000,-3.75,2884,149817300
002700,신일전자,1860,1905,45,2.42,2642096,5015826575
019170,신풍제약,76900,71800,-5100,-6.63,2147793,156110317800
019175,신풍제약우,177000,168500,-8500,-4.8,139261,23356291000
002870,신풍제지,1520,1625,105,6.91,1396375,2256783805
293940,신한알파리츠,6490,6630,140,2.16,191119,1256634860
055550,신한지주,32850,33800,950,2.89,4929263,163705515550
001770,신화실업,20050,20100,50,0.25,2968,58888350
004080,신흥,9170,9170,0,0.0,3319,30164970
102280,쌍방울,800,782,-18,-2.25,3039810,2379439387
003410,쌍용양회,5600,5670,70,1.25,2765811,15458135310
003415,쌍용양회우,14950,14850,-100,-0.67,8736,127768000
003620,쌍용차,3925,3665,-260,-6.62,4276635,15943217090
004770,써니전자,3535,3440,-95,-2.69,847195,2931642795
015540,쎌마테라퓨틱스,8100,7700,-400,-4.94,469187,3708726630
004920,씨아이테크,1080,1050,-30,-2.78,179306,189148985
112610,씨에스윈드,81800,85500,3700,4.52,605360,51025136800
008700,아남전자,1650,1620,-30,-1.82,627085,1018658750
002790,아모레G,56200,58200,2000,3.56,307948,17786347300
00279K,아모레G3우전환,34750,35700,950,2.73,22292,797049100
002795,아모레G우,24500,25050,550,2.24,104327,2607406050
090430,아모레퍼시픽,174000,182000,8000,4.6,894705,160560336500
090435,아모레퍼시픽우,62300,64500,2200,3.53,164027,10504547500
002030,아세아,76200,75900,-300,-0.39,44935,3366284000
183190,아세아시멘트,61400,61800,400,0.65,10949,671169500
002310,아세아제지,29000,29800,800,2.76,90868,2672026200
267850,아시아나IDT,22600,24000,1400,6.19,3047950,71794959150
020560,아시아나항공,4465,4500,35,0.78,9853600,44394107205
122900,아이마켓코리아,8170,8150,-20,-0.24,125499,1021399130
010780,아이에스동서,45700,46050,350,0.77,99553,4544149350
033660,아주캐피탈,11350,11400,50,0.44,52593,600812950
001780,알루코,3480,4520,1040,29.89,1408366,6365813280
018250,애경산업,22450,22850,400,1.78,202228,4618410000
161000,애경유화,7770,7620,-150,-1.93,206707,1562507840
011090,에넥스,1135,1105,-30,-2.64,629535,699389305
005850,에스엘,12650,12650,0,0.0,294721,3685765750
012750,에스원,95300,94800,-500,-0.52,35646,3344644100
023960,에쓰씨엔지니어링,1165,1165,0,0.0,44850,51727880
298690,에어부산,4155,4310,155,3.73,1637168,6906085455
140910,에이리츠,6380,6430,50,0.78,15839,101489110
078520,에이블씨엔씨,8180,8330,150,1.83,225973,1885211650
015260,에이엔피,176,173,-3,-1.7,866983,148914042
007460,에이프로젠KIC,2725,2700,-25,-0.92,1894964,5118878955
003060,에이프로젠제약,1495,1430,-65,-4.35,7774825,11255441950
036570,엔씨소프트,840000,850000,10000,1.19,94342,78876939000
138250,엔에스쇼핑,12150,12350,200,1.65,65637,794958150
085310,엔케이,1020,1020,0,0.0,537892,540881012
009810,엔케이물산,545,537,-8,-1.47,628856,330747965
900140,엘브이엠씨홀딩스,3755,3755,0,0.0,124683,468118930
014440,영보화학,4475,4425,-50,-1.12,676066,3069664650
111770,영원무역,25650,26750,1100,4.29,347891,9058006400
009970,영원무역홀딩스,35200,36000,800,2.27,27449,969721900
003520,영진약품,6570,6380,-190,-2.89,2200493,14159118060
000670,영풍,558000,533000,-25000,-4.48,4688,2501897000
006740,영풍제지,3405,3395,-10,-0.29,49455,166480280
012280,영화금속,2140,2185,45,2.1,5873798,13103841260
012160,영흥,1300,1335,35,2.69,2949032,3945000960
015360,예스코홀딩스,34650,34800,150,0.43,603,20843750
007310,오뚜기,590000,605000,15000,2.54,21093,12794607000
002630,오리엔트바이오,878,884,6,0.68,7268474,6460714745
271560,오리온,145000,149500,4500,3.1,77397,11394544000
001800,오리온홀딩스,13200,13300,100,0.76,215892,2854264650
070960,용평리조트,4415,4435,20,0.45,115934,508557485
316140,우리금융지주,9050,9240,190,2.1,3014579,27578243140
004720,우리들제약,13400,12450,-950,-7.09,4300818,57353491250
118000,우리들휴브레인,3265,3180,-85,-2.6,1399638,4542471100
010050,우리종금,596,595,-1,-0.17,1484821,881580858
006980,우성사료,3410,3325,-85,-2.49,595209,1992712290
017370,우신시스템,2940,2855,-85,-2.89,148537,428172655
105840,우진,3825,3775,-50,-1.31,453671,1735844875
010400,우진아이엔에스,7240,7380,140,1.93,34863,256160280
049800,우진플라임,3420,3480,60,1.75,32713,114116015
016880,웅진,1080,1120,40,3.7,314773,346995480
095720,웅진씽크빅,2555,2605,50,1.96,912346,2376291490
005820,원림,17250,17450,200,1.16,1135,19514650
010600,웰바이오텍,2730,2510,-220,-8.06,1738511,4468810160
008600,윌비스,1285,1255,-30,-2.33,647711,811895820
033270,유나이티드제약,26100,26050,-50,-0.19,371049,9801653150
014830,유니드,49400,49500,100,0.2,35741,1761093200
000910,유니온,9930,9930,0,0.0,3303610,31979183260
047400,유니온머티리얼,5490,5240,-250,-4.55,4492789,23688641750
011330,유니켐,1510,1485,-25,-1.66,628870,937015130
077500,유니퀘스트,10750,10300,-450,-4.19,416714,4370584950
002920,유성기업,2575,2580,5,0.19,18123,46637110
000700,유수홀딩스,5720,5590,-130,-2.27,20385,114442950
003470,유안타증권,3460,3485,25,0.72,1001649,3403747330
003475,유안타증권우,2425,2360,-65,-2.68,263724,622154830
011690,유양디앤유,1220,1220,0,0.0,0,0
072130,유엔젤,3110,3095,-15,-0.48,72931,225575795
000220,유유제약,17350,17500,150,0.86,1044502,18250329500
000225,유유제약1우,19400,21800,2400,12.37,1820091,39137922000
000227,유유제약2우B,56000,72800,16800,30.0,84325,5520905500
001200,유진투자증권,4020,4040,20,0.5,2774189,10914248365
000100,유한양행,69200,66600,-2600,-3.76,1064355,71506284100
000105,유한양행우,74700,71200,-3500,-4.69,51949,3756618700
003460,유화증권,2230,2225,-5,-0.22,9254,20600965
003465,유화증권우,2550,2625,75,2.94,4460,11856595
008730,율촌화학,18650,18150,-500,-2.68,201749,3636355700
008250,이건산업,7630,7910,280,3.67,562591,4437158780
025820,이구산업,1560,1520,-40,-2.56,332918,508213485
214320,이노션,51800,55500,3700,7.14,283515,15284576500
088260,이리츠코크렙,5300,5340,40,0.75,57490,306314690
139480,이마트,122000,125500,3500,2.87,508769,63664204500
007660,이수페타시스,4160,4100,-60,-1.44,564070,2282589575
005950,이수화학,9100,8450,-650,-7.14,888049,7527639890
015020,이스타코,761,766,5,0.66,128519,97368786
093230,이아이디,249,245,-4,-1.61,8396820,2049867756
074610,이엔플러스,5260,5200,-60,-1.14,2647385,14294914040
102460,이연제약,20700,22000,1300,6.28,1701064,36749878450
084680,이월드,3815,3755,-60,-1.57,471639,1781852360
350520,이지스레지던스리츠,4460,4700,240,5.38,409969,1918732620
334890,이지스밸류리츠,4515,4655,140,3.1,290953,1343135770
000760,이화산업,14000,14650,650,4.64,1426,20300500
014990,인디에프,1975,1945,-30,-1.52,464116,899483765
006490,인스코비,2250,2185,-65,-2.89,1450111,3176494875
023800,인지컨트롤스,5450,7080,1630,29.91,7262285,47889870460
034590,인천도시가스,24650,24750,100,0.41,4966,122915650
129260,인터지스,2580,2600,20,0.78,671574,1762210615
023810,인팩,4750,4800,50,1.05,10199,48744980
249420,일동제약,16300,16100,-200,-1.23,80263,1282321450
000230,일동홀딩스,9110,9170,60,0.66,40643,367785930
013360,일성건설,963,949,-14,-1.45,141481,134541393
003120,일성신약,85300,84200,-1100,-1.29,5592,469689300
003200,일신방직,70100,70400,300,0.43,7991,555365600
007110,일신석재,2340,2290,-50,-2.14,1460551,3311606040
007570,일양약품,88600,84800,-3800,-4.29,1299329,116459194900
007575,일양약품우,112500,106000,-6500,-5.78,33121,3702294000
008500,일정실업,12200,11900,-300,-2.46,1098,13178600
081000,일진다이아,67400,63000,-4400,-6.53,933468,59807912100
020760,일진디스플,3185,3095,-90,-2.83,244696,756880980
020150,일진머티리얼즈,55400,54200,-1200,-2.17,693013,37556592200
103590,일진전기,3050,3000,-50,-1.64,462095,1377792645
015860,일진홀딩스,6080,6310,230,3.78,3869402,24412050170
226320,잇츠한불,27550,28100,550,2.0,556965,15792236200
317400,자이에스앤디,7730,7860,130,1.68,221640,1728272400
033240,자화전자,12500,11850,-650,-5.2,523987,6226694100
000950,전방,27500,27050,-450,-1.64,14859,401855100
348950,제이알글로벌리츠,4920,5010,90,1.83,988210,4949795550
194370,제이에스코퍼레이션,6820,6850,30,0.44,31214,214454020
025620,제이준코스메틱,2895,2935,40,1.38,621238,1824835805
036420,제이콘텐트리,30400,32000,1600,5.26,431331,13636260050
030000,제일기획,18550,19250,700,3.77,771328,14423391250
271980,제일약품,56200,54800,-1400,-2.49,237230,13069658100
001560,제일연마,6650,6630,-20,-0.3,9189,60929640
002620,제일파마홀딩스,25150,24550,-600,-2.39,92996,2288329100
006220,제주은행,3190,3190,0,0.0,25943,82660320
089590,제주항공,15150,15650,500,3.3,336966,5287736750
004910,조광페인트,5780,5650,-130,-2.25,58363,333531410
004700,조광피혁,51000,51100,100,0.2,3078,157569800
001550,조비,26550,25000,-1550,-5.84,236277,5964559050
000480,조선내화,73400,72600,-800,-1.09,7127,519655600
120030,조선선재,111000,108000,-3000,-2.7,13613,1478727500
018470,조일알미늄,617,631,14,2.27,352046,218508798
002600,조흥,154000,152500,-1500,-0.97,283,43191500
185750,종근당,183500,173000,-10500,-5.72,251005,44085058000
063160,종근당바이오,55600,52600,-3000,-5.4,481683,25525446600
001630,종근당홀딩스,127000,123000,-4000,-3.15,43024,5298890000
044380,주연테크,1165,1135,-30,-2.58,620612,705251860
013890,지누스,89900,87800,-2100,-2.34,141121,12537333300
013870,지엠비코리아,5180,5280,100,1.93,530379,2753556780
071320,지역난방공사,35200,35000,-200,-0.57,31129,1076834050
010580,지코,306,306,0,0.0,0,0
035000,지투알,5210,5280,70,1.34,82093,430303390
088790,진도,3085,2905,-180,-5.83,428602,1254988640
003780,진양산업,3660,3690,30,0.82,197791,717413240
010640,진양폴리,2900,2900,0,0.0,76886,221523800
100250,진양홀딩스,2420,2415,-5,-0.21,49937,120192195
051630,진양화학,3665,3545,-120,-3.27,122740,435671225
272450,진에어,9690,10050,360,3.72,462368,4600748480
011000,진원생명과학,8930,8430,-500,-5.6,2405034,20567003840
002780,진흥기업,2395,2360,-35,-1.46,266420,620686950
002787,진흥기업2우B,15750,15550,-200,-1.27,10487,162659950
002785,진흥기업우B,5980,5860,-120,-2.01,18241,106896480
009310,참엔지니어링,1350,1355,5,0.37,116012,156302330
000650,천일고속,62100,63700,1600,2.58,3602,226841200
012600,청호컴넷,7350,8000,650,8.84,730680,5416146370
033250,체시스,3050,3235,185,6.07,8277252,26566989270
035720,카카오,352500,354000,1500,0.43,729434,256461393000
006380,카프로,2690,2705,15,0.56,153480,410133210
109070,컨버즈,4100,4100,0,0.0,0,0
001620,케이비아이동국실업,601,610,9,1.5,308616,184023248
029460,케이씨,22950,22000,-950,-4.14,133518,2949778300
344820,케이씨씨글라스,31600,32800,1200,3.8,173172,5620551100
281820,케이씨텍,22200,21450,-750,-3.38,224898,4849486300
145270,케이탑리츠,754,756,2,0.27,82648,62398010
007815,코리아써우,5720,5610,-110,-1.92,8631,48477510
007810,코리아써키트,14800,14550,-250,-1.69,338178,4949119700
00781K,코리아써키트2우B,6970,6970,0,0.0,5995,41382580
152330,코리아오토글라스,14900,14950,50,0.34,77219,1141197750
003690,코리안리,7260,7310,50,0.69,648470,4720573390
192820,코스맥스,92900,98100,5200,5.6,319910,30533328000
044820,코스맥스비티아이,23000,23350,350,1.52,22686,525146200
005070,코스모신소재,16250,15850,-400,-2.46,1518707,23956567850
005420,코스모화학,11750,12000,250,2.13,1945606,22688117450
071950,코아스,1140,1115,-25,-2.19,229462,257441625
002020,코오롱,21300,20800,-500,-2.35,91541,1912765200
003070,코오롱글로벌,12100,12450,350,2.89,447706,5422519700
003075,코오롱글로벌우,26500,25600,-900,-3.4,20311,519949100
144620,코오롱머티리얼,3010,2955,-55,-1.83,500268,1476431270
002025,코오롱우,12950,12850,-100,-0.77,15451,196001900
120110,코오롱인더,36150,36600,450,1.24,185787,6676515800
120115,코오롱인더우,19800,19700,-100,-0.51,20345,396140150
138490,코오롱플라스틱,4845,4770,-75,-1.55,304383,1448839460
021240,코웨이,88000,88700,700,0.8,224769,19392816900
031820,콤텍시스템,1200,1200,0,0.0,592276,713012695
192400,쿠쿠홀딩스,84500,87200,2700,3.2,14523,1252200300
284740,쿠쿠홈시스,40550,42500,1950,4.81,75140,3083158900
015590,큐로,615,608,-7,-1.14,1387340,839108356
264900,크라운제과,8870,8740,-130,-1.47,31576,276464010
26490K,크라운제과우,9650,9400,-250,-2.59,28878,272523950
005740,크라운해태홀딩스,8560,8550,-10,-0.12,19604,167183790
005745,크라운해태홀딩스우,12350,12350,0,0.0,13242,162344150
020120,키다리스튜디오,8050,7790,-260,-3.23,174965,1364760650
039490,키움증권,117000,113000,-4000,-3.42,212072,23938660500
012170,키위미디어그룹,150,150,0,0.0,0,0
014580,태경비케이,4000,3990,-10,-0.25,434320,1714238525
015890,태경산업,4960,4920,-40,-0.81,87267,430081565
006890,태경케미컬,8180,8140,-40,-0.49,253945,2064489350
003240,태광산업,701000,714000,13000,1.85,1745,1227673000
011280,태림포장,3580,3605,25,0.7,330326,1176649225
004100,태양금속,1110,1085,-25,-2.25,314492,339547715
004105,태양금속우,3730,3775,45,1.21,267197,993604845
009410,태영건설,19700,19550,-150,-0.76,795688,15406909900
009415,태영건설우,25400,24150,-1250,-4.92,374006,9034476250
001420,태원물산,3525,3450,-75,-2.13,14927,52000290
007980,태평양물산,1755,1715,-40,-2.28,627320,1082994630
055490,테이팩스,26350,25550,-800,-3.04,94642,2423181350
078000,텔코웨어,12600,12650,50,0.4,10390,131003300
214420,토니모리,10550,10800,250,2.37,244955,2640844600
019180,티에이치엔,2665,2655,-10,-0.38,173916,456632900
091810,티웨이항공,2920,3005,85,2.91,1735007,5327855100
004870,티웨이홀딩스,1040,1075,35,3.37,6512410,7404525115
005690,파미셀,22750,21800,-950,-4.18,3250426,71871350450
036580,팜스코,6120,6230,110,1.8,258597,1605262050
028670,팬오션,3720,3745,25,0.67,1995215,7378770700
010820,퍼스텍,2165,2125,-40,-1.85,652640,1378133220
016800,퍼시스,28550,28500,-50,-0.18,1129,32193500
001020,페이퍼코리아,1745,1685,-60,-3.44,113602,190975850
090080,평화산업,1195,1185,-10,-0.84,185011,218479940
010770,평화홀딩스,3100,3070,-30,-0.97,20580,63311120
058430,포스코강판,13700,13500,-200,-1.46,91819,1233602850
047050,포스코인터내셔널,14200,14600,400,2.82,362450,5188615600
003670,포스코케미칼,95600,95200,-400,-0.42,766961,73057916500
007630,폴루스바이오팜,1225,1225,0,0.0,0,0
017810,풀무원,20000,19850,-150,-0.75,191870,3832156200
103140,풍산,26300,25050,-1250,-4.75,426550,10800077450
005810,풍산홀딩스,27550,27300,-250,-0.91,9584,261248300
033180,필룩스,3410,3420,10,0.29,2099118,7265954700
086790,하나금융지주,31250,31900,650,2.08,2713547,85645720426
293480,하나제약,25600,25250,-350,-1.37,253160,6386485900
039130,하나투어,39050,41500,2450,6.27,2248457,97882357950
172580,하이골드12호,2060,2055,-5,-0.24,6160,12603410
153360,하이골드3호,1315,1335,20,1.52,10106,13172350
071090,하이스틸,17000,16900,-100,-0.59,13450,227971000
019490,하이트론,2880,2840,-40,-1.39,49661,142485080
000080,하이트진로,44800,44950,150,0.33,675316,30347675250
000087,하이트진로2우B,23250,23200,-50,-0.22,15452,362944050
000140,하이트진로홀딩스,21800,21800,0,0.0,20301,444010800
000145,하이트진로홀딩스우,19100,19150,50,0.26,3657,69235850
152550,한국ANKOR유전,1705,1695,-10,-0.59,20117,34124405
036460,한국가스공사,25700,26450,750,2.92,445907,11544226900
005430,한국공항,35000,35150,150,0.43,15040,524185400
071050,한국금융지주,64800,63900,-900,-1.39,784714,49626038300
071055,한국금융지주우,50800,49700,-1100,-2.17,108269,5346539500
010040,한국내화,3530,3425,-105,-2.97,172849,592974150
025540,한국단자,45650,47850,2200,4.82,149047,6903651650
004090,한국석유,102000,100500,-1500,-1.47,4959,494387400
002200,한국수출포장,18700,18850,150,0.8,6926,130350000
002960,한국쉘석유,236500,238500,2000,0.85,3436,815462500
123890,한국자산신탁,3090,3105,15,0.49,466504,1432439725
015760,한국전력,21000,20700,-300,-1.43,6946476,143326889350
006200,한국전자홀딩스,535,541,6,1.12,129662,69876743
009540,한국조선해양,91700,92100,400,0.44,357704,32560772800
023350,한국종합기술,4050,4035,-15,-0.37,74962,299797020
025890,한국주강,1360,1375,15,1.1,14466,19715120
000970,한국주철관,9400,9230,-170,-1.81,165429,1529899950
104700,한국철강,4580,4550,-30,-0.66,395762,1782340260
017960,한국카본,8590,8540,-50,-0.58,703202,5972132260
161890,한국콜마,50300,52400,2100,4.17,556064,28617958600
024720,한국콜마홀딩스,31500,31600,100,0.32,171055,5400728750
161390,한국타이어앤테크놀로지,30350,31750,1400,4.61,919613,28848957150
000240,한국테크놀로지그룹,14200,13950,-250,-1.76,951716,13211223500
034830,한국토지신탁,1755,1760,5,0.28,636045,1116173750
007280,한국특수형강,1560,1530,-30,-1.92,342204,528886020
168490,한국패러랠,1950,1950,0,0.0,45121,87604540
010100,한국프랜지,2400,2440,40,1.67,550717,1325054855
047810,한국항공우주,25100,25050,-50,-0.2,658625,16320141650
123690,한국화장품,14200,14650,450,3.17,1044238,15199211600
003350,한국화장품제조,42500,43400,900,2.12,296384,12921342900
011500,한농화성,6100,5710,-390,-6.39,380850,2154325040
002390,한독,37800,35650,-2150,-5.69,290926,10569646050
014790,한라,3905,3920,15,0.38,275331,1065763320
060980,한라홀딩스,30900,31000,100,0.32,69429,2122763550
053690,한미글로벌,8730,8660,-70,-0.8,175268,1516672850
042700,한미반도체,12200,11700,-500,-4.1,5498280,69199355650
008930,한미사이언스,62600,62900,300,0.48,472173,29566012100
128940,한미약품,319500,321500,2000,0.63,154253,49519648000
009240,한샘,103000,102500,-500,-0.49,83959,8561657000
020000,한섬,31100,33800,2700,8.68,432056,14344309800
003680,한성기업,16000,15450,-550,-3.44,642511,9940270550
105630,한세실업,12100,12750,650,5.37,599629,7369480800
069640,한세엠케이,2740,2750,10,0.36,31288,85631175
016450,한세예스24홀딩스,4160,4145,-15,-0.36,62505,255691280
010420,한솔PNS,1515,1495,-20,-1.32,180855,269680605
009180,한솔로지스틱스,2255,2180,-75,-3.33,1654275,3616877175
213500,한솔제지,14250,14150,-100,-0.7,224872,3155049150
014680,한솔케미칼,173500,162500,-11000,-6.34,246881,40611593000
004710,한솔테크닉스,10050,9660,-390,-3.88,909717,8860166470
004150,한솔홀딩스,3410,3525,115,3.37,6006757,23905791400
025750,한솔홈데코,1245,1180,-65,-5.22,4692651,5626111520
004960,한신공영,15600,15300,-300,-1.92,77978,1174804850
011700,한신기계,1385,1350,-35,-2.53,189362,256684890
001750,한양증권,9470,9430,-40,-0.42,81149,756198760
001755,한양증권우,14500,13950,-550,-3.79,9940,139987600
018880,한온시스템,10900,12000,1100,10.09,22226342,281626002750
009420,한올바이오파마,30950,30100,-850,-2.75,304433,9159158700
014130,한익스프레스,4805,4730,-75,-1.56,93874,445089490
300720,한일시멘트,89500,89700,200,0.22,3151,282607800
002220,한일철강,1780,1780,0,0.0,95945,169069000
006390,한일현대시멘트,32000,31800,-200,-0.63,58972,1841250800
003300,한일홀딩스,45800,46400,600,1.31,3362,156121950
051600,한전KPS,31100,31100,0,0.0,303520,9339607250
052690,한전기술,17450,17350,-100,-0.57,98792,1701378950
130660,한전산업,3365,3365,0,0.0,86524,291215340
002320,한진,44650,44300,-350,-0.78,182109,7991629050
097230,한진중공업,6440,6450,10,0.16,83443,532600210
003480,한진중공업홀딩스,3560,3485,-75,-2.11,120041,415688190
180640,한진칼,82500,83000,500,0.61,234586,19541750400
18064K,한진칼우,52200,54500,2300,4.41,335660,18915879600
005110,한창,1455,1435,-20,-1.37,344311,492778505
009460,한창제지,1985,1985,0,0.0,644463,1269587930
000880,한화,25550,26150,600,2.35,616485,15869762450
00088K,한화3우B,12400,12500,100,0.81,111131,1374870700
088350,한화생명,1575,1630,55,3.49,11570792,18487692710
000370,한화손해보험,2860,3270,410,14.34,8296260,26033752630
009830,한화솔루션,32050,32350,300,0.94,3985392,128861454850
009835,한화솔루션우,31500,30700,-800,-2.54,181798,5700277100
272210,한화시스템,11050,10650,-400,-3.62,1248253,13308510600
012450,한화에어로스페이스,27400,26950,-450,-1.64,1072899,28821665500
000885,한화우,60500,59700,-800,-1.32,34349,2027080300
003530,한화투자증권,1985,1975,-10,-0.5,1059919,2063769465
003535,한화투자증권우,3020,2925,-95,-3.15,156818,459276585
195870,해성디에스,20250,20750,500,2.47,786308,16323278250
101530,해태제과식품,8340,8480,140,1.68,72418,615673210
143210,핸즈코퍼레이션,6810,6620,-190,-2.79,28928,192191710
000720,현대건설,36450,36550,100,0.27,1568218,56573833650
267270,현대건설기계,26700,26050,-650,-2.43,292100,7584061500
000725,현대건설우,250000,250000,0,0.0,8961,2221103500
005440,현대그린푸드,8020,8030,10,0.12,1074383,8486178540
086280,현대글로비스,130000,125500,-4500,-3.46,232664,29313618000
064350,현대로템,18000,16050,-1950,-10.83,10458600,170683381200
079430,현대리바트,18850,18200,-650,-3.45,786592,14458420050
012330,현대모비스,239000,229500,-9500,-3.97,604103,139462384000
010620,현대미포조선,32650,33100,450,1.38,262314,8524504900
069960,현대백화점,62500,64800,2300,3.68,246710,15907702600
004560,현대비앤지스틸,8190,8010,-180,-2.2,149646,1204315920
004565,현대비앤지스틸우,84900,84900,0,0.0,9310,779106600
011760,현대상사,14450,14900,450,3.11,99092,1450122850
004310,현대약품,6240,6140,-100,-1.6,1556764,9668677030
322000,현대에너지솔루션,34350,34050,-300,-0.87,851833,27072612400
126560,현대에이치씨엔,4050,4060,10,0.25,212150,858477080
017800,현대엘리베이,46550,46050,-500,-1.07,265929,12242224650
307950,현대오토에버,41900,44400,2500,5.97,108811,4625553700
011210,현대위아,43700,46700,3000,6.86,1877843,88115723050
267260,현대일렉트릭,12350,11800,-550,-4.45,846854,10105767900
004020,현대제철,27550,28500,950,3.45,2352476,66111860400
267250,현대중공업지주,247000,258500,11500,4.66,99252,24942162500
005380,현대차,179000,172000,-7000,-3.91,4877139,849763235000
005387,현대차2우B,92000,88900,-3100,-3.37,273174,24497787500
005389,현대차3우B,83900,80700,-3200,-3.81,71639,5825161600
005385,현대차우,91400,89200,-2200,-2.41,371602,33373995231
001500,현대차증권,10500,10400,-100,-0.95,151474,1567719450
227840,현대코퍼레이션홀딩스,10450,10400,-50,-0.48,56977,587035550
001450,현대해상,23500,24450,950,4.04,525863,12797577950
057050,현대홈쇼핑,62800,62900,100,0.16,66591,4181051000
093240,형지엘리트,1625,1680,55,3.38,1436162,2434675590
003010,혜인,5480,5250,-230,-4.2,494192,2613022380
111110,호전실업,8410,8660,250,2.97,68319,587452430
008770,호텔신라,72500,77300,4800,6.62,2874821,217729238300
008775,호텔신라우,64100,67500,3400,5.3,193898,13147450800
002460,화성산업,12650,12350,-300,-2.37,135325,1673781950
013520,화승알앤에이,1765,1745,-20,-1.13,165016,285917265
241590,화승엔터프라이즈,12850,13050,200,1.56,785196,10066131250
006060,화승인더,7220,7540,320,4.43,1395541,10321096890
010690,화신,2610,2530,-80,-3.07,326486,822210100
133820,화인베스틸,2630,2580,-50,-1.9,367467,951412405
010660,화천기계,3700,3825,125,3.38,2101432,7938466750
000850,화천기공,32700,33100,400,1.22,7938,259802050
016580,환인제약,16050,15850,-200,-1.25,132404,2088252500
032560,황금에스티,7850,7500,-350,-4.46,2385888,18524745760
004800,효성,72500,72300,-200,-0.28,111993,8036631600
094280,효성ITX,28800,28100,-700,-2.43,46351,1300902800
298040,효성중공업,46200,44550,-1650,-3.57,350638,15634352500
298050,효성첨단소재,154500,151000,-3500,-2.27,172074,25585718000
298020,효성티앤씨,114000,114000,0,0.0,29298,3310300500
298000,효성화학,114500,113000,-1500,-1.31,20170,2270199500
093370,후성,9010,8700,-310,-3.44,3104304,27094847350
081660,휠라홀딩스,34050,33700,-350,-1.03,379910,12738840850
005870,휴니드,6740,6700,-40,-0.59,130228,866726550
079980,휴비스,7450,7360,-90,-1.21,405078,2951125880
005010,휴스틸,7170,7150,-20,-0.28,18353,130638320
069260,휴켐스,16400,16850,450,2.74,283704,4745276300
000540,흥국화재,2240,2280,40,1.79,57518,128987075
000547,흥국화재2우B,24200,23900,-300,-1.24,3238,77585800
000545,흥국화재우,6000,6040,40,0.67,10266,61213630
003280,흥아해운,258,258,0,0.0,0,0
