티커,종목명,시가,종가,변동폭,등락률,거래량,거래대금
095570,AJ네트웍스,4520,4560,40,0.88,429859,2086926895
006840,AK홀딩스,26600,26550,-50,-0.19,106468,2844687650
027410,BGF,4305,4800,495,11.5,11907013,60745218035
282330,BGF리테일,128000,132000,4000,3.13,135284,18044032000
138930,BNK금융지주,5820,5840,20,0.34,2963650,17333218050
001460,BYC,286000,288000,2000,0.7,1128,324237000
001465,BYC우,140000,140000,0,0.0,352,49090000
001040,CJ,82000,83200,1200,1.46,248880,20885766100
079160,CJCGV,23750,24150,400,1.68,788488,19086486200
00104K,CJ4우전환,61700,63200,1500,2.43,20074,1264842100
000120,CJ대한통운,161500,161000,-500,-0.31,75168,12140077500
011150,CJ씨푸드,5210,5260,50,0.96,1803262,9566555940
011155,CJ씨푸드1우,44000,44100,100,0.23,1775,77988900
001045,CJ우,50800,51600,800,1.57,9223,475779600
097950,CJ제일제당,364000,377000,13000,3.57,166616,62314890500
097955,CJ제일제당우,159000,163000,4000,2.52,17209,2795789500
000590,CS홀딩스,56700,57700,1000,1.76,5872,337874800
012030,DB,712,720,8,1.12,979597,704184631
016610,DB금융투자,4740,4735,-5,-0.11,626024,2972070845
005830,DB손해보험,44100,44150,50,0.11,273819,12102217150
000990,DB하이텍,35350,35850,500,1.41,685506,24484167050
000995,DB하이텍1우,112000,114000,2000,1.79,718,80726500
139130,DGB금융지주,7260,7640,380,5.23,1651862,12438497500
001530,DI동일,109000,105500,-3500,-3.21,19041,2013119500
004840,DRB동일,6680,6710,30,0.45,42772,286224180
155660,DSR,6100,6200,100,1.64,198456,1214338410
069730,DSR제강,4770,4915,145,3.04,248823,1214880275
017940,E1,44800,45650,850,1.9,32891,1497654950
007700,FF,83600,85500,1900,2.27,54902,4673426600
114090,GKL,17450,18100,650,3.72,595270,10596617100
078930,GS,37650,38400,750,1.99,557747,21329175500
006360,GS건설,38150,38650,500,1.31,1309439,50283832650
001250,GS글로벌,1910,1940,30,1.57,340519,655648740
007070,GS리테일,34100,34900,800,2.35,799042,27859687550
078935,GS우,31200,31500,300,0.96,9123,286526200
012630,HDC,11450,11500,50,0.44,615851,7030414200
039570,HDC아이콘트롤스,9850,10400,550,5.58,103287,1045586120
089470,HDC현대EP,6470,6570,100,1.55,132650,868590160
294870,HDC현대산업개발,26050,26150,100,0.38,1825809,47893200550
011200,HMM,13850,13800,-50,-0.36,6464434,88698829350
082740,HSD엔진,8870,9860,990,11.16,4037885,38439987300
003560,IHQ,1565,1595,30,1.92,20588815,34381068180
175330,JB금융지주,5700,5860,160,2.81,885832,5162476880
234080,JW생명과학,19400,19650,250,1.29,119794,2352379850
001060,JW중외제약,34050,34850,800,2.35,312244,10840236900
001067,JW중외제약2우B,53800,56000,2200,4.09,748,40921100
001065,JW중외제약우,40650,41100,450,1.11,2720,111403500
096760,JW홀딩스,5810,5830,20,0.34,283831,1651115630
105560,KB금융,46400,47100,700,1.51,1855955,87451809300
002380,KCC,171000,177000,6000,3.51,123053,21613207000
009070,KCTC,3970,3985,15,0.38,3597533,14576328830
009440,KC그린홀딩스,4915,5070,155,3.15,4471629,24079071020
119650,KC코트렐,10950,11450,500,4.57,21687576,269933537400
092220,KEC,2960,2920,-40,-1.35,7016702,20319703310
016380,KG동부제철,12350,12500,150,1.21,706869,8783645250
016385,KG동부제철우,131000,130500,-500,-0.38,661,85199500
001390,KG케미칼,23000,22800,-200,-0.87,394264,8980359850
001940,KISCO홀딩스,13850,14100,250,1.81,53855,749058600
025000,KPX케미칼,55100,59500,4400,7.99,49770,2849803700
092230,KPX홀딩스,62800,62900,100,0.16,39463,2512339400
000040,KR모터스,1240,1225,-15,-1.21,1027080,1263671670
044450,KSS해운,10350,10350,0,0.0,181221,1883421500
030200,KT,24200,24650,450,1.86,2175224,53459243300
033780,KTG,86100,87800,1700,1.97,904394,78782098100
030210,KTB투자증권,3295,3335,40,1.21,202885,680210185
058850,KTcs,2285,2305,20,0.88,545258,1254526760
058860,KTis,2515,2545,30,1.19,103261,261353175
093050,LF,14550,15450,900,6.19,324370,4909872850
003550,LG,75800,77900,2100,2.77,644502,50015030500
034220,LG디스플레이,16650,16650,0,0.0,3312572,55037205200
001120,LG상사,22300,25000,2700,12.11,3094235,77210729500
051900,LG생활건강,1531000,1571000,40000,2.61,74962,118696485800
051905,LG생활건강우,697000,707000,10000,1.43,9624,6778436000
003555,LG우,57400,60000,2600,4.53,32184,1884387400
032640,LG유플러스,11600,11900,300,2.59,3622333,42710662750
011070,LG이노텍,169000,164500,-4500,-2.66,264882,43743114500
066570,LG전자,95400,95800,400,0.42,1013826,97038512200
066575,LG전자우,36500,36650,150,0.41,217646,7933107350
108670,LG하우시스,70800,75500,4700,6.64,152315,11230987600
108675,LG하우시스우,30100,30800,700,2.33,12757,390470700
037560,LG헬로비전,3835,3850,15,0.39,421702,1625186080
051910,LG화학,817000,808000,-9000,-1.1,363164,283458930000
051915,LG화학우,382500,380500,-2000,-0.52,34866,13241071800
079550,LIG넥스원,29000,29050,50,0.17,85076,2479305550
006260,LS,67800,70400,2600,3.83,477786,33351908600
010120,LSELECTRIC,58400,59000,600,1.03,361633,21282470700
000680,LS네트웍스,2530,2520,-10,-0.4,158541,399560855
229640,LS전선아시아,7620,7620,0,0.0,233687,1773806080
023150,MH에탄올,9170,9070,-100,-1.09,126078,1146917380
035420,NAVER,286000,290000,4000,1.4,503588,145874384000
181710,NHN,72700,73200,500,0.69,55492,4042157300
005940,NH투자증권,11850,12200,350,2.95,1324105,15999091250
005945,NH투자증권우,9060,9270,210,2.32,313126,2873092910
338100,NH프라임리츠,4280,4300,20,0.47,50718,217222585
034310,NICE,19000,19350,350,1.84,80212,1535668700
008260,NI스틸,2650,2620,-30,-1.13,286723,754315170
004250,NPC,3360,3390,30,0.89,154027,517671140
004255,NPC우,2300,2285,-15,-0.65,6399,14639250
010060,OCI,68200,69000,800,1.17,167920,11624079200
005490,POSCO,272000,279500,7500,2.76,605311,169958557000
100840,STC,15200,15300,100,0.66,33832,518058800
064960,ST모티브,48000,48650,650,1.35,68775,3329703000
003570,ST중공업,5600,6030,430,7.68,246230,1428336320
036530,ST홀딩스,15100,15100,0,0.0,13996,209577250
010950,S-Oil,72000,73300,1300,1.81,695346,51284686200
010955,S-Oil우,38450,39400,950,2.47,32092,1264168450
034120,SBS,21550,21700,150,0.7,141754,3042144050
101060,SBS미디어홀딩스,1835,1845,10,0.54,126223,232931275
005090,SGC에너지,33450,34650,1200,3.59,300995,10351087900
004060,SG세계물산,659,660,1,0.15,1558315,1034897888
001380,SG충방,2305,2255,-50,-2.17,853150,1928254245
002360,SH에너지화학,827,833,6,0.73,888810,747725825
009160,SIMPAC,2480,2470,-10,-0.4,84641,208028190
123700,SJM,2920,2955,35,1.2,18466,54171800
025530,SJM홀딩스,2875,2910,35,1.22,19381,55995060
034730,SK,243000,253000,10000,4.12,590106,148675937000
011790,SKC,87200,87500,300,0.34,184554,16092411500
018670,SK가스,106500,107500,1000,0.94,31896,3464692000
001740,SK네트웍스,4810,4900,90,1.87,1597022,7863111650
001745,SK네트웍스우,113500,113500,0,0.0,400,45235000
006120,SK디스커버리,64900,64600,-300,-0.46,74922,4852485600
006125,SK디스커버리우,55300,55100,-200,-0.36,16627,915989900
210980,SK디앤디,41850,41850,0,0.0,141445,5988660500
068400,SK렌터카,9160,9230,70,0.76,92663,854024740
326030,SK바이오팜,178500,174500,-4000,-2.24,180849,31679065500
03473K,SK우,259000,259000,0,0.0,27396,7101215000
096770,SK이노베이션,190500,188000,-2500,-1.31,1268819,243039567500
096775,SK이노베이션우,136500,135000,-1500,-1.1,27672,3767545500
001510,SK증권,815,829,14,1.72,12402491,10360986334
001515,SK증권우,5940,5860,-80,-1.35,109722,642232500
285130,SK케미칼,387500,383000,-4500,-1.16,142939,54814217500
28513K,SK케미칼우,176500,174500,-2000,-1.13,21527,3751973500
017670,SK텔레콤,238000,247000,9000,3.78,600115,147353194000
000660,SK하이닉스,116500,115500,-1000,-0.86,3944552,458289098500
005610,SPC삼립,71500,73000,1500,2.1,28911,2103723100
011810,STX,6400,6410,10,0.16,44865,289307100
077970,STX엔진,7270,7420,150,2.06,65391,480705530
071970,STX중공업,4060,4230,170,4.19,281359,1178930565
084870,TBH글로벌,1825,1835,10,0.55,34639,63213300
002710,TCC스틸,4910,4860,-50,-1.02,4455215,21990157020
024070,WISCOM,2425,2420,-5,-0.21,90393,218699215
037270,YGPLUS,5090,5130,40,0.79,618227,3174709490
000500,가온전선,22000,22300,300,1.36,11631,258148050
000860,강남제비스코,19100,20100,1000,5.24,77115,1523037050
035250,강원랜드,23700,23950,250,1.05,980342,23557156550
011420,갤럭시아에스엠,1405,1420,15,1.07,113481,160587115
002100,경농,12000,12100,100,0.83,39643,476692850
009450,경동나비엔,54100,53400,-700,-1.29,71614,3836574700
267290,경동도시가스,18750,19500,750,4.0,53444,1024540400
012320,경동인베스트,28750,29700,950,3.3,5479,161083250
000050,경방,11750,12150,400,3.4,116325,1392536000
214390,경보제약,16750,16850,100,0.6,2083648,35170923050
012610,경인양행,7260,7220,-40,-0.55,279408,2019602270
009140,경인전자,22600,22700,100,0.44,1900,43047050
013580,계룡건설,26700,28150,1450,5.43,486392,13323414050
012200,계양전기,3530,3540,10,0.28,221379,782707110
012205,계양전기우,7800,7550,-250,-3.21,20722,158761730
002140,고려산업,4385,4605,220,5.02,1669480,7557070925
010130,고려아연,389500,392000,2500,0.64,53013,20776207500
002240,고려제강,16850,16600,-250,-1.48,121214,2019958300
009290,광동제약,9930,10000,70,0.7,449719,4486712830
017040,광명전기,2010,2035,25,1.24,219051,444363470
017900,광전자,2310,2295,-15,-0.65,229743,528222330
037710,광주신세계,156500,160500,4000,2.56,6742,1073116500
030610,교보증권,7930,8060,130,1.64,141872,1136025400
339770,교촌에프앤비,20800,21000,200,0.96,130811,2747877600
007690,국도화학,52500,55000,2500,4.76,35521,1896982200
005320,국동,3730,3695,-35,-0.94,440867,1631729015
001140,국보,1925,1935,10,0.52,479190,926084795
002720,국제약품,10150,10100,-50,-0.49,225114,2280411950
083420,그린케미칼,6600,8580,1980,30.0,15205334,125678449970
014530,극동유화,3635,3605,-30,-0.83,507541,1854952320
014280,금강공업,4880,4940,60,1.23,146820,721209555
014285,금강공업우,13200,13000,-200,-1.52,9644,125595650
008870,금비,60000,60200,200,0.33,2182,131538800
001570,금양,5440,5370,-70,-1.29,235501,1263034870
002990,금호산업,9530,9620,90,0.94,420152,4052608290
002995,금호산업우,35300,35700,400,1.13,6070,215915200
011780,금호석유,139000,140500,1500,1.08,474905,68090257500
011785,금호석유우,52900,53900,1000,1.89,53305,2872027200
214330,금호에이치티,2675,2740,65,2.43,6052406,16742422720
001210,금호전기,3505,3470,-35,-1.0,74319,257705295
073240,금호타이어,3950,4050,100,2.53,895986,3620293645
092440,기신정기,3540,3580,40,1.13,42904,152976540
000270,기아차,63800,63700,-100,-0.16,1614527,102905850500
024110,기업은행,9420,9520,100,1.06,2609850,24854561660
013700,까뮤이앤씨,2075,2125,50,2.41,2303562,4902376405
004540,깨끗한나라,4425,4440,15,0.34,199893,886158125
004545,깨끗한나라우,23050,22850,-200,-0.87,2503,56975100
001260,남광토건,13350,13700,350,2.62,2461482,33967606550
008350,남선알미늄,4895,5020,125,2.55,11085503,54605602750
008355,남선알미우,50100,49100,-1000,-2.0,3678,180651600
004270,남성,4535,4540,5,0.11,3775601,17206706230
003920,남양유업,286000,294500,8500,2.97,5467,1600515500
003925,남양유업우,132000,134000,2000,1.52,820,109525000
025860,남해화학,8190,8410,220,2.69,338388,2836011850
005720,넥센,4655,4700,45,0.97,98797,464724370
005725,넥센우,3270,3280,10,0.31,10130,32941650
002350,넥센타이어,6470,6560,90,1.39,624221,4082983300
002355,넥센타이어1우B,2775,2795,20,0.72,12335,34341865
003580,넥스트사이언스,5380,5380,0,0.0,247637,1336482440
251270,넷마블,128000,128500,500,0.39,276177,35540985500
090350,노루페인트,8070,8450,380,4.71,280802,2330816140
090355,노루페인트우,13500,13450,-50,-0.37,4476,59680550
000320,노루홀딩스,9790,9810,20,0.2,23470,229641450
000325,노루홀딩스우,17500,17800,300,1.71,194,3404700
006280,녹십자,366500,362500,-4000,-1.09,305144,112444364500
005250,녹십자홀딩스,35350,36300,950,2.69,1155906,42207752250
005257,녹십자홀딩스2우,162000,157500,-4500,-2.78,5515,875562500
004370,농심,291000,293500,2500,0.86,47057,13768312000
072710,농심홀딩스,73600,74200,600,0.82,8215,606862300
058730,다스코,5240,5230,-10,-0.19,107508,555503930
023590,다우기술,22400,22650,250,1.12,219457,4966696200
019680,대교,3605,3610,5,0.14,240878,871302320
019685,대교우B,2500,2505,5,0.2,68018,169888500
006370,대구백화점,10800,11100,300,2.78,15686,173778600
008060,대덕,6770,6830,60,0.89,461388,3140739670
00806K,대덕1우,9230,9170,-60,-0.65,13341,121856310
353200,대덕전자,10400,10500,100,0.96,628737,6622731600
35320K,대덕전자1우,8520,8520,0,0.0,24615,209288320
000490,대동공업,6700,6730,30,0.45,122972,829764080
008110,대동전자,4365,4360,-5,-0.11,8408,36613625
005750,대림BCo,6010,6030,20,0.33,71836,436065660
001880,대림건설,31700,31450,-250,-0.79,204308,6442343050
000210,대림산업,83500,87600,4100,4.91,1473994,126803344200
000215,대림산업우,48700,50700,2000,4.11,173625,8669510700
006570,대림통상,3970,4000,30,0.76,4664,18517720
001680,대상,25450,26050,600,2.36,381349,9903925750
001685,대상우,17950,18100,150,0.84,6349,115117600
084690,대상홀딩스,9820,9990,170,1.73,218225,2173434640
084695,대상홀딩스우,8140,8150,10,0.12,1038,8484880
128820,대성산업,3155,3230,75,2.38,114086,365178395
117580,대성에너지,5400,5500,100,1.85,53267,292412510
016710,대성홀딩스,25200,25250,50,0.2,225530,5772621800
003540,대신증권,13700,13850,150,1.09,140167,1940850950
003547,대신증권2우B,10550,10700,150,1.42,33416,354510650
003545,대신증권우,11100,11100,0,0.0,118816,1325308500
009190,대양금속,3995,4050,55,1.38,1586374,6380661390
014160,대영포장,1760,1745,-15,-0.85,4672598,8024513455
047040,대우건설,4675,4720,45,0.96,7523271,35436087060
009320,대우부품,2825,2840,15,0.53,629170,1789957535
042660,대우조선해양,27950,28500,550,1.97,840344,24163788850
003090,대웅,42650,49600,6950,16.3,22769754,1114657127600
069620,대웅제약,139000,142500,3500,2.52,6403432,961271926500
000430,대원강업,3895,3990,95,2.44,209687,826020920
006340,대원전선,1050,1050,0,0.0,436837,459318735
006345,대원전선우,2840,2800,-40,-1.41,42126,118855425
003220,대원제약,18150,18350,200,1.1,124702,2289327450
024890,대원화성,1875,1840,-35,-1.87,925908,1725172735
002880,대유에이텍,873,875,2,0.23,225544,197314686
000300,대유플러스,788,795,7,0.89,493597,391188339
012800,대창,1375,1350,-25,-1.82,1343143,1824214215
015230,대창단조,6610,7300,690,10.44,198539,1383482600
001070,대한방직,38400,38750,350,0.91,26551,1020849900
006650,대한유화,235000,234500,-500,-0.21,68148,16166333000
001440,대한전선,1415,1420,5,0.35,13869899,19683380840
084010,대한제강,10500,10350,-150,-1.43,196447,2052377300
001790,대한제당,21550,21550,0,0.0,21637,464662550
001795,대한제당우,14350,14450,100,0.7,2543,36526650
001130,대한제분,151000,159000,8000,5.3,14171,2208041500
003490,대한항공,28300,28400,100,0.35,5883016,168688495200
003495,대한항공우,46600,46000,-600,-1.29,29389,1353366200
005880,대한해운,3165,3160,-5,-0.16,7114368,22456437785
003830,대한화섬,99000,102000,3000,3.03,981,100314600
016090,대현,1885,1920,35,1.86,325326,621944555
069460,대호에이엘,2620,2640,20,0.76,2131625,5698140480
192080,더블유게임즈,58300,58100,-200,-0.34,102289,5968481400
012510,더존비즈온,100500,101000,500,0.5,65039,6536809000
004830,덕성,8640,8040,-600,-6.94,1660398,13531233390
004835,덕성우,17400,16100,-1300,-7.47,135233,2152369650
024900,덕양산업,1810,1790,-20,-1.1,155523,278891980
145720,덴티움,41550,42050,500,1.2,60930,2552064350
002150,도화엔지니어링,8250,8590,340,4.12,349263,2972431600
001230,동국제강,7870,7970,100,1.27,921707,7351755900
023450,동남합성,44350,45650,1300,2.93,5019,228374450
004140,동방,2235,2225,-10,-0.45,1323715,2963882875
007590,동방아그로,6410,6420,10,0.16,15065,96663590
005960,동부건설,14100,14000,-100,-0.71,231489,3265342750
005965,동부건설우,25500,25500,0,0.0,2464,63007150
026960,동서,30400,30500,100,0.33,169146,5165422950
002210,동성제약,11900,12000,100,0.84,575751,6941560750
102260,동성코퍼레이션,4600,4780,180,3.91,355217,1664473435
005190,동성화학,16200,16300,100,0.62,31690,513976800
000640,동아쏘시오홀딩스,130000,132000,2000,1.54,89691,11783125500
170900,동아에스티,84000,85700,1700,2.02,88603,7585944700
028100,동아지질,16400,16150,-250,-1.52,109574,1771300000
282690,동아타이어,9600,9680,80,0.83,14795,142535290
001520,동양,1255,1245,-10,-0.8,826157,1033697880
001527,동양2우B,13050,13100,50,0.38,830,10800900
001529,동양3우B,29200,29000,-200,-0.68,691,20039300
084670,동양고속,26500,26500,0,0.0,13787,365915950
002900,동양물산,1645,1640,-5,-0.3,1049342,1723606370
082640,동양생명,3560,3615,55,1.54,176130,632003115
001525,동양우,7480,7400,-80,-1.07,3541,26207350
008970,동양철관,1160,1180,20,1.72,2862731,3400811140
092780,동양피스톤,5410,5460,50,0.92,62308,338815020
049770,동원FB,174000,177500,3500,2.01,10073,1771162500
018500,동원금속,701,735,34,4.85,3657850,2727208618
006040,동원산업,210500,214000,3500,1.66,6821,1445271000
030720,동원수산,9230,9340,110,1.19,71014,661188560
014820,동원시스템즈,29800,29850,50,0.17,43905,1308362900
014825,동원시스템즈우,30100,29600,-500,-1.66,1190,35362800
163560,동일고무벨트,9570,9780,210,2.19,120438,1175350650
004890,동일산업,74200,74200,0,0.0,16514,1224288100
002690,동일제강,2425,2430,5,0.21,58242,141197200
000020,동화약품,18000,18450,450,2.5,1046707,19360678300
000150,두산,52900,56300,3400,6.43,392376,22120335000
000157,두산2우B,76400,76600,200,0.26,4550,357249600
241560,두산밥캣,30400,31200,800,2.63,555352,17175185200
336370,두산솔루스,52500,52400,-100,-0.19,310187,16402633200
33637K,두산솔루스1우,20100,20200,100,0.5,29768,600341050
33637L,두산솔루스2우B,38250,38700,450,1.18,7725,300331650
000155,두산우,43750,44600,850,1.94,72682,3266991200
042670,두산인프라코어,8670,8590,-80,-0.92,25744122,232694663460
034020,두산중공업,14600,14750,150,1.03,3540864,51941107000
336260,두산퓨얼셀,48900,49050,150,0.31,1114836,54799255800
33626K,두산퓨얼셀1우,14000,13950,-50,-0.36,132636,1860199050
33626L,두산퓨얼셀2우B,19400,19500,100,0.52,10881,211881400
016740,두올,3370,3410,40,1.19,172613,585586745
192650,드림텍,12800,12950,150,1.17,950924,12476002650
024090,디씨엠,12150,12100,-50,-0.41,9646,116214550
003160,디아이,4415,4380,-35,-0.79,131317,578092130
092200,디아이씨,1390,1395,5,0.36,63385,88338530
013570,디와이,4550,4525,-25,-0.55,188054,850695250
210540,디와이파워,12050,12400,350,2.9,156397,1917264850
007340,디티알오토모티브,25150,25350,200,0.8,31040,784194750
026890,디피씨,9220,9290,70,0.76,848163,7896790370
115390,락앤락,10200,10400,200,1.96,157713,1636560850
032350,롯데관광개발,17300,17200,-100,-0.58,332687,5709111550
330590,롯데리츠,5230,5360,130,2.49,481901,2554536480
000400,롯데손해보험,1845,1855,10,0.54,327195,601629590
023530,롯데쇼핑,103000,104500,1500,1.46,145254,15267744000
004000,롯데정밀화학,55500,55800,300,0.54,134458,7511842800
286940,롯데정보통신,36100,36100,0,0.0,45655,1657379150
280360,롯데제과,104000,105500,1500,1.44,29596,3102570000
004990,롯데지주,34500,35500,1000,2.9,435618,15552109750
00499K,롯데지주우,69000,68300,-700,-1.01,7156,489981800
005300,롯데칠성,112000,113500,1500,1.34,51263,5775083500
005305,롯데칠성우,61000,61400,400,0.66,2722,165880900
011170,롯데케미칼,277500,279500,2000,0.72,324479,91746115000
002270,롯데푸드,320000,342000,22000,6.88,16819,5647338000
071840,롯데하이마트,32150,32100,-50,-0.16,100027,3222203350
027740,마니커,702,705,3,0.43,2783112,1951368995
204320,만도,54400,53100,-1300,-2.39,1119696,59577849500
001080,만호제강,18050,18050,0,0.0,8649,156149200
088980,맥쿼리인프라,10800,10800,0,0.0,700826,7579883100
094800,맵스리얼티1,4060,4045,-15,-0.37,208233,844137340
138040,메리츠금융지주,10050,10100,50,0.5,647289,6551910450
008560,메리츠증권,3800,3895,95,2.5,4552977,17635053085
000060,메리츠화재,15100,15350,250,1.66,276672,4228473050
090370,메타랩스,1165,1170,5,0.43,402343,466373455
017180,명문제약,6850,6780,-70,-1.02,2182833,14724919960
009900,명신산업,17700,18050,350,1.98,3217799,58894638450
012690,모나리자,5110,5130,20,0.39,239568,1228225900
005360,모나미,6170,6160,-10,-0.16,410850,2543350890
204210,모두투어리츠,3065,3095,30,0.98,12848,39881615
009680,모토닉,10650,10850,200,1.88,85349,922212550
009580,무림PP,3760,3855,95,2.53,6020436,23559972020
009200,무림페이퍼,2920,3090,170,5.82,15983705,51671972165
033920,무학,6880,6980,100,1.45,86744,610963680
008420,문배철강,3555,3455,-100,-2.81,1145900,4012984285
025560,미래산업,3090,3145,55,1.78,74651,233256865
007120,미래아이앤지,346,355,9,2.6,1307617,462761900
006800,미래에셋대우,10000,10000,0,0.0,2400048,24150595460
00680K,미래에셋대우2우B,4750,4800,50,1.05,480305,2300994855
006805,미래에셋대우우,5430,5480,50,0.92,52137,286241960
357250,미래에셋맵스리츠,4820,4880,60,1.24,26448,128788805
085620,미래에셋생명,3850,3960,110,2.86,228786,897258845
002840,미원상사,110500,111000,500,0.45,1941,217929000
268280,미원에스씨,105000,104500,-500,-0.48,2488,259566000
107590,미원홀딩스,71000,72700,1700,2.39,2978,214832100
134380,미원화학,61200,61200,0,0.0,2759,168398100
003650,미창석유,67100,67100,0,0.0,321,21532100
155900,바다로19호,2435,2435,0,0.0,5732,14034780
003610,방림,1955,1960,5,0.26,79714,155815040
001340,백광산업,3410,3485,75,2.2,907957,3128850230
035150,백산,5300,5380,80,1.51,74613,400400810
002410,범양건영,5230,5110,-120,-2.29,426539,2206407570
096300,베트남개발1,239,239,0,0.0,238494,57100421
007210,벽산,2250,2335,85,3.78,2533837,5901907995
002760,보락,2580,2570,-10,-0.39,1591557,4116241050
003850,보령제약,18800,19050,250,1.33,1325285,25510391350
000890,보해양조,1010,1010,0,0.0,9856550,10106337680
003000,부광약품,24750,26000,1250,5.05,6591543,174667072900
001270,부국증권,22650,22700,50,0.22,6609,150023600
001275,부국증권우,20550,20750,200,0.97,1298,26846300
026940,부국철강,4455,4435,-20,-0.45,184500,818526655
015350,부산가스,50600,51100,500,0.99,2046,104064200
011390,부산산업,117000,118000,1000,0.85,7128,835664500
005030,부산주공,733,804,71,9.69,12925464,10557196527
002070,비비안,3780,4000,220,5.82,3429950,13361864310
100220,비상교육,6590,6780,190,2.88,153461,1039571990
030790,비케이탑스,18100,18000,-100,-0.55,211513,3836175800
352820,빅히트,181500,180500,-1000,-0.55,143946,25934740500
005180,빙그레,55000,55300,300,0.55,49235,2723861000
003960,사조대림,16000,16050,50,0.31,39393,629002750
008040,사조동아원,979,997,18,1.84,1435523,1436175781
007160,사조산업,31550,32050,500,1.58,27526,875751950
014710,사조씨푸드,6260,6380,120,1.92,612606,3918344300
006090,사조오양,10050,9940,-110,-1.09,95922,957425950
001470,삼부토건,4915,4960,45,0.92,5034885,24816187685
006400,삼성SDI,560000,556000,-4000,-0.71,349151,194266621000
006405,삼성SDI우,289000,288000,-1000,-0.35,10633,3061815500
006660,삼성공조,6730,6790,60,0.89,26132,176709540
028260,삼성물산,125000,131500,6500,5.2,1591465,206900711500
02826K,삼성물산우B,117500,120000,2500,2.13,68542,8277304000
207940,삼성바이오로직스,819000,820000,1000,0.12,86772,71147543000
032830,삼성생명,72700,76000,3300,4.54,1091351,82180987400
018260,삼성에스디에스,175000,178000,3000,1.71,270068,48038507000
028050,삼성엔지니어링,13700,13650,-50,-0.36,3042342,41706404150
009150,삼성전기,164000,166000,2000,1.22,760717,126479823000
009155,삼성전기우,74800,75600,800,1.07,29730,2242699700
005930,삼성전자,72900,73400,500,0.69,18486672,1356958867500
005935,삼성전자우,67800,69300,1500,2.21,3410209,235334547184
001360,삼성제약,4390,4485,95,2.16,10420545,47264138360
010140,삼성중공업,6970,7160,190,2.73,22368842,160468524020
010145,삼성중공우,376000,379500,3500,0.93,2158,822156000
016360,삼성증권,41400,42400,1000,2.42,795021,33747815250
068290,삼성출판사,27000,26250,-750,-2.78,236295,6239753200
029780,삼성카드,34250,34450,200,0.58,139376,4801502300
000810,삼성화재,187000,193000,6000,3.21,284992,54799228500
000815,삼성화재우,150500,153000,2500,1.66,13297,2026933500
006110,삼아알미늄,9090,8990,-100,-1.1,168400,1515280060
145990,삼양사,51900,52000,100,0.19,50501,2638762600
145995,삼양사우,42500,42850,350,0.82,1379,58814900
003230,삼양식품,98100,98500,400,0.41,142071,13962898200
002170,삼양통상,61600,62400,800,1.3,6486,402550400
272550,삼양패키징,21000,21050,50,0.24,36668,765533050
000070,삼양홀딩스,66200,67600,1400,2.11,24491,1639887700
000075,삼양홀딩스우,47900,48000,100,0.21,840,40284850
002810,삼영무역,14100,14050,-50,-0.35,28605,402462450
005680,삼영전자,9960,9940,-20,-0.2,56127,556748400
003720,삼영화학,2180,2560,380,17.43,9575601,24454266040
023000,삼원강재,2560,2560,0,0.0,58176,149055105
004380,삼익THK,11400,11450,50,0.44,48313,553799450
002450,삼익악기,1490,1485,-5,-0.34,208810,309599800
004440,삼일씨엔에스,9960,9970,10,0.1,28353,282561680
000520,삼일제약,20350,20600,250,1.23,40687,832421750
009770,삼정펄프,28350,28900,550,1.94,2040,58767500
005500,삼진제약,27050,27650,600,2.22,47341,1298209950
004690,삼천리,81400,81700,300,0.37,6256,511007800
010960,삼호개발,4340,4275,-65,-1.5,241842,1043576175
004450,삼화왕관,39300,39300,0,0.0,669,26220150
009470,삼화전기,18950,18950,0,0.0,62107,1169584450
011230,삼화전자,4425,4445,20,0.45,83394,367547590
001820,삼화콘덴서,57800,57100,-700,-1.21,153828,8896980000
000390,삼화페인트,7760,8470,710,9.15,2026650,16622765470
001290,상상인증권,1145,1140,-5,-0.44,149580,171409750
041650,상신브레이크,3085,3180,95,3.08,298676,938979535
075180,새론오토모티브,5380,5510,130,2.42,35902,206280480
007540,샘표,46800,47150,350,0.75,4709,221952500
248170,샘표식품,44200,45000,800,1.81,13179,589674900
007860,서연,10850,10200,-650,-5.99,940663,9674264900
200880,서연이화,7540,7560,20,0.27,568000,4257996600
017390,서울가스,98800,100500,1700,1.72,4472,451593700
004410,서울식품,275,279,4,1.45,88881802,24795401847
004415,서울식품우,6800,6680,-120,-1.76,85991,558356910
021050,서원,2980,2960,-20,-0.67,438970,1300195210
008490,서흥,48200,48500,300,0.62,34923,1686098850
007610,선도전기,3080,3090,10,0.32,227192,701484620
136490,선진,10600,10700,100,0.94,96308,1017171350
002820,선창산업,4555,4565,10,0.22,71202,324883550
014910,성문전자,1920,1930,10,0.52,98128,188139545
014915,성문전자우,11300,11300,0,0.0,6216,70309550
003080,성보화학,4305,4495,190,4.41,42523,187264265
004980,성신양회,7500,7620,120,1.6,414126,3130737130
004985,성신양회우,15500,14900,-600,-3.87,15244,229506850
011300,성안,375,375,0,0.0,41131,15525416
000180,성창기업지주,1960,1995,35,1.79,745879,1492779070
002420,세기상사,61600,61600,0,0.0,0,0
004360,세방,10800,10650,-150,-1.39,303838,3253233850
004365,세방우,6300,6440,140,2.22,9533,60226940
004490,세방전지,43100,43400,300,0.7,63227,2747986000
001430,세아베스틸,10350,10700,350,3.38,475129,5045826550
306200,세아제강,86100,86500,400,0.46,10364,899894900
003030,세아제강지주,44900,45200,300,0.67,6200,278866600
019440,세아특수강,12050,12050,0,0.0,18567,223172200
058650,세아홀딩스,79200,78900,-300,-0.38,539,42577400
013000,세우글로벌,3200,3230,30,0.94,794561,2567611430
091090,세원셀론텍,3100,3090,-10,-0.32,1556313,4833942280
021820,세원정공,8090,8090,0,0.0,0,0
067830,세이브존IC,2950,2950,0,0.0,76374,223600255
033530,세종공업,8460,8490,30,0.35,626754,5395144370
075580,세진중공업,6700,6640,-60,-0.9,450203,3001603170
027970,세하,1865,1875,10,0.54,999759,1857379155
145210,세화아이엠씨,574,588,14,2.44,2449377,1436510869
308170,센트랄모텍,21100,21000,-100,-0.47,32244,681396100
012600,센트럴인사이트,9290,9840,550,5.92,251804,2427530160
068270,셀트리온,360000,361000,1000,0.28,1116272,407266028500
004430,송원산업,17000,16950,-50,-0.29,787982,13518344600
017550,수산중공업,3875,3710,-165,-4.26,2925829,10951977100
053210,스카이라이프,8730,8690,-40,-0.46,134499,1175780570
134790,시디즈,51100,55700,4600,9.0,192348,11375013100
016590,신대양제지,65900,64200,-1700,-2.58,25328,1629014800
029530,신도리코,25050,25100,50,0.2,27602,696742450
004970,신라교역,9320,9290,-30,-0.32,31228,289401320
011930,신성이엔지,3830,3850,20,0.52,8732924,33737325845
005390,신성통상,1785,1775,-10,-0.56,853748,1521772645
004170,신세계,243000,253000,10000,4.12,209250,52935202000
035510,신세계IC,122000,125000,3000,2.46,5448,677473000
034300,신세계건설,23650,24300,650,2.75,47154,1137774700
031430,신세계인터내셔날,167000,168000,1000,0.6,112261,19076801500
031440,신세계푸드,62700,63600,900,1.44,11266,711141300
006880,신송홀딩스,3875,3860,-15,-0.39,10046,38903490
005800,신영와코루,107500,109500,2000,1.86,597,64499000
001720,신영증권,51400,53000,1600,3.11,7754,403874500
001725,신영증권우,50500,50600,100,0.2,879,44471100
009270,신원,1445,1445,0,0.0,334385,482210435
009275,신원우,41000,41850,850,2.07,553,22910100
002700,신일전자,1835,1860,25,1.36,930109,1714521230
019170,신풍제약,190500,157000,-33500,-17.59,7420883,1257681784000
019175,신풍제약우,183000,157000,-26000,-14.21,151610,25094151500
002870,신풍제지,3800,4030,230,6.05,9417830,36580790915
293940,신한알파리츠,7140,7130,-10,-0.14,182745,1300663590
055550,신한지주,34250,34550,300,0.88,2038764,70428662000
001770,신화실업,20650,20700,50,0.24,1637,33835300
004080,신흥,11800,11900,100,0.85,9322,110478400
102280,쌍방울,648,658,10,1.54,5057739,3333820011
003410,쌍용양회,7230,7250,20,0.28,4537908,32983034830
003620,쌍용차,3750,3825,75,2.0,906698,3455267155
004770,써니전자,4090,4140,50,1.22,638291,2625653365
015540,쎌마테라퓨틱스,6020,5660,-360,-5.98,267275,1540219080
004920,씨아이테크,895,897,2,0.22,156255,140018333
112610,씨에스윈드,143500,143000,-500,-0.35,232252,33225580500
008700,아남전자,2360,2350,-10,-0.42,825979,1949181110
002790,아모레G,57800,58400,600,1.04,273003,16089589100
00279K,아모레G3우전환,36300,37000,700,1.93,13771,507551150
002795,아모레G우,20800,21250,450,2.16,58964,1251897150
090430,아모레퍼시픽,214000,216000,2000,0.93,402440,88110145500
090435,아모레퍼시픽우,60900,62600,1700,2.79,269581,16925701000
002030,아세아,91700,92100,400,0.44,4683,431349600
183190,아세아시멘트,74800,75900,1100,1.47,14973,1127350500
002310,아세아제지,38750,37950,-800,-2.06,65245,2489686650
267850,아시아나IDT,28250,27800,-450,-1.59,244245,6897981700
020560,아시아나항공,5030,5020,-10,-0.2,4837718,24507410120
122900,아이마켓코리아,8980,9690,710,7.91,397637,3727196260
010780,아이에스동서,51900,52400,500,0.96,201041,10428829200
033660,아주캐피탈,12750,13300,550,4.31,146957,1903033950
001780,알루코,4870,4740,-130,-2.67,2090822,9973426655
018250,애경산업,24850,25050,200,0.8,93143,2332301000
161000,애경유화,9280,9150,-130,-1.4,312110,2903254640
011090,에넥스,998,1060,62,6.21,4731913,5123797717
005850,에스엘,16650,16950,300,1.8,169702,2836949250
012750,에스원,80500,81900,1400,1.74,73852,6010991400
023960,에쓰씨엔지니어링,5230,6150,920,17.59,704644,4091280880
298690,에어부산,4000,4005,5,0.13,554328,2214707725
140910,에이리츠,8220,8200,-20,-0.24,16040,131440700
078520,에이블씨엔씨,8110,8140,30,0.37,128592,1049678280
015260,에이엔피,1980,1975,-5,-0.25,1053769,2076660130
007460,에이프로젠KIC,2120,2100,-20,-0.94,3603476,7591060460
003060,에이프로젠제약,1395,1395,0,0.0,2839442,3959496455
244920,에이플러스에셋,5870,5850,-20,-0.34,160871,935042030
036570,엔씨소프트,878000,888000,10000,1.14,75400,67029280000
138250,엔에스쇼핑,12150,12050,-100,-0.82,55552,666472200
085310,엔케이,1130,1160,30,2.65,1254795,1440773145
009810,엔케이물산,608,613,5,0.82,340924,207738827
900140,엘브이엠씨홀딩스,3910,3835,-75,-1.92,1147845,4410270545
014440,영보화학,3875,3950,75,1.94,54475,211595560
111770,영원무역,31300,33500,2200,7.03,465279,15324146200
009970,영원무역홀딩스,38800,40200,1400,3.61,21900,874170500
003520,영진약품,7940,8130,190,2.39,6735612,55106944150
000670,영풍,520000,533000,13000,2.5,2924,1544990000
006740,영풍제지,6400,6340,-60,-0.94,926388,5873396720
012280,영화금속,2090,2065,-25,-1.2,1336997,2788634590
012160,영흥,1260,1255,-5,-0.4,252886,319057845
015360,예스코홀딩스,35400,35450,50,0.14,3000,107564100
007310,오뚜기,552000,555000,3000,0.54,4781,2649747000
002630,오리엔트바이오,1425,1425,0,0.0,1260866,1788316710
271560,오리온,121500,126000,4500,3.7,198029,24635645500
001800,오리온홀딩스,13150,13400,250,1.9,212838,2839851550
070960,용평리조트,4600,4515,-85,-1.85,741500,3386162740
316140,우리금융지주,10050,10300,250,2.49,2085951,21350266550
004720,우리들제약,12200,12400,200,1.64,320207,3935984750
118000,우리들휴브레인,3035,3150,115,3.79,1683823,5249916005
010050,우리종금,548,547,-1,-0.18,2051370,1123280732
006980,우성사료,3090,3095,5,0.16,154342,477730465
017370,우신시스템,3755,3750,-5,-0.13,99650,371259955
105840,우진,4360,4475,115,2.64,273462,1214896510
010400,우진아이엔에스,7880,7850,-30,-0.38,11707,92356000
049800,우진플라임,5050,5050,0,0.0,67947,337684230
016880,웅진,1115,1115,0,0.0,238844,266332580
095720,웅진씽크빅,2825,2815,-10,-0.35,505268,1418011840
005820,원림,19600,20200,600,3.06,5655,112598900
010600,웰바이오텍,2350,2385,35,1.49,472269,1131384595
008600,윌비스,1360,1360,0,0.0,492360,671298980
033270,유나이티드제약,48650,50200,1550,3.19,1313818,66969564000
014830,유니드,43800,44800,1000,2.28,71663,3217335400
000910,유니온,6350,6390,40,0.63,247057,1574671580
047400,유니온머티리얼,4420,4520,100,2.26,2103400,9355714250
011330,유니켐,1380,1425,45,3.26,976519,1383186415
077500,유니퀘스트,13150,13100,-50,-0.38,408713,5388224100
002920,유성기업,2745,2755,10,0.36,50629,139224810
000700,유수홀딩스,5500,5560,60,1.09,27595,152438770
003470,유안타증권,3120,3160,40,1.28,518177,1635450435
003475,유안타증권우,2485,2485,0,0.0,55051,135935360
011690,유양디앤유,1220,1220,0,0.0,0,0
072130,유엔젤,4085,4165,80,1.96,63491,262221780
000220,유유제약,14600,14750,150,1.03,104235,1531657300
000225,유유제약1우,14150,14100,-50,-0.35,7247,101625050
000227,유유제약2우B,32250,31650,-600,-1.86,551,17430650
001200,유진투자증권,3985,4035,50,1.25,810481,3274037515
000100,유한양행,66100,67700,1600,2.42,1069222,72764720000
000105,유한양행우,66200,67400,1200,1.81,21796,1471384800
003460,유화증권,2395,2400,5,0.21,8640,20619560
003465,유화증권우,2500,2480,-20,-0.8,11237,27893425
008730,율촌화학,19100,19650,550,2.88,136860,2662012850
008250,이건산업,9380,9420,40,0.43,1462303,14174073720
025820,이구산업,2010,2010,0,0.0,501784,1015045695
214320,이노션,61000,62500,1500,2.46,82766,5055903200
088260,이리츠코크렙,5590,5530,-60,-1.07,130237,720537360
139480,이마트,154500,157000,2500,1.62,195154,30651845000
007660,이수페타시스,3960,3950,-10,-0.25,400873,1590397460
005950,이수화학,14000,14100,100,0.71,1141045,16246364050
015020,이스타코,617,624,7,1.13,122030,75905193
093230,이아이디,380,387,7,1.84,196853212,74455791872
074610,이엔플러스,3880,3860,-20,-0.52,293314,1128994490
102460,이연제약,22650,22600,-50,-0.22,160039,3613462900
084680,이월드,3485,3460,-25,-0.72,456623,1589593270
350520,이지스레지던스리츠,4995,5000,5,0.1,78487,392138960
334890,이지스밸류리츠,4740,4740,0,0.0,77956,369356630
000760,이화산업,14950,15100,150,1.0,2392,35921450
014990,인디에프,1625,1625,0,0.0,285514,464193955
101140,인바이오젠,6720,6650,-70,-1.04,1037799,6869163750
006490,인스코비,2210,2200,-10,-0.45,465987,1026280050
023800,인지컨트롤스,12100,11950,-150,-1.24,301905,3624940750
034590,인천도시가스,25600,25650,50,0.2,5083,130269150
129260,인터지스,2930,2865,-65,-2.22,267373,778217420
023810,인팩,5420,5490,70,1.29,55643,301623760
249420,일동제약,19150,19250,100,0.52,214751,4123583650
000230,일동홀딩스,11450,11400,-50,-0.44,73254,828187850
013360,일성건설,1160,1160,0,0.0,5567113,6559767360
003120,일성신약,82000,83500,1500,1.83,29251,2441031300
003200,일신방직,74400,79700,5300,7.12,35845,2850989700
007110,일신석재,1990,1995,5,0.25,700457,1396647925
007570,일양약품,58900,63400,4500,7.64,4603775,302840707700
007575,일양약품우,58500,71200,12700,21.71,31648,2258946100
008500,일정실업,17850,17500,-350,-1.96,4658,81948200
081000,일진다이아,49000,48900,-100,-0.2,215575,10668070250
020760,일진디스플,4505,4680,175,3.88,258497,1191747810
020150,일진머티리얼즈,46250,48400,2150,4.65,988388,47319343950
103590,일진전기,3320,3300,-20,-0.6,241157,799692445
015860,일진홀딩스,5060,5070,10,0.2,145731,741750070
226320,잇츠한불,28400,28050,-350,-1.23,125051,3516533750
317400,자이에스앤디,10750,11450,700,6.51,615520,6971667900
033240,자화전자,16000,16600,600,3.75,401952,6608599300
000950,전방,29400,30750,1350,4.59,21879,677253750
348950,제이알글로벌리츠,5120,5120,0,0.0,460109,2349931920
194370,제이에스코퍼레이션,7460,7500,40,0.54,15293,114584020
025620,제이준코스메틱,2500,2525,25,1.0,220917,556465425
036420,제이콘텐트리,30550,31700,1150,3.76,168888,5345260400
030000,제일기획,20700,20950,250,1.21,354011,7418313000
271980,제일약품,75000,75100,100,0.13,452124,34397847900
001560,제일연마,7060,7060,0,0.0,8030,56832160
002620,제일파마홀딩스,23200,23100,-100,-0.43,57518,1345479200
006220,제주은행,3380,3370,-10,-0.3,65450,220331035
089590,제주항공,19650,19450,-200,-1.02,407383,7975060200
004910,조광페인트,6090,6300,210,3.45,88977,549361080
004700,조광피혁,53900,53800,-100,-0.19,5204,278207700
001550,조비,18650,18800,150,0.8,23245,437310400
000480,조선내화,84500,84900,400,0.47,1275,108136100
120030,조선선재,106000,108500,2500,2.36,12489,1363327500
018470,조일알미늄,808,801,-7,-0.87,77161,62014871
002600,조흥,178000,180000,2000,1.12,197,35200500
185750,종근당,173500,176500,3000,1.73,127602,22428013000
063160,종근당바이오,75500,79000,3500,4.64,3100849,250796371700
001630,종근당홀딩스,111500,113500,2000,1.79,140125,15943012000
044380,주연테크,1160,1155,-5,-0.43,697665,797907565
013890,지누스,101000,101500,500,0.5,145013,14454002700
013870,지엠비코리아,8030,8040,10,0.12,191375,1550069390
071320,지역난방공사,39250,39950,700,1.78,14184,564482350
010580,지코,306,306,0,0.0,0,0
035000,지투알,5660,5730,70,1.24,30509,172520940
088790,진도,4465,4335,-130,-2.91,405312,1771315315
003780,진양산업,4880,4900,20,0.41,280458,1369862425
010640,진양폴리,3690,3700,10,0.27,125700,464615420
100250,진양홀딩스,2770,2795,25,0.9,57016,159277585
051630,진양화학,5040,5180,140,2.78,491219,2541316590
272450,진에어,13900,14200,300,2.16,622897,8739407200
011000,진원생명과학,25350,25250,-100,-0.39,964230,24407363100
002780,진흥기업,2595,2620,25,0.96,659010,1718935180
002787,진흥기업2우B,12900,12900,0,0.0,611,7842950
002785,진흥기업우B,7310,7050,-260,-3.56,24208,170777060
009310,참엔지니어링,1550,1575,25,1.61,373309,576402820
000650,천일고속,77400,78200,800,1.03,2120,164569600
033250,체시스,2255,2295,40,1.77,496965,1131008325
035720,카카오,370500,374500,4000,1.08,438405,164640114500
006380,카프로,3985,4220,235,5.9,1444561,6088873630
109070,컨버즈,4100,4100,0,0.0,0,0
001620,케이비아이동국실업,703,714,11,1.56,112824,80133807
029460,케이씨,26800,26350,-450,-1.68,97030,2566694150
344820,케이씨씨글라스,35800,37000,1200,3.35,67485,2484508400
281820,케이씨텍,27050,26500,-550,-2.03,176394,4717308800
145270,케이탑리츠,1085,1095,10,0.92,480412,526249485
357120,코람코에너지리츠,4785,4895,110,2.3,667127,3241214940
007815,코리아써우,5330,5500,170,3.19,18532,99581530
007810,코리아써키트,13900,13850,-50,-0.36,219985,3060617300
00781K,코리아써키트2우B,6640,6840,200,3.01,2355,15812710
152330,코리아오토글라스,16550,16550,0,0.0,0,0
003690,코리안리,7860,8100,240,3.05,544523,4369633710
192820,코스맥스,97700,98900,1200,1.23,91724,9070534400
044820,코스맥스비티아이,16600,17850,1250,7.53,65697,1137209100
005070,코스모신소재,16650,16400,-250,-1.5,1299345,21330148650
005420,코스모화학,12050,11700,-350,-2.9,3438736,39973101650
071950,코아스,1100,1110,10,0.91,175660,194631245
002020,코오롱,21800,22300,500,2.29,100025,2214311950
003070,코오롱글로벌,21300,20900,-400,-1.88,429792,9001814050
003075,코오롱글로벌우,38100,38500,400,1.05,15292,583239550
144620,코오롱머티리얼,3080,3125,45,1.46,264584,833109260
002025,코오롱우,17000,16950,-50,-0.29,3250,55372750
120110,코오롱인더,40250,40700,450,1.12,267287,10910291700
120115,코오롱인더우,22200,22300,100,0.45,21749,485352300
138490,코오롱플라스틱,4660,4585,-75,-1.61,167697,775135525
021240,코웨이,70000,71300,1300,1.86,292661,20819514100
031820,콤텍시스템,1835,1740,-95,-5.18,5681187,10137366850
192400,쿠쿠홀딩스,96400,97400,1000,1.04,7795,757541300
284740,쿠쿠홈시스,38400,38650,250,0.65,49562,1902745300
015590,큐로,711,707,-4,-0.56,1916746,1359424351
264900,크라운제과,8860,8970,110,1.24,21481,191956510
26490K,크라운제과우,10700,10800,100,0.93,10897,116955050
005740,크라운해태홀딩스,8920,8970,50,0.56,22339,199285540
005745,크라운해태홀딩스우,12900,12900,0,0.0,7464,96315700
020120,키다리스튜디오,9320,9300,-20,-0.21,113457,1049463720
039490,키움증권,133000,134000,1000,0.75,196647,26472772500
012170,키위미디어그룹,1485,1485,0,0.0,0,0
014580,태경비케이,3950,3950,0,0.0,484917,1910176845
015890,태경산업,5830,6380,550,9.43,720198,4430236980
006890,태경케미컬,17000,17100,100,0.59,641646,10988978750
003240,태광산업,758000,770000,12000,1.58,2472,1890556000
011280,태림포장,6320,6520,200,3.16,1929274,12430735070
004100,태양금속,1140,1170,30,2.63,271466,313415385
004105,태양금속우,3350,3350,0,0.0,33420,112291530
009410,태영건설,11300,11700,400,3.54,896383,10419601400
009415,태영건설우,14050,14300,250,1.78,275877,3990481950
001420,태원물산,4000,4000,0,0.0,21555,85723710
007980,태평양물산,2000,1975,-25,-1.25,968311,1927160300
055490,테이팩스,37450,36650,-800,-2.14,29202,1076056550
078000,텔코웨어,12350,12350,0,0.0,20002,246568300
214420,토니모리,9370,9390,20,0.21,49699,466372320
019180,티에이치엔,2555,2540,-15,-0.59,196702,497198410
363280,티와이홀딩스,23050,23900,850,3.69,445333,10563928000
36328K,티와이홀딩스우,25500,25900,400,1.57,21710,557881400
091810,티웨이항공,2620,2615,-5,-0.19,787621,2062887625
004870,티웨이홀딩스,1095,1105,10,0.91,133839,147332915
005690,파미셀,20650,20650,0,0.0,1196709,24743664300
036580,팜스코,4450,4530,80,1.8,177271,802929510
028670,팬오션,4190,4200,10,0.24,2501869,10552220725
010820,퍼스텍,2130,2135,5,0.23,240865,514361060
016800,퍼시스,29700,29450,-250,-0.84,9135,275871750
001020,페이퍼코리아,2420,2530,110,4.55,460205,1143280540
090080,평화산업,1135,1150,15,1.32,405791,467689225
010770,평화홀딩스,3310,3315,5,0.15,11891,39463995
058430,포스코강판,17300,17150,-150,-0.87,106818,1843260500
047050,포스코인터내셔널,14550,15350,800,5.5,1877299,28349192400
003670,포스코케미칼,106000,106500,500,0.47,882587,91620567000
007630,폴루스바이오팜,1225,1225,0,0.0,0,0
017810,풀무원,15950,16000,50,0.31,112317,1794222950
103140,풍산,28900,29300,400,1.38,260521,7577067400
005810,풍산홀딩스,28400,28350,-50,-0.18,33407,946424550
033180,필룩스,4750,4790,40,0.84,5601673,26882774775
086790,하나금융지주,35500,36150,650,1.83,1602523,57800704450
293480,하나제약,25100,25550,450,1.79,134617,3414765200
039130,하나투어,59300,58800,-500,-0.84,222453,13160795500
172580,하이골드12호,1945,1960,15,0.77,17954,35124875
153360,하이골드3호,1280,1255,-25,-1.95,56635,70906475
071090,하이스틸,19000,19250,250,1.32,6487,123942650
019490,하이트론,3325,3475,150,4.51,654191,2296224780
000080,하이트진로,33000,32700,-300,-0.91,811103,26628162100
000087,하이트진로2우B,21050,21050,0,0.0,2618,55195800
000140,하이트진로홀딩스,16050,15950,-100,-0.62,49685,790356300
000145,하이트진로홀딩스우,15200,15350,150,0.99,1498,22997400
152550,한국ANKOR유전,1625,1635,10,0.62,17644,28741510
036460,한국가스공사,29350,30900,1550,5.28,1314524,40101043300
005430,한국공항,40700,39900,-800,-1.97,35717,1434306400
071050,한국금융지주,78000,79000,1000,1.28,341959,27011195300
071055,한국금융지주우,64700,65700,1000,1.55,53614,3505458300
010040,한국내화,3430,3490,60,1.75,180867,626860390
025540,한국단자,54200,53700,-500,-0.92,48560,2614771500
004090,한국석유,97500,97800,300,0.31,2252,220648100
002200,한국수출포장,22250,22200,-50,-0.22,24092,531619900
002960,한국쉘석유,267500,269500,2000,0.75,3305,891560000
123890,한국자산신탁,4085,4170,85,2.08,714194,2943215295
015760,한국전력,23800,23800,0,0.0,13713707,327856735600
006200,한국전자홀딩스,922,936,14,1.52,489809,457454920
009540,한국조선해양,102500,109500,7000,6.83,932001,101662274500
023350,한국종합기술,4375,4360,-15,-0.34,32080,140287500
025890,한국주강,1560,1575,15,0.96,55024,86258665
000970,한국주철관,8300,8310,10,0.12,93229,776171010
104700,한국철강,6540,6800,260,3.98,219099,1456712870
017960,한국카본,12850,13250,400,3.11,1377514,18354430850
161890,한국콜마,46200,46600,400,0.87,183792,8560000100
024720,한국콜마홀딩스,26350,26550,200,0.76,81582,2163738550
161390,한국타이어앤테크놀로지,38600,39550,950,2.46,322865,12701356600
000240,한국테크놀로지그룹,15550,15700,150,0.96,249397,3877395800
034830,한국토지신탁,1940,2045,105,5.41,5499129,10968101880
007280,한국특수형강,2075,2025,-50,-2.41,130151,265089135
168490,한국패러랠,1905,1890,-15,-0.79,87178,165226865
010100,한국프랜지,2740,2720,-20,-0.73,1676919,4625487520
047810,한국항공우주,24000,25100,1100,4.58,1849269,46354177100
123690,한국화장품,13350,13400,50,0.37,129714,1738847250
003350,한국화장품제조,39150,38850,-300,-0.77,17555,684155200
011500,한농화성,8010,8410,400,4.99,2132097,18320895990
002390,한독,32350,32450,100,0.31,94848,3073934300
014790,한라,5080,5290,210,4.13,5750924,31453697370
060980,한라홀딩스,38300,38750,450,1.17,58398,2244358550
053690,한미글로벌,9680,10250,570,5.89,663929,6794226000
042700,한미반도체,13700,14050,350,2.55,887987,12444819900
008930,한미사이언스,72800,75900,3100,4.26,916991,69331965200
128940,한미약품,352000,355000,3000,0.85,149335,52925532000
009240,한샘,96500,99400,2900,3.01,94891,9345952900
020000,한섬,30100,30550,450,1.5,109702,3333619500
003680,한성기업,8880,8930,50,0.56,63783,568860130
105630,한세실업,16600,17200,600,3.61,324824,5569454100
069640,한세엠케이,3565,3535,-30,-0.84,68138,241399145
016450,한세예스24홀딩스,8800,9100,300,3.41,436368,3917509220
010420,한솔PNS,1665,1670,5,0.3,118969,196942130
009180,한솔로지스틱스,2350,2365,15,0.64,475944,1127665660
213500,한솔제지,13800,13900,100,0.72,284210,3963705950
014680,한솔케미칼,161500,162000,500,0.31,54043,8751915000
004710,한솔테크닉스,9420,9440,20,0.21,481841,4593917440
004150,한솔홀딩스,3535,3640,105,2.97,696994,2543206920
025750,한솔홈데코,2155,2210,55,2.55,100804986,238334146900
004960,한신공영,16600,16800,200,1.2,137749,2284898550
011700,한신기계,1655,1660,5,0.3,170954,282857260
001750,한양증권,9690,9750,60,0.62,52720,511645970
001755,한양증권우,18100,17400,-700,-3.87,8501,147934550
018880,한온시스템,15750,15750,0,0.0,1392911,21934954850
009420,한올바이오파마,35600,35150,-450,-1.26,573034,20379467150
014130,한익스프레스,8230,8270,40,0.49,905550,7535149240
300720,한일시멘트,106000,111500,5500,5.19,8035,868473000
002220,한일철강,1850,1860,10,0.54,40502,75161680
006390,한일현대시멘트,29600,29850,250,0.84,53627,1584852300
003300,한일홀딩스,57500,57500,0,0.0,0,0
051600,한전KPS,30150,30350,200,0.66,398490,12053236500
052690,한전기술,17050,17100,50,0.29,162802,2783063650
130660,한전산업,3995,4000,5,0.13,96060,384189120
002320,한진,47000,47300,300,0.64,289816,13801362350
097230,한진중공업,8610,8990,380,4.41,316608,2794785260
003480,한진중공업홀딩스,4100,4085,-15,-0.37,48088,197200845
180640,한진칼,65900,65800,-100,-0.15,245934,16298611100
18064K,한진칼우,50500,50600,100,0.2,10473,529852900
005110,한창,1390,1395,5,0.36,1927596,2691571670
009460,한창제지,2320,2330,10,0.43,1475529,3432921295
000880,한화,25800,26550,750,2.91,549641,14535060450
00088K,한화3우B,13850,14050,200,1.44,52562,735310000
088350,한화생명,2170,2340,170,7.83,17273889,39878084185
000370,한화손해보험,3985,4110,125,3.14,2506810,10180080815
009830,한화솔루션,46200,46300,100,0.22,2222654,104031671100
009835,한화솔루션우,68000,68400,400,0.59,27275,1877024200
272210,한화시스템,13600,13500,-100,-0.74,1243231,16906795150
012450,한화에어로스페이스,27050,27150,100,0.37,558211,15274215375
000885,한화우,46600,46500,-100,-0.21,2247,104655700
003530,한화투자증권,2130,2210,80,3.76,1748283,3830916895
003535,한화투자증권우,3815,3710,-105,-2.75,74684,278668425
195870,해성디에스,19850,19650,-200,-1.01,183468,3601820250
101530,해태제과식품,8050,8160,110,1.37,29827,242483710
143210,핸즈코퍼레이션,7700,7580,-120,-1.56,151144,1149862280
000720,현대건설,38350,38900,550,1.43,1703929,65890853350
267270,현대건설기계,34450,36000,1550,4.5,2025109,76791523050
000725,현대건설우,185000,185500,500,0.27,1303,239530500
005440,현대그린푸드,8170,8300,130,1.59,710491,5872719130
086280,현대글로비스,184000,187500,3500,1.9,348931,65407005500
064350,현대로템,16300,16300,0,0.0,2662680,43663883200
079430,현대리바트,15350,15750,400,2.61,441325,6907548850
012330,현대모비스,243500,243000,-500,-0.21,344237,83899826000
010620,현대미포조선,47550,51500,3950,8.31,1211662,61358284000
069960,현대백화점,72700,73300,600,0.83,153317,11282901100
004560,현대비앤지스틸,9730,9960,230,2.36,134632,1327607710
004565,현대비앤지스틸우,69000,68300,-700,-1.01,945,64975600
011760,현대상사,15600,16300,700,4.49,387049,6228302650
004310,현대약품,6370,6390,20,0.31,360076,2295150300
322000,현대에너지솔루션,38000,37900,-100,-0.26,139152,5295532650
017800,현대엘리베이,41800,41950,150,0.36,532647,22456512300
307950,현대오토에버,98500,102000,3500,3.55,400279,40574545200
011210,현대위아,49050,49300,250,0.51,143038,7080320300
267260,현대일렉트릭,16200,16300,100,0.62,252057,4127224550
004020,현대제철,40600,41100,500,1.23,1497045,61795100750
267250,현대중공업지주,279500,296500,17000,6.08,129829,38023836500
005380,현대차,191500,190000,-1500,-0.78,1644559,315065721000
005387,현대차2우B,90100,90800,700,0.78,160775,14559639300
005389,현대차3우B,84800,85500,700,0.83,26968,2305655000
005385,현대차우,87100,87700,600,0.69,151436,13234424000
001500,현대차증권,12800,13000,200,1.56,266620,3451263000
227840,현대코퍼레이션홀딩스,11400,11950,550,4.82,90008,1059734750
126560,현대퓨처넷,3225,3230,5,0.16,206550,664870045
001450,현대해상,22600,23000,400,1.77,607146,13910525150
057050,현대홈쇼핑,78400,83000,4600,5.87,67520,5504994000
093240,형지엘리트,2885,2905,20,0.69,1190287,3432348525
003010,혜인,5440,5450,10,0.18,143589,781350510
111110,호전실업,9940,10650,710,7.14,219765,2323194150
008770,호텔신라,84500,85000,500,0.59,919589,78994774900
008775,호텔신라우,80500,80900,400,0.5,27280,2218835200
002460,화성산업,12500,13250,750,6.0,710317,9236983200
013520,화승알앤에이,2080,2120,40,1.92,95798,201637510
241590,화승엔터프라이즈,13800,13600,-200,-1.45,198702,2713916400
006060,화승인더,7260,7250,-10,-0.14,338710,2469026190
010690,화신,2845,2840,-5,-0.18,139406,395362410
133820,화인베스틸,2595,2620,25,0.96,357190,935224515
010660,화천기계,3170,3150,-20,-0.63,292207,919627550
000850,화천기공,32550,32550,0,0.0,4695,151876400
016580,환인제약,16300,16600,300,1.84,339673,5621728250
032560,황금에스티,8310,8240,-70,-0.84,265051,2191955270
004800,효성,80200,80500,300,0.37,75874,6114241800
094280,효성ITX,20850,20900,50,0.24,12886,269477950
298040,효성중공업,60000,59900,-100,-0.17,76360,4584911900
298050,효성첨단소재,149000,149000,0,0.0,59018,8836302000
298020,효성티앤씨,186500,191000,4500,2.41,32925,6273563000
298000,효성화학,159500,164500,5000,3.13,78536,13053149000
093370,후성,9810,9960,150,1.53,7779584,79642393310
081660,휠라홀딩스,42200,43300,1100,2.61,464299,19969487500
005870,휴니드,5830,5880,50,0.86,50267,294796770
079980,휴비스,8180,8260,80,0.98,201727,1668734960
005010,휴스틸,7380,7460,80,1.08,6160,45867500
069260,휴켐스,23800,24150,350,1.47,964374,23979302350
000540,흥국화재,2950,2960,10,0.34,51931,153847675
000547,흥국화재2우B,22150,22100,-50,-0.23,798,17663900
000545,흥국화재우,9490,9050,-440,-4.64,42697,389529810
003280,흥아해운,258,258,0,0.0,0,0
