티커,종목명,시가,종가,변동폭,등락률,거래량,거래대금
095570,AJ네트웍스,3280,3300,20,0.61,62531,204891415
006840,AK홀딩스,17450,17500,50,0.29,19437,337861950
027410,BGF,4240,4175,-65,-1.53,123959,520563765
282330,BGF리테일,122500,123500,1000,0.82,28169,3489271500
138930,BNK금융지주,5140,5200,60,1.17,1844959,9575813020
001460,BYC,224500,225000,500,0.22,197,44139500
001465,BYC우,120500,120500,0,0.0,141,16899500
001040,CJ,80800,81600,800,0.99,75207,6119376500
079160,CJCGV,21800,22300,500,2.29,294916,6523606800
00104K,CJ4우전환,58200,58700,500,0.86,5650,330274500
000120,CJ대한통운,183000,184000,1000,0.55,96198,17840444000
011150,CJ씨푸드,4610,4580,-30,-0.65,645626,2962639780
011155,CJ씨푸드1우,42150,42400,250,0.59,1138,48207550
001045,CJ우,47300,47500,200,0.42,3629,171907800
097950,CJ제일제당,407000,405500,-1500,-0.37,55070,22432440000
097955,CJ제일제당우,161000,162000,1000,0.62,4949,799585000
000590,CS홀딩스,54200,52600,-1600,-2.95,4277,226859000
012030,DB,699,707,8,1.14,916399,644573421
016610,DB금융투자,3885,3895,10,0.26,59889,233026045
005830,DB손해보험,47400,46700,-700,-1.48,167411,7833192000
000990,DB하이텍,36950,36500,-450,-1.22,579413,21329624850
000995,DB하이텍1우,132000,132500,500,0.38,10157,1330673000
139130,DGB금융지주,5650,5880,230,4.07,1797206,10438759390
001530,DI동일,89200,88600,-600,-0.67,4855,428837600
004840,DRB동일,6610,6570,-40,-0.61,61328,403525880
155660,DSR,6670,7150,480,7.2,528598,3644546900
069730,DSR제강,4700,4800,100,2.13,549430,2635007750
017940,E1,46400,47150,750,1.62,16498,772785550
007700,FF,89100,92700,3600,4.04,138234,12773143900
114090,GKL,12050,12100,50,0.41,402544,4853302900
078930,GS,31750,31950,200,0.63,358684,11446135300
006360,GS건설,25250,25400,150,0.59,458032,11598900750
001250,GS글로벌,1735,1740,5,0.29,171276,299093830
007070,GS리테일,33250,32950,-300,-0.9,213722,7070464500
078935,GS우,29050,29100,50,0.17,2894,84245300
012630,HDC,10650,10700,50,0.47,291683,3122481150
039570,HDC아이콘트롤스,9180,9390,210,2.29,46934,438313010
089470,HDC현대EP,5770,5770,0,0.0,158799,912886410
294870,HDC현대산업개발,21150,21000,-150,-0.71,430324,9058694600
011200,HMM,7440,7410,-30,-0.4,2469736,18421625650
082740,HSD엔진,5200,5170,-30,-0.58,218051,1121072900
003560,IHQ,1440,1440,0,0.0,327076,471332275
175330,JB금융지주,4725,4770,45,0.95,370831,1761922915
234080,JW생명과학,19400,19400,0,0.0,45135,874639050
001060,JW중외제약,35000,34900,-100,-0.29,198733,6994646900
001067,JW중외제약2우B,74000,75900,1900,2.57,3290,245533400
001065,JW중외제약우,56600,59800,3200,5.65,3015,176526100
096760,JW홀딩스,6030,6050,20,0.33,241215,1465776740
105560,KB금융,39900,39850,-50,-0.13,1601362,63697378300
002380,KCC,155000,154500,-500,-0.32,63466,9860814000
009070,KCTC,2490,2535,45,1.81,215571,544333495
009440,KC그린홀딩스,3955,4030,75,1.9,173509,691091530
119650,KC코트렐,6730,7200,470,6.98,1999751,13996069980
092220,KEC,1300,1385,85,6.54,39560228,56036857850
016380,KG동부제철,8030,7920,-110,-1.37,240795,1915594780
016385,KG동부제철우,127500,127000,-500,-0.39,741,94852500
001390,KG케미칼,21500,20800,-700,-3.26,264913,5584181750
001940,KISCO홀딩스,11900,11850,-50,-0.42,4613,54705750
025000,KPX케미칼,48400,48350,-50,-0.1,3839,185576350
092230,KPX홀딩스,44950,45000,50,0.11,2334,104983850
000040,KR모터스,860,863,3,0.35,19365111,18172815262
044450,KSS해운,9570,9840,270,2.82,125102,1218040780
030200,KT,22950,22950,0,0.0,1030057,23667741650
033780,KTG,83100,83800,700,0.84,389747,32656492250
030210,KTB투자증권,2550,2570,20,0.78,110323,281538110
058850,KTcs,2050,2080,30,1.46,791701,1641173235
058860,KTis,2440,2485,45,1.84,182306,453864630
093050,LF,13850,13750,-100,-0.72,109581,1514309200
003550,LG,76400,77200,800,1.05,314527,24326771376
034220,LG디스플레이,15250,15850,600,3.93,3218408,50495215650
001120,LG상사,15500,15300,-200,-1.29,251528,3871365500
051900,LG생활건강,1513000,1540000,27000,1.78,32935,50348368000
051905,LG생활건강우,731000,752000,21000,2.87,4328,3221329000
003555,LG우,53100,53400,300,0.56,7436,397324600
032640,LG유플러스,11750,11750,0,0.0,1448689,16979560900
011070,LG이노텍,166000,166000,0,0.0,230506,38321819500
066570,LG전자,96100,93300,-2800,-2.91,2181852,208490953200
066575,LG전자우,35450,35250,-200,-0.56,117739,4180902750
108670,LG하우시스,62800,67600,4800,7.64,297118,19910306300
108675,LG하우시스우,27500,28800,1300,4.73,34048,973552750
037560,LG헬로비전,3940,3955,15,0.38,124023,491630345
051910,LG화학,680000,692000,12000,1.76,564700,390923135000
051915,LG화학우,332000,337000,5000,1.51,46938,15703054000
079550,LIG넥스원,32100,31850,-250,-0.78,79125,2518533800
006260,LS,58200,60500,2300,3.95,384533,23035856200
010120,LSELECTRIC,58200,61300,3100,5.33,403270,24537812200
000680,LS네트웍스,2195,2230,35,1.59,117313,262436555
229640,LS전선아시아,7460,7700,240,3.22,264395,2008295230
023150,MH에탄올,8350,8310,-40,-0.48,317215,2622665390
035420,NAVER,305000,301000,-4000,-1.31,756735,228655143000
181710,NHN,75200,75500,300,0.4,47306,3572531700
005940,NH투자증권,9370,9390,20,0.21,1025647,9627762490
005945,NH투자증권우,8020,8100,80,1.0,114592,926060660
338100,NH프라임리츠,4290,4290,0,0.0,55923,238842220
034310,NICE,18250,18550,300,1.64,30875,568207900
008260,NI스틸,2240,2340,100,4.46,626607,1443135225
004250,NPC,3170,3180,10,0.32,108726,345339540
004255,NPC우,2215,2245,30,1.35,3169,7053845
010060,OCI,59100,64200,5100,8.63,1182112,74870737500
005490,POSCO,205000,208000,3000,1.46,554481,116080129500
100840,STC,15500,15650,150,0.97,25042,388966500
064960,ST모티브,52000,50300,-1700,-3.27,64771,3288673100
003570,ST중공업,5290,5400,110,2.08,164585,879807640
036530,ST홀딩스,14550,14550,0,0.0,3572,52066450
010950,S-Oil,55900,56600,700,1.25,576966,32636427000
010955,S-Oil우,32800,32950,150,0.46,13821,454281600
034120,SBS,14700,14800,100,0.68,28454,418170250
101060,SBS미디어홀딩스,1775,1780,5,0.28,37057,66033290
004060,SG세계물산,594,595,1,0.17,423782,251716343
001380,SG충방,1930,1940,10,0.52,181054,348959155
002360,SH에너지화학,814,819,5,0.61,674827,551610685
009160,SIMPAC,2410,2440,30,1.24,103577,251979400
123700,SJM,2585,2660,75,2.9,45979,119796350
025530,SJM홀딩스,2615,2630,15,0.57,7454,19498460
034730,SK,205500,209000,3500,1.7,297147,62003423500
011790,SKC,82300,83500,1200,1.46,257322,21361041100
018670,SK가스,101500,107000,5500,5.42,40724,4332067000
001740,SK네트웍스,4650,4700,50,1.08,739415,3467514775
001745,SK네트웍스우,117000,120000,3000,2.56,2393,285987000
006120,SK디스커버리,64600,67700,3100,4.8,426972,28718123400
006125,SK디스커버리우,53100,55400,2300,4.33,116810,6528850700
210980,SK디앤디,43650,47650,4000,9.16,421727,19804810900
068400,SK렌터카,8710,8870,160,1.84,92965,818102180
326030,SK바이오팜,143500,147500,4000,2.79,457340,66758905500
03473K,SK우,197000,201000,4000,2.03,7211,1437870000
096770,SK이노베이션,143000,144500,1500,1.05,429412,61774949000
096775,SK이노베이션우,119000,119000,0,0.0,13767,1634155500
001510,SK증권,717,727,10,1.39,2826519,2048147534
001515,SK증권우,5200,5360,160,3.08,118680,639195860
285130,SK케미칼,314500,349000,34500,10.97,1014851,348621230500
28513K,SK케미칼우,179000,189000,10000,5.59,313474,60161371500
017670,SK텔레콤,241000,240000,-1000,-0.41,233062,56129068450
000660,SK하이닉스,83400,82900,-500,-0.6,3330824,277459883800
005610,SPC삼립,62200,62000,-200,-0.32,5232,324642200
011810,STX,5630,5510,-120,-2.13,43053,238971730
077970,STX엔진,6680,6630,-50,-0.75,53950,358739120
071970,STX중공업,4250,4220,-30,-0.71,264917,1120324340
084870,TBH글로벌,2220,2170,-50,-2.25,1397279,2990116485
002710,TCC스틸,4090,4090,0,0.0,7160766,30697212660
024070,WISCOM,2250,2250,0,0.0,2355,5287425
037270,YGPLUS,6730,6500,-230,-3.42,3066809,20242693060
000500,가온전선,22400,23800,1400,6.25,40832,956946200
000860,강남제비스코,15650,15700,50,0.32,3942,61666550
035250,강원랜드,21500,21800,300,1.4,577251,12503101300
011420,갤럭시아에스엠,1450,1515,65,4.48,3191513,5137813605
002100,경농,12950,12950,0,0.0,45920,596380200
009450,경동나비엔,55100,56300,1200,2.18,85854,4834840700
267290,경동도시가스,20700,20850,150,0.72,100199,2070136050
012320,경동인베스트,27200,27150,-50,-0.18,6490,175904450
000050,경방,10900,11000,100,0.92,27465,301622950
214390,경보제약,10950,11150,200,1.83,747823,8644587650
012610,경인양행,7270,7240,-30,-0.41,181468,1317035630
009140,경인전자,21200,20900,-300,-1.42,842,17822700
013580,계룡건설,20750,21550,800,3.86,75763,1614184400
012200,계양전기,3310,3280,-30,-0.91,156565,516396910
012205,계양전기우,8380,8400,20,0.24,16483,137894740
002140,고려산업,3605,3630,25,0.69,299092,1083322070
010130,고려아연,387000,386000,-1000,-0.26,52889,20476950000
002240,고려제강,13950,13900,-50,-0.36,23697,330446700
009290,광동제약,10450,10400,-50,-0.48,9443278,106796116850
017040,광명전기,1840,1850,10,0.54,147321,272325245
017900,광전자,2220,2235,15,0.68,181561,402200555
037710,광주신세계,167000,177000,10000,5.99,10027,1771641000
030610,교보증권,6520,6520,0,0.0,82410,537247430
007690,국도화학,46700,47050,350,0.75,10613,497330100
005320,국동,4440,4285,-155,-3.49,1362700,6024672075
001140,국보,2015,2020,5,0.25,690093,1389018665
002720,국제약품,11000,10900,-100,-0.91,173139,1890379950
083420,그린케미칼,4015,4150,135,3.36,447850,1840910995
014530,극동유화,3210,3215,5,0.16,204875,660899850
014280,금강공업,4215,4215,0,0.0,173612,736312040
014285,금강공업우,14950,15350,400,2.68,175352,2734868250
008870,금비,56400,57100,700,1.24,1049,59671700
001570,금양,5210,5390,180,3.45,1181014,6325768580
002990,금호산업,6760,6890,130,1.92,174894,1195643320
002995,금호산업우,33150,33750,600,1.81,2467,81885150
011780,금호석유,127500,141000,13500,10.59,584077,79980827500
011785,금호석유우,49850,53000,3150,6.32,130181,6861338950
214330,금호에이치티,3990,4120,130,3.26,9132446,36928431315
001210,금호전기,4670,4580,-90,-1.93,84341,390566870
073240,금호타이어,3805,3750,-55,-1.45,442244,1668016705
092440,기신정기,4050,3950,-100,-2.47,285868,1141637295
000270,기아차,50300,50900,600,1.19,2672889,135640692100
024110,기업은행,8160,8150,-10,-0.12,1579611,12879781430
013700,까뮤이앤씨,1560,1830,270,17.31,97033322,179803383270
004540,깨끗한나라,4690,4870,180,3.84,371207,1781662415
004545,깨끗한나라우,23000,23400,400,1.74,3146,73505650
001260,남광토건,10000,10100,100,1.0,117144,1193382500
008350,남선알미늄,5140,5120,-20,-0.39,1421831,7287016820
008355,남선알미우,50600,52800,2200,4.35,14896,751789200
004270,남성,2920,2830,-90,-3.08,1269976,3672543855
003920,남양유업,268000,266500,-1500,-0.56,1282,342012000
003925,남양유업우,144500,140500,-4000,-2.77,355,50917500
025860,남해화학,8180,8180,0,0.0,146106,1199071000
005720,넥센,4000,4030,30,0.75,23445,93737085
005725,넥센우,2980,2995,15,0.5,4286,12774955
002350,넥센타이어,5570,5580,10,0.18,252618,1412342610
002355,넥센타이어1우B,2325,2340,15,0.65,7715,18062135
003580,넥스트사이언스,6250,6280,30,0.48,270064,1696861070
251270,넷마블,161000,158000,-3000,-1.86,648894,102795918000
090350,노루페인트,7140,7130,-10,-0.14,22785,162312170
090355,노루페인트우,13600,13500,-100,-0.74,3920,53199450
000320,노루홀딩스,9070,9070,0,0.0,11663,105105820
000325,노루홀딩스우,17300,17450,150,0.87,1095,18914350
006280,녹십자,236000,234000,-2000,-0.85,101319,23786154000
005250,녹십자홀딩스,23550,23250,-300,-1.27,136100,3178132350
005257,녹십자홀딩스2우,155000,150000,-5000,-3.23,8712,1321299000
004370,농심,316000,315000,-1000,-0.32,29171,9209997880
072710,농심홀딩스,75700,75200,-500,-0.66,1296,97375800
058730,다스코,5900,5930,30,0.51,182071,1070116640
023590,다우기술,21650,21700,50,0.23,381916,8390176150
019680,대교,3950,3935,-15,-0.38,50829,200817900
019685,대교우B,2555,2555,0,0.0,39226,100115610
006370,대구백화점,8100,8120,20,0.25,51114,412386910
008060,대덕,6310,6340,30,0.48,220661,1397906480
00806K,대덕1우,7160,7100,-60,-0.84,14416,102856190
353200,대덕전자,10650,10750,100,0.94,817697,8816842200
35320K,대덕전자1우,7220,7250,30,0.42,11205,80894120
000490,대동공업,6560,6650,90,1.37,198707,1330415280
008110,대동전자,4600,4605,5,0.11,3805,17490215
005750,대림BCo,4950,4950,0,0.0,9380,46312835
001880,대림건설,24250,24000,-250,-1.03,26627,640712750
000210,대림산업,78900,78000,-900,-1.14,395066,30819726000
000215,대림산업우,41200,41150,-50,-0.12,14880,610099050
006570,대림통상,4150,4150,0,0.0,1288,5348645
001680,대상,26350,26450,100,0.38,111217,2932210150
001685,대상우,17350,17350,0,0.0,4755,82288400
084690,대상홀딩스,10300,10200,-100,-0.97,116140,1180369600
084695,대상홀딩스우,8490,8460,-30,-0.35,4907,41402610
128820,대성산업,3275,3275,0,0.0,43134,140713100
117580,대성에너지,5350,5440,90,1.68,65356,352811400
016710,대성홀딩스,19850,21000,1150,5.79,324525,6637400100
003540,대신증권,12350,12400,50,0.4,130455,1614828250
003547,대신증권2우B,9440,9470,30,0.32,22291,210767020
003545,대신증권우,9950,9980,30,0.3,87399,872431900
009190,대양금속,3620,3620,0,0.0,373429,1370177805
014160,대영포장,1105,1110,5,0.45,1061190,1178118635
047040,대우건설,2900,2920,20,0.69,1759767,5161347525
009320,대우부품,3025,3085,60,1.98,5170886,15944605070
042660,대우조선해양,23900,24300,400,1.67,312744,7513330000
003090,대웅,30100,30000,-100,-0.33,239150,7211340700
069620,대웅제약,107000,106500,-500,-0.47,42991,4594654500
000430,대원강업,3985,4060,75,1.88,266063,1060447810
006340,대원전선,1005,1010,5,0.5,600939,609291130
006345,대원전선우,3400,3485,85,2.5,48172,166992710
003220,대원제약,20300,20400,100,0.49,262195,5376322700
024890,대원화성,1620,1625,5,0.31,59596,96499590
002880,대유에이텍,840,836,-4,-0.48,290251,242833424
000300,대유플러스,853,840,-13,-1.52,1514336,1275077942
012800,대창,1120,1115,-5,-0.45,539040,601938615
015230,대창단조,33050,34950,1900,5.75,51542,1788278850
001070,대한방직,33850,33800,-50,-0.15,5554,187451450
006650,대한유화,185500,193500,8000,4.31,190787,36815734000
001440,대한전선,806,804,-2,-0.25,1927084,1555406462
084010,대한제강,7250,7150,-100,-1.38,157548,1131450930
001790,대한제당,18300,18750,450,2.46,33638,622775900
001795,대한제당우,13200,13350,150,1.14,1062,14102200
001130,대한제분,156000,157500,1500,0.96,4088,640279000
003490,대한항공,19750,19750,0,0.0,2323815,46155938400
003495,대한항공우,24950,24900,-50,-0.2,24511,609786550
005880,대한해운,18100,18100,0,0.0,0,0
003830,대한화섬,81200,82000,800,0.99,124,10152600
016090,대현,1800,1805,5,0.28,59856,107829390
069460,대호에이엘,2050,2055,5,0.24,143901,295860850
192080,더블유게임즈,72800,72500,-300,-0.41,94525,6859800200
012510,더존비즈온,109000,114000,5000,4.59,233871,26038876000
004830,덕성,4460,4390,-70,-1.57,141644,626745060
004835,덕성우,8470,8450,-20,-0.24,12999,109086510
024900,덕양산업,2005,2000,-5,-0.25,327557,658392200
145720,덴티움,35050,34650,-400,-1.14,51941,1803972750
002150,도화엔지니어링,7540,7580,40,0.53,48061,363494240
001230,동국제강,6880,7300,420,6.1,4232707,30669837640
023450,동남합성,36950,36500,-450,-1.22,1045,38194850
004140,동방,1980,1970,-10,-0.51,1651285,3316363820
007590,동방아그로,6330,6330,0,0.0,7183,45471730
005960,동부건설,10950,10900,-50,-0.46,30299,330952900
005965,동부건설우,27500,27450,-50,-0.18,2302,62919750
026960,동서,27150,27250,100,0.37,289172,7877233150
002210,동성제약,12600,12600,0,0.0,237560,3043436900
102260,동성코퍼레이션,4390,4380,-10,-0.23,34468,150958150
005190,동성화학,15850,15900,50,0.32,28153,444484300
000640,동아쏘시오홀딩스,124500,122000,-2500,-2.01,29083,3571594500
170900,동아에스티,93500,92200,-1300,-1.39,22951,2128891000
028100,동아지질,15200,15100,-100,-0.66,59567,904479100
282690,동아타이어,9430,9430,0,0.0,8499,80073200
001520,동양,1130,1155,25,2.21,1349647,1566318600
001527,동양2우B,13400,13450,50,0.37,1881,25231650
001529,동양3우B,28650,28650,0,0.0,125,3565750
084670,동양고속,26250,26250,0,0.0,8634,226825050
002900,동양물산,1425,1440,15,1.05,14915087,21829067715
082640,동양생명,3070,3075,5,0.16,109838,337374925
001525,동양우,7230,7350,120,1.66,11056,80623170
008970,동양철관,1050,1065,15,1.43,1262954,1339128360
092780,동양피스톤,6410,6350,-60,-0.94,334639,2135698420
049770,동원FB,172500,172000,-500,-0.29,5357,920888000
018500,동원금속,700,701,1,0.14,181925,126278854
006040,동원산업,219500,222000,2500,1.14,3607,796365500
030720,동원수산,9020,9020,0,0.0,41246,372226590
014820,동원시스템즈,23750,24100,350,1.47,42208,1019662000
014825,동원시스템즈우,28650,28950,300,1.05,526,15206400
163560,동일고무벨트,9630,9540,-90,-0.93,59958,573146210
004890,동일산업,68800,68700,-100,-0.15,1991,136573800
002690,동일제강,2335,2380,45,1.93,1027055,2576018470
000020,동화약품,23500,24150,650,2.77,716608,17398574600
000150,두산,45650,46200,550,1.2,81390,3754456750
000157,두산2우B,84400,85100,700,0.83,1699,144076400
241560,두산밥캣,29200,28950,-250,-0.86,394952,11520242450
336370,두산솔루스,39600,39400,-200,-0.51,133703,5281356400
33637K,두산솔루스1우,17200,17150,-50,-0.29,28206,486343000
33637L,두산솔루스2우B,35900,35100,-800,-2.23,7144,253367250
000155,두산우,38650,38950,300,0.78,17298,675170700
042670,두산인프라코어,8790,9010,220,2.5,6690420,59646632350
034020,두산중공업,13600,13900,300,2.21,5035095,70080966800
336260,두산퓨얼셀,39800,41800,2000,5.03,2768314,114187260600
33626K,두산퓨얼셀1우,17400,17900,500,2.87,191423,3421079650
33626L,두산퓨얼셀2우B,25100,25250,150,0.6,84349,2149846250
016740,두올,3695,3735,40,1.08,1045857,3911423060
192650,드림텍,16100,15900,-200,-1.24,1301993,21009550500
024090,디씨엠,11000,10950,-50,-0.45,8051,88302450
003160,디아이,3905,4000,95,2.43,122896,489105440
092200,디아이씨,1490,1520,30,2.01,119626,180060260
013570,디와이,4325,4385,60,1.39,56800,247456325
210540,디와이파워,10950,11900,950,8.68,585335,6800148200
007340,디티알오토모티브,23250,23300,50,0.22,11294,262591300
026890,디피씨,14100,13750,-350,-2.48,3176920,44640501800
115390,락앤락,10650,10650,0,0.0,127368,1360500050
032350,롯데관광개발,15750,15750,0,0.0,285171,4509701350
330590,롯데리츠,5160,5210,50,0.97,210384,1089881030
000400,롯데손해보험,1605,1600,-5,-0.31,199957,320314825
023530,롯데쇼핑,80600,82500,1900,2.36,261877,21675156300
004000,롯데정밀화학,51100,53000,1900,3.72,232070,12194527900
286940,롯데정보통신,36600,36750,150,0.41,28068,1029247900
280360,롯데제과,99900,101000,1100,1.1,4321,433568400
004990,롯데지주,29000,29450,450,1.55,183236,5413882200
00499K,롯데지주우,61000,62000,1000,1.64,1658,102179400
005300,롯데칠성,88600,88700,100,0.11,26737,2374161800
005305,롯데칠성우,57300,57800,500,0.87,1705,98342300
011170,롯데케미칼,217500,229000,11500,5.29,608306,137909812500
002270,롯데푸드,309500,308000,-1500,-0.48,1516,468384000
071840,롯데하이마트,30250,30000,-250,-0.83,95931,2909252300
027740,마니커,680,680,0,0.0,896242,609440260
204320,만도,38450,38200,-250,-0.65,899366,34644313600
001080,만호제강,15100,15150,50,0.33,2841,42760950
088980,맥쿼리인프라,10850,10800,-50,-0.46,1728291,18704237350
094800,맵스리얼티1,4080,4055,-25,-0.61,43542,176897670
138040,메리츠금융지주,9400,9460,60,0.64,46758,440828530
008560,메리츠증권,3290,3285,-5,-0.15,1918138,6298689120
000060,메리츠화재,13350,13900,550,4.12,438858,5983042400
090370,메타랩스,1180,1210,30,2.54,688226,834930745
017180,명문제약,7280,7190,-90,-1.24,14564424,109170368660
012690,모나리자,5400,5340,-60,-1.11,230754,1238720180
005360,모나미,6170,6200,30,0.49,555553,3451867500
204210,모두투어리츠,3010,3035,25,0.83,5458,16438345
009680,모토닉,12850,13200,350,2.72,566324,7398042650
009580,무림PP,3220,3335,115,3.57,514490,1702680790
009200,무림페이퍼,2410,2410,0,0.0,41872,100584505
033920,무학,6490,6650,160,2.47,21853,144285320
008420,문배철강,2775,2780,5,0.18,842549,2362354600
025560,미래산업,3395,3345,-50,-1.47,97084,326655540
007120,미래아이앤지,347,352,5,1.44,489298,171536447
006800,미래에셋대우,8420,8710,290,3.44,3609778,31140670180
00680K,미래에셋대우2우B,4445,4540,95,2.14,443390,1994955750
006805,미래에셋대우우,5020,5070,50,1.0,31382,158040415
357250,미래에셋맵스리츠,4770,4775,5,0.1,79269,378075975
085620,미래에셋생명,4040,4010,-30,-0.74,29609,119474510
002840,미원상사,98000,98100,100,0.1,6271,614549100
268280,미원에스씨,95600,95400,-200,-0.21,515,49242000
107590,미원홀딩스,55400,55100,-300,-0.54,969,53591600
134380,미원화학,56800,56000,-800,-1.41,744,41810100
003650,미창석유,60500,60500,0,0.0,45,2722000
155900,바다로19호,2540,2545,5,0.2,2303,5846760
003610,방림,1940,1950,10,0.52,46954,91130460
001340,백광산업,3565,3520,-45,-1.26,1319941,4584022973
035150,백산,4515,4520,5,0.11,54303,245857125
002410,범양건영,6070,6010,-60,-0.99,337734,2023651920
096300,베트남개발1,281,282,1,0.36,125961,35213859
007210,벽산,1960,1975,15,0.77,270315,531703640
002760,보락,2505,2460,-45,-1.8,2543529,6313791795
003850,보령제약,15900,16000,100,0.63,1646949,27540021650
000890,보해양조,909,898,-11,-1.21,3117062,2802716347
003000,부광약품,29200,29100,-100,-0.34,679378,19877447950
001270,부국증권,20500,20550,50,0.24,864,17824350
001275,부국증권우,19400,19400,0,0.0,1582,30630000
026940,부국철강,5030,5030,0,0.0,232389,1169415600
015350,부산가스,51200,51200,0,0.0,1228,63280900
011390,부산산업,117000,117000,0,0.0,5864,690638000
005030,부산주공,720,726,6,0.83,12751936,9370346221
002070,비비안,3705,3615,-90,-2.43,1394202,5099641040
100220,비상교육,6680,6690,10,0.15,21806,146254140
030790,비케이탑스,5260,5670,410,7.79,638665,3598568780
101140,비티원,3625,3610,-15,-0.41,282620,1013393575
005180,빙그레,58200,58000,-200,-0.34,22971,1337830600
003960,사조대림,14150,14100,-50,-0.35,18924,266512850
008040,사조동아원,877,908,31,3.53,648314,582772597
007160,사조산업,30150,30600,450,1.49,15993,487972950
014710,사조씨푸드,4660,4580,-80,-1.72,332839,1537866550
006090,사조오양,8860,9030,170,1.92,177527,1599538850
005090,삼광글라스,38300,39200,900,2.35,77651,3081105200
001470,삼부토건,1995,2030,35,1.75,5127959,10577731545
006400,삼성SDI,439500,445000,5500,1.25,389076,173107189250
006405,삼성SDI우,252500,253500,1000,0.4,8256,2092950500
006660,삼성공조,6740,6730,-10,-0.15,7925,53215640
028260,삼성물산,105000,104500,-500,-0.48,435015,45616500500
02826K,삼성물산우B,96300,96300,0,0.0,4286,412053000
207940,삼성바이오로직스,721000,715000,-6000,-0.83,75344,54033045000
032830,삼성생명,61000,60700,-300,-0.49,423099,25715602200
018260,삼성에스디에스,177500,177000,-500,-0.28,167018,29733120000
028050,삼성엔지니어링,10800,10700,-100,-0.93,764228,8234191200
009150,삼성전기,143000,140500,-2500,-1.75,576475,81483001500
009155,삼성전기우,62700,62700,0,0.0,16573,1038880200
005930,삼성전자,59900,59700,-200,-0.33,24589924,1473634246833
005935,삼성전자우,51400,51700,300,0.58,2263004,116854512900
001360,삼성제약,3900,3900,0,0.0,556164,2187504820
010140,삼성중공업,5340,5330,-10,-0.19,2744079,14652080650
010145,삼성중공우,342000,370000,28000,8.19,9029,3423368000
016360,삼성증권,30850,31750,900,2.92,950067,30100392950
068290,삼성출판사,20950,20500,-450,-2.15,144456,2990505750
029780,삼성카드,28800,29100,300,1.04,218704,6355459500
000810,삼성화재,187500,186500,-1000,-0.53,119669,22320690000
000815,삼성화재우,142000,141000,-1000,-0.7,8473,1191052000
006110,삼아알미늄,8890,9040,150,1.69,810354,7356190800
145990,삼양사,55700,55200,-500,-0.9,27007,1492034900
145995,삼양사우,47000,47000,0,0.0,1244,57921250
003230,삼양식품,104000,104500,500,0.48,23376,2438176979
002170,삼양통상,63100,64000,900,1.43,8268,531886200
272550,삼양패키징,20300,20300,0,0.0,23119,468984900
000070,삼양홀딩스,63700,62700,-1000,-1.57,18841,1187794000
000075,삼양홀딩스우,47950,48150,200,0.42,305,14665800
002810,삼영무역,13750,13650,-100,-0.73,25912,352738700
005680,삼영전자,8090,8100,10,0.12,11463,92917770
003720,삼영화학,2115,2325,210,9.93,1744472,3993387970
023000,삼원강재,2440,2470,30,1.23,24739,60728805
004380,삼익THK,11100,11200,100,0.9,40594,449727600
002450,삼익악기,1395,1395,0,0.0,216572,302859060
004440,삼일씨엔에스,10250,11700,1450,14.15,181406,2011322100
000520,삼일제약,23600,24100,500,2.12,265832,6529235900
009770,삼정펄프,28300,28300,0,0.0,195,5499900
005500,삼진제약,29200,29200,0,0.0,88718,2615956350
004690,삼천리,79500,78200,-1300,-1.64,8228,645484800
010960,삼호개발,4030,4030,0,0.0,48764,196736660
004450,삼화왕관,39000,39000,0,0.0,97,3785550
009470,삼화전기,18500,18600,100,0.54,27231,507617000
011230,삼화전자,2990,3090,100,3.34,99156,303352220
001820,삼화콘덴서,56400,56400,0,0.0,71158,4023169400
000390,삼화페인트,4970,4960,-10,-0.2,8410,41760685
001290,상상인증권,1015,1025,10,0.99,70540,72103615
041650,상신브레이크,2570,2535,-35,-1.36,106882,271958390
075180,새론오토모티브,4000,3965,-35,-0.88,12944,51431565
007540,샘표,48800,49150,350,0.72,4039,197958750
248170,샘표식품,45100,45350,250,0.55,6082,275294250
007860,서연,7960,7810,-150,-1.88,183767,1444851590
200880,서연이화,4285,4285,0,0.0,89841,385976380
017390,서울가스,73300,73300,0,0.0,2861,209459500
004410,서울식품,155,155,0,0.0,2022570,313164352
004415,서울식품우,5160,5210,50,0.97,46358,243340570
021050,서원,3460,3415,-45,-1.3,741178,2532702750
008490,서흥,56500,56200,-300,-0.53,16264,918635000
007610,선도전기,2685,2705,20,0.74,54250,146041625
136490,선진,9630,9810,180,1.87,77672,757551050
002820,선창산업,4685,4630,-55,-1.17,52530,242389220
014910,성문전자,1920,1930,10,0.52,186477,356905795
014915,성문전자우,12550,12550,0,0.0,9666,121587500
003080,성보화학,4190,4195,5,0.12,7243,30426160
004980,성신양회,6990,7000,10,0.14,63696,445495950
004985,성신양회우,15150,16450,1300,8.58,431287,7301812150
011300,성안,368,369,1,0.27,82865,30247898
000180,성창기업지주,1650,1750,100,6.06,633424,1097488310
002420,세기상사,61600,61600,0,0.0,0,0
004360,세방,9670,9620,-50,-0.52,21609,207857980
004365,세방우,6000,6080,80,1.33,430,2602900
004490,세방전지,28650,28600,-50,-0.17,26545,762237600
001430,세아베스틸,10100,10100,0,0.0,207941,2123269650
306200,세아제강,85300,87000,1700,1.99,17736,1529704000
003030,세아제강지주,44650,45000,350,0.78,4709,212230050
019440,세아특수강,10900,10950,50,0.46,5514,60078650
058650,세아홀딩스,70800,70300,-500,-0.71,704,49601300
013000,세우글로벌,3500,3345,-155,-4.43,13369472,47437208370
091090,세원셀론텍,2840,2840,0,0.0,215971,617113020
021820,세원정공,8090,8090,0,0.0,0,0
067830,세이브존IC,3085,3225,140,4.54,669965,2140871995
033530,세종공업,9340,9650,310,3.32,836420,8007739540
075580,세진중공업,9230,9500,270,2.93,1257558,11641427040
027970,세하,1715,1720,5,0.29,361874,618985845
145210,세화아이엠씨,1010,991,-19,-1.88,398989,394387540
308170,센트랄모텍,22050,22150,100,0.45,34684,768927100
012600,센트럴인사이트,7000,7000,0,0.0,0,0
068270,셀트리온,260500,262000,1500,0.58,874989,232205539500
004430,송원산업,14550,15250,700,4.81,1270130,19051592450
017550,수산중공업,1750,1775,25,1.43,1267503,2255480430
053210,스카이라이프,9450,9510,60,0.63,71845,676892020
134790,시디즈,59100,59900,800,1.35,4136,248745000
016590,신대양제지,51900,52000,100,0.19,8744,454146000
029530,신도리코,21550,21650,100,0.46,9579,207653050
004970,신라교역,9580,9590,10,0.1,25340,243244820
011930,신성이엔지,2505,3255,750,29.94,192305967,562082733875
005390,신성통상,1695,1700,5,0.29,1153542,1965979170
004170,신세계,208000,208000,0,0.0,77446,16150691000
035510,신세계IC,143500,142500,-1000,-0.7,8214,1177410000
034300,신세계건설,21800,22350,550,2.52,16110,358600850
031430,신세계인터내셔날,146000,147000,1000,0.68,30762,4504449500
031440,신세계푸드,53500,53600,100,0.19,3309,176713700
006880,신송홀딩스,3575,3585,10,0.28,14836,52763175
005800,신영와코루,95500,95500,0,0.0,1195,112431100
001720,신영증권,46750,46400,-350,-0.75,5901,274985400
001725,신영증권우,46650,46600,-50,-0.11,67,3121800
009270,신원,1420,1420,0,0.0,238214,337424515
009275,신원우,45150,46300,1150,2.55,1244,57335250
002700,신일전자,1720,1760,40,2.33,1511245,2630695650
019170,신풍제약,135500,140000,4500,3.32,1333877,184954750000
019175,신풍제약우,167500,167500,0,0.0,30941,5177270000
002870,신풍제지,3055,2925,-130,-4.26,1941961,5710455460
293940,신한알파리츠,6790,6800,10,0.15,82797,561624530
055550,신한지주,28500,28350,-150,-0.53,2335648,66491680211
001770,신화실업,19800,19950,150,0.76,3616,71622800
004080,신흥,9210,9150,-60,-0.65,2645,24109570
102280,쌍방울,652,652,0,0.0,1309356,857684983
003410,쌍용양회,5660,5600,-60,-1.06,1016533,5691777850
003415,쌍용양회우,17900,23250,5350,29.89,175735,3862516850
003620,쌍용차,4060,4035,-25,-0.62,663768,2672322580
004770,써니전자,5100,4980,-120,-2.35,11056411,55917810815
015540,쎌마테라퓨틱스,8640,8150,-490,-5.67,834769,6922767110
004920,씨아이테크,906,900,-6,-0.66,64650,58301484
112610,씨에스윈드,117000,121000,4000,3.42,451457,53403672500
008700,아남전자,1890,1935,45,2.38,1658054,3162920695
002790,아모레G,48950,49150,200,0.41,89413,4401496550
00279K,아모레G3우전환,32800,32900,100,0.3,2815,92279800
002795,아모레G우,19600,19700,100,0.51,18346,359347550
090430,아모레퍼시픽,169000,169500,500,0.3,180811,30593118500
090435,아모레퍼시픽우,57600,58300,700,1.22,49683,2865995200
002030,아세아,77000,78100,1100,1.43,2756,213797000
183190,아세아시멘트,59600,59200,-400,-0.67,9404,550388500
002310,아세아제지,25300,25050,-250,-0.99,38441,965299150
267850,아시아나IDT,20800,20800,0,0.0,82129,1708820100
020560,아시아나항공,4280,4280,0,0.0,2870055,12315650055
122900,아이마켓코리아,8050,8070,20,0.25,60905,490890230
010780,아이에스동서,41950,41600,-350,-0.83,38431,1607183400
033660,아주캐피탈,12400,12350,-50,-0.4,22044,273620200
001780,알루코,4145,4090,-55,-1.33,1610326,6641395775
018250,애경산업,20900,20800,-100,-0.48,48349,1008342650
161000,애경유화,7290,7340,50,0.69,102174,747244270
011090,에넥스,1010,1020,10,0.99,317506,324482880
005850,에스엘,15700,15300,-400,-2.55,343529,5316103150
012750,에스원,86600,87100,500,0.58,84258,7333720484
023960,에쓰씨엔지니어링,1350,1365,15,1.11,95180,132911900
298690,에어부산,3845,3810,-35,-0.91,368915,1413614390
140910,에이리츠,7900,7830,-70,-0.89,48424,375914800
078520,에이블씨엔씨,7560,7550,-10,-0.13,40576,305910810
015260,에이엔피,165,165,0,0.0,0,0
007460,에이프로젠KIC,1870,1865,-5,-0.27,3939921,7528003600
003060,에이프로젠제약,1335,1340,5,0.37,4427666,6160742825
036570,엔씨소프트,768000,751000,-17000,-2.21,226092,170399201092
138250,엔에스쇼핑,13200,13000,-200,-1.52,98035,1281587950
085310,엔케이,1115,1110,-5,-0.45,1378773,1540212100
009810,엔케이물산,357,359,2,0.56,465362,166964963
900140,엘브이엠씨홀딩스,3980,4320,340,8.54,4860674,21174781200
014440,영보화학,3680,3720,40,1.09,43177,159585850
111770,영원무역,28700,28700,0,0.0,132094,3804218050
009970,영원무역홀딩스,36750,37300,550,1.5,3714,136971250
003520,영진약품,8600,8390,-210,-2.44,4405206,37754101850
000670,영풍,474500,475500,1000,0.21,2112,1006810000
006740,영풍제지,3465,3465,0,0.0,30599,105648105
012280,영화금속,1650,1675,25,1.52,2957739,4929382510
012160,영흥,1110,1145,35,3.15,562848,641063595
015360,예스코홀딩스,34900,34950,50,0.14,656,22922050
007310,오뚜기,575000,576000,1000,0.17,4904,2832999000
002630,오리엔트바이오,1620,1675,55,3.4,18396959,32672923465
271560,오리온,132000,130000,-2000,-1.52,223456,29068861750
001800,오리온홀딩스,12650,12650,0,0.0,118848,1506690600
070960,용평리조트,4045,4005,-40,-0.99,58854,237513210
316140,우리금융지주,8670,8660,-10,-0.12,1754142,15201308810
004720,우리들제약,15850,15500,-350,-2.21,1116731,17623052800
118000,우리들휴브레인,4480,4515,35,0.78,2176191,9862689610
010050,우리종금,514,513,-1,-0.19,331083,170198283
006980,우성사료,3130,3140,10,0.32,415968,1319134275
017370,우신시스템,3270,3315,45,1.38,270661,898119720
105840,우진,3850,4090,240,6.23,1416859,5705591285
010400,우진아이엔에스,7630,7700,70,0.92,14448,111940790
049800,우진플라임,3900,3900,0,0.0,15060,58638950
016880,웅진,1110,1105,-5,-0.45,75302,83248270
095720,웅진씽크빅,2635,2595,-40,-1.52,335125,877744585
005820,원림,17450,17550,100,0.57,369,6412300
010600,웰바이오텍,2275,2215,-60,-2.64,520585,1159618275
008600,윌비스,1225,1205,-20,-1.63,315920,382728140
033270,유나이티드제약,71600,71600,0,0.0,752453,54573521900
014830,유니드,45750,45700,-50,-0.11,24722,1124825450
000910,유니온,8150,8100,-50,-0.61,324585,2647062110
047400,유니온머티리얼,4210,4200,-10,-0.24,3371391,14369297385
011330,유니켐,1430,1430,0,0.0,468768,672021985
077500,유니퀘스트,11600,11450,-150,-1.29,548296,6334882100
002920,유성기업,2770,2695,-75,-2.71,591857,1613872805
000700,유수홀딩스,5350,5470,120,2.24,16983,92476190
003470,유안타증권,2810,2820,10,0.36,235006,658154280
003475,유안타증권우,2195,2225,30,1.37,51767,113064015
011690,유양디앤유,1220,1220,0,0.0,0,0
072130,유엔젤,4890,4670,-220,-4.5,1387888,6485723045
000220,유유제약,16350,16600,250,1.53,115517,1910358850
000225,유유제약1우,15100,15050,-50,-0.33,14324,215056050
000227,유유제약2우B,33000,33750,750,2.27,2696,89485950
001200,유진투자증권,3595,3610,15,0.42,316324,1141258575
000100,유한양행,64800,65700,900,1.39,365396,23972805900
000105,유한양행우,64700,65300,600,0.93,11123,723953000
003460,유화증권,2300,2265,-35,-1.52,9360,21431390
003465,유화증권우,2335,2345,10,0.43,1993,4683615
008730,율촌화학,15700,15450,-250,-1.59,88395,1373209750
008250,이건산업,7980,8020,40,0.5,161620,1280912820
025820,이구산업,1645,1630,-15,-0.91,228450,373091785
214320,이노션,55100,55400,300,0.54,95530,5286700100
088260,이리츠코크렙,5440,5470,30,0.55,54046,293198910
139480,이마트,146000,148500,2500,1.71,306359,45435926500
007660,이수페타시스,4700,4610,-90,-1.91,336717,1559448050
005950,이수화학,11550,11800,250,2.16,5215417,61131965050
015020,이스타코,629,634,5,0.79,95824,60560931
093230,이아이디,279,268,-11,-3.94,20750318,5602759952
074610,이엔플러스,4105,4060,-45,-1.1,417027,1694425550
102460,이연제약,22100,24550,2450,11.09,3708700,91123469350
084680,이월드,3275,3260,-15,-0.46,237102,779909595
350520,이지스레지던스리츠,4920,4995,75,1.52,252416,1249063785
334890,이지스밸류리츠,4590,4725,135,2.94,260239,1217140570
000760,이화산업,14500,14500,0,0.0,313,4537350
014990,인디에프,1745,1760,15,0.86,173107,304472770
006490,인스코비,2465,2450,-15,-0.61,843899,2081136080
023800,인지컨트롤스,12850,13250,400,3.11,9926970,134099685800
034590,인천도시가스,25650,25600,-50,-0.19,1685,43159300
129260,인터지스,2625,2705,80,3.05,228661,616145790
023810,인팩,5100,4935,-165,-3.24,33292,165893405
249420,일동제약,16450,16450,0,0.0,77837,1287191000
000230,일동홀딩스,9360,9450,90,0.96,14145,133260680
013360,일성건설,915,916,1,0.11,55727,50977551
003120,일성신약,81700,81800,100,0.12,2265,184949500
003200,일신방직,68800,69600,800,1.16,6640,458120900
007110,일신석재,2095,2120,25,1.19,761720,1608480380
007570,일양약품,80200,79100,-1100,-1.37,541972,43458590800
007575,일양약품우,99900,100500,600,0.6,7195,722449000
008500,일정실업,14200,13950,-250,-1.76,2420,33885300
081000,일진다이아,56100,56000,-100,-0.18,122238,6856585300
020760,일진디스플,3740,3720,-20,-0.53,104315,387853030
020150,일진머티리얼즈,44950,45400,450,1.0,301157,13668199000
103590,일진전기,2920,2920,0,0.0,101105,295453515
015860,일진홀딩스,5040,5030,-10,-0.2,145112,731928630
226320,잇츠한불,26400,27100,700,2.65,743346,20575767800
317400,자이에스앤디,8150,8230,80,0.98,91191,748576890
033240,자화전자,13850,14200,350,2.53,954774,13678557650
000950,전방,26800,27400,600,2.24,7692,210288750
348950,제이알글로벌리츠,5000,5020,20,0.4,337816,1689475950
194370,제이에스코퍼레이션,6960,7030,70,1.01,10034,70723610
025620,제이준코스메틱,2690,2675,-15,-0.56,114821,309094680
036420,제이콘텐트리,25000,25050,50,0.2,83400,2090679200
030000,제일기획,22000,22000,0,0.0,370091,8153316800
271980,제일약품,43350,43750,400,0.92,84314,3710788950
001560,제일연마,6830,6820,-10,-0.15,31003,213813750
002620,제일파마홀딩스,21750,21650,-100,-0.46,34276,737897950
006220,제주은행,3005,3005,0,0.0,22114,66465590
089590,제주항공,13200,13300,100,0.76,134338,1785208750
004910,조광페인트,5190,5160,-30,-0.58,3870,20014460
004700,조광피혁,49800,50100,300,0.6,1484,74084800
001550,조비,20550,20550,0,0.0,28443,585118800
000480,조선내화,73500,73900,400,0.54,15195,1139127100
120030,조선선재,99900,99600,-300,-0.3,3472,346813500
018470,조일알미늄,679,685,6,0.88,222514,152047442
002600,조흥,150000,152000,2000,1.33,112,17000000
185750,종근당,172000,171000,-1000,-0.58,84464,14633405000
063160,종근당바이오,46750,47150,400,0.86,216577,10451379700
001630,종근당홀딩스,105500,106000,500,0.47,10556,1120003000
044380,주연테크,1145,1185,40,3.49,789915,924432175
013890,지누스,82300,81100,-1200,-1.46,50495,4117712000
013870,지엠비코리아,8560,8310,-250,-2.92,834055,7030970850
071320,지역난방공사,35750,35950,200,0.56,8364,300401150
010580,지코,306,306,0,0.0,0,0
035000,지투알,5200,5190,-10,-0.19,40602,211655170
088790,진도,2670,2720,50,1.87,62272,167457050
003780,진양산업,4170,4100,-70,-1.68,355640,1457719045
010640,진양폴리,3305,3250,-55,-1.66,100409,327987545
100250,진양홀딩스,2780,2785,5,0.18,36695,101708220
051630,진양화학,4530,4570,40,0.88,291797,1303695160
272450,진에어,9210,9020,-190,-2.06,220293,1989540150
011000,진원생명과학,32150,32550,400,1.24,2871537,93627145200
002780,진흥기업,2280,2340,60,2.63,223685,523897265
002787,진흥기업2우B,13950,14050,100,0.72,8217,114588200
002785,진흥기업우B,8390,8250,-140,-1.67,52230,436252170
009310,참엔지니어링,1265,1255,-10,-0.79,104489,130329030
000650,천일고속,64400,65600,1200,1.86,3424,223828300
033250,체시스,2755,2760,5,0.18,327819,910441435
035720,카카오,380500,379000,-1500,-0.39,624658,238488110000
006380,카프로,2540,2555,15,0.59,89263,227488970
109070,컨버즈,4100,4100,0,0.0,0,0
001620,케이비아이동국실업,633,630,-3,-0.47,196001,122345296
029460,케이씨,24200,24300,100,0.41,73609,1779272050
344820,케이씨씨글라스,29650,30400,750,2.53,34214,1037854350
281820,케이씨텍,22650,22850,200,0.88,150609,3430021850
145270,케이탑리츠,780,773,-7,-0.9,136928,106198028
357120,코람코에너지리츠,4785,4830,45,0.94,186285,896179115
007815,코리아써우,5030,5030,0,0.0,507,2539740
007810,코리아써키트,14550,14350,-200,-1.37,192316,2778029700
00781K,코리아써키트2우B,6420,6400,-20,-0.31,3111,19815890
152330,코리아오토글라스,14050,14200,150,1.07,103536,1476219750
003690,코리안리,7720,7650,-70,-0.91,205210,1576197510
192820,코스맥스,116500,116000,-500,-0.43,86073,9997405500
044820,코스맥스비티아이,19200,19550,350,1.82,12153,233128550
005070,코스모신소재,14050,15100,1050,7.47,1017250,14960270600
005420,코스모화학,9760,9520,-240,-2.46,617673,5958920210
071950,코아스,1075,1095,20,1.86,453721,501650935
002020,코오롱,21950,22000,50,0.23,25707,562943550
003070,코오롱글로벌,20500,20300,-200,-0.98,208915,4236941200
003075,코오롱글로벌우,31800,32200,400,1.26,12095,381457100
144620,코오롱머티리얼,4075,4130,55,1.35,314667,1291506045
002025,코오롱우,15900,15950,50,0.31,2631,41796400
120110,코오롱인더,38550,38200,-350,-0.91,141370,5428345250
120115,코오롱인더우,20650,20600,-50,-0.24,11981,246274950
138490,코오롱플라스틱,4150,4315,165,3.98,165373,705206905
021240,코웨이,80200,80300,100,0.12,257782,20855879900
031820,콤텍시스템,1795,1750,-45,-2.51,8503232,14807614035
192400,쿠쿠홀딩스,99700,100500,800,0.8,6870,688354100
284740,쿠쿠홈시스,42250,41600,-650,-1.54,23507,981186450
015590,큐로,601,603,2,0.33,1115841,667868452
264900,크라운제과,8410,8600,190,2.26,62776,541092300
26490K,크라운제과우,9900,10150,250,2.53,28023,284045950
005740,크라운해태홀딩스,9120,9470,350,3.84,96493,906153210
005745,크라운해태홀딩스우,13150,13550,400,3.04,12351,165284400
020120,키다리스튜디오,9030,8900,-130,-1.44,112248,1004310260
039490,키움증권,99200,100000,800,0.81,113670,11397786500
012170,키위미디어그룹,600,600,0,0.0,0,0
014580,태경비케이,3490,3575,85,2.44,185182,660836425
015890,태경산업,5080,5120,40,0.79,55701,283696070
006890,태경케미컬,8620,8960,340,3.94,1022568,9291020430
003240,태광산업,656000,651000,-5000,-0.76,1132,738321000
011280,태림포장,4490,4445,-45,-1.0,878399,3938187945
004100,태양금속,1030,1035,5,0.49,149285,154308595
004105,태양금속우,3450,3510,60,1.74,97623,339970270
009410,태영건설,10200,10000,-200,-1.96,461036,4644880900
009415,태영건설우,13700,13200,-500,-3.65,128266,1741946450
001420,태원물산,4400,4220,-180,-4.09,303913,1291261580
007980,태평양물산,1715,1695,-20,-1.17,143701,244593410
055490,테이팩스,30550,32800,2250,7.36,91185,2921532850
078000,텔코웨어,11900,12100,200,1.68,6796,81526700
214420,토니모리,9820,9900,80,0.81,63818,627831570
019180,티에이치엔,2460,2475,15,0.61,55403,136634640
363280,티와이홀딩스,24550,23900,-650,-2.65,411217,9804365600
36328K,티와이홀딩스우,33500,31750,-1750,-5.22,119881,3885620750
091810,티웨이항공,2505,2500,-5,-0.2,128810,323554160
004870,티웨이홀딩스,919,929,10,1.09,200921,188669970
005690,파미셀,19150,18900,-250,-1.31,1051914,20018422400
036580,팜스코,4790,5150,360,7.52,301412,1507250175
028670,팬오션,3910,3930,20,0.51,5425818,21405575045
010820,퍼스텍,2135,2140,5,0.23,490492,1049488095
016800,퍼시스,28650,28400,-250,-0.87,451,12845200
001020,페이퍼코리아,1700,1725,25,1.47,316639,548916420
090080,평화산업,1185,1185,0,0.0,187378,221193920
010770,평화홀딩스,3515,3535,20,0.57,34953,123485140
058430,포스코강판,16000,15700,-300,-1.88,110379,1746806900
047050,포스코인터내셔널,13650,13650,0,0.0,392451,5367579050
003670,포스코케미칼,84100,86000,1900,2.26,428371,36594980400
007630,폴루스바이오팜,1225,1225,0,0.0,0,0
017810,풀무원,17400,17300,-100,-0.57,62407,1082758050
103140,풍산,25200,25900,700,2.78,410628,10639402650
005810,풍산홀딩스,26350,26500,150,0.57,5906,156240850
033180,필룩스,3545,3555,10,0.28,4135189,14982272045
086790,하나금융지주,29650,29950,300,1.01,1559667,46617933700
293480,하나제약,24350,24400,50,0.21,115476,2855626900
039130,하나투어,39500,40300,800,2.03,229450,9246911600
172580,하이골드12호,2100,2100,0,0.0,19322,40402015
153360,하이골드3호,1330,1335,5,0.38,6129,8157620
071090,하이스틸,16200,16150,-50,-0.31,1024,16535550
019490,하이트론,2565,2495,-70,-2.73,50022,125984565
000080,하이트진로,37550,37700,150,0.4,381025,14420556550
000087,하이트진로2우B,21650,21700,50,0.23,1734,37505250
000140,하이트진로홀딩스,17150,17250,100,0.58,20921,361209050
000145,하이트진로홀딩스우,16300,16150,-150,-0.92,388,6229000
152550,한국ANKOR유전,1660,1670,10,0.6,5557,9207740
036460,한국가스공사,25550,25600,50,0.2,224394,5756397150
005430,한국공항,31000,30750,-250,-0.81,2956,91035200
071050,한국금융지주,72200,72100,-100,-0.14,389003,28027034600
071055,한국금융지주우,62700,62300,-400,-0.64,35833,2239862600
010040,한국내화,3340,3350,10,0.3,124710,418332155
025540,한국단자,47000,48250,1250,2.66,60689,2888102700
004090,한국석유,96200,96300,100,0.1,2716,263228000
002200,한국수출포장,18200,18200,0,0.0,2669,48510850
002960,한국쉘석유,240000,239500,-500,-0.21,1844,441513500
123890,한국자산신탁,3660,3670,10,0.27,307096,1126771775
015760,한국전력,20750,21100,350,1.69,5265125,111369444100
006200,한국전자홀딩스,716,720,4,0.56,1256879,930198147
009540,한국조선해양,84100,83000,-1100,-1.31,222287,18553091000
023350,한국종합기술,4135,4150,15,0.36,26658,111376125
025890,한국주강,1650,1605,-45,-2.73,311976,530994210
000970,한국주철관,8400,8400,0,0.0,71609,600988480
104700,한국철강,4655,4750,95,2.04,152653,722561975
017960,한국카본,10100,10350,250,2.48,2129951,22125857400
161890,한국콜마,46900,46650,-250,-0.53,100361,4698206050
024720,한국콜마홀딩스,27650,27650,0,0.0,52563,1449161550
161390,한국타이어앤테크놀로지,32650,32900,250,0.77,398648,13068029300
000240,한국테크놀로지그룹,17450,17150,-300,-1.72,724334,12582625400
034830,한국토지신탁,1780,1790,10,0.56,456747,816319315
007280,한국특수형강,1905,1965,60,3.15,575894,1129525410
168490,한국패러랠,1920,1925,5,0.26,27088,52009995
010100,한국프랜지,2090,2075,-15,-0.72,108194,224628970
047810,한국항공우주,23000,23000,0,0.0,270274,6224665500
123690,한국화장품,12950,12950,0,0.0,156533,2055406050
003350,한국화장품제조,39000,39400,400,1.03,41655,1651057550
011500,한농화성,7380,9590,2210,29.95,10540312,94790999120
002390,한독,33600,33550,-50,-0.15,49218,1657709550
014790,한라,3315,3340,25,0.75,41275,136985890
060980,한라홀딩스,32750,32650,-100,-0.31,52301,1712291600
053690,한미글로벌,8470,8790,320,3.78,344653,3014487700
042700,한미반도체,10550,10500,-50,-0.47,265463,2781309950
008930,한미사이언스,58600,58300,-300,-0.51,155727,9113134000
128940,한미약품,288000,287500,-500,-0.17,61125,17710157000
009240,한샘,112000,116000,4000,3.57,194686,22489914000
020000,한섬,29650,29300,-350,-1.18,112718,3312137125
003680,한성기업,13500,14800,1300,9.63,1308748,18887213750
105630,한세실업,19100,18700,-400,-2.09,506185,9442203250
069640,한세엠케이,2960,2995,35,1.18,13546,40259070
016450,한세예스24홀딩스,6000,6010,10,0.17,103808,620653260
010420,한솔PNS,1525,1530,5,0.33,304258,473305790
009180,한솔로지스틱스,2055,2065,10,0.49,459066,946761560
213500,한솔제지,14400,14450,50,0.35,122745,1770753400
014680,한솔케미칼,153000,154000,1000,0.65,63091,9703640500
004710,한솔테크닉스,9480,9780,300,3.16,2140820,21006817300
004150,한솔홀딩스,3405,3425,20,0.59,57377,194204000
025750,한솔홈데코,1555,1635,80,5.14,17979473,29176316945
004960,한신공영,13400,13600,200,1.49,32737,442394350
011700,한신기계,1685,1670,-15,-0.89,402370,674197295
001750,한양증권,8580,8670,90,1.05,42898,371898450
001755,한양증권우,15200,15850,650,4.28,4426,68733050
018880,한온시스템,12950,12700,-250,-1.93,1432820,18205759600
009420,한올바이오파마,34550,34000,-550,-1.59,323044,11121945150
014130,한익스프레스,5440,5490,50,0.92,1393289,8021544720
300720,한일시멘트,83600,83200,-400,-0.48,2737,227586900
002220,한일철강,1705,1695,-10,-0.59,31856,53953215
006390,한일현대시멘트,26350,26650,300,1.14,18464,493359400
003300,한일홀딩스,43950,44050,100,0.23,922,40823350
051600,한전KPS,27150,27200,50,0.18,194460,5289717450
052690,한전기술,17000,16800,-200,-1.18,87175,1467437900
130660,한전산업,3565,3630,65,1.82,164684,598444075
002320,한진,42000,42300,300,0.71,54049,2274112300
097230,한진중공업,8730,8570,-160,-1.83,126041,1086345120
003480,한진중공업홀딩스,4300,4300,0,0.0,52544,224174550
180640,한진칼,68300,72600,4300,6.3,339718,24344627500
18064K,한진칼우,49100,50000,900,1.83,19868,998441050
005110,한창,1160,1165,5,0.43,3988375,4658163625
009460,한창제지,2320,2250,-70,-3.02,2086041,4759243720
000880,한화,26050,26550,500,1.92,728689,19318211400
00088K,한화3우B,13250,13300,50,0.38,47631,633346850
088350,한화생명,1570,1560,-10,-0.64,2452213,3831804360
000370,한화손해보험,2880,2880,0,0.0,205734,592748100
009830,한화솔루션,44600,48850,4250,9.53,13729142,653624915500
009835,한화솔루션우,74300,83600,9300,12.52,1124716,94134418800
272210,한화시스템,11500,11500,0,0.0,404037,4649258050
012450,한화에어로스페이스,26850,26500,-350,-1.3,218525,5825150150
000885,한화우,55700,55200,-500,-0.9,7908,437329800
003530,한화투자증권,1750,1765,15,0.86,311528,546820855
003535,한화투자증권우,4600,4725,125,2.72,122056,567548485
195870,해성디에스,20150,20250,100,0.5,146657,2954489250
101530,해태제과식품,8640,8830,190,2.2,57540,502045950
143210,핸즈코퍼레이션,7420,7340,-80,-1.08,23500,172422720
000720,현대건설,30600,30700,100,0.33,391370,12013105200
267270,현대건설기계,28500,28800,300,1.05,235605,6828545450
000725,현대건설우,185500,182500,-3000,-1.62,1657,302637500
005440,현대그린푸드,7540,7550,10,0.13,317646,2400722200
086280,현대글로비스,148500,152500,4000,2.69,299365,45683738000
064350,현대로템,15800,15800,0,0.0,957382,15229828400
079430,현대리바트,16350,17200,850,5.2,924039,15917538800
012330,현대모비스,235000,229000,-6000,-2.55,499234,114913585500
010620,현대미포조선,29700,29600,-100,-0.34,127423,3783624250
069960,현대백화점,57000,57100,100,0.18,188553,10847660800
004560,현대비앤지스틸,7660,7660,0,0.0,34246,261299360
004565,현대비앤지스틸우,71400,71400,0,0.0,574,40989800
011760,현대상사,14250,14300,50,0.35,51818,738134950
004310,현대약품,6580,6620,40,0.61,20114497,145461063170
322000,현대에너지솔루션,36650,38850,2200,6.0,1301151,50400868000
126560,현대에이치씨엔,3480,3550,70,2.01,321138,1133513955
017800,현대엘리베이,40300,40100,-200,-0.5,264176,10620763500
307950,현대오토에버,67700,68500,800,1.18,188890,13043446100
011210,현대위아,43000,42800,-200,-0.47,364618,15849304450
267260,현대일렉트릭,15450,15900,450,2.91,549210,8693993700
004020,현대제철,26300,26650,350,1.33,965832,25758395900
267250,현대중공업지주,222000,222000,0,0.0,31248,6957619500
005380,현대차,183000,180500,-2500,-1.37,1750474,318075080000
005387,현대차2우B,89800,89800,0,0.0,74268,6629065121
005389,현대차3우B,81600,81000,-600,-0.74,17361,1405441500
005385,현대차우,85700,85800,100,0.12,60220,5148619900
001500,현대차증권,10250,10350,100,0.98,89593,921683250
227840,현대코퍼레이션홀딩스,10650,10750,100,0.94,42447,454129700
001450,현대해상,24050,23900,-150,-0.62,278631,6674713600
057050,현대홈쇼핑,70900,70900,0,0.0,49833,3535427000
093240,형지엘리트,2035,2170,135,6.63,1620991,3491447030
003010,혜인,5250,5280,30,0.57,189710,998087970
111110,호전실업,8210,8190,-20,-0.24,17022,138966210
008770,호텔신라,74900,75100,200,0.27,314688,23635569300
008775,호텔신라우,62900,63000,100,0.16,10165,638949600
002460,화성산업,12000,12000,0,0.0,26396,315967950
013520,화승알앤에이,2175,2150,-25,-1.15,330573,711682145
241590,화승엔터프라이즈,13600,13750,150,1.1,205403,2822730950
006060,화승인더,8210,8090,-120,-1.46,431049,3508517070
010690,화신,2960,2955,-5,-0.17,227614,675338595
133820,화인베스틸,2580,2775,195,7.56,13627920,39300097655
010660,화천기계,2985,3020,35,1.17,148383,446094500
000850,화천기공,30900,31000,100,0.32,1484,45899250
016580,환인제약,15300,15450,150,0.98,96811,1493066000
032560,황금에스티,7060,7200,140,1.98,225389,1611789870
004800,효성,76100,75300,-800,-1.05,75037,5654289600
094280,효성ITX,25950,25900,-50,-0.19,19401,496606400
298040,효성중공업,64300,65500,1200,1.87,185509,12069737400
298050,효성첨단소재,144500,145500,1000,0.69,36874,5327399500
298020,효성티앤씨,134000,135500,1500,1.12,32215,4336207000
298000,효성화학,141500,141500,0,0.0,35625,5077508500
093370,후성,10150,10250,100,0.99,1823652,18478736450
081660,휠라홀딩스,37850,37550,-300,-0.79,231221,8688272550
005870,휴니드,6120,6110,-10,-0.16,131482,802239840
079980,휴비스,8030,8030,0,0.0,196206,1574617120
005010,휴스틸,6920,6940,20,0.29,14494,101503480
069260,휴켐스,23000,23500,500,2.17,407113,9487385150
000540,흥국화재,2790,2855,65,2.33,188954,541080710
000547,흥국화재2우B,24050,24000,-50,-0.21,2325,56078800
000545,흥국화재우,11350,11200,-150,-1.32,333964,3866004250
003280,흥아해운,258,258,0,0.0,0,0
