티커,종목명,시가,종가,변동폭,등락률,거래량,거래대금
095570,AJ네트웍스,4600,4565,-35,-0.76,193368,883739700
006840,AK홀딩스,21850,21650,-200,-0.92,78054,1674533700
027410,BGF,4735,4495,-240,-5.07,427565,1943538895
282330,BGF리테일,131000,129500,-1500,-1.15,19937,2582979000
138930,BNK금융지주,5990,5850,-140,-2.34,4428988,25936602750
001460,BYC,278500,276500,-2000,-0.72,724,200137000
001465,BYC우,136500,136500,0,0.0,84,11411500
001040,CJ,81300,80400,-900,-1.11,67794,5455455500
079160,CJCGV,23150,22650,-500,-2.16,493724,11200463700
00104K,CJ4우전환,61600,61100,-500,-0.81,11570,703555000
000120,CJ대한통운,163500,166000,2500,1.53,59500,9776581000
011150,CJ씨푸드,5050,5300,250,4.95,10111849,54091694700
011155,CJ씨푸드1우,45000,45950,950,2.11,5465,250723250
001045,CJ우,50000,50100,100,0.2,11746,587847850
097950,CJ제일제당,366500,366500,0,0.0,39762,14593047500
097955,CJ제일제당우,161000,162000,1000,0.62,6479,1045831000
000590,CS홀딩스,56000,56400,400,0.71,2649,148854800
012030,DB,709,713,4,0.56,485781,346381303
016610,DB금융투자,4770,4770,0,0.0,88117,419333330
005830,DB손해보험,46300,45500,-800,-1.73,220116,10021112550
000990,DB하이텍,36600,37300,700,1.91,1029551,37826571200
000995,DB하이텍1우,123500,121500,-2000,-1.62,2727,333139000
139130,DGB금융지주,7390,7480,90,1.22,705737,5273958190
001530,DI동일,85200,85700,500,0.59,5023,430092700
004840,DRB동일,6840,6750,-90,-1.32,39394,266162420
155660,DSR,5760,5660,-100,-1.74,102348,584097630
069730,DSR제강,4715,4640,-75,-1.59,55692,259001665
017940,E1,46100,46050,-50,-0.11,21531,989903950
007700,FF,87600,86600,-1000,-1.14,55918,4855941400
114090,GKL,15650,15150,-500,-3.19,450491,6867966300
078930,GS,37800,37650,-150,-0.4,249910,9351818250
006360,GS건설,32250,32600,350,1.09,405391,13047352800
001250,GS글로벌,1970,1940,-30,-1.52,523973,1014786885
007070,GS리테일,34050,33700,-350,-1.03,323080,10905476000
078935,GS우,31350,31600,250,0.8,13088,412214400
012630,HDC,10700,10500,-200,-1.87,341966,3598869000
039570,HDC아이콘트롤스,9500,9600,100,1.05,33631,321033690
089470,HDC현대EP,6380,6240,-140,-2.19,200343,1251731430
294870,HDC현대산업개발,20900,20400,-500,-2.39,1303512,26677128800
011200,HMM,12800,12900,100,0.78,3852726,49422679900
082740,HSD엔진,6920,6950,30,0.43,1419841,9785169470
003560,IHQ,1585,1570,-15,-0.95,753133,1192499800
175330,JB금융지주,5800,5770,-30,-0.52,427602,2451941950
234080,JW생명과학,19000,18950,-50,-0.26,93413,1770041000
001060,JW중외제약,32800,32900,100,0.3,87303,2872877550
001067,JW중외제약2우B,59100,59100,0,0.0,956,55296800
001065,JW중외제약우,45050,44250,-800,-1.78,1060,46946750
096760,JW홀딩스,6020,5980,-40,-0.66,282041,1695213620
105560,KB금융,48300,48450,150,0.31,1974752,94365682450
002380,KCC,168500,168500,0,0.0,34361,5784259000
009070,KCTC,3685,3785,100,2.71,1395593,5316837210
009440,KC그린홀딩스,4960,4900,-60,-1.21,107934,531142355
119650,KC코트렐,10350,10600,250,2.42,603437,6333746200
092220,KEC,2725,2745,20,0.73,46974396,125967876500
016380,KG동부제철,8850,8740,-110,-1.24,141359,1233252820
016385,KG동부제철우,130000,127000,-3000,-2.31,1158,146599500
001390,KG케미칼,19300,19250,-50,-0.26,78308,1513359350
001940,KISCO홀딩스,13950,14100,150,1.08,41925,584271700
025000,KPX케미칼,52800,51800,-1000,-1.89,16330,848975200
092230,KPX홀딩스,60200,60500,300,0.5,32718,1971353600
000040,KR모터스,1175,1250,75,6.38,5833336,7047993140
044450,KSS해운,10150,10100,-50,-0.49,306800,3086962010
030200,KT,23950,24100,150,0.63,975473,23448535550
033780,KTG,86000,84800,-1200,-1.4,535622,45545945200
030210,KTB투자증권,3210,3210,0,0.0,332257,1058179130
058850,KTcs,2210,2225,15,0.68,662259,1485225940
058860,KTis,2540,2530,-10,-0.39,103239,260201495
093050,LF,15550,14900,-650,-4.18,276751,4154061400
003550,LG,78200,77200,-1000,-1.28,333781,25786438700
034220,LG디스플레이,15800,15650,-150,-0.95,2801390,44348703350
001120,LG상사,20400,19750,-650,-3.19,350763,6968716950
051900,LG생활건강,1548000,1537000,-11000,-0.71,25153,38788917000
051905,LG생활건강우,702000,698000,-4000,-0.57,5269,3690429000
003555,LG우,56100,56100,0,0.0,16003,893413500
032640,LG유플러스,11400,11950,550,4.82,6672655,78515243350
011070,LG이노텍,159000,160000,1000,0.63,94007,14930278500
066570,LG전자,87500,87000,-500,-0.57,741023,64468576600
066575,LG전자우,33400,33250,-150,-0.45,76468,2539920350
108670,LG하우시스,71600,76100,4500,6.28,266654,20256166500
108675,LG하우시스우,28900,30200,1300,4.5,75454,2341195250
037560,LG헬로비전,3870,3915,45,1.16,201983,789378670
051910,LG화학,788000,816000,28000,3.55,556575,445933978000
051915,LG화학우,369000,374500,5500,1.49,54791,20397492500
079550,LIG넥스원,29800,29950,150,0.5,39030,1167122750
006260,LS,61000,61300,300,0.49,168906,10289722800
010120,LSELECTRIC,57400,56100,-1300,-2.26,136065,7649095100
000680,LS네트웍스,2230,2260,30,1.35,49101,110688570
229640,LS전선아시아,7860,7750,-110,-1.4,231269,1793949940
023150,MH에탄올,8700,9170,470,5.4,2551411,23989071890
035420,NAVER,278500,285500,7000,2.51,797094,226073273500
181710,NHN,73900,73200,-700,-0.95,90390,6584888900
005940,NH투자증권,11250,11350,100,0.89,854381,9591551900
005945,NH투자증권우,9000,8990,-10,-0.11,97255,874782360
338100,NH프라임리츠,4495,4490,-5,-0.11,138441,621085865
034310,NICE,19200,19100,-100,-0.52,38606,736134700
008260,NI스틸,2390,2390,0,0.0,143034,341863545
004250,NPC,3105,3100,-5,-0.16,22355,69240395
004255,NPC우,2270,2280,10,0.44,2342,5290305
010060,OCI,69000,68600,-400,-0.58,275825,18943721900
005490,POSCO,245000,242500,-2500,-1.02,247564,60269505000
100840,STC,15400,15200,-200,-1.3,42702,650697350
064960,ST모티브,51700,51200,-500,-0.97,60151,3070223600
003570,ST중공업,5660,5600,-60,-1.06,249883,1364983400
036530,ST홀딩스,14500,14500,0,0.0,12160,176040750
010950,S-Oil,71200,71400,200,0.28,545195,38739118900
010955,S-Oil우,37550,37550,0,0.0,23695,888947750
034120,SBS,18600,18950,350,1.88,211376,4000765350
101060,SBS미디어홀딩스,1770,1770,0,0.0,39116,69277440
005090,SGC에너지,33100,33500,400,1.21,57297,1910834200
004060,SG세계물산,607,610,3,0.49,879598,538695647
001380,SG충방,2145,2205,60,2.8,808898,1768056005
002360,SH에너지화학,843,841,-2,-0.24,1417450,1192744749
009160,SIMPAC,2425,2425,0,0.0,29362,70933050
123700,SJM,3040,3030,-10,-0.33,25000,75985985
025530,SJM홀딩스,2795,2790,-5,-0.18,7010,19600090
034730,SK,223000,220000,-3000,-1.35,308615,67812813000
011790,SKC,82500,82400,-100,-0.12,182072,14951497300
018670,SK가스,108500,107500,-1000,-0.92,19510,2089641000
001740,SK네트웍스,4895,4820,-75,-1.53,476303,2304932480
001745,SK네트웍스우,118000,116500,-1500,-1.27,300,34919000
006120,SK디스커버리,67800,66900,-900,-1.33,158902,10697683100
006125,SK디스커버리우,58700,58600,-100,-0.17,58922,3494731600
210980,SK디앤디,45400,45600,200,0.44,82106,3722720600
068400,SK렌터카,9430,9240,-190,-2.01,96762,895789440
326030,SK바이오팜,174500,179500,5000,2.87,440231,78171023000
03473K,SK우,221500,221500,0,0.0,6895,1525097000
096770,SK이노베이션,163500,175000,11500,7.03,1984163,336072590500
096775,SK이노베이션우,130500,138000,7500,5.75,63832,8607956000
001510,SK증권,845,825,-20,-2.37,21089741,17447715173
001515,SK증권우,7260,6250,-1010,-13.91,3590435,24121012440
285130,SK케미칼,416000,416000,0,0.0,469937,197893301000
28513K,SK케미칼우,189000,187500,-1500,-0.79,71912,13608972500
017670,SK텔레콤,229000,232000,3000,1.31,275407,63932858500
000660,SK하이닉스,97200,99400,2200,2.26,2933290,288277274800
005610,SPC삼립,73400,72200,-1200,-1.63,23087,1668322600
011810,STX,6530,6420,-110,-1.68,47546,305817110
077970,STX엔진,7230,7350,120,1.66,72994,533408810
071970,STX중공업,4500,4400,-100,-2.22,589903,2626621820
084870,TBH글로벌,1875,1875,0,0.0,53033,99106010
002710,TCC스틸,3635,3620,-15,-0.41,269197,967253935
024070,WISCOM,2435,2420,-15,-0.62,48260,117168400
037270,YGPLUS,5490,5390,-100,-1.82,1201693,6502641140
000500,가온전선,22500,22300,-200,-0.89,26813,595721050
000860,강남제비스코,18650,18600,-50,-0.27,8540,158579400
035250,강원랜드,23900,23100,-800,-3.35,1111794,25919681150
011420,갤럭시아에스엠,1390,1375,-15,-1.08,224139,306491535
002100,경농,12450,12750,300,2.41,93900,1189003050
009450,경동나비엔,55700,54400,-1300,-2.33,92012,5041507000
267290,경동도시가스,18800,18750,-50,-0.27,19449,363424250
012320,경동인베스트,29300,29350,50,0.17,4451,130120050
000050,경방,11450,12000,550,4.8,81131,971399100
214390,경보제약,10900,11250,350,3.21,470329,5324692600
012610,경인양행,6970,6970,0,0.0,208403,1443877500
009140,경인전자,22550,22700,150,0.67,2119,47954200
013580,계룡건설,23600,24000,400,1.69,62986,1491087200
012200,계양전기,3460,3410,-50,-1.45,204976,699438285
012205,계양전기우,8790,8660,-130,-1.48,30536,262975530
002140,고려산업,4085,4070,-15,-0.37,616707,2568882680
010130,고려아연,392500,390000,-2500,-0.64,52958,20547905000
002240,고려제강,15050,14900,-150,-1.0,44310,660196450
009290,광동제약,9670,9910,240,2.48,349747,3431868730
017040,광명전기,2045,2040,-5,-0.24,166690,340828905
017900,광전자,2350,2320,-30,-1.28,494289,1154620430
037710,광주신세계,154000,150500,-3500,-2.27,8114,1222207500
030610,교보증권,8050,8130,80,0.99,129826,1047431750
339770,교촌에프앤비,22700,22700,0,0.0,603587,13837215900
007690,국도화학,44000,47050,3050,6.93,105002,4894505600
005320,국동,3760,3780,20,0.53,442098,1673502665
001140,국보,2010,1935,-75,-3.73,1750568,3426018475
002720,국제약품,10100,10250,150,1.49,342475,3488517400
083420,그린케미칼,5930,6030,100,1.69,326547,1933093240
014530,극동유화,3520,3475,-45,-1.28,1538470,5402071455
014280,금강공업,4325,4380,55,1.27,52390,227203580
014285,금강공업우,16200,15600,-600,-3.7,49868,780694250
008870,금비,59500,59500,0,0.0,901,53707100
001570,금양,5320,5320,0,0.0,94618,498979530
002990,금호산업,10150,10050,-100,-0.99,400778,3980474200
002995,금호산업우,41600,40150,-1450,-3.49,12664,509456600
011780,금호석유,141500,141000,-500,-0.35,284310,39747061000
011785,금호석유우,53600,53400,-200,-0.37,26424,1407078000
214330,금호에이치티,2775,2865,90,3.24,10293730,28800801705
001210,금호전기,3770,3670,-100,-2.65,81077,297692840
073240,금호타이어,3950,3880,-70,-1.77,535210,2069214745
092440,기신정기,3675,3670,-5,-0.14,29834,108842820
000270,기아차,59000,58400,-600,-1.02,1742667,101485904900
024110,기업은행,9680,9630,-50,-0.52,2118519,20318800340
013700,까뮤이앤씨,2100,2100,0,0.0,1140976,2417652685
004540,깨끗한나라,4435,4500,65,1.47,354752,1609826110
004545,깨끗한나라우,22600,23000,400,1.77,3759,86210200
001260,남광토건,10100,10200,100,0.99,24111,243863050
008350,남선알미늄,4260,4355,95,2.23,2058713,8928507335
008355,남선알미우,48100,48450,350,0.73,4264,209853500
004270,남성,4515,4410,-105,-2.33,1953913,8736402875
003920,남양유업,284000,281500,-2500,-0.88,1676,471610500
003925,남양유업우,140500,140500,0,0.0,159,22197000
025860,남해화학,8860,8530,-330,-3.72,524865,4539746760
005720,넥센,4235,4295,60,1.42,74046,316024030
005725,넥센우,3150,3200,50,1.59,4907,15525475
002350,넥센타이어,5740,5670,-70,-1.22,386149,2197377810
002355,넥센타이어1우B,2520,2545,25,0.99,15444,39694055
003580,넥스트사이언스,5280,5220,-60,-1.14,228186,1186717530
251270,넷마블,125500,126000,500,0.4,186701,23458522500
090350,노루페인트,7720,7630,-90,-1.17,119575,916252950
090355,노루페인트우,13650,13650,0,0.0,1604,21736900
000320,노루홀딩스,9610,9680,70,0.73,9453,91227760
000325,노루홀딩스우,17700,17950,250,1.41,656,11577100
006280,녹십자,349500,354000,4500,1.29,296992,105421614000
005250,녹십자홀딩스,36750,37100,350,0.95,1339687,49522997700
005257,녹십자홀딩스2우,169000,169500,500,0.3,6258,1064573000
004370,농심,288500,288500,0,0.0,29818,8605429000
072710,농심홀딩스,74200,74800,600,0.81,3979,295583800
058730,다스코,5530,5430,-100,-1.81,77754,422792780
023590,다우기술,21000,21950,950,4.52,542375,11787617350
019680,대교,3875,3835,-40,-1.03,159503,611873960
019685,대교우B,2540,2540,0,0.0,65815,167357215
006370,대구백화점,12100,11000,-1100,-9.09,205166,2235478900
008060,대덕,6540,6570,30,0.46,325138,2141706500
00806K,대덕1우,9720,9510,-210,-2.16,62557,601595230
353200,대덕전자,10600,10500,-100,-0.94,494348,5179009600
35320K,대덕전자1우,8290,8400,110,1.33,39027,325579330
000490,대동공업,6810,6790,-20,-0.29,107362,728156450
008110,대동전자,4390,4400,10,0.23,4266,18603325
005750,대림BCo,5990,5850,-140,-2.34,81683,477435130
001880,대림건설,26950,27300,350,1.3,112835,3095269350
000210,대림산업,84500,83800,-700,-0.83,298165,24959803800
000215,대림산업우,48000,47600,-400,-0.83,16958,803986350
006570,대림통상,4040,4030,-10,-0.25,396,1599785
001680,대상,24850,24950,100,0.4,155134,3858689050
001685,대상우,17600,17700,100,0.57,3136,55738100
084690,대상홀딩스,9990,9900,-90,-0.9,235110,2336959410
084695,대상홀딩스우,8250,8210,-40,-0.48,7100,58400750
128820,대성산업,3170,3170,0,0.0,69472,219589350
117580,대성에너지,5450,5470,20,0.37,12750,69572840
016710,대성홀딩스,24400,24450,50,0.2,132534,3255933500
003540,대신증권,13900,14050,150,1.08,117907,1648165050
003547,대신증권2우B,10600,10650,50,0.47,10703,113241750
003545,대신증권우,11100,11100,0,0.0,109832,1212280450
009190,대양금속,3535,3455,-80,-2.26,383863,1327777470
014160,대영포장,1190,1260,70,5.88,11899945,14858128690
047040,대우건설,3585,3535,-50,-1.39,2465476,8695395215
009320,대우부품,2860,2845,-15,-0.52,550504,1565627650
042660,대우조선해양,27250,27000,-250,-0.92,389997,10441921250
003090,대웅,24900,26100,1200,4.82,1096051,28423860500
069620,대웅제약,102500,104000,1500,1.46,187288,19593698500
000430,대원강업,4110,4015,-95,-2.31,1650885,6762032365
006340,대원전선,1015,1035,20,1.97,773793,794172695
006345,대원전선우,3695,3435,-260,-7.04,140841,498188890
003220,대원제약,18750,18750,0,0.0,75060,1407780150
024890,대원화성,1590,1580,-10,-0.63,272581,429259285
002880,대유에이텍,864,899,35,4.05,740924,655830547
000300,대유플러스,830,840,10,1.2,2183678,1809717708
012800,대창,1240,1245,5,0.4,816693,1015462720
015230,대창단조,35950,35950,0,0.0,0,0
001070,대한방직,36200,36150,-50,-0.14,3307,119446950
006650,대한유화,240000,247000,7000,2.92,69494,16960455000
001440,대한전선,1240,1315,75,6.05,13753899,17851621435
084010,대한제강,9250,9210,-40,-0.43,181247,1665208120
001790,대한제당,20550,20750,200,0.97,14345,295504150
001795,대한제당우,14400,14450,50,0.35,2893,41529450
001130,대한제분,149000,149000,0,0.0,5644,842821000
003490,대한항공,25500,25300,-200,-0.78,2180385,54661317850
003495,대한항공우,44650,43150,-1500,-3.36,121695,5222942350
005880,대한해운,3085,3130,45,1.46,11415708,35682820500
003830,대한화섬,108000,107000,-1000,-0.93,848,91352500
016090,대현,1855,1850,-5,-0.27,102407,189927840
069460,대호에이엘,2605,2545,-60,-2.3,2055995,5161556615
192080,더블유게임즈,59100,58900,-200,-0.34,96724,5714419900
012510,더존비즈온,100500,101500,1000,1.0,84091,8471932500
004830,덕성,9040,9200,160,1.77,1573247,14437314700
004835,덕성우,20800,20150,-650,-3.13,794953,16468913800
024900,덕양산업,1730,1740,10,0.58,103613,179146510
145720,덴티움,42700,41600,-1100,-2.58,70859,2984791850
002150,도화엔지니어링,7890,7870,-20,-0.25,143835,1135365230
001230,동국제강,7890,7680,-210,-2.66,1623628,12423287520
023450,동남합성,38950,39000,50,0.13,2088,81500000
004140,동방,2150,2225,75,3.49,3958139,8737062290
007590,동방아그로,6400,6400,0,0.0,5147,32870670
005960,동부건설,12350,12300,-50,-0.4,63206,777664550
005965,동부건설우,25650,25550,-100,-0.39,1540,39696200
026960,동서,28850,28750,-100,-0.35,106041,3045936200
002210,동성제약,11300,11400,100,0.88,79502,897803150
102260,동성코퍼레이션,4530,4425,-105,-2.32,226181,1007020510
005190,동성화학,15850,15750,-100,-0.63,42547,665394200
000640,동아쏘시오홀딩스,129000,126000,-3000,-2.33,64583,8105194000
170900,동아에스티,87600,85900,-1700,-1.94,64233,5515334400
028100,동아지질,15800,15750,-50,-0.32,48248,761164250
282690,동아타이어,9900,9750,-150,-1.52,6682,65499390
001520,동양,1215,1210,-5,-0.41,460891,558077665
001527,동양2우B,13450,13450,0,0.0,113,1512550
001529,동양3우B,30000,30850,850,2.83,20427,686558900
084670,동양고속,26100,26150,50,0.19,5718,149154350
002900,동양물산,1690,1640,-50,-2.96,3208921,5354819210
082640,동양생명,3620,3555,-65,-1.8,205246,731175745
001525,동양우,7880,7790,-90,-1.14,6477,50506060
008970,동양철관,1180,1165,-15,-1.27,1399453,1628771940
092780,동양피스톤,5930,5790,-140,-2.36,215318,1239353420
049770,동원FB,174000,174500,500,0.29,7721,1350753000
018500,동원금속,697,699,2,0.29,105019,73313263
006040,동원산업,210000,210500,500,0.24,6207,1307632000
030720,동원수산,8970,9140,170,1.9,149066,1357920840
014820,동원시스템즈,30900,30550,-350,-1.13,69549,2134703200
014825,동원시스템즈우,31450,30700,-750,-2.38,1447,44541850
163560,동일고무벨트,9790,9750,-40,-0.41,67390,658820350
004890,동일산업,68500,68700,200,0.29,1868,127455800
002690,동일제강,2380,2380,0,0.0,40292,95135625
000020,동화약품,19850,19750,-100,-0.5,1114933,22012493450
000150,두산,53200,53600,400,0.75,87656,4702920700
000157,두산2우B,81000,79400,-1600,-1.98,1570,125273900
241560,두산밥캣,31150,31400,250,0.8,308770,9647754850
336370,두산솔루스,44100,46300,2200,4.99,1040951,47542956900
33637K,두산솔루스1우,17100,18400,1300,7.6,182297,3288940350
33637L,두산솔루스2우B,34000,35200,1200,3.53,50864,1795801600
000155,두산우,42300,42350,50,0.12,12487,527900350
042670,두산인프라코어,8320,8200,-120,-1.44,4355345,36049348720
034020,두산중공업,15400,16050,650,4.22,7391253,116670033850
336260,두산퓨얼셀,47500,47050,-450,-0.95,1967250,94139213050
33626K,두산퓨얼셀1우,14150,14150,0,0.0,241474,3424462600
33626L,두산퓨얼셀2우B,20100,20100,0,0.0,20992,421813250
016740,두올,3480,3455,-25,-0.72,199153,685412345
192650,드림텍,12200,12650,450,3.69,2048009,26023682650
024090,디씨엠,11750,11800,50,0.43,3976,46740350
003160,디아이,4050,4005,-45,-1.11,170534,683077915
092200,디아이씨,1405,1405,0,0.0,46419,65178705
013570,디와이,4500,4560,60,1.33,65343,296376000
210540,디와이파워,11800,11900,100,0.85,220010,2609314450
007340,디티알오토모티브,24000,23650,-350,-1.46,28247,669168950
026890,디피씨,9810,9910,100,1.02,1134283,11301073190
115390,락앤락,10650,10500,-150,-1.41,149274,1568234200
032350,롯데관광개발,16950,17000,50,0.29,439113,7307727950
330590,롯데리츠,5570,5500,-70,-1.26,265816,1464166890
000400,롯데손해보험,1880,1865,-15,-0.8,465699,866120010
023530,롯데쇼핑,103500,103000,-500,-0.48,115483,11900983000
004000,롯데정밀화학,57100,56000,-1100,-1.93,129010,7237329700
286940,롯데정보통신,36100,36050,-50,-0.14,25051,898335750
280360,롯데제과,104000,103500,-500,-0.48,94159,9195498500
004990,롯데지주,35300,35250,-50,-0.14,263071,9251600200
00499K,롯데지주우,68800,68000,-800,-1.16,3743,255651700
005300,롯데칠성,97900,98600,700,0.72,41622,4071045200
005305,롯데칠성우,60300,60600,300,0.5,1636,98910800
011170,롯데케미칼,281000,289000,8000,2.85,466216,133937823500
002270,롯데푸드,331000,328000,-3000,-0.91,6328,2078664500
071840,롯데하이마트,31850,31750,-100,-0.31,55282,1752196550
027740,마니커,690,694,4,0.58,1147610,793795849
204320,만도,47350,47050,-300,-0.63,673171,31533192000
001080,만호제강,18150,17750,-400,-2.2,78019,1394109300
088980,맥쿼리인프라,10900,10850,-50,-0.46,562462,6122525500
094800,맵스리얼티1,4085,4090,5,0.12,96773,395460700
138040,메리츠금융지주,10000,9990,-10,-0.1,226870,2264634050
008560,메리츠증권,3800,3815,15,0.39,2013694,7610106170
000060,메리츠화재,15250,15000,-250,-1.64,363758,5469820250
090370,메타랩스,1205,1185,-20,-1.66,431167,515882315
017180,명문제약,6180,6420,240,3.88,6063999,39095473760
012690,모나리자,5310,5350,40,0.75,335686,1805009650
005360,모나미,6140,6090,-50,-0.81,431257,2621658560
204210,모두투어리츠,3115,3090,-25,-0.8,7605,23519630
009680,모토닉,11450,11450,0,0.0,57693,659092950
009580,무림PP,3310,3345,35,1.06,209547,699538925
009200,무림페이퍼,2350,2390,40,1.7,109259,262212645
033920,무학,6580,6600,20,0.3,279271,1893482920
008420,문배철강,2725,2730,5,0.18,200114,546518990
025560,미래산업,3300,3305,5,0.15,94546,310320015
007120,미래아이앤지,351,351,0,0.0,455997,159417120
006800,미래에셋대우,9940,10050,110,1.11,3155995,31308257060
00680K,미래에셋대우2우B,4725,4740,15,0.32,357152,1686480340
006805,미래에셋대우우,5420,5430,10,0.18,37844,204100210
357250,미래에셋맵스리츠,5010,5000,-10,-0.2,62012,310126715
085620,미래에셋생명,3900,3885,-15,-0.38,121757,474290650
002840,미원상사,104000,105000,1000,0.96,649,67853000
268280,미원에스씨,102500,103000,500,0.49,1018,104689000
107590,미원홀딩스,69000,67400,-1600,-2.32,4690,319856800
134380,미원화학,62200,61400,-800,-1.29,422,25964300
003650,미창석유,64000,63700,-300,-0.47,1558,99369400
155900,바다로19호,2520,2520,0,0.0,14515,36469465
003610,방림,1895,1895,0,0.0,69600,132090655
001340,백광산업,3295,3300,5,0.15,386268,1283017035
035150,백산,5520,5360,-160,-2.9,230695,1238723010
002410,범양건영,5030,5010,-20,-0.4,434055,2187595265
096300,베트남개발1,243,242,-1,-0.41,527527,127189606
007210,벽산,2115,2135,20,0.95,843628,1808500780
002760,보락,2520,2585,65,2.58,2000327,5163486580
003850,보령제약,20700,19600,-1100,-5.31,3842556,74854139300
000890,보해양조,987,959,-28,-2.84,4126211,3994448877
003000,부광약품,24250,24800,550,2.27,1199147,29869066200
001270,부국증권,23450,23400,-50,-0.21,3220,74748050
001275,부국증권우,20650,20600,-50,-0.24,2200,45168800
026940,부국철강,4645,4560,-85,-1.83,214344,981852795
015350,부산가스,51000,50800,-200,-0.39,37209,1900939000
011390,부산산업,119000,119500,500,0.42,5150,618510500
005030,부산주공,1010,997,-13,-1.29,1078600,1075845724
002070,비비안,3480,3480,0,0.0,272868,952235460
100220,비상교육,6700,6700,0,0.0,26972,180180870
030790,비케이탑스,18150,17600,-550,-3.03,1082055,19817887300
101140,비티원,7190,7110,-80,-1.11,1268466,9130542330
352820,빅히트,174000,176000,2000,1.15,343663,61396831500
005180,빙그레,56100,55800,-300,-0.53,10988,614312400
003960,사조대림,14850,15500,650,4.38,140583,2223948450
008040,사조동아원,936,930,-6,-0.64,597679,558598347
007160,사조산업,30650,31350,700,2.28,20947,657932700
014710,사조씨푸드,6290,6650,360,5.72,5477014,37380234850
006090,사조오양,9690,9930,240,2.48,192330,1910946150
001470,삼부토건,5400,5420,20,0.37,4927688,27107566650
006400,삼성SDI,538000,550000,12000,2.23,400227,218127960000
006405,삼성SDI우,280000,283000,3000,1.07,12612,3548033000
006660,삼성공조,6610,6630,20,0.3,5125,33891290
028260,삼성물산,123500,122500,-1000,-0.81,426509,52079601000
02826K,삼성물산우B,118000,118000,0,0.0,16876,1977043000
207940,삼성바이오로직스,803000,799000,-4000,-0.5,79921,63857972000
032830,삼성생명,73900,74100,200,0.27,565107,41532375900
018260,삼성에스디에스,176000,175500,-500,-0.28,123357,21490978500
028050,삼성엔지니어링,14050,14200,150,1.07,3820879,54559946650
009150,삼성전기,150000,153500,3500,2.33,476400,72042737500
009155,삼성전기우,67700,68300,600,0.89,35490,2417015200
005930,삼성전자,66600,68000,1400,2.1,19023323,1279790447375
005935,삼성전자우,60800,61900,1100,1.81,2301092,141172104100
001360,삼성제약,3740,3775,35,0.94,342710,1290642340
010140,삼성중공업,6920,6840,-80,-1.16,12755620,87265853170
010145,삼성중공우,479000,410000,-69000,-14.41,23893,10001754500
016360,삼성증권,39400,40100,700,1.78,538922,21392724750
068290,삼성출판사,25350,25300,-50,-0.2,196218,4985929700
029780,삼성카드,34100,34250,150,0.44,93804,3182914050
000810,삼성화재,203000,203000,0,0.0,191083,38720875500
000815,삼성화재우,155000,157000,2000,1.29,18504,2893903000
006110,삼아알미늄,8690,8970,280,3.22,167566,1470560180
145990,삼양사,53900,53900,0,0.0,13816,746521900
145995,삼양사우,45100,45600,500,1.11,708,32189650
003230,삼양식품,99300,105000,5700,5.74,256179,26556045000
002170,삼양통상,63100,62800,-300,-0.48,6759,421241300
272550,삼양패키징,20800,20950,150,0.72,16065,333216050
000070,삼양홀딩스,65000,65200,200,0.31,17840,1162063900
000075,삼양홀딩스우,48000,47900,-100,-0.21,202,9679950
002810,삼영무역,14050,13900,-150,-1.07,39095,545967900
005680,삼영전자,9230,9700,470,5.09,275541,2637502870
003720,삼영화학,2010,2030,20,1.0,136364,275207045
023000,삼원강재,2510,2515,5,0.2,10854,27144500
004380,삼익THK,11050,10900,-150,-1.36,52970,578895200
002450,삼익악기,1460,1460,0,0.0,150604,219170740
004440,삼일씨엔에스,10100,10100,0,0.0,28181,284340700
000520,삼일제약,21500,21550,50,0.23,35938,769718700
009770,삼정펄프,30000,29850,-150,-0.5,782,23261750
005500,삼진제약,26750,26900,150,0.56,39892,1077009050
004690,삼천리,82000,82300,300,0.37,5135,422747000
010960,삼호개발,4150,4125,-25,-0.6,60272,248028415
004450,삼화왕관,39600,39550,-50,-0.13,665,26229600
009470,삼화전기,19050,19650,600,3.15,204246,3980874250
011230,삼화전자,4105,4215,110,2.68,242600,1000172005
001820,삼화콘덴서,57300,57500,200,0.35,81438,4658574200
000390,삼화페인트,7330,7790,460,6.28,3998839,32113656380
001290,상상인증권,1135,1200,65,5.73,695163,811032300
041650,상신브레이크,2775,2745,-30,-1.08,54621,149763780
075180,새론오토모티브,5140,5600,460,8.95,79185,438056050
007540,샘표,47950,48250,300,0.63,4099,197951750
248170,샘표식품,45850,46250,400,0.87,11630,534150000
007860,서연,12150,11850,-300,-2.47,6309784,76053736300
200880,서연이화,4990,4875,-115,-2.3,448331,2205138035
017390,서울가스,93200,93400,200,0.21,12843,1211044700
004410,서울식품,163,196,33,20.25,703522432,137010475062
004415,서울식품우,5420,7040,1620,29.89,6681416,44718548220
021050,서원,2960,2970,10,0.34,339128,1005495635
008490,서흥,47350,48250,900,1.9,42559,2036083300
007610,선도전기,2915,2925,10,0.34,228497,661253200
136490,선진,9790,9700,-90,-0.92,110267,1066771410
002820,선창산업,4435,4475,40,0.9,17904,79836275
014910,성문전자,1975,2045,70,3.54,398470,811904465
014915,성문전자우,12600,12550,-50,-0.4,18189,227751300
003080,성보화학,4305,4285,-20,-0.46,5639,24150255
004980,성신양회,6950,6890,-60,-0.86,106539,731809380
004985,성신양회우,17550,17300,-250,-1.42,38957,678272800
011300,성안,385,382,-3,-0.78,96671,36645774
000180,성창기업지주,1930,1940,10,0.52,192002,371935320
002420,세기상사,61600,61600,0,0.0,0,0
004360,세방,10050,10050,0,0.0,51065,509248220
004365,세방우,6390,6330,-60,-0.94,782,4955410
004490,세방전지,38250,38450,200,0.52,118070,4600412450
001430,세아베스틸,10800,10600,-200,-1.85,185872,1957760550
306200,세아제강,92700,92000,-700,-0.76,21557,1968752900
003030,세아제강지주,49100,47800,-1300,-2.65,12679,607742950
019440,세아특수강,11600,11500,-100,-0.86,19361,222802400
058650,세아홀딩스,76400,77700,1300,1.7,588,45417800
013000,세우글로벌,3140,3170,30,0.96,729529,2309639830
091090,세원셀론텍,2770,2770,0,0.0,255383,705721120
021820,세원정공,8090,8090,0,0.0,0,0
067830,세이브존IC,2910,2905,-5,-0.17,87629,255439245
033530,세종공업,8450,8520,70,0.83,186350,1587804700
075580,세진중공업,6870,6800,-70,-1.02,631075,4301577860
027970,세하,1695,1800,105,6.19,5602710,9931557900
145210,세화아이엠씨,556,566,10,1.8,5446637,3060545765
308170,센트랄모텍,23200,22300,-900,-3.88,203743,4537682300
012600,센트럴인사이트,10600,10450,-150,-1.42,287826,2923426420
068270,셀트리온,330000,329500,-500,-0.15,2778746,917557208000
004430,송원산업,15150,14650,-500,-3.3,532329,7890773350
017550,수산중공업,3685,3505,-180,-4.88,2262814,8045157000
053210,스카이라이프,9030,8980,-50,-0.55,85818,768656130
134790,시디즈,54000,54200,200,0.37,5547,304762400
016590,신대양제지,55800,56700,900,1.61,30280,1723126800
029530,신도리코,25750,25650,-100,-0.39,5572,143099150
004970,신라교역,9440,9370,-70,-0.74,23179,217975250
011930,신성이엔지,3740,3840,100,2.67,14191476,54172100075
005390,신성통상,1770,1760,-10,-0.56,876020,1549018250
004170,신세계,233500,230500,-3000,-1.28,69694,16050146000
035510,신세계IC,125500,122500,-3000,-2.39,6308,780116500
034300,신세계건설,22700,22750,50,0.22,13747,311673850
031430,신세계인터내셔날,157500,155500,-2000,-1.27,52939,8261135000
031440,신세계푸드,59900,59600,-300,-0.5,11842,705512400
006880,신송홀딩스,3810,3870,60,1.57,16278,62987485
005800,신영와코루,104000,104000,0,0.0,694,71746000
001720,신영증권,52000,52000,0,0.0,8545,443973400
001725,신영증권우,52000,51900,-100,-0.19,455,23503100
009270,신원,1460,1445,-15,-1.03,282361,408464635
009275,신원우,44350,43800,-550,-1.24,596,26150900
002700,신일전자,1840,1880,40,2.17,983148,1826250385
019170,신풍제약,119000,128500,9500,7.98,3357638,432684914500
019175,신풍제약우,128500,142000,13500,10.51,278146,40178713500
002870,신풍제지,2325,2360,35,1.51,552921,1299700070
293940,신한알파리츠,7330,7360,30,0.41,45316,334299150
055550,신한지주,34650,34350,-300,-0.87,2071269,71045064750
001770,신화실업,20100,20550,450,2.24,16618,338141400
004080,신흥,11400,11500,100,0.88,14479,165534700
102280,쌍방울,658,662,4,0.61,2664701,1757505311
003410,쌍용양회,5550,5550,0,0.0,0,0
003415,쌍용양회우,25350,25350,0,0.0,0,0
003620,쌍용차,3840,3830,-10,-0.26,563227,2160243375
004770,써니전자,4225,4205,-20,-0.47,585561,2466946625
015540,쎌마테라퓨틱스,5690,5630,-60,-1.05,125589,710844980
004920,씨아이테크,965,946,-19,-1.97,49059,46440664
112610,씨에스윈드,125500,128500,3000,2.39,243892,31167585000
008700,아남전자,2380,2420,40,1.68,1629641,3957032610
002790,아모레G,53600,53700,100,0.19,157351,8394673500
00279K,아모레G3우전환,34500,35000,500,1.45,31585,1089492650
002795,아모레G우,20450,20450,0,0.0,83093,1703386750
090430,아모레퍼시픽,187500,188000,500,0.27,272724,51218036000
090435,아모레퍼시픽우,56800,56500,-300,-0.53,112064,6308429700
002030,아세아,87800,88500,700,0.8,2858,250559800
183190,아세아시멘트,64400,64400,0,0.0,5704,366452200
002310,아세아제지,32950,35700,2750,8.35,426877,15098324100
267850,아시아나IDT,26350,25850,-500,-1.9,295586,7586503950
020560,아시아나항공,5090,5010,-80,-1.57,4912166,24294039265
122900,아이마켓코리아,8970,9020,50,0.56,101834,920760540
010780,아이에스동서,43000,43450,450,1.05,57080,2468424700
033660,아주캐피탈,12400,12450,50,0.4,53113,659299450
001780,알루코,4630,4580,-50,-1.08,1463778,6702627165
018250,애경산업,25150,25200,50,0.2,110448,2758165000
161000,애경유화,9590,9580,-10,-0.1,200545,1913302340
011090,에넥스,999,1010,11,1.1,296316,297192872
005850,에스엘,16200,16000,-200,-1.23,83736,1336963150
012750,에스원,81900,81700,-200,-0.24,93196,7631336800
023960,에쓰씨엔지니어링,1830,1840,10,0.55,423312,784623920
298690,에어부산,4270,4135,-135,-3.16,558287,2313618090
140910,에이리츠,7980,8060,80,1.0,10260,82689680
078520,에이블씨엔씨,8070,8000,-70,-0.87,97896,788073620
015260,에이엔피,1475,1475,0,0.0,128193,189986735
007460,에이프로젠KIC,2185,2185,0,0.0,11094938,24481233180
003060,에이프로젠제약,1365,1365,0,0.0,4056523,5585605655
244920,에이플러스에셋,6080,6210,130,2.14,717002,4444287880
036570,엔씨소프트,805000,816000,11000,1.37,67165,54296032000
138250,엔에스쇼핑,13200,13650,450,3.41,93331,1267655350
085310,엔케이,1195,1165,-30,-2.51,855308,1003696900
009810,엔케이물산,670,667,-3,-0.45,1567619,1055345234
900140,엘브이엠씨홀딩스,3460,3470,10,0.29,697486,2415270230
014440,영보화학,3935,3900,-35,-0.89,44957,174205815
111770,영원무역,30950,30350,-600,-1.94,131122,3985658550
009970,영원무역홀딩스,38600,38000,-600,-1.55,16965,645248050
003520,영진약품,7870,8250,380,4.83,8342237,68110529170
000670,영풍,518000,516000,-2000,-0.39,754,388999000
006740,영풍제지,4615,4580,-35,-0.76,309255,1452408070
012280,영화금속,2395,2360,-35,-1.46,10402877,25360747700
012160,영흥,1310,1310,0,0.0,511755,672775595
015360,예스코홀딩스,34950,34650,-300,-0.86,4174,144776700
007310,오뚜기,554000,550000,-4000,-0.72,4729,2604092000
002630,오리엔트바이오,1405,1365,-40,-2.85,1811243,2480185930
271560,오리온,119000,119000,0,0.0,84990,10116150000
001800,오리온홀딩스,13350,13100,-250,-1.87,277004,3655049750
070960,용평리조트,4430,4320,-110,-2.48,136810,597881865
316140,우리금융지주,10150,10300,150,1.48,1641954,16744301150
004720,우리들제약,12000,12200,200,1.67,262730,3203783000
118000,우리들휴브레인,3250,3400,150,4.62,2573716,8646384230
010050,우리종금,561,558,-3,-0.53,4012735,2253690236
006980,우성사료,3095,3115,20,0.65,136091,423266380
017370,우신시스템,3710,3690,-20,-0.54,260421,960591395
105840,우진,4905,4900,-5,-0.1,277008,1360222360
010400,우진아이엔에스,7660,7590,-70,-0.91,9487,72532960
049800,우진플라임,4840,4700,-140,-2.89,37922,178924030
016880,웅진,1060,1045,-15,-1.42,122892,129269225
095720,웅진씽크빅,2735,2740,5,0.18,357280,980497235
005820,원림,19000,19350,350,1.84,1185,22622100
010600,웰바이오텍,2250,2295,45,2.0,591788,1363554285
008600,윌비스,1410,1380,-30,-2.13,1108952,1540501350
033270,유나이티드제약,49700,51100,1400,2.82,950771,47581491250
014830,유니드,45300,43900,-1400,-3.09,69682,3061857500
000910,유니온,6190,6180,-10,-0.16,243638,1502509820
047400,유니온머티리얼,4275,4310,35,0.82,2260210,9643840685
011330,유니켐,1375,1355,-20,-1.45,175259,238134845
077500,유니퀘스트,11400,11800,400,3.51,1476480,17328925250
002920,유성기업,2815,2800,-15,-0.53,75746,212238970
000700,유수홀딩스,5430,5470,40,0.74,7869,42896110
003470,유안타증권,3195,3205,10,0.31,389953,1239866955
003475,유안타증권우,2545,2525,-20,-0.79,87813,219803950
011690,유양디앤유,1220,1220,0,0.0,0,0
072130,유엔젤,4270,4295,25,0.59,268602,1163974690
000220,유유제약,14250,14500,250,1.75,89437,1299008250
000225,유유제약1우,13350,13800,450,3.37,36470,509074700
000227,유유제약2우B,32900,32950,50,0.15,959,31618250
001200,유진투자증권,4060,4090,30,0.74,504194,2056581895
000100,유한양행,64300,65300,1000,1.56,348897,22378458900
000105,유한양행우,64300,64700,400,0.62,5521,354806700
003460,유화증권,2420,2420,0,0.0,11790,28339905
003465,유화증권우,2615,2535,-80,-3.06,6100,15425460
008730,율촌화학,18300,17950,-350,-1.91,188523,3373092450
008250,이건산업,8990,8900,-90,-1.0,101357,908312740
025820,이구산업,1775,1760,-15,-0.85,133355,234126910
214320,이노션,59600,59000,-600,-1.01,91392,5354458800
088260,이리츠코크렙,5910,5930,20,0.34,17349,102839290
139480,이마트,153000,154000,1000,0.65,182740,28068113500
007660,이수페타시스,4015,4000,-15,-0.37,287755,1150803235
005950,이수화학,14300,14250,-50,-0.35,717027,10219767950
015020,이스타코,617,614,-3,-0.49,109111,66778470
093230,이아이디,370,354,-16,-4.32,23007315,8247690222
074610,이엔플러스,3790,3795,5,0.13,365471,1373649200
102460,이연제약,23250,23250,0,0.0,395616,9244157600
084680,이월드,3385,3365,-20,-0.59,190937,644142390
350520,이지스레지던스리츠,5060,5060,0,0.0,54289,274426890
334890,이지스밸류리츠,4875,4880,5,0.1,67073,326708700
000760,이화산업,14700,15200,500,3.4,172,2592600
014990,인디에프,1630,1620,-10,-0.61,235217,381689445
006490,인스코비,2385,2320,-65,-2.73,837510,1947058550
023800,인지컨트롤스,11550,12250,700,6.06,1004430,11952726750
034590,인천도시가스,26000,26000,0,0.0,5526,142754250
129260,인터지스,2895,2950,55,1.9,332519,981663210
023810,인팩,5060,4925,-135,-2.67,21207,104734420
249420,일동제약,20000,20700,700,3.5,977668,20308821050
000230,일동홀딩스,10450,10500,50,0.48,219168,2380009300
013360,일성건설,946,944,-2,-0.21,159094,149210855
003120,일성신약,79200,79200,0,0.0,2952,233840500
003200,일신방직,74300,74400,100,0.13,2652,197541300
007110,일신석재,2000,1995,-5,-0.25,358602,714970845
007570,일양약품,63800,64000,200,0.31,172767,11042444600
007575,일양약품우,68700,67700,-1000,-1.46,3638,245813000
008500,일정실업,17250,17350,100,0.58,3354,58221950
081000,일진다이아,51700,51900,200,0.39,78176,4022873900
020760,일진디스플,4600,4700,100,2.17,185340,864850160
020150,일진머티리얼즈,45000,44900,-100,-0.22,162127,7275986550
103590,일진전기,3215,3225,10,0.31,234009,758443390
015860,일진홀딩스,5220,5180,-40,-0.77,174373,903067130
226320,잇츠한불,30850,29600,-1250,-4.05,508218,15355909650
317400,자이에스앤디,9480,9390,-90,-0.95,157709,1483823840
033240,자화전자,15550,15450,-100,-0.64,387892,6030844200
000950,전방,30550,32300,1750,5.73,15245,486586400
348950,제이알글로벌리츠,5150,5200,50,0.97,218395,1128317850
194370,제이에스코퍼레이션,7360,7300,-60,-0.82,12094,88664020
025620,제이준코스메틱,2690,2635,-55,-2.04,140017,372725135
036420,제이콘텐트리,31200,30300,-900,-2.88,122685,3722566350
030000,제일기획,21400,21050,-350,-1.64,274966,5816004200
271980,제일약품,82200,84400,2200,2.68,1807175,154025429300
001560,제일연마,7050,7060,10,0.14,4432,31140930
002620,제일파마홀딩스,24600,25000,400,1.63,121460,3075411300
006220,제주은행,3435,3465,30,0.87,11091,38138480
089590,제주항공,16800,16850,50,0.3,212344,3549779800
004910,조광페인트,5550,5620,70,1.26,105369,591492260
004700,조광피혁,51800,51800,0,0.0,2554,130889000
001550,조비,18900,20250,1350,7.14,155506,3104770800
000480,조선내화,79400,79600,200,0.25,1135,90478200
120030,조선선재,109500,109500,0,0.0,9446,1035508000
018470,조일알미늄,746,747,1,0.13,252290,188502526
002600,조흥,174500,177000,2500,1.43,484,83946000
185750,종근당,163500,165000,1500,0.92,160376,26500730500
063160,종근당바이오,48000,49900,1900,3.96,1317581,66734285700
001630,종근당홀딩스,102500,104500,2000,1.95,137591,14388363000
044380,주연테크,1260,1235,-25,-1.98,4044538,4962704320
013890,지누스,105000,103500,-1500,-1.43,106309,11099263000
013870,지엠비코리아,8020,7990,-30,-0.37,210895,1681076960
071320,지역난방공사,40200,39800,-400,-1.0,12660,504795650
010580,지코,306,306,0,0.0,0,0
035000,지투알,5780,5810,30,0.52,29987,172260740
088790,진도,4200,4225,25,0.6,1124453,4778623560
003780,진양산업,4560,4520,-40,-0.88,160273,725399330
010640,진양폴리,3450,3460,10,0.29,165424,579708560
100250,진양홀딩스,2770,2800,30,1.08,143540,399141055
051630,진양화학,4620,4605,-15,-0.32,59237,271576180
272450,진에어,10950,10900,-50,-0.46,181827,1980871650
011000,진원생명과학,25100,25300,200,0.8,764552,19297783500
002780,진흥기업,2385,2410,25,1.05,339709,859939575
002787,진흥기업2우B,13150,13150,0,0.0,5509,78057250
002785,진흥기업우B,9690,9540,-150,-1.55,49950,494190900
009310,참엔지니어링,1505,1505,0,0.0,296524,447673630
000650,천일고속,68800,68800,0,0.0,1169,80525700
033250,체시스,2390,2410,20,0.84,333724,802646505
035720,카카오,367000,374000,7000,1.91,539570,200617459500
006380,카프로,4440,4255,-185,-4.17,795297,3440908360
109070,컨버즈,4100,4100,0,0.0,0,0
001620,케이비아이동국실업,711,711,0,0.0,359459,254309531
029460,케이씨,24850,25100,250,1.01,48811,1210708100
344820,케이씨씨글라스,34200,35800,1600,4.68,127776,4493351750
281820,케이씨텍,24300,24450,150,0.62,166051,4056508250
145270,케이탑리츠,1080,1080,0,0.0,208994,224501865
357120,코람코에너지리츠,4895,4900,5,0.1,426465,2084694295
007815,코리아써우,5100,5200,100,1.96,22134,114799080
007810,코리아써키트,13250,13800,550,4.15,505079,6943253100
00781K,코리아써키트2우B,6640,6840,200,3.01,6784,46166960
152330,코리아오토글라스,15900,16550,650,4.09,394136,6469741700
003690,코리안리,7740,7720,-20,-0.26,378440,2922859480
192820,코스맥스,99000,99400,400,0.4,79693,7925420900
044820,코스맥스비티아이,16950,16750,-200,-1.18,18317,309652250
005070,코스모신소재,14200,14250,50,0.35,283314,4011718350
005420,코스모화학,8340,8310,-30,-0.36,150338,1251305510
071950,코아스,1100,1100,0,0.0,296472,326654385
002020,코오롱,21500,21400,-100,-0.47,22045,473595900
003070,코오롱글로벌,18450,19800,1350,7.32,1989620,39892518350
003075,코오롱글로벌우,33350,43350,10000,29.99,81854,3479676450
144620,코오롱머티리얼,3395,3365,-30,-0.88,134223,451778615
002025,코오롱우,16650,17500,850,5.11,13475,231666200
120110,코오롱인더,41250,40400,-850,-2.06,205306,8321647350
120115,코오롱인더우,22400,22350,-50,-0.22,26601,589642250
138490,코오롱플라스틱,4450,4385,-65,-1.46,86304,379554955
021240,코웨이,71300,71000,-300,-0.42,165450,11746214000
031820,콤텍시스템,1595,1625,30,1.88,3521326,5759106850
192400,쿠쿠홀딩스,95800,93800,-2000,-2.09,19898,1866648100
284740,쿠쿠홈시스,40100,39100,-1000,-2.49,128763,5039218600
015590,큐로,675,670,-5,-0.74,2273765,1515941897
264900,크라운제과,8730,8740,10,0.11,10629,92706720
26490K,크라운제과우,11500,11700,200,1.74,67887,796510050
005740,크라운해태홀딩스,8990,8950,-40,-0.44,183806,1647569960
005745,크라운해태홀딩스우,14800,15200,400,2.7,93579,1440616400
020120,키다리스튜디오,8430,8500,70,0.83,79547,667495960
039490,키움증권,120000,128000,8000,6.67,380867,48503847000
012170,키위미디어그룹,1485,1485,0,0.0,0,0
014580,태경비케이,3720,3740,20,0.54,194804,728607470
015890,태경산업,5560,5600,40,0.72,65496,364862770
006890,태경케미컬,13150,13900,750,5.7,800855,10970847850
003240,태광산업,821000,819000,-2000,-0.24,1000,814596000
011280,태림포장,5520,5750,230,4.17,16747678,98582397140
004100,태양금속,1070,1065,-5,-0.47,151739,162405445
004105,태양금속우,3815,3685,-130,-3.41,160830,594498130
009410,태영건설,10450,10400,-50,-0.48,510724,5389328450
009415,태영건설우,13850,13800,-50,-0.36,35276,488926500
001420,태원물산,4000,3940,-60,-1.5,13465,53212950
007980,태평양물산,1865,1930,65,3.49,2368498,4587709205
055490,테이팩스,33100,35800,2700,8.16,181021,6387714150
078000,텔코웨어,11900,11900,0,0.0,5684,67761750
214420,토니모리,9780,9720,-60,-0.61,48395,471541600
019180,티에이치엔,2415,2425,10,0.41,105865,256275670
363280,티와이홀딩스,22450,23500,1050,4.68,979965,23213701300
36328K,티와이홀딩스우,26150,27100,950,3.63,111785,3060960450
091810,티웨이항공,2635,2570,-65,-2.47,972522,2486477735
004870,티웨이홀딩스,1055,1050,-5,-0.47,218992,229824290
005690,파미셀,20100,19900,-200,-1.0,2140469,42953504800
036580,팜스코,4615,4440,-175,-3.79,550562,2470679395
028670,팬오션,4105,4100,-5,-0.12,2399183,9837161850
010820,퍼스텍,2135,2140,5,0.23,194954,416963770
016800,퍼시스,29650,29550,-100,-0.34,664,19648250
001020,페이퍼코리아,2120,2755,635,29.95,6763242,17310104205
090080,평화산업,1125,1125,0,0.0,131273,147170825
010770,평화홀딩스,3270,3290,20,0.61,15344,50007175
058430,포스코강판,15950,15850,-100,-0.63,24854,393242900
047050,포스코인터내셔널,14150,13800,-350,-2.47,875792,12177495650
003670,포스코케미칼,86600,87200,600,0.69,403018,35230966000
007630,폴루스바이오팜,1225,1225,0,0.0,0,0
017810,풀무원,16050,16150,100,0.62,93558,1505417900
103140,풍산,26850,26800,-50,-0.19,190741,5134897600
005810,풍산홀딩스,27650,27800,150,0.54,3464,96416950
033180,필룩스,4220,4500,280,6.64,4265173,18809591675
086790,하나금융지주,36100,36100,0,0.0,1161801,41676030200
293480,하나제약,25050,24800,-250,-1.0,83502,2064401750
039130,하나투어,52000,52000,0,0.0,310675,16003383100
172580,하이골드12호,2130,2140,10,0.47,5398,11417920
153360,하이골드3호,1300,1320,20,1.54,31562,40508400
071090,하이스틸,16200,16450,250,1.54,2905,47451000
019490,하이트론,3230,3150,-80,-2.48,78675,248102950
000080,하이트진로,32650,32600,-50,-0.15,292430,9544385550
000087,하이트진로2우B,20850,20800,-50,-0.24,5729,119677450
000140,하이트진로홀딩스,15500,15950,450,2.9,46531,738689900
000145,하이트진로홀딩스우,15350,15400,50,0.33,495,7656300
152550,한국ANKOR유전,1675,1660,-15,-0.9,89246,148446425
036460,한국가스공사,29950,29400,-550,-1.84,397736,11808514100
005430,한국공항,38350,37600,-750,-1.96,15867,598191550
071050,한국금융지주,76600,78400,1800,2.35,464665,35988062500
071055,한국금융지주우,61000,62300,1300,2.13,47273,2907511900
010040,한국내화,3300,3295,-5,-0.15,46603,154067350
025540,한국단자,55000,55000,0,0.0,72796,3942082800
004090,한국석유,92400,93500,1100,1.19,5337,498711400
002200,한국수출포장,20800,21300,500,2.4,41701,888675700
002960,한국쉘석유,271000,268000,-3000,-1.11,5759,1537430500
123890,한국자산신탁,4000,3910,-90,-2.25,681189,2676150135
015760,한국전력,22250,21950,-300,-1.35,4451763,97508084150
006200,한국전자홀딩스,895,871,-24,-2.68,1367939,1191783211
009540,한국조선해양,107000,108500,1500,1.4,475404,50232104500
023350,한국종합기술,4090,4090,0,0.0,23780,97336895
025890,한국주강,1600,1600,0,0.0,55827,89183945
000970,한국주철관,8530,8440,-90,-1.06,45617,387692520
104700,한국철강,6530,6360,-170,-2.6,434823,2752783870
017960,한국카본,13350,13200,-150,-1.12,1893456,24831126600
161890,한국콜마,46550,46250,-300,-0.64,226137,10458850300
024720,한국콜마홀딩스,26650,26050,-600,-2.25,82394,2157905600
161390,한국타이어앤테크놀로지,34450,34550,100,0.29,299609,10211218900
000240,한국테크놀로지그룹,15850,15850,0,0.0,525216,8431238700
034830,한국토지신탁,1875,1845,-30,-1.6,1719584,3179593730
007280,한국특수형강,1960,1980,20,1.02,92497,181710220
168490,한국패러랠,1905,1910,5,0.26,40789,77824835
010100,한국프랜지,2115,2140,25,1.18,121780,259354650
047810,한국항공우주,24550,24200,-350,-1.43,378825,9178499900
123690,한국화장품,13800,13600,-200,-1.45,306098,4206715250
003350,한국화장품제조,40850,40100,-750,-1.84,75128,3040152100
011500,한농화성,7800,7840,40,0.51,118072,916497050
002390,한독,31700,32050,350,1.1,53603,1707990450
014790,한라,4010,4375,365,9.1,996434,4216255985
060980,한라홀딩스,37150,36400,-750,-2.02,109878,3986303750
053690,한미글로벌,9890,9840,-50,-0.51,172281,1676645750
042700,한미반도체,12350,12500,150,1.21,453387,5657901400
008930,한미사이언스,56400,59100,2700,4.79,2733199,168266376000
128940,한미약품,325500,329500,4000,1.23,656927,225708648500
009240,한샘,97400,96800,-600,-0.62,35399,3426239800
020000,한섬,30150,30000,-150,-0.5,86395,2581523550
003680,한성기업,8820,8930,110,1.25,61498,550959270
105630,한세실업,17050,16300,-750,-4.4,395152,6478950350
069640,한세엠케이,3000,3080,80,2.67,47585,143824045
016450,한세예스24홀딩스,6050,5950,-100,-1.65,69308,415021280
010420,한솔PNS,1600,1610,10,0.63,100789,161624510
009180,한솔로지스틱스,2135,2150,15,0.7,369340,791212965
213500,한솔제지,13350,13500,150,1.12,189138,2543019450
014680,한솔케미칼,160500,159500,-1000,-0.62,59784,9531416500
004710,한솔테크닉스,8790,8660,-130,-1.48,307679,2673696130
004150,한솔홀딩스,3450,3400,-50,-1.45,157264,536893185
025750,한솔홈데코,2145,2140,-5,-0.23,3337889,7202018945
004960,한신공영,14850,14750,-100,-0.67,18773,277907200
011700,한신기계,1700,1710,10,0.59,255984,438528705
001750,한양증권,9930,9940,10,0.1,28691,283815440
001755,한양증권우,24550,22800,-1750,-7.13,56147,1304442600
018880,한온시스템,15650,15450,-200,-1.28,1222941,18971249650
009420,한올바이오파마,34250,34650,400,1.17,379686,12874431650
014130,한익스프레스,5840,6400,560,9.59,1205840,7365223860
300720,한일시멘트,90300,90100,-200,-0.22,2401,216969300
002220,한일철강,1685,1685,0,0.0,29984,50107380
006390,한일현대시멘트,25650,25700,50,0.19,17279,441446850
003300,한일홀딩스,52300,52100,-200,-0.38,1019,53201400
051600,한전KPS,29200,29100,-100,-0.34,195439,5670175000
052690,한전기술,17000,16700,-300,-1.76,134039,2235122450
130660,한전산업,3980,3960,-20,-0.5,81875,322964360
002320,한진,49250,48800,-450,-0.91,132366,6411129100
097230,한진중공업,9110,8920,-190,-2.09,291670,2558828940
003480,한진중공업홀딩스,4200,4220,20,0.48,27110,113058355
180640,한진칼,74400,74300,-100,-0.13,150016,11144825000
18064K,한진칼우,54800,54100,-700,-1.28,24263,1313096700
005110,한창,1275,1260,-15,-1.18,1930779,2438741025
009460,한창제지,2115,2145,30,1.42,1115235,2390953790
000880,한화,26650,26450,-200,-0.75,311512,8230139600
00088K,한화3우B,14000,13900,-100,-0.71,30099,419668300
088350,한화생명,2140,2120,-20,-0.93,6187718,12982997065
000370,한화손해보험,3605,3655,50,1.39,3587591,12970132525
009830,한화솔루션,48900,49750,850,1.74,3545172,176109586350
009835,한화솔루션우,73500,73500,0,0.0,43885,3228377000
272210,한화시스템,11650,12100,450,3.86,1557634,18842828200
012450,한화에어로스페이스,27100,27250,150,0.55,286161,7724117050
000885,한화우,49200,48500,-700,-1.42,2450,115070000
003530,한화투자증권,2260,2305,45,1.99,1151235,2611257070
003535,한화투자증권우,4345,4235,-110,-2.53,218835,925939960
195870,해성디에스,18900,19050,150,0.79,65595,1243822650
101530,해태제과식품,8240,8220,-20,-0.24,25099,205774270
143210,핸즈코퍼레이션,7340,8570,1230,16.76,11230287,98109385300
000720,현대건설,34650,34300,-350,-1.01,892720,30544375100
267270,현대건설기계,33650,33450,-200,-0.59,1167410,40474450900
000725,현대건설우,183000,179000,-4000,-2.19,754,135658000
005440,현대그린푸드,8200,8280,80,0.98,607611,5026219100
086280,현대글로비스,185500,184000,-1500,-0.81,163910,30168384000
064350,현대로템,15650,15650,0,0.0,977009,15337302250
079430,현대리바트,14700,14800,100,0.68,120498,1769151550
012330,현대모비스,247500,245500,-2000,-0.81,321082,78434956500
010620,현대미포조선,47900,48250,350,0.73,678827,32683466300
069960,현대백화점,71400,70700,-700,-0.98,185957,13127202600
004560,현대비앤지스틸,8870,9070,200,2.25,660134,5925033550
004565,현대비앤지스틸우,70000,72200,2200,3.14,2268,161655400
011760,현대상사,15250,15200,-50,-0.33,72046,1084808000
004310,현대약품,6440,6420,-20,-0.31,711978,4590215010
322000,현대에너지솔루션,39100,39700,600,1.53,269304,10664135300
017800,현대엘리베이,40950,40400,-550,-1.34,174518,7064706750
307950,현대오토에버,78600,78700,100,0.13,80044,6304905400
011210,현대위아,46700,46200,-500,-1.07,141963,6544175300
267260,현대일렉트릭,17050,16950,-100,-0.59,307191,5183631550
004020,현대제철,33700,33050,-650,-1.93,855763,28298426100
267250,현대중공업지주,283000,284000,1000,0.35,59324,16607811000
005380,현대차,179500,179000,-500,-0.28,1260429,225708977500
005387,현대차2우B,85300,85000,-300,-0.35,222072,18833260200
005389,현대차3우B,81300,81000,-300,-0.37,15106,1222067900
005385,현대차우,84800,84100,-700,-0.83,71909,6051856200
001500,현대차증권,12750,12750,0,0.0,101209,1290680000
227840,현대코퍼레이션홀딩스,11500,11650,150,1.3,49973,580072400
126560,현대퓨처넷,3225,3225,0,0.0,84699,273773475
001450,현대해상,23800,23700,-100,-0.42,432426,10224746500
057050,현대홈쇼핑,74100,73700,-400,-0.54,44259,3257196500
093240,형지엘리트,2935,2945,10,0.34,717604,2117810660
003010,혜인,5260,5320,60,1.14,116075,612933260
111110,호전실업,8440,8650,210,2.49,114969,976076420
008770,호텔신라,82700,81300,-1400,-1.69,518001,42294154800
008775,호텔신라우,82000,80800,-1200,-1.46,20388,1648348400
002460,화성산업,12500,12600,100,0.8,51720,649044150
013520,화승알앤에이,2040,2035,-5,-0.25,79622,161141225
241590,화승엔터프라이즈,14550,14150,-400,-2.75,297352,4190363150
006060,화승인더,7390,7330,-60,-0.81,290272,2117355330
010690,화신,2790,2785,-5,-0.18,89221,247422420
133820,화인베스틸,2620,2635,15,0.57,292606,774596190
010660,화천기계,3040,3020,-20,-0.66,141977,428258890
000850,화천기공,31600,31700,100,0.32,3398,107611700
016580,환인제약,15350,15450,100,0.65,93477,1444427550
032560,황금에스티,7300,7290,-10,-0.14,51919,378391290
004800,효성,79600,79800,200,0.25,70078,5571737000
094280,효성ITX,21800,21700,-100,-0.46,35812,773777800
298040,효성중공업,62000,61700,-300,-0.48,85494,5273001800
298050,효성첨단소재,145000,145500,500,0.34,32421,4691474000
298020,효성티앤씨,182000,189000,7000,3.85,69310,12934419000
298000,효성화학,134500,136000,1500,1.12,28611,3881474500
093370,후성,9390,9400,10,0.11,631469,5934210800
081660,휠라홀딩스,43650,43000,-650,-1.49,351994,15255255900
005870,휴니드,6020,6010,-10,-0.17,45166,271656310
079980,휴비스,8070,8070,0,0.0,166615,1340551080
005010,휴스틸,7440,7460,20,0.27,15085,112104290
069260,휴켐스,24450,24200,-250,-1.02,136480,3299454200
000540,흥국화재,2875,2865,-10,-0.35,127551,364719430
000547,흥국화재2우B,23550,23400,-150,-0.64,1453,34062350
000545,흥국화재우,14050,13500,-550,-3.91,77259,1052222050
003280,흥아해운,258,258,0,0.0,0,0
