티커,종목명,시가,종가,변동폭,등락률,거래량,거래대금
095570,AJ네트웍스,4900,4850,-50,-1.02,65514,318191205
006840,AK홀딩스,31100,30350,-750,-2.41,21728,664060900
027410,BGF,5270,5210,-60,-1.14,137215,717750960
282330,BGF리테일,168000,171000,3000,1.79,23586,4004645500
138930,BNK금융지주,6920,6880,-40,-0.58,804266,5543614010
001460,BYC,225000,225500,500,0.22,480,107277500
001465,BYC우,120500,120500,0,0.0,57,6818500
001040,CJ,84700,84100,-600,-0.71,52569,4437684800
079160,CJCGV,28200,27500,-700,-2.48,213559,5951099750
00104K,CJ4우전환,63200,62500,-700,-1.11,7170,450007700
000120,CJ대한통운,139000,143000,4000,2.88,92106,13314812500
011150,CJ씨푸드,2735,2605,-130,-4.75,333491,880899490
011155,CJ씨푸드1우,30000,30000,0,0.0,1487,44301300
001045,CJ우,41800,41200,-600,-1.44,3791,157800550
097950,CJ제일제당,237500,235500,-2000,-0.84,28932,6858071500
097955,CJ제일제당우,103000,102500,-500,-0.49,3729,383176500
000590,CS홀딩스,56800,55300,-1500,-2.64,1161,64729000
012030,DB,807,795,-12,-1.49,394381,315039538
016610,DB금융투자,3970,3910,-60,-1.51,42824,167673135
005830,DB손해보험,43200,42550,-650,-1.5,243897,10406494650
000990,DB하이텍,29350,28850,-500,-1.7,691624,20082384800
000995,DB하이텍1우,50600,49800,-800,-1.58,1538,77079000
139130,DGB금융지주,6690,6630,-60,-0.9,503223,3336913450
001530,DI동일,74400,73900,-500,-0.67,4167,306211000
004840,DRB동일,5340,5310,-30,-0.56,12895,68110590
155660,DSR,4535,4415,-120,-2.65,88222,395673555
069730,DSR제강,4550,4410,-140,-3.08,73947,328032885
017940,E1,45450,44650,-800,-1.76,3929,176123550
007700,FF,104000,100000,-4000,-3.85,119118,12017534900
114090,GKL,19150,18850,-300,-1.57,156025,2942211100
078930,GS,46550,46400,-150,-0.32,117403,5427571200
006360,GS건설,29250,28850,-400,-1.37,304409,8813078700
001250,GS글로벌,2075,2025,-50,-2.41,290967,597117945
007070,GS리테일,40500,40350,-150,-0.37,91649,3701253550
078935,GS우,35700,35550,-150,-0.42,2829,100584850
012630,HDC,10500,10300,-200,-1.9,235009,2440657550
039570,HDC아이콘트롤스,10100,9710,-390,-3.86,152062,1493475030
089470,HDC현대EP,4485,4360,-125,-2.79,79168,347735695
294870,HDC현대산업개발,22900,23350,450,1.97,635476,14893111650
082740,HSD엔진,4320,4175,-145,-3.36,300677,1255584255
003560,IHQ,1740,1670,-70,-4.02,1337715,2257106190
175330,JB금융지주,5180,5110,-70,-1.35,216754,1113975210
234080,JW생명과학,19650,19100,-550,-2.8,65595,1262633900
001060,JW중외제약,29700,28650,-1050,-3.54,223624,6477728900
001067,JW중외제약2우B,43500,42200,-1300,-2.99,5753,243558950
001065,JW중외제약우,27150,26950,-200,-0.74,6560,178646650
096760,JW홀딩스,5800,5570,-230,-3.97,174461,986437810
105560,KB금융,44250,43800,-450,-1.02,1451247,63792481350
002380,KCC,210000,205000,-5000,-2.38,35392,7327085500
009070,KCTC,2645,2570,-75,-2.84,88249,229327800
009440,KC그린홀딩스,5060,4980,-80,-1.58,42180,209669745
119650,KC코트렐,7050,6890,-160,-2.27,133509,932923870
092220,KEC,1035,1005,-30,-2.9,449405,456552310
001390,KG케미칼,12350,12250,-100,-0.81,158354,1965485000
001940,KISCO홀딩스,11850,11950,100,0.84,1894,22428750
025000,KPX케미칼,54400,52800,-1600,-2.94,2439,130032300
092230,KPX홀딩스,52200,52000,-200,-0.38,951,49193600
000040,KR모터스,264,254,-10,-3.79,904949,234271248
044450,KSS해운,7250,7140,-110,-1.52,25171,179917790
030200,KT,25600,25350,-250,-0.98,701509,17865112700
033780,KTG,95100,93900,-1200,-1.26,591846,56003748700
030210,KTB투자증권,2255,2205,-50,-2.22,312588,690550890
058850,KTcs,2125,2110,-15,-0.71,144160,304295815
058860,KTis,2180,2140,-40,-1.83,107836,230835125
093050,LF,15750,15650,-100,-0.63,144200,2252626450
003550,LG,71900,72900,1000,1.39,384957,28029890000
034220,LG디스플레이,14800,14750,-50,-0.34,2229929,32845533700
001120,LG상사,13000,12650,-350,-2.69,206392,2635474300
051900,LG생활건강,1296000,1262000,-34000,-2.62,72600,91827714000
051905,LG생활건강우,770000,770000,0,0.0,2027,1548314000
003555,LG우,48800,49050,250,0.51,7670,374887700
032640,LG유플러스,13550,13350,-200,-1.48,1765153,23680041950
011070,LG이노텍,158000,155500,-2500,-1.58,360798,57272619000
066570,LG전자,67200,67200,0,0.0,549972,36959367800
066575,LG전자우,26900,26850,-50,-0.19,20556,549596100
108670,LG하우시스,49400,49050,-350,-0.71,23226,1148666800
108675,LG하우시스우,23750,23000,-750,-3.16,5333,124201650
037560,LG헬로비전,5240,5120,-120,-2.29,175444,902306610
051910,LG화학,335000,343500,8500,2.54,642288,220698676500
051915,LG화학우,180500,182000,1500,0.83,41219,7588257500
079550,LIG넥스원,29200,28700,-500,-1.71,91502,2635994350
006260,LS,41350,40450,-900,-2.18,104137,4246283850
000680,LS네트웍스,2395,2360,-35,-1.46,16080,38167890
010120,LS산전,53100,52300,-800,-1.51,62645,3276610600
229640,LS전선아시아,8420,8080,-340,-4.04,272463,2214070650
023150,MH에탄올,6440,6220,-220,-3.42,286309,1820234450
035420,NAVER,180000,180000,0,0.0,772160,138821474500
181710,NHN,77200,77600,400,0.52,103385,8020673300
005940,NH투자증권,11350,11400,50,0.44,1014227,11445803100
005945,NH투자증권우,8660,8670,10,0.12,42790,370327290
338100,NH프라임리츠,5930,5860,-70,-1.18,51874,304650710
034310,NICE,21800,21450,-350,-1.61,73131,1579220150
008260,NI스틸,2135,2100,-35,-1.64,47956,100504385
004250,NPC,3875,3845,-30,-0.77,12490,47809280
004255,NPC우,2290,2275,-15,-0.66,6005,13444115
010060,OCI,59000,57400,-1600,-2.71,192326,11210948200
005490,POSCO,226500,224500,-2000,-0.88,253901,57198654000
100840,STC,17750,17300,-450,-2.54,14086,246625950
064960,ST모티브,39500,38450,-1050,-2.66,41246,1601686100
003570,ST중공업,6590,6570,-20,-0.3,12537,82370780
036530,ST홀딩스,14900,14750,-150,-1.01,5497,80734050
010950,S-Oil,77200,75800,-1400,-1.81,376570,28741878000
010955,S-Oil우,45250,45500,250,0.55,9184,413443600
034120,SBS,20550,19850,-700,-3.41,150188,3019398750
101060,SBS미디어홀딩스,2040,2015,-25,-1.23,227724,456519830
004060,SG세계물산,919,899,-20,-2.18,718440,650225267
001380,SG충방,1700,1635,-65,-3.82,129483,215593190
002360,SH에너지화학,1050,1050,0,0.0,3820993,4038728480
009160,SIMPAC,2680,2630,-50,-1.87,70576,187221175
123700,SJM,3410,3390,-20,-0.59,7712,26085010
025530,SJM홀딩스,3150,3135,-15,-0.48,9241,28798725
034730,SK,234500,240500,6000,2.56,266582,64061603000
011790,SKC,52300,53700,1400,2.68,555348,30122879600
018670,SK가스,76300,75600,-700,-0.92,2753,209296600
001740,SK네트웍스,5090,5020,-70,-1.38,858159,4345751570
001745,SK네트웍스우,71700,71200,-500,-0.7,1272,90671700
006120,SK디스커버리,24550,23900,-650,-2.65,64692,1558908650
006125,SK디스커버리우,16000,15900,-100,-0.63,19236,308134250
210980,SK디앤디,27200,26700,-500,-1.84,23121,621530350
068400,SK렌터카,11500,11250,-250,-2.17,82372,932596600
03473K,SK우,172000,174500,2500,1.45,13879,2410979000
096770,SK이노베이션,125000,125000,0,0.0,401074,50319594500
096775,SK이노베이션우,93000,92500,-500,-0.54,12134,1117609500
001510,SK증권,597,587,-10,-1.68,1383111,815113080
001515,SK증권우,2700,2655,-45,-1.67,27247,73552905
285130,SK케미칼,62700,60600,-2100,-3.35,220656,13507459800
28513K,SK케미칼우,28250,27200,-1050,-3.72,32952,912244900
017670,SK텔레콤,232500,229000,-3500,-1.51,279645,64271319500
000660,SK하이닉스,97900,94000,-3900,-3.98,3223436,307740532800
005610,SPC삼립,79400,76500,-2900,-3.65,13395,1038836800
011810,STX,7560,7420,-140,-1.85,9781,73474540
077970,STX엔진,6530,6510,-20,-0.31,7933,51710730
071970,STX중공업,2885,2810,-75,-2.6,112400,320690375
084870,TBH글로벌,2505,2405,-100,-3.99,39944,97347150
002710,TCC스틸,2515,2500,-15,-0.6,8463,21156950
024070,WISCOM,2660,2655,-5,-0.19,22782,60002360
037270,YGPLUS,1460,1405,-55,-3.77,238358,337873015
000500,가온전선,19600,19900,300,1.53,3024,60021200
000860,강남제비스코,19350,19200,-150,-0.78,2077,39809800
035250,강원랜드,27300,28000,700,2.56,507576,14065982750
011420,갤럭시아에스엠,2165,2085,-80,-3.7,252860,535820830
002100,경농,11050,10650,-400,-3.62,62945,679252200
009450,경동나비엔,43600,42600,-1000,-2.29,41749,1811900450
267290,경동도시가스,19600,19300,-300,-1.53,3662,70773000
012320,경동인베스트,38400,38300,-100,-0.26,3120,119052300
000050,경방,9140,9040,-100,-1.09,22032,200105730
214390,경보제약,9130,8660,-470,-5.15,260466,2316862940
012610,경인양행,8480,8300,-180,-2.12,577519,4809687130
009140,경인전자,19150,19350,200,1.04,2981,56576900
013580,계룡건설,18700,18300,-400,-2.14,3777,69765950
012200,계양전기,2930,2915,-15,-0.51,470716,1422461465
012205,계양전기우,6540,6500,-40,-0.61,56034,372124070
004200,고려개발,8370,8200,-170,-2.03,7097,58889220
002140,고려산업,3270,3090,-180,-5.5,495242,1546383610
010130,고려아연,396500,389000,-7500,-1.89,34811,13648089500
002240,고려제강,18700,18050,-650,-3.48,27883,512290800
009290,광동제약,6760,6560,-200,-2.96,243304,1616145960
017040,광명전기,2185,2170,-15,-0.69,112965,242131205
017900,광전자,2110,2060,-50,-2.37,40997,85197445
037710,광주신세계,167000,165000,-2000,-1.2,259,43068500
030610,교보증권,8920,8890,-30,-0.34,31770,280759620
007690,국도화학,43750,42600,-1150,-2.63,14388,618676950
005320,국동,1170,1155,-15,-1.28,237419,269626150
002720,국제약품,7720,7480,-240,-3.11,6408168,50520669470
083420,그린케미칼,3340,3335,-5,-0.15,50832,168151645
014530,극동유화,3540,3445,-95,-2.68,1006244,3548060455
014280,금강공업,3600,3525,-75,-2.08,73735,260113440
014285,금강공업우,8640,8350,-290,-3.36,7653,64229960
008870,금비,62100,62000,-100,-0.16,310,19206000
001570,금양,2475,2530,55,2.22,212431,533984080
002990,금호산업,9770,9530,-240,-2.46,98731,952493960
002995,금호산업우,30400,29700,-700,-2.3,2356,70768350
011780,금호석유,72600,71000,-1600,-2.2,131497,9402719300
011785,금호석유우,32400,31600,-800,-2.47,5792,183893550
214330,금호에이치티,4340,4155,-185,-4.26,236158,1004768150
001210,금호전기,3835,3610,-225,-5.87,115244,422700090
073240,금호타이어,3890,3865,-25,-0.64,340556,1315201775
092440,기신정기,3795,3730,-65,-1.71,50127,188407510
000270,기아차,42550,41950,-600,-1.41,1030375,43451637100
024110,기업은행,10800,10800,0,0.0,1051202,11425242200
013700,까뮤이앤씨,1475,1410,-65,-4.41,4263186,6281214780
004540,깨끗한나라,3940,3815,-125,-3.17,3837951,14965537130
004545,깨끗한나라우,26300,24050,-2250,-8.56,188573,4641160750
074610,나노메딕스,6810,6380,-430,-6.31,720432,4713702690
001260,남광토건,10550,10300,-250,-2.37,24866,257218100
008350,남선알미늄,4345,4330,-15,-0.35,9342472,39604244050
008355,남선알미우,36900,36450,-450,-1.22,21296,767803650
004270,남성,3190,3135,-55,-1.72,600531,1911058080
003920,남양유업,410500,408500,-2000,-0.49,810,331180000
003925,남양유업우,135000,131500,-3500,-2.59,385,50905500
002070,남영비비안,16300,16800,500,3.07,669311,11318244650
025860,남해화학,7890,7850,-40,-0.51,108841,852466300
005720,넥센,5780,5830,50,0.87,11464,65852840
005725,넥센우,3320,3315,-5,-0.15,183,606860
002350,넥센타이어,8200,8080,-120,-1.46,81339,659072190
002355,넥센타이어1우B,3375,3355,-20,-0.59,3688,12372330
003580,넥스트사이언스,7680,7380,-300,-3.91,378782,2814929570
251270,넷마블,91100,88900,-2200,-2.41,263879,23607718700
090350,노루페인트,7300,7350,50,0.68,1025046,7755988880
090355,노루페인트우,12400,13100,700,5.65,195069,2586614950
000320,노루홀딩스,11400,11150,-250,-2.19,139088,1675137350
000325,노루홀딩스우,17750,17900,150,0.85,4249,76120650
006280,녹십자,131500,129000,-2500,-1.9,65759,8611132500
005250,녹십자홀딩스,21000,20950,-50,-0.24,46969,980087750
005257,녹십자홀딩스2우,18100,17700,-400,-2.21,599,10689050
004370,농심,230000,229000,-1000,-0.43,12401,2841458000
072710,농심홀딩스,77000,76700,-300,-0.39,953,72521600
058730,다스코,6070,5980,-90,-1.48,106945,632044920
023590,다우기술,17850,18050,200,1.12,105917,1900673550
019680,대교,5750,5700,-50,-0.87,33725,192626440
019685,대교우B,3835,3795,-40,-1.04,28871,109743530
006370,대구백화점,5980,5980,0,0.0,3592,21332380
008060,대덕전자,9650,9380,-270,-2.8,486738,4613323630
00806K,대덕전자1우,6270,6210,-60,-0.96,9642,59882230
000490,대동공업,5610,5340,-270,-4.81,152562,824433290
008110,대동전자,3620,3625,5,0.14,5999,21824615
005750,대림BCo,4070,4000,-70,-1.72,24323,98293735
000210,대림산업,84500,83800,-700,-0.83,90995,7680468500
000215,대림산업우,39700,39400,-300,-0.76,2060,81096950
004440,대림씨엔에스,7190,6980,-210,-2.92,57619,406730160
006570,대림통상,4025,3960,-65,-1.61,580,2295275
001680,대상,21300,21100,-200,-0.94,108395,2286094350
001685,대상우,12750,12500,-250,-1.96,2893,36291550
084690,대상홀딩스,6110,6000,-110,-1.8,48288,291538550
084695,대상홀딩스우,5760,5740,-20,-0.35,1539,8839450
128820,대성산업,3415,3375,-40,-1.17,125849,427018515
117580,대성에너지,5040,5000,-40,-0.79,48263,242246965
016710,대성홀딩스,8130,8120,-10,-0.12,14445,116602840
003540,대신증권,11000,10900,-100,-0.91,132054,1433606100
003547,대신증권2우B,7950,7900,-50,-0.63,12704,99915270
003545,대신증권우,8610,8560,-50,-0.58,34629,297612510
009190,대양금속,4030,3905,-125,-3.1,937918,3688622045
014160,대영포장,1125,1155,30,2.67,3834463,4388749220
047040,대우건설,4470,4375,-95,-2.13,811704,3589116805
009320,대우부품,2370,2400,30,1.27,23249230,59224043140
042660,대우조선해양,25550,25400,-150,-0.59,107163,2713327000
003090,대웅,11950,11800,-150,-1.26,27746,326216900
069620,대웅제약,125000,121500,-3500,-2.8,29057,3556176000
000430,대원강업,3375,3360,-15,-0.44,30466,102927580
006340,대원전선,1100,1080,-20,-1.82,171611,185832340
006345,대원전선우,2565,2500,-65,-2.53,15648,39523810
003220,대원제약,17200,16400,-800,-4.65,555681,9522846550
024890,대원화성,1430,1380,-50,-3.5,169694,235779310
002880,대유에이텍,882,855,-27,-3.06,286462,246997835
000300,대유플러스,729,713,-16,-2.19,140476,101172130
012800,대창,1370,1330,-40,-2.92,1548478,2083754620
015230,대창단조,28400,28100,-300,-1.06,1687,47746000
001070,대한방직,19900,19900,0,0.0,2164,42998250
006650,대한유화,100000,97400,-2600,-2.6,40022,3939550700
001440,대한전선,620,608,-12,-1.94,1020679,621958428
084010,대한제강,5640,5540,-100,-1.77,39865,222219360
001790,대한제당,19300,19250,-50,-0.26,6082,115860050
001799,대한제당3우B,23650,23450,-200,-0.85,267,6229650
001795,대한제당우,12550,12500,-50,-0.4,6236,77758750
001130,대한제분,135500,134500,-1000,-0.74,1527,205965000
003490,대한항공,23850,23800,-50,-0.21,445228,10596436150
003495,대한항공우,18100,17700,-400,-2.21,23058,406891400
005880,대한해운,20550,20550,0,0.0,55688,1146547650
003830,대한화섬,84600,84000,-600,-0.71,117,9829600
016090,대현,2340,2275,-65,-2.78,116805,267628190
069460,대호에이엘,3170,3260,90,2.84,1834307,6135642435
192080,더블유게임즈,49100,48350,-750,-1.53,43040,2079761650
012510,더존비즈온,89600,90200,600,0.67,177183,16058410644
004830,덕성,2900,2810,-90,-3.1,101715,284999945
004835,덕성우,3330,3305,-25,-0.75,7253,23932815
024900,덕양산업,1265,1245,-20,-1.58,193292,241807695
145720,덴티움,49750,49000,-750,-1.51,39516,1947219150
002150,도화엔지니어링,8020,7980,-40,-0.5,82294,660034580
001230,동국제강,5020,4935,-85,-1.69,283372,1410750830
023450,동남합성,24500,24300,-200,-0.82,788,19244600
004140,동방,1445,1420,-25,-1.73,162932,232490105
007590,동방아그로,6630,6560,-70,-1.06,5861,38597630
005960,동부건설,8030,8230,200,2.49,86003,720179320
005965,동부건설우,21050,20800,-250,-1.19,2493,52662000
016380,동부제철,7420,7250,-170,-2.29,15434,112314100
016385,동부제철우,70400,69600,-800,-1.14,156,10896400
083370,동북아12호,5020,5020,0,0.0,0,0
083380,동북아13호,5000,4990,-10,-0.2,300,1497000
026960,동서,16250,16200,-50,-0.31,90802,1471367050
002210,동성제약,15750,14950,-800,-5.08,329630,5052660600
102260,동성코퍼레이션,4685,4605,-80,-1.71,72254,334033190
005190,동성화학,17250,17000,-250,-1.45,14266,242982600
000640,동아쏘시오홀딩스,95600,94500,-1100,-1.15,8289,786627600
170900,동아에스티,96300,95400,-900,-0.93,16251,1555268700
028100,동아지질,17050,16800,-250,-1.47,115451,1916909700
282690,동아타이어,11700,11400,-300,-2.56,3059,35103600
001520,동양,1155,1125,-30,-2.6,325138,369696525
001527,동양2우B,9280,9260,-20,-0.22,64,586980
001529,동양3우B,27050,27600,550,2.03,48,1326100
084670,동양고속,26650,26400,-250,-0.94,1885,49885000
030790,동양네트웍스,416,417,1,0.24,99193417,45015015917
002900,동양물산,1110,1050,-60,-5.41,1666004,1776080570
082640,동양생명,3585,3535,-50,-1.39,79802,284227245
001525,동양우,6200,6210,10,0.16,724,4422080
008970,동양철관,1010,999,-11,-1.09,834061,832724717
092780,동양피스톤,4835,4915,80,1.65,104308,514437545
049770,동원FB,214500,211500,-3000,-1.4,4087,865291500
018500,동원금속,928,901,-27,-2.91,306873,277840066
006040,동원산업,199500,201000,1500,0.75,1966,391864000
030720,동원수산,10600,10550,-50,-0.47,120717,1269517100
014820,동원시스템즈,26300,25500,-800,-3.04,39064,999285700
014825,동원시스템즈우,28900,27900,-1000,-3.46,658,18155250
163560,동일고무벨트,5960,5970,10,0.17,47053,278570120
004890,동일산업,53200,53200,0,0.0,1325,70437500
002690,동일제강,2485,2480,-5,-0.2,24401,60189520
000020,동화약품,8150,8000,-150,-1.84,239447,1934449060
000150,두산,66000,65000,-1000,-1.52,45498,2972018900
000157,두산2우B,59500,59700,200,0.34,22,1313300
011160,두산건설,1465,1385,-80,-5.46,264633,373110295
241560,두산밥캣,31000,30800,-200,-0.65,131610,4080249150
336370,두산솔루스,28200,28750,550,1.95,918683,26610635450
33637K,두산솔루스1우,8300,8880,580,6.99,606278,5475490510
33637L,두산솔루스2우B,21650,23250,1600,7.39,536951,13196201550
000155,두산우,58500,58300,-200,-0.34,2946,170796100
042670,두산인프라코어,5050,4960,-90,-1.78,928688,4629987010
034020,두산중공업,5950,5610,-340,-5.71,2112366,12087188680
336260,두산퓨얼셀,8100,7920,-180,-2.22,899810,7216381670
33626K,두산퓨얼셀1우,4140,4110,-30,-0.72,138963,579838410
33626L,두산퓨얼셀2우B,10200,10400,200,1.96,285088,3092540050
016740,두올,3490,3355,-135,-3.87,602536,2045805290
192650,드림텍,6500,6460,-40,-0.62,492411,3197700750
024090,디씨엠,12050,11800,-250,-2.07,2304,27407300
003160,디아이,3450,3350,-100,-2.9,114018,388568275
092200,디아이씨,1975,1935,-40,-2.03,103659,201929015
013570,디와이,5340,5240,-100,-1.87,97445,507915900
210540,디와이파워,10300,10300,0,0.0,47243,480705450
007340,디티알오토모티브,29000,29000,0,0.0,5422,157074450
026890,디피씨,5180,5080,-100,-1.93,815979,4193958540
115390,락앤락,14550,14100,-450,-3.09,518978,7611511450
032350,롯데관광개발,13500,13200,-300,-2.22,293275,3872524950
330590,롯데리츠,5570,5570,0,0.0,1451177,8022216100
000400,롯데손해보험,1715,1705,-10,-0.58,287788,489435125
023530,롯데쇼핑,120500,118000,-2500,-2.07,114039,13539278500
004000,롯데정밀화학,40150,40000,-150,-0.37,61382,2456627150
286940,롯데정보통신,40850,40850,0,0.0,29714,1211502450
280360,롯데제과,142500,139500,-3000,-2.11,4279,595361000
004990,롯데지주,37300,36200,-1100,-2.95,236753,8657823500
00499K,롯데지주우,71700,65200,-6500,-9.07,77166,5204156500
005300,롯데칠성,124500,122500,-2000,-1.61,15252,1878837000
005305,롯데칠성우,66700,64900,-1800,-2.7,1942,127285900
011170,롯데케미칼,197000,195000,-2000,-1.02,108078,21216289000
002270,롯데푸드,370500,371000,500,0.13,1655,613118000
071840,롯데하이마트,26650,26400,-250,-0.94,68221,1812398750
027740,마니커,803,790,-13,-1.62,2975258,2353896739
204320,만도,36300,34400,-1900,-5.23,677811,23794287100
001080,만호제강,14600,14600,0,0.0,3753,53943500
088980,맥쿼리인프라,11650,11650,0,0.0,680363,7916869100
094800,맵스리얼티1,4760,4775,15,0.32,25363,121057445
015540,메디파트너생명공학,5190,5110,-80,-1.54,29476,150705430
138040,메리츠금융지주,10350,10250,-100,-0.97,98410,1014750400
008560,메리츠종금증권,3490,3690,200,5.73,7267035,26910286975
000060,메리츠화재,15400,15450,50,0.32,166451,2578810850
090370,메타랩스,1215,1190,-25,-2.06,316478,375196115
017180,명문제약,5080,4940,-140,-2.76,842763,4273215740
012690,모나리자,7400,7420,20,0.27,1992699,14661927000
005360,모나미,3365,3190,-175,-5.2,257833,838899235
204210,모두투어리츠,2950,2950,0,0.0,4064,11871180
009680,모토닉,8810,9330,520,5.9,278057,2568231160
009580,무림PP,4050,3960,-90,-2.22,187641,747135615
009200,무림페이퍼,2580,2540,-40,-1.55,115731,294549905
033920,무학,8190,8150,-40,-0.49,22643,184971220
008420,문배철강,2425,2365,-60,-2.47,70217,167212495
025560,미래산업,128,126,-2,-1.56,8710101,1106123257
007120,미래아이앤지,318,305,-13,-4.09,960240,297853916
006800,미래에셋대우,7180,7030,-150,-2.09,2181040,15412053160
00680K,미래에셋대우2우B,3875,3830,-45,-1.16,158939,610153255
006805,미래에셋대우우,4270,4190,-80,-1.87,24186,101915655
085620,미래에셋생명,3700,3640,-60,-1.62,88908,326490305
002840,미원상사,59300,58900,-400,-0.67,412,24307400
268280,미원에스씨,74500,73900,-600,-0.81,3597,267256300
107590,미원홀딩스,41050,41200,150,0.37,3371,138432650
134380,미원화학,44400,44100,-300,-0.68,255,11387500
003650,미창석유,75300,75800,500,0.66,157,11897600
155900,바다로19호,2905,2905,0,0.0,12998,37702960
003610,방림,1960,1970,10,0.51,5923,11611835
001340,백광산업,3300,3110,-190,-5.76,2459062,7676669130
014580,백광소재,4500,4225,-275,-6.11,1378005,5956871870
035150,백산,9130,8200,-930,-10.19,854231,7254593090
002410,범양건영,3220,3075,-145,-4.5,1563894,4807897215
096300,베트남개발1,334,329,-5,-1.5,471132,156347783
007210,벽산,1805,1725,-80,-4.43,498746,876324045
002760,보락,2415,2260,-155,-6.42,6449823,15424256505
003850,보령제약,14350,14050,-300,-2.09,297211,4168295900
000890,보해양조,1085,1050,-35,-3.23,2782113,2943419345
003000,부광약품,14250,14000,-250,-1.75,216787,3065950200
001270,부국증권,20450,19950,-500,-2.44,2658,53392250
001275,부국증권우,18200,18250,50,0.27,611,11131550
026940,부국철강,4815,4625,-190,-3.95,176600,823541100
015350,부산가스,34700,34550,-150,-0.43,2144,74088950
011390,부산산업,138000,131000,-7000,-5.07,26126,3481487500
005030,부산주공,443,441,-2,-0.45,121357,53656750
100220,비상교육,7340,7250,-90,-1.23,16604,120190550
101140,비티원,2710,2520,-190,-7.01,345459,896951785
005180,빙그레,53100,53000,-100,-0.19,10203,542180200
003960,사조대림,15250,14900,-350,-2.3,34262,508870900
008040,사조동아원,1005,995,-10,-1.0,429198,427865542
007160,사조산업,34450,33600,-850,-2.47,21711,730214250
014710,사조씨푸드,4980,4900,-80,-1.61,29813,145928070
006090,사조오양,7340,7280,-60,-0.82,25247,181986440
005090,삼광글라스,29100,28550,-550,-1.89,9071,261891900
001470,삼부토건,664,656,-8,-1.2,639992,424639834
006400,삼성SDI,287000,287000,0,0.0,638954,185418178000
006405,삼성SDI우,116500,117500,1000,0.86,31203,3708548000
006660,삼성공조,7560,7500,-60,-0.79,6046,45242460
028260,삼성물산,113500,110500,-3000,-2.64,448272,49640929500
02826K,삼성물산우B,79400,78200,-1200,-1.51,2823,220946300
207940,삼성바이오로직스,491000,495000,4000,0.81,161574,79359078000
032830,삼성생명,69700,69400,-300,-0.43,390442,27125768060
018260,삼성에스디에스,198000,201000,3000,1.52,221159,44184833500
028050,삼성엔지니어링,17950,17350,-600,-3.34,1105266,19375941250
009150,삼성전기,132500,126000,-6500,-4.91,1115743,142521395500
009155,삼성전기우,51100,49250,-1850,-3.62,17526,877608800
005930,삼성전자,59100,57200,-1900,-3.21,20821939,1202914994182
005935,삼성전자우,49600,47950,-1650,-3.33,2526970,122880199300
001360,삼성제약,4315,4150,-165,-3.82,2115811,8968015360
010140,삼성중공업,6860,6790,-70,-1.02,2508599,17096776200
010145,삼성중공우,64300,63400,-900,-1.4,507,32127900
016360,삼성증권,36350,35400,-950,-2.61,274189,9739938850
068290,삼성출판사,23100,22300,-800,-3.46,268929,6142161400
029780,삼성카드,36550,37200,650,1.78,90395,3361061050
000810,삼성화재,214000,210500,-3500,-1.64,105170,22231014500
000815,삼성화재우,150500,151000,500,0.33,6309,944411500
006110,삼아알미늄,4390,4320,-70,-1.59,9094,39565490
145990,삼양사,43600,43000,-600,-1.38,24515,1055630250
145995,삼양사우,31350,30700,-650,-2.07,2438,75410450
003230,삼양식품,106000,103000,-3000,-2.83,33178,3448646000
002170,삼양통상,62900,61900,-1000,-1.59,4211,261959800
272550,삼양패키징,16300,16050,-250,-1.53,16265,262224050
000070,삼양홀딩스,57700,57200,-500,-0.87,8921,513245600
000075,삼양홀딩스우,41550,41150,-400,-0.96,1028,42388300
002810,삼영무역,15850,15750,-100,-0.63,7925,124844100
005680,삼영전자,8570,8550,-20,-0.23,25013,213800320
003720,삼영화학,1175,1170,-5,-0.43,157616,184506160
023000,삼원강재,2880,2830,-50,-1.74,14926,42360790
004380,삼익THK,14500,13900,-600,-4.14,104702,1451771650
002450,삼익악기,1935,1865,-70,-3.62,703010,1324487485
000520,삼일제약,22150,20950,-1200,-5.42,127812,2729560850
009770,삼정펄프,30950,30200,-750,-2.42,195,5931200
005500,삼진제약,25150,25200,50,0.2,133614,3357576600
004690,삼천리,80500,80000,-500,-0.62,3890,311729400
001880,삼호,19250,19250,0,0.0,5245,100216800
010960,삼호개발,4175,4115,-60,-1.44,183190,751858580
004450,삼화왕관,44550,44100,-450,-1.01,77,3381050
009470,삼화전기,15600,17350,1750,11.22,2100158,37815465000
011230,삼화전자,2750,2850,100,3.64,2364971,7257209430
001820,삼화콘덴서,58600,59100,500,0.85,461911,27725965900
000390,삼화페인트,4920,4900,-20,-0.41,26866,132171550
001290,상상인증권,1285,1265,-20,-1.56,156749,199991335
041650,상신브레이크,3495,3445,-50,-1.43,16341,56383695
075180,새론오토모티브,4570,4495,-75,-1.64,2966,13374020
007540,샘표,38900,39650,750,1.93,12782,507726950
248170,샘표식품,32350,31750,-600,-1.85,12642,404140000
007860,서연,2980,2935,-45,-1.51,60534,177071480
200880,서연이화,5070,4915,-155,-3.06,258040,1282909070
017390,서울가스,70500,69100,-1400,-1.99,86,5948300
004410,서울식품,163,161,-2,-1.23,1005210,161425002
004415,서울식품우,3265,3210,-55,-1.68,13260,42626530
021050,서원,3490,3585,95,2.72,6387439,22527798255
008490,서흥,36850,36100,-750,-2.04,19565,714133950
007610,선도전기,2880,2840,-40,-1.39,105151,294918560
136490,선진,9170,9010,-160,-1.74,13192,119443550
002820,선창산업,4070,4030,-40,-0.98,4011,16199805
014910,성문전자,2095,1995,-100,-4.77,195588,396280330
014915,성문전자우,11650,11350,-300,-2.58,5669,64584700
003080,성보화학,4210,4205,-5,-0.12,8732,36726930
004980,성신양회,6610,6430,-180,-2.72,154934,1005901250
004985,성신양회우,8880,8730,-150,-1.69,3865,34001690
011300,성안,660,634,-26,-3.94,215863,138614957
000180,성창기업지주,1600,1545,-55,-3.44,210424,325493855
002420,세기상사,59400,58000,-1400,-2.36,1233,72196900
004360,세방,10300,10150,-150,-1.46,11342,116146050
004365,세방우,6280,6270,-10,-0.16,48,297040
004490,세방전지,34350,33650,-700,-2.04,14826,501531700
001430,세아베스틸,13500,13250,-250,-1.85,44109,588615900
306200,세아제강,55800,54300,-1500,-2.69,2612,142407100
003030,세아제강지주,43200,41300,-1900,-4.4,3834,160557950
019440,세아특수강,11950,11750,-200,-1.67,6422,75871400
058650,세아홀딩스,73300,72000,-1300,-1.77,762,55074900
013000,세우글로벌,1925,1820,-105,-5.45,803318,1501090375
091090,세원셀론텍,2665,2655,-10,-0.38,157115,420065350
021820,세원정공,8090,8090,0,0.0,0,0
067830,세이브존IC,2995,2930,-65,-2.17,70018,205490415
033530,세종공업,4765,4855,90,1.89,327330,1602975980
075580,세진중공업,4155,4125,-30,-0.72,92346,376756635
027970,세하,2340,2210,-130,-5.56,144809,316611570
145210,세화아이엠씨,2990,2990,0,0.0,0,0
308170,센트랄모텍,36700,41700,5000,13.62,7572441,318617635000
068270,셀트리온,171000,167000,-4000,-2.34,632053,106655278500
004430,송원산업,13800,13600,-200,-1.45,113624,1548514650
017550,수산중공업,2080,2020,-60,-2.88,915747,1850444135
002200,수출포장,19700,19700,0,0.0,18176,357329050
053210,스카이라이프,8570,8510,-60,-0.7,37407,318877330
134790,시디즈,47850,47200,-650,-1.36,1409,66942800
016590,신대양제지,67300,65900,-1400,-2.08,16167,1072278700
029530,신도리코,34500,34150,-350,-1.01,1062,36354800
004970,신라교역,11250,11250,0,0.0,19106,215712300
011930,신성이엔지,942,923,-19,-2.02,465558,434999127
005390,신성통상,1390,1325,-65,-4.68,1429900,1904673650
004170,신세계,278500,266000,-12500,-4.49,123403,33313934500
035510,신세계IC,116500,114000,-2500,-2.15,7384,853856000
034300,신세계건설,26350,26400,50,0.19,10158,266837050
031430,신세계인터내셔날,213500,211000,-2500,-1.17,52914,11147691000
031440,신세계푸드,68400,67500,-900,-1.32,5377,362257400
006880,신송홀딩스,3795,3580,-215,-5.67,149646,544668225
005800,신영와코루,97400,97200,-200,-0.21,13,1265900
001720,신영증권,52900,52600,-300,-0.57,2092,110470300
001725,신영증권우,52700,52700,0,0.0,2392,125437400
009270,신원,1755,1700,-55,-3.13,713256,1224726620
009275,신원우,41700,41900,200,0.48,60,2491350
002700,신일산업,2015,1895,-120,-5.96,2959327,5750155600
019170,신풍제약,7130,7010,-120,-1.68,2306525,16822375720
019175,신풍제약우,6770,6750,-20,-0.3,333287,2354922260
002870,신풍제지,1485,1425,-60,-4.04,52467,76363500
005450,신한,4945,4945,0,0.0,0,0
293940,신한알파리츠,7520,7480,-40,-0.53,72091,541765100
055550,신한지주,39800,39900,100,0.25,1064052,42415507300
001770,신화실업,20900,20900,0,0.0,0,0
004080,신흥,9410,9400,-10,-0.11,3508,32517670
102280,쌍방울,1450,1325,-125,-8.62,28221857,39009210230
003410,쌍용양회,5020,5040,20,0.4,884157,4468088535
003415,쌍용양회우,10800,10800,0,0.0,3627,38436100
003620,쌍용차,2055,1995,-60,-2.92,438646,879382970
004770,써니전자,4615,4535,-80,-1.73,3411565,15620536265
004920,씨아이테크,401,400,-1,-0.25,157554,62220508
112610,씨에스윈드,37000,36850,-150,-0.41,42731,1585050400
008700,아남전자,2030,1995,-35,-1.72,261350,521359705
002790,아모레G,77400,74000,-3400,-4.39,101839,7609669500
00279K,아모레G3우전환,51700,49200,-2500,-4.84,24121,1202846250
002795,아모레G우,30050,29350,-700,-2.33,5882,173211500
090430,아모레퍼시픽,202500,194000,-8500,-4.2,501382,97390363500
090435,아모레퍼시픽우,90100,87500,-2600,-2.89,13095,1162088000
002030,아세아,99700,100000,300,0.3,8536,851049600
183190,아세아시멘트,69800,68200,-1600,-2.29,6706,456774900
002310,아세아제지,35350,34600,-750,-2.12,40856,1426019250
267850,아시아나IDT,18500,18000,-500,-2.7,78393,1418111100
020560,아시아나항공,4760,4650,-110,-2.31,1113880,5194974330
122900,아이마켓코리아,9470,9300,-170,-1.8,28780,269603070
010780,아이에스동서,29200,28800,-400,-1.37,50153,1453649500
033660,아주캐피탈,12400,12450,50,0.4,12036,150221950
001780,알루코,2530,2450,-80,-3.16,243431,598813550
018250,애경산업,31250,30050,-1200,-3.84,266808,8213504100
161000,애경유화,8250,8150,-100,-1.21,115157,935794650
011090,에넥스,1350,1335,-15,-1.11,3293157,4363745035
005850,에스엘,17800,17200,-600,-3.37,106487,1844503750
012750,에스원,92800,91400,-1400,-1.51,53996,4979914800
023960,에쓰씨엔지니어링,1380,1390,10,0.72,34614,47543435
298690,에어부산,5320,5280,-40,-0.75,483051,2563972290
140910,에이리츠,6110,6110,0,0.0,20327,122740470
078520,에이블씨엔씨,10850,10150,-700,-6.45,373530,3829872200
015260,에이엔피,323,321,-2,-0.62,193569,62429976
007460,에이프로젠KIC,2695,2825,130,4.82,23474734,65819444245
003060,에이프로젠제약,1535,1450,-85,-5.54,16340747,24352369275
036570,엔씨소프트,649000,655000,6000,0.92,77424,50794584000
138250,엔에스쇼핑,8950,8860,-90,-1.01,16915,149180870
085310,엔케이,1130,1120,-10,-0.88,315283,357252110
009810,엔케이물산,1020,956,-64,-6.27,2939773,2840890182
900140,엘브이엠씨홀딩스,4105,4050,-55,-1.34,145074,586088370
014440,영보화학,3300,3300,0,0.0,18978,62208120
111770,영원무역,31100,30650,-450,-1.45,111687,3422584550
009970,영원무역홀딩스,42200,41100,-1100,-2.61,4230,174930500
003520,영진약품,5810,5610,-200,-3.44,759599,4333778240
000670,영풍,626000,623000,-3000,-0.48,1191,741122000
006740,영풍제지,3410,3370,-40,-1.17,52819,178774640
012280,영화금속,1665,1575,-90,-5.41,3419840,5736378490
012160,영흥철강,1125,1105,-20,-1.78,131766,146099170
015360,예스코홀딩스,36400,36400,0,0.0,3153,115469550
007310,오뚜기,519000,514000,-5000,-0.96,2928,1511546000
079440,오렌지라이프,27500,27500,0,0.0,0,0
002630,오리엔트바이오,364,336,-28,-7.69,16865384,5769752248
271560,오리온,105500,104000,-1500,-1.42,63360,6626250000
001800,오리온홀딩스,16050,15700,-350,-2.18,60004,949785150
070960,용평리조트,5680,5500,-180,-3.17,246986,1372533380
316140,우리금융지주,10400,10400,0,0.0,1723167,17897878250
004720,우리들제약,7210,6730,-480,-6.66,413847,2877146490
118000,우리들휴브레인,5780,5010,-770,-13.32,5730783,29408572665
010050,우리종금,600,595,-5,-0.83,786827,468814345
006980,우성사료,3235,3070,-165,-5.1,1042749,3273241880
017370,우신시스템,4840,4785,-55,-1.14,6387,30426380
105840,우진,3975,3930,-45,-1.13,78351,306786135
010400,우진아이엔에스,8730,9050,320,3.67,176479,1615166680
049800,우진플라임,3295,3305,10,0.3,18743,61684945
016880,웅진,1340,1280,-60,-4.48,1458036,1893895480
095720,웅진씽크빅,2370,2285,-85,-3.59,704346,1623612675
103130,웅진에너지,914,914,0,0.0,0,0
021240,웅진코웨이,88500,88700,200,0.23,239862,21286966800
005820,원림,19150,19150,0,0.0,2198,41670050
010600,웰바이오텍,2735,2710,-25,-0.91,656556,1787384040
008600,윌비스,1665,1585,-80,-4.8,3720010,6007243660
033270,유나이티드제약,17500,17000,-500,-2.86,70954,1221772750
014830,유니드,43700,43250,-450,-1.03,10256,444186300
000910,유니온,3640,3530,-110,-3.02,109728,388826100
047400,유니온머티리얼,2325,2275,-50,-2.15,170861,392464530
011330,유니켐,1915,1840,-75,-3.92,456215,854035570
077500,유니퀘스트,7220,6920,-300,-4.16,256563,1804344050
002920,유성기업,2530,2525,-5,-0.2,16104,40726570
000700,유수홀딩스,6400,6370,-30,-0.47,23081,145234280
003470,유안타증권,2830,2760,-70,-2.47,260841,723582070
003475,유안타증권우,2090,2095,5,0.24,7575,15771150
011690,유양디앤유,4685,4290,-395,-8.43,462362,2029156605
072130,유엔젤,5010,4730,-280,-5.59,339478,1629579460
000220,유유제약,13150,12500,-650,-4.94,550847,7183883350
000225,유유제약1우,7860,7600,-260,-3.31,66394,506865670
000227,유유제약2우B,19100,18750,-350,-1.83,3665,68825400
001200,유진투자증권,2450,2410,-40,-1.63,207770,502462725
000100,유한양행,225000,222500,-2500,-1.11,26128,5840815000
000105,유한양행우,206000,205500,-500,-0.24,23,4751500
003460,유화증권,11850,11650,-200,-1.69,5013,58572000
003465,유화증권우,12700,12700,0,0.0,1,12700
008730,율촌화학,12950,12700,-250,-1.93,60470,773032750
008250,이건산업,6660,6640,-20,-0.3,49309,323996070
025820,이구산업,1700,1670,-30,-1.76,192741,319409045
214320,이노션,69900,71400,1500,2.15,93508,6709566200
088260,이리츠코크렙,6210,6190,-20,-0.32,38551,239516180
139480,이마트,113500,113000,-500,-0.44,171327,19253456500
007660,이수페타시스,4080,4000,-80,-1.96,393506,1570018030
005950,이수화학,9450,9380,-70,-0.74,37652,348962210
015020,이스타코,746,748,2,0.27,1138700,877844849
093230,이아이디,210,212,2,0.95,9875473,2127614079
102460,이연제약,14650,14300,-350,-2.39,35809,512588850
084680,이월드,5390,5100,-290,-5.38,1149143,5939707150
000760,이화산업,14750,14600,-150,-1.02,1519,22265900
014990,인디에프,2185,2075,-110,-5.03,574805,1207776085
006490,인스코비,3035,2915,-120,-3.95,785341,2322226640
023800,인지컨트롤스,4805,4800,-5,-0.1,75594,367555255
034590,인천도시가스,28050,28000,-50,-0.18,442,12381100
129260,인터지스,2205,2180,-25,-1.13,19089,41336040
023810,인팩,3700,3665,-35,-0.95,7793,28714580
249420,일동제약,16800,16150,-650,-3.87,151124,2479924900
000230,일동홀딩스,10250,9990,-260,-2.54,26156,263109100
013360,일성건설,1255,1225,-30,-2.39,261921,319382795
003120,일성신약,86300,83900,-2400,-2.78,5170,434108500
003200,일신방직,68700,67600,-1100,-1.6,2174,146637900
007110,일신석재,2420,2285,-135,-5.58,1795576,4201686750
007570,일양약품,25250,24300,-950,-3.76,235418,5783093200
007575,일양약품우,18250,17150,-1100,-6.03,3921,68548100
008500,일정실업,16650,16500,-150,-0.9,99,1641400
081000,일진다이아,27200,27850,650,2.39,216106,6036138800
020760,일진디스플,5740,5630,-110,-1.92,601252,3422042050
020150,일진머티리얼즈,51000,49650,-1350,-2.65,917696,46618774450
103590,일진전기,3210,3145,-65,-2.02,68847,216059485
015860,일진홀딩스,4935,4780,-155,-3.14,367177,1777974550
226320,잇츠한불,18100,17750,-350,-1.93,34647,612892350
317400,자이에스앤디,5860,5710,-150,-2.56,183347,1056402190
033240,자화전자,10650,10250,-400,-3.76,135453,1405179400
000950,전방,14250,14250,0,0.0,749,10632500
194370,제이에스코퍼레이션,11600,10950,-650,-5.6,31033,346689550
025620,제이준코스메틱,4160,4005,-155,-3.73,375166,1514753905
036420,제이콘텐트리,40600,40500,-100,-0.25,143350,5818216100
030000,제일기획,21950,21500,-450,-2.05,374259,8085062000
271980,제일약품,32850,32350,-500,-1.52,10865,355670350
001560,제일연마,6940,6790,-150,-2.16,35296,239025940
002620,제일파마홀딩스,16750,16350,-400,-2.39,9726,162733700
006220,제주은행,3815,3780,-35,-0.92,15104,57200445
089590,제주항공,22350,21950,-400,-1.79,91671,2006618200
004910,조광페인트,5230,5200,-30,-0.57,12656,65178210
004700,조광피혁,37000,36900,-100,-0.27,1311,48700950
001550,조비,15300,14600,-700,-4.58,23025,341574650
000480,조선내화,80700,80400,-300,-0.37,4674,374403900
120030,조선선재,80500,79800,-700,-0.87,713,56528000
018470,조일알미늄,739,737,-2,-0.27,79179,58427408
002600,조흥,139000,137500,-1500,-1.08,18,2466500
185750,종근당,94200,94000,-200,-0.21,21572,2032931800
063160,종근당바이오,29200,28350,-850,-2.91,37213,1068668600
001630,종근당홀딩스,108000,108000,0,0.0,38589,4252119000
044380,주연테크,825,795,-30,-3.64,4294003,3404703250
013890,지누스,104000,107500,3500,3.37,138976,14749303500
013870,지엠비코리아,5740,5580,-160,-2.79,1609104,9444535450
071320,지역난방공사,42900,42100,-800,-1.86,5227,222374650
010580,지코,438,420,-18,-4.11,11864782,5250408134
035000,지투알,5810,5730,-80,-1.38,19013,109066490
088790,진도,3565,3400,-165,-4.63,5927,20772900
003780,진양산업,4165,4020,-145,-3.48,185579,755243075
010640,진양폴리,3735,3845,110,2.95,287252,1093356635
100250,진양홀딩스,2545,2490,-55,-2.16,25215,63072290
051630,진양화학,5370,5170,-200,-3.72,160537,836073340
272450,진에어,14350,14200,-150,-1.05,89457,1267476550
011000,진원생명과학,5350,5950,600,11.21,3268916,17406617595
002780,진흥기업,2335,2290,-45,-1.93,127430,292515780
002787,진흥기업2우B,14950,14450,-500,-3.34,3635,53329750
002785,진흥기업우B,4990,4980,-10,-0.2,4236,21101440
009310,참엔지니어링,1500,1450,-50,-3.33,125856,183730785
000650,천일고속,66200,66000,-200,-0.3,277,18295900
012600,청호컴넷,3600,3325,-275,-7.64,171861,584262430
033250,체시스,3550,3050,-500,-14.08,4551653,14505136605
001140,카리스국보,2015,1895,-120,-5.96,435403,834426585
035720,카카오,163500,162000,-1500,-0.92,418908,68179490000
006380,카프로,3070,3020,-50,-1.63,70736,216016250
109070,컨버즈,1230,1235,5,0.41,368308,456493225
001620,케이비아이동국실업,670,660,-10,-1.49,113770,75161385
029460,케이씨,17250,16550,-700,-4.06,100924,1694770350
344820,케이씨씨글라스,38050,35950,-2100,-5.52,513584,18973075800
281820,케이씨텍,21900,21500,-400,-1.83,163924,3552875000
145270,케이탑리츠,925,924,-1,-0.11,334551,309853741
007815,코리아써우,3520,3520,0,0.0,4548,15965905
007810,코리아써키트,11000,10500,-500,-4.55,318486,3372922450
00781K,코리아써키트2우B,4940,4870,-70,-1.42,2175,10402630
152330,코리아오토글라스,15450,15050,-400,-2.59,31344,474444600
003690,코리안리,8840,8770,-70,-0.79,230737,2018061700
192820,코스맥스,73500,70600,-2900,-3.95,184742,13196475500
044820,코스맥스비티아이,13050,12400,-650,-4.98,42025,525645050
005070,코스모신소재,11050,10900,-150,-1.36,1889307,21155872950
005420,코스모화학,9040,9300,260,2.88,7224958,68054145270
071950,코아스,1280,1250,-30,-2.34,210267,263757615
002020,코오롱,15900,15700,-200,-1.26,20826,328264250
003070,코오롱글로벌,9060,8990,-70,-0.77,14671,132412170
003075,코오롱글로벌우,16450,16750,300,1.82,10078,173571250
144620,코오롱머티리얼,2165,2285,120,5.54,10581167,24714441905
002025,코오롱우,9700,9630,-70,-0.72,3642,34915650
120110,코오롱인더,44300,43150,-1150,-2.6,105043,4554399700
120115,코오롱인더우,20800,20200,-600,-2.88,5880,119739000
138490,코오롱플라스틱,4145,4065,-80,-1.93,73669,301407680
031820,콤텍시스템,1565,1535,-30,-1.92,1475244,2304326930
192400,쿠쿠홀딩스,107000,105000,-2000,-1.87,8857,936312000
284740,쿠쿠홈시스,39350,37900,-1450,-3.68,58241,2205731000
015590,큐로,1065,1070,5,0.47,1838919,1953079790
264900,크라운제과,8230,8140,-90,-1.09,14674,119758920
26490K,크라운제과우,7450,7380,-70,-0.94,4161,30693300
005740,크라운해태홀딩스,10350,10250,-100,-0.97,55743,571900050
005745,크라운해태홀딩스우,12400,12300,-100,-0.81,18147,224350300
020120,키다리스튜디오,3640,3540,-100,-2.75,36822,130202220
039490,키움증권,72700,71400,-1300,-1.79,63128,4549062900
012170,키위미디어그룹,150,150,0,0.0,0,0
015890,태경산업,5560,5480,-80,-1.44,35676,196631910
006890,태경화학,5090,4990,-100,-1.96,48997,246665010
003240,태광산업,950000,939000,-11000,-1.16,495,467298000
011280,태림포장,3655,3535,-120,-3.28,401960,1436423480
004100,태양금속,1330,1260,-70,-5.26,458765,590397870
004105,태양금속우,2920,2910,-10,-0.34,24548,71082510
009410,태영건설,14250,13900,-350,-2.46,314994,4367873500
009415,태영건설우,8010,7760,-250,-3.12,59619,464393980
001420,태원물산,4240,4200,-40,-0.94,20230,84355910
007980,태평양물산,2450,2410,-40,-1.63,106008,254394170
055490,테이팩스,20650,20450,-200,-0.97,7763,159001350
078000,텔코웨어,12800,12500,-300,-2.34,14251,179016800
214420,토니모리,11350,10650,-700,-6.17,254172,2764061600
019180,티에이치엔,3970,3885,-85,-2.14,124935,490000500
091810,티웨이항공,4885,4770,-115,-2.35,210299,1003574740
004870,티웨이홀딩스,1510,1450,-60,-3.97,300272,441093890
005690,파미셀,8480,8040,-440,-5.19,867787,7118571660
036580,팜스코,4375,4220,-155,-3.54,134169,573275905
028670,팬오션,4040,4010,-30,-0.74,997920,4018751930
010820,퍼스텍,2170,2145,-25,-1.15,501940,1094764915
016800,퍼시스,28500,28150,-350,-1.23,612,17253950
001020,페이퍼코리아,544,528,-16,-2.94,144705,76602459
090080,평화산업,1250,1290,40,3.2,4245642,5728364060
010770,평화홀딩스,3615,3730,115,3.18,368482,1414940715
058430,포스코강판,15800,15650,-150,-0.95,1123,17540450
047050,포스코인터내셔널,17300,17050,-250,-1.45,185757,3188987150
003670,포스코케미칼,59900,60400,500,0.83,1069994,65461185000
007630,폴루스바이오팜,1225,1225,0,0.0,0,0
017810,풀무원,10850,10450,-400,-3.69,94586,1002785600
103140,풍산,21500,20900,-600,-2.79,149762,3164042350
005810,풍산홀딩스,32550,32050,-500,-1.54,1026,33146800
033180,필룩스,6580,6270,-310,-4.71,3678850,23370583020
086790,하나금융지주,33450,33450,0,0.0,882566,29457844000
099340,하나니켈1호,464,461,-3,-0.65,337518,156992681
099350,하나니켈2호,1240,1160,-80,-6.45,1235218,1506193385
293480,하나제약,22950,23250,300,1.31,479393,11352762150
039130,하나투어,46150,44950,-1200,-2.6,180252,8162444850
172580,하이골드12호,2770,2770,0,0.0,32138,88756630
153360,하이골드3호,1760,1755,-5,-0.28,24062,42086585
159650,하이골드8호,2100,2110,10,0.48,4006,8416340
071090,하이스틸,18700,18400,-300,-1.6,4763,86955100
019490,하이트론,3050,2960,-90,-2.95,13724,41053645
000080,하이트진로,31850,31550,-300,-0.94,226414,7182662350
000087,하이트진로2우B,17600,17500,-100,-0.57,1111,19510950
000140,하이트진로홀딩스,14700,14500,-200,-1.36,26538,386178650
000145,하이트진로홀딩스우,15300,15350,50,0.33,8074,121439050
152550,한국ANKOR유전,1770,1765,-5,-0.28,20688,36544650
036460,한국가스공사,33200,32950,-250,-0.75,250477,8234754900
005430,한국공항,39200,38200,-1000,-2.55,8040,306761350
071050,한국금융지주,68900,67400,-1500,-2.18,193442,13112999500
071055,한국금융지주우,40900,39500,-1400,-3.42,18038,720273350
010040,한국내화,3830,3715,-115,-3.0,129229,485200385
025540,한국단자,40500,39200,-1300,-3.21,31835,1264374050
004090,한국석유,103500,103500,0,0.0,7912,820233000
002960,한국쉘석유,302000,301500,-500,-0.17,1797,541981000
123890,한국자산신탁,2990,2950,-40,-1.34,54923,162027900
015760,한국전력,25950,25550,-400,-1.54,1342841,34487727600
006200,한국전자홀딩스,720,710,-10,-1.39,35611,25381239
002300,한국제지,16350,16200,-150,-0.92,8760,143682800
009540,한국조선해양,118500,116500,-2000,-1.69,114536,13509913000
023350,한국종합기술,3930,3820,-110,-2.8,40647,157222500
025890,한국주강,1795,1780,-15,-0.84,6515,11595815
000970,한국주철관,9910,9750,-160,-1.61,55462,543654440
104700,한국철강,4485,4410,-75,-1.67,27498,121167835
017960,한국카본,8020,7800,-220,-2.74,291082,2300375960
161890,한국콜마,44700,43200,-1500,-3.36,371257,16161587550
024720,한국콜마홀딩스,22000,21300,-700,-3.18,88109,1895715550
161390,한국타이어앤테크놀로지,29250,29000,-250,-0.85,233283,6774339400
000240,한국테크놀로지그룹,13250,13050,-200,-1.51,48042,627030200
034830,한국토지신탁,2020,2020,0,0.0,289754,581585555
007280,한국특수형강,1615,1565,-50,-3.1,47431,73936650
168490,한국패러랠,2235,2230,-5,-0.22,46440,103364420
010100,한국프랜지,2070,2000,-70,-3.38,222496,447536345
047810,한국항공우주,31350,30800,-550,-1.75,313347,9706675550
123690,한국화장품,14250,13550,-700,-4.91,848236,11498489300
003350,한국화장품제조,31300,30650,-650,-2.08,54773,1665673650
011500,한농화성,4275,4180,-95,-2.22,10840,45511010
002390,한독,23100,22750,-350,-1.52,39859,901443150
014790,한라,2790,2730,-60,-2.15,50559,139299445
060980,한라홀딩스,43750,42050,-1700,-3.89,19697,837098800
053690,한미글로벌,8700,8630,-70,-0.8,33961,293059220
042700,한미반도체,9430,9120,-310,-3.29,566125,5215162220
008930,한미사이언스,34100,33200,-900,-2.64,180743,6013340950
128940,한미약품,288000,288000,0,0.0,43597,12615564500
009240,한샘,72700,71100,-1600,-2.2,64726,4619008200
020000,한섬,29150,28150,-1000,-3.43,62292,1771041650
003680,한성기업,5120,5020,-100,-1.95,15945,80253225
105630,한세실업,15400,15500,100,0.65,169838,2614064650
069640,한세엠케이,3985,3945,-40,-1.0,20463,81445395
016450,한세예스24홀딩스,6740,6400,-340,-5.04,110062,713762800
010420,한솔PNS,1990,1920,-70,-3.52,631818,1209774155
009180,한솔로지스틱스,1690,1640,-50,-2.96,275199,454325000
213500,한솔제지,14200,14300,100,0.7,102506,1457172150
014680,한솔케미칼,114000,113500,-500,-0.44,52689,6008931000
004710,한솔테크닉스,8860,8670,-190,-2.14,507224,4455731240
004150,한솔홀딩스,3605,3525,-80,-2.22,119096,421106625
025750,한솔홈데코,1095,1075,-20,-1.83,373670,404890035
004960,한신공영,13650,13600,-50,-0.37,17245,232676050
011700,한신기계,1615,1565,-50,-3.1,336994,528995200
001750,한양증권,9120,9370,250,2.74,175760,1662408060
001755,한양증권우,9640,9400,-240,-2.49,2767,26247290
018880,한온시스템,10950,10850,-100,-0.91,1151079,12520676650
009420,한올바이오파마,26550,26250,-300,-1.13,300180,7918049250
014130,한익스프레스,4975,4700,-275,-5.53,250656,1205333415
300720,한일시멘트,82000,79900,-2100,-2.56,1901,153298300
002220,한일철강,1965,1970,5,0.25,2246,4386125
006390,한일현대시멘트,29400,28600,-800,-2.72,16702,480862800
003300,한일홀딩스,39300,37700,-1600,-4.07,13445,516787200
051600,한전KPS,39550,37700,-1850,-4.68,227864,8708873800
052690,한전기술,20200,19450,-750,-3.71,118147,2334687100
130660,한전산업,3395,3305,-90,-2.65,78422,262328905
002320,한진,34100,33900,-200,-0.59,93282,3138768150
097230,한진중공업,4475,4385,-90,-2.01,82292,361899665
003480,한진중공업홀딩스,2440,2395,-45,-1.84,10692,25783035
180640,한진칼,40000,40000,0,0.0,312038,12354265450
18064K,한진칼우,64000,63000,-1000,-1.56,31887,2002302000
005110,한창,2970,2840,-130,-4.38,2215594,6351205975
009460,한창제지,3050,2980,-70,-2.3,1772563,5273926565
000880,한화,22600,22400,-200,-0.88,176490,3969144100
00088K,한화3우B,12950,12900,-50,-0.39,42061,544066550
027390,한화갤러리아타임월드,23050,23100,50,0.22,4853,111876900
088350,한화생명,2145,2080,-65,-3.03,2238795,4710183285
000370,한화손해보험,2440,2385,-55,-2.25,180566,431871335
009830,한화솔루션,17850,17400,-450,-2.52,1001650,17497773150
009835,한화솔루션우,11600,11350,-250,-2.16,6708,76856150
272210,한화시스템,9060,9200,140,1.55,693338,6447828810
012450,한화에어로스페이스,33700,33150,-550,-1.63,164020,5493951450
000885,한화우,26900,26750,-150,-0.56,15052,400257750
003530,한화투자증권,2000,1965,-35,-1.75,394969,780303430
003535,한화투자증권우,1965,1950,-15,-0.76,19645,38455895
195870,해성디에스,18200,18350,150,0.82,110512,2026244250
101530,해태제과식품,7070,7080,10,0.14,15958,112955830
143210,핸즈코퍼레이션,7490,7330,-160,-2.14,34128,248412220
000720,현대건설,39650,38650,-1000,-2.52,569259,22247484300
267270,현대건설기계,28000,27200,-800,-2.86,79856,2185239850
000725,현대건설우,123500,118500,-5000,-4.05,755,90561000
005440,현대그린푸드,10350,10350,0,0.0,125386,1296692500
086280,현대글로비스,151000,147500,-3500,-2.32,96945,14423847000
064350,현대로템,14950,14400,-550,-3.68,582874,8505227500
079430,현대리바트,12150,11850,-300,-2.47,56784,675150350
012330,현대모비스,239500,237000,-2500,-1.04,393045,93336753000
010620,현대미포조선,43450,42300,-1150,-2.65,174383,7421170700
069960,현대백화점,79300,79200,-100,-0.13,62645,4978046200
004560,현대비앤지스틸,8630,8450,-180,-2.09,14810,125995690
004565,현대비앤지스틸우,58900,59400,500,0.85,429,25063800
011760,현대상사,16400,16100,-300,-1.83,51940,842269250
011200,현대상선,3500,3500,0,0.0,559778,1966804165
004310,현대약품,5300,5110,-190,-3.58,984418,5180417350
322000,현대에너지솔루션,19200,18250,-950,-4.95,84586,1569025650
126560,현대에이치씨엔,3835,3930,95,2.48,2094669,8114157645
017800,현대엘리베이,63700,62100,-1600,-2.51,235628,14768585600
307950,현대오토에버,47100,46200,-900,-1.91,25564,1186114500
011210,현대위아,48950,45600,-3350,-6.84,470032,21853601300
267260,현대일렉트릭,10550,10200,-350,-3.32,319996,3267485200
004020,현대제철,28450,28750,300,1.05,532700,15391992900
267250,현대중공업지주,288500,282500,-6000,-2.08,53430,15164071500
005380,현대차,131000,127500,-3500,-2.67,1034661,132575269500
005387,현대차2우B,83900,82300,-1600,-1.91,64016,5276889100
005389,현대차3우B,73400,72000,-1400,-1.91,2268,164265700
005385,현대차우,75600,74800,-800,-1.06,39882,2979610600
001500,현대차증권,9450,9500,50,0.53,76104,717985480
227840,현대코퍼레이션홀딩스,10900,10700,-200,-1.83,29197,314676600
001450,현대해상,22350,22100,-250,-1.12,445666,9883692650
057050,현대홈쇼핑,75900,75300,-600,-0.79,21328,1609945800
093240,형지엘리트,1475,1445,-30,-2.03,343550,498007715
003010,혜인,4230,4160,-70,-1.65,96029,401468665
111110,호전실업,14700,14350,-350,-2.38,11501,165321900
008770,호텔신라,89500,87800,-1700,-1.9,841384,74360264600
008775,호텔신라우,54700,53900,-800,-1.46,10660,577087500
002460,화성산업,11300,11000,-300,-2.65,33641,371340600
013520,화승알앤에이,2125,2115,-10,-0.47,49402,103425460
241590,화승엔터프라이즈,16200,15950,-250,-1.54,125007,1981780850
006060,화승인더,11950,11500,-450,-3.77,295138,3419329700
010690,화신,3630,3575,-55,-1.52,82160,289821955
133820,화인베스틸,3075,3045,-30,-0.98,1508227,4594221060
010660,화천기계,3040,2885,-155,-5.1,2571131,7614992125
000850,화천기공,39100,38800,-300,-0.77,4629,179735050
016580,환인제약,15750,15450,-300,-1.9,9977,154877850
032560,황금에스티,6900,6800,-100,-1.45,48788,333906480
004800,효성,71800,71800,0,0.0,34630,2497137200
094280,효성ITX,15500,15750,250,1.61,21870,340752400
298040,효성중공업,23700,23050,-650,-2.74,51973,1207821600
298050,효성첨단소재,106500,103500,-3000,-2.82,34995,3641547000
298020,효성티앤씨,168500,167000,-1500,-0.89,4789,802946000
298000,효성화학,124000,121000,-3000,-2.42,17205,2101170500
093370,후성,8910,8660,-250,-2.81,2122303,18673587880
081660,휠라홀딩스,44150,43500,-650,-1.47,551676,23966331200
005870,휴니드,6710,6610,-100,-1.49,49474,328610730
079980,휴비스,5690,5660,-30,-0.53,52245,296518390
005010,휴스틸,9460,9210,-250,-2.64,12215,113589110
069260,휴켐스,19350,19650,300,1.55,74188,1448226650
000540,흥국화재,2865,2850,-15,-0.52,11278,32361265
000547,흥국화재2우B,18300,18400,100,0.55,258,4715100
000545,흥국화재우,4550,4540,-10,-0.22,1466,6573390
003280,흥아해운,421,408,-13,-3.09,939963,386615654
