티커,종목명,시가,종가,변동폭,등락률,거래량,거래대금
095570,AJ네트웍스,3840,3830,-10,-0.26,69325,266086800
006840,AK홀딩스,24250,24250,0,0.0,26914,650365950
027410,BGF,4695,4555,-140,-2.98,608513,2763897520
282330,BGF리테일,160500,150500,-10000,-6.23,162984,24500397000
138930,BNK금융지주,4805,4865,60,1.25,1119711,5425369305
001460,BYC,209500,217500,8000,3.82,715,154347000
001465,BYC우,114000,118500,4500,3.95,87,10283000
001040,CJ,83200,80000,-3200,-3.85,151176,12334018100
079160,CJCGV,25700,24000,-1700,-6.61,1306993,31586249250
00104K,CJ4우전환,58000,56300,-1700,-2.93,20901,1191207200
000120,CJ대한통운,145000,144000,-1000,-0.69,58485,8487792000
011150,CJ씨푸드,4205,4150,-55,-1.31,2386000,10027716475
011155,CJ씨푸드1우,34400,34750,350,1.02,3832,131849400
001045,CJ우,40050,40000,-50,-0.12,10923,439917750
097950,CJ제일제당,284500,277000,-7500,-2.64,94497,26466280000
097955,CJ제일제당우,117500,115500,-2000,-1.7,5494,635661500
000590,CS홀딩스,48850,48550,-300,-0.61,548,26777000
012030,DB,804,786,-18,-2.24,956298,759860739
016610,DB금융투자,3560,3530,-30,-0.84,181365,642447670
005830,DB손해보험,43900,45150,1250,2.85,242785,11029931900
000990,DB하이텍,27200,28050,850,3.13,1559513,44037104450
000995,DB하이텍1우,42750,44000,1250,2.92,1736,75888600
139130,DGB금융지주,5200,5130,-70,-1.35,1027518,5276802670
001530,DI동일,61900,62800,900,1.45,7102,444450900
004840,DRB동일,7130,7280,150,2.1,185214,1336651310
155660,DSR,3810,3860,50,1.31,35671,137146015
069730,DSR제강,3690,3750,60,1.63,55878,209900610
017940,E1,35850,37400,1550,4.32,46145,1742069850
007700,FF,109500,110000,500,0.46,48652,5305674500
114090,GKL,15150,15750,600,3.96,641447,10087709700
078930,GS,38250,38400,150,0.39,226357,8689814700
006360,GS건설,24850,25050,200,0.8,439412,11071864350
001250,GS글로벌,1745,1745,0,0.0,336069,586112065
007070,GS리테일,38000,37650,-350,-0.92,451694,16994174000
078935,GS우,30000,30150,150,0.5,4438,133518150
012630,HDC,9240,9300,60,0.65,387612,3602154700
039570,HDC아이콘트롤스,8870,8970,100,1.13,81970,735588240
089470,HDC현대EP,3920,3875,-45,-1.15,102258,398262790
294870,HDC현대산업개발,18750,18800,50,0.27,409223,7705571100
011200,HMM,3600,3645,45,1.25,1058254,3842186855
082740,HSD엔진,3285,3285,0,0.0,199164,654264170
003560,IHQ,1650,1605,-45,-2.73,1535986,2487776480
175330,JB금융지주,4600,4615,15,0.33,405331,1877421330
234080,JW생명과학,15950,16950,1000,6.27,1859331,33401849900
001060,JW중외제약,29200,29450,250,0.86,170366,5022670100
001067,JW중외제약2우B,42300,42200,-100,-0.24,1018,43167650
001065,JW중외제약우,26100,26450,350,1.34,2708,70928900
096760,JW홀딩스,4985,5040,55,1.1,306044,1561549460
105560,KB금융,32450,32800,350,1.08,1916592,62891021150
002380,KCC,157500,157500,0,0.0,40755,6456168000
009070,KCTC,2350,2365,15,0.64,369620,875213970
009440,KC그린홀딩스,3940,3925,-15,-0.38,78620,310511770
119650,KC코트렐,4995,5200,205,4.1,617245,3160127815
092220,KEC,830,826,-4,-0.48,1872005,1543400328
016380,KG동부제철,13150,13050,-100,-0.76,113465,1471231750
016385,KG동부제철우,66600,66000,-600,-0.9,195,12716600
001390,KG케미칼,14850,14700,-150,-1.01,175544,2579599500
001940,KISCO홀딩스,10850,11000,150,1.38,6589,72879000
025000,KPX케미칼,48700,49650,950,1.95,5137,256653600
092230,KPX홀딩스,45000,44550,-450,-1.0,2464,110213650
000040,KR모터스,813,808,-5,-0.62,6229780,5409184148
044450,KSS해운,7250,7430,180,2.48,104165,770749400
030200,KT,23500,23750,250,1.06,855591,20418887850
033780,KTG,78600,78700,100,0.13,344788,27269140900
030210,KTB투자증권,2780,2735,-45,-1.62,567947,1548310330
058850,KTcs,1830,1850,20,1.09,989803,1826478590
058860,KTis,2060,2070,10,0.49,448926,943382350
093050,LF,12700,13000,300,2.36,195691,2547613400
003550,LG,61000,61600,600,0.98,206384,12720858200
034220,LG디스플레이,10800,10900,100,0.93,1837812,20151230650
001120,LG상사,13350,13450,100,0.75,181743,2442723100
051900,LG생활건강,1402000,1420000,18000,1.28,45632,64494231000
051905,LG생활건강우,694000,703000,9000,1.3,4001,2829676000
003555,LG우,42850,42850,0,0.0,4437,190335000
032640,LG유플러스,13100,13100,0,0.0,2211679,29538967350
011070,LG이노텍,132500,137500,5000,3.77,463718,64216265000
066570,LG전자,54700,55200,500,0.91,632501,34901081000
066575,LG전자우,21300,21450,150,0.7,30112,645586250
108670,LG하우시스,52700,53900,1200,2.28,71396,3805668900
108675,LG하우시스우,22100,22550,450,2.04,1143,25589050
037560,LG헬로비전,4640,4650,10,0.22,278763,1305710605
051910,LG화학,354000,352500,-1500,-0.42,678484,239082604500
051915,LG화학우,162000,160000,-2000,-1.23,68949,11054979000
079550,LIG넥스원,23900,23900,0,0.0,128536,3078455400
006260,LS,35200,36350,1150,3.27,117710,4251722750
010120,LSELECTRIC,38000,38200,200,0.53,78449,3004919600
000680,LS네트웍스,2015,2020,5,0.25,39316,80127720
229640,LS전선아시아,6980,7040,60,0.86,81528,572201600
023150,MH에탄올,9030,9080,50,0.55,230373,2095909560
035420,NAVER,215500,214000,-1500,-0.7,732394,157941958500
181710,NHN,81500,83000,1500,1.84,257439,21759814400
005940,NH투자증권,9550,9550,0,0.0,968926,9299531370
005945,NH투자증권우,7350,7370,20,0.27,53945,397256650
338100,NH프라임리츠,4880,4880,0,0.0,24387,118899465
034310,NICE,20350,20900,550,2.7,32807,685338600
008260,NI스틸,1830,1830,0,0.0,32347,59284205
004250,NPC,3615,3560,-55,-1.52,27298,98059495
004255,NPC우,2285,2260,-25,-1.09,11332,25640855
010060,OCI,38800,41000,2200,5.67,254570,10328880350
005490,POSCO,179500,180000,500,0.28,265401,47925209500
100840,STC,16100,16700,600,3.73,23027,378113150
064960,ST모티브,34500,35700,1200,3.48,75027,2664392200
003570,ST중공업,5420,5490,70,1.29,16235,88868620
036530,ST홀딩스,15250,15000,-250,-1.64,9928,150208450
010950,S-Oil,68900,69000,100,0.15,426208,29371922800
010955,S-Oil우,39000,39100,100,0.26,7284,284867600
034120,SBS,18000,18050,50,0.28,87693,1588682150
101060,SBS미디어홀딩스,1880,1870,-10,-0.53,90920,170895160
004060,SG세계물산,732,737,5,0.68,1389277,1015826450
001380,SG충방,1265,1265,0,0.0,93784,118723755
002360,SH에너지화학,908,920,12,1.32,3834884,3523859011
009160,SIMPAC,2525,2645,120,4.75,108909,281413260
123700,SJM,2710,2735,25,0.92,10434,28505570
025530,SJM홀딩스,2645,2680,35,1.32,6353,16966220
034730,SK,182000,182500,500,0.27,141027,25957942500
011790,SKC,50100,50600,500,1.0,349840,17499960350
018670,SK가스,77300,78100,800,1.03,12944,1014993600
001740,SK네트웍스,5170,5170,0,0.0,1360560,7051910480
001745,SK네트웍스우,77000,77200,200,0.26,396,30811800
006120,SK디스커버리,25700,25900,200,0.78,111569,2878887000
006125,SK디스커버리우,16300,16550,250,1.53,12913,212659200
210980,SK디앤디,24950,25000,50,0.2,45732,1141072800
068400,SK렌터카,9380,9340,-40,-0.43,212270,2050410730
03473K,SK우,171000,174000,3000,1.75,20969,3630798000
096770,SK이노베이션,98700,98600,-100,-0.1,448962,44404116200
096775,SK이노베이션우,71900,71900,0,0.0,7479,538134800
001510,SK증권,694,686,-8,-1.15,4521426,3120928097
001515,SK증권우,2555,2550,-5,-0.2,16445,42224160
285130,SK케미칼,78800,79500,700,0.89,207315,16422109400
28513K,SK케미칼우,30950,31000,50,0.16,51387,1598406350
017670,SK텔레콤,207000,207000,0,0.0,251268,52553902000
000660,SK하이닉스,82400,85000,2600,3.16,5039635,425646243900
005610,SPC삼립,76400,74000,-2400,-3.14,41041,3054121400
011810,STX,6380,6700,320,5.02,55788,367441700
077970,STX엔진,6510,6450,-60,-0.92,29926,193896730
071970,STX중공업,2245,2280,35,1.56,199856,460366460
084870,TBH글로벌,1500,1550,50,3.33,65746,102232665
002710,TCC스틸,1830,1840,10,0.55,30840,57450755
024070,WISCOM,2220,2220,0,0.0,7181,15976180
037270,YGPLUS,1865,1830,-35,-1.88,945970,1733644595
000500,가온전선,16000,16450,450,2.81,4606,75416150
000860,강남제비스코,17300,17350,50,0.29,11798,204346400
035250,강원랜드,24550,24900,350,1.43,1290000,32405486250
011420,갤럭시아에스엠,1350,1390,40,2.96,180247,247483175
002100,경농,13050,13150,100,0.77,360588,4708510700
009450,경동나비엔,38100,38350,250,0.66,46204,1770205050
267290,경동도시가스,18350,18800,450,2.45,6938,129880600
012320,경동인베스트,28950,28800,-150,-0.52,4288,123375150
000050,경방,10650,10500,-150,-1.41,42717,450501550
214390,경보제약,7900,8100,200,2.53,60678,489248770
012610,경인양행,7270,7390,120,1.65,438088,3209812490
009140,경인전자,17200,17200,0,0.0,4107,69918300
013580,계룡건설,16500,16400,-100,-0.61,17921,295429900
012200,계양전기,2915,2890,-25,-0.86,600477,1736029650
012205,계양전기우,7530,7550,20,0.27,50058,373624880
004200,고려개발,9460,9100,-360,-3.81,38831,356087440
002140,고려산업,3560,3730,170,4.78,6502232,23974469130
010130,고려아연,373500,374500,1000,0.27,39783,14992569000
002240,고려제강,14250,14600,350,2.46,33904,492027000
009290,광동제약,6270,6370,100,1.59,146843,933755110
017040,광명전기,2125,2165,40,1.88,574922,1244584385
017900,광전자,1875,1975,100,5.33,366776,710584015
037710,광주신세계,148000,146500,-1500,-1.01,245,36352500
030610,교보증권,7360,7360,0,0.0,73169,539022180
007690,국도화학,41750,41550,-200,-0.48,2238,93034900
005320,국동,2520,2735,215,8.53,19461432,54338263070
001140,국보,2060,1990,-70,-3.4,784225,1577745250
002720,국제약품,7100,7270,170,2.39,638456,4600152450
083420,그린케미칼,3660,3645,-15,-0.41,41617,152057265
014530,극동유화,3225,3210,-15,-0.47,451118,1455385790
014280,금강공업,3170,3170,0,0.0,38021,120571190
014285,금강공업우,8790,9000,210,2.39,11693,103044620
008870,금비,50500,50000,-500,-0.99,1028,51637100
001570,금양,2575,2570,-5,-0.19,411040,1042181990
002990,금호산업,7950,8030,80,1.01,77229,620376160
002995,금호산업우,30500,30600,100,0.33,1042,31843450
011780,금호석유,72900,72100,-800,-1.1,311621,22609924400
011785,금호석유우,27950,27850,-100,-0.36,12445,347458050
214330,금호에이치티,3805,3840,35,0.92,29118,111597330
001210,금호전기,3430,3590,160,4.66,125498,447336650
073240,금호타이어,2990,3025,35,1.17,488435,1476278380
092440,기신정기,3200,3215,15,0.47,22229,71664970
000270,기아차,29000,30500,1500,5.17,2777232,83775385550
024110,기업은행,7720,7740,20,0.26,1891292,14650247530
013700,까뮤이앤씨,1355,1375,20,1.48,2549255,3497479905
004540,깨끗한나라,3810,3870,60,1.57,951137,3668797200
004545,깨끗한나라우,19550,19550,0,0.0,5399,105997700
001260,남광토건,13400,13500,100,0.75,146388,1954404050
008350,남선알미늄,5340,5250,-90,-1.69,8984683,47493273210
008355,남선알미우,31300,31450,150,0.48,8830,278910000
004270,남성,2280,2370,90,3.95,1266746,2992579370
003920,남양유업,320000,318500,-1500,-0.47,1916,610670500
003925,남양유업우,108500,108500,0,0.0,1248,137365500
002070,남영비비안,1055,1105,50,4.74,5735634,6261364580
025860,남해화학,7780,7880,100,1.29,225380,1769912080
005720,넥센,4740,4740,0,0.0,578872,2846654625
005725,넥센우,2730,2740,10,0.37,4067,11146820
002350,넥센타이어,5830,5930,100,1.72,421969,2501659320
002355,넥센타이어1우B,2315,2360,45,1.94,7515,17767035
003580,넥스트사이언스,6890,6980,90,1.31,415543,2920745800
251270,넷마블,98400,97800,-600,-0.61,386594,38128550800
090350,노루페인트,7900,7940,40,0.51,142715,1131588140
090355,노루페인트우,11650,11750,100,0.86,6786,79508300
000320,노루홀딩스,9760,9730,-30,-0.31,12607,122308990
000325,노루홀딩스우,17700,17550,-150,-0.85,492,8670350
006280,녹십자,144500,148500,4000,2.77,92821,13771099000
005250,녹십자홀딩스,20950,21500,550,2.63,150077,3222779400
005257,녹십자홀딩스2우,16750,16800,50,0.3,533,8979900
004370,농심,300000,297000,-3000,-1.0,29611,8873187500
072710,농심홀딩스,75500,75300,-200,-0.26,2428,184415300
058730,다스코,5710,5710,0,0.0,49870,285450280
023590,다우기술,19450,18400,-1050,-5.4,3699908,72453096850
019680,대교,4650,4640,-10,-0.22,189980,883401720
019685,대교우B,2695,2710,15,0.56,301487,807530200
006370,대구백화점,5270,5270,0,0.0,6112,31976010
008060,대덕전자,8210,8210,0,0.0,0,0
00806K,대덕전자1우,6500,6500,0,0.0,0,0
000490,대동공업,4745,4845,100,2.11,364656,1797279720
008110,대동전자,3680,3660,-20,-0.54,12877,47167865
005750,대림BCo,3810,3845,35,0.92,25435,97243775
000210,대림산업,82100,81300,-800,-0.97,337770,27699574900
000215,대림산업우,34250,34250,0,0.0,18378,629838050
004440,대림씨엔에스,6400,6390,-10,-0.16,25622,163772510
006570,대림통상,4160,4240,80,1.92,2012,8326770
001680,대상,24000,23750,-250,-1.04,476352,11285076400
001685,대상우,13350,13300,-50,-0.37,3323,44795400
084690,대상홀딩스,6890,7500,610,8.85,2191559,16835605690
084695,대상홀딩스우,5670,6100,430,7.58,38657,232960740
128820,대성산업,3120,3080,-40,-1.28,79283,248265055
117580,대성에너지,4820,4830,10,0.21,19291,93182710
016710,대성홀딩스,9730,9830,100,1.03,30555,300133940
003540,대신증권,10000,10100,100,1.0,69136,699458000
003547,대신증권2우B,7990,8020,30,0.38,27223,217680330
003545,대신증권우,8530,8520,-10,-0.12,38416,327804450
009190,대양금속,2425,2695,270,11.13,5635937,15142697020
014160,대영포장,1205,1205,0,0.0,4498298,5462264160
047040,대우건설,3570,3570,0,0.0,1128597,4043364160
009320,대우부품,2395,2385,-10,-0.42,749664,1795229660
042660,대우조선해양,17150,17250,100,0.58,144539,2495620850
003090,대웅,16450,16950,500,3.04,890470,14777121600
069620,대웅제약,105000,105000,0,0.0,69692,7293809000
000430,대원강업,3010,3000,-10,-0.33,15646,47254745
006340,대원전선,1070,1080,10,0.93,515542,556606240
006345,대원전선우,2895,2895,0,0.0,22961,66660395
003220,대원제약,14850,15050,200,1.35,51982,780262650
024890,대원화성,1505,1510,5,0.33,262720,390667985
002880,대유에이텍,747,745,-2,-0.27,225511,168582774
000300,대유플러스,669,671,2,0.3,533262,360121236
012800,대창,1155,1230,75,6.49,39736192,52306902470
015230,대창단조,22600,22600,0,0.0,9553,215980650
001070,대한방직,19850,19850,0,0.0,2431,48205400
006650,대한유화,130000,128500,-1500,-1.15,49406,6438658500
001440,대한전선,690,793,103,14.93,29993983,23601739054
084010,대한제강,6430,6410,-20,-0.31,40987,263594340
001790,대한제당,19450,19400,-50,-0.26,15422,299301700
001795,대한제당우,12550,12550,0,0.0,1645,20404950
001130,대한제분,129500,129500,0,0.0,2972,385921000
003490,대한항공,19150,19200,50,0.26,861938,16626198800
003495,대한항공우,17550,17800,250,1.42,54951,980220750
005880,대한해운,17650,18150,500,2.83,84840,1538487500
003830,대한화섬,81800,82300,500,0.61,236,19411700
016090,대현,1930,1920,-10,-0.52,150156,290769100
069460,대호에이엘,2930,2960,30,1.02,480671,1420256350
192080,더블유게임즈,60700,62300,1600,2.64,246026,15272273500
012510,더존비즈온,95600,99800,4200,4.39,414818,41326771300
004830,덕성,3545,3515,-30,-0.85,707660,2510091050
004835,덕성우,8390,8410,20,0.24,144046,1214032640
024900,덕양산업,915,1020,105,11.48,5755643,6213649536
145720,덴티움,41950,41000,-950,-2.26,125973,5257573350
002150,도화엔지니어링,9490,9660,170,1.79,353474,3395005420
001230,동국제강,4045,4080,35,0.87,184392,753462210
023450,동남합성,28400,28200,-200,-0.7,4117,115981500
004140,동방,2300,2300,0,0.0,4650249,10883335565
007590,동방아그로,6430,6440,10,0.16,18690,120847610
005960,동부건설,8590,8650,60,0.7,196966,1696464800
005965,동부건설우,21650,21500,-150,-0.69,1041,22119750
083370,동북아12호,5000,5020,20,0.4,2000,10040000
026960,동서,17350,17350,0,0.0,84839,1470515350
002210,동성제약,13500,13600,100,0.74,712680,9758212450
102260,동성코퍼레이션,4400,4465,65,1.48,50512,225047830
005190,동성화학,16350,16500,150,0.92,23950,391807400
000640,동아쏘시오홀딩스,85400,86400,1000,1.17,9411,812578000
170900,동아에스티,89700,90300,600,0.67,30894,2817352000
028100,동아지질,17600,17850,250,1.42,262883,4647259450
282690,동아타이어,11300,11000,-300,-2.65,2035,22726100
001520,동양,1295,1280,-15,-1.16,1489116,1917802095
001527,동양2우B,9170,9170,0,0.0,1705,15539410
001529,동양3우B,29800,29900,100,0.34,30,892500
084670,동양고속,27300,27400,100,0.37,1589,43537650
002900,동양물산,1025,1035,10,0.98,1704027,1757505625
082640,동양생명,3030,3060,30,0.99,131784,405175390
001525,동양우,5100,5100,0,0.0,879,4474770
008970,동양철관,1085,1105,20,1.84,1616078,1779356910
092780,동양피스톤,3750,3835,85,2.27,501273,2009955135
049770,동원FB,204000,204000,0,0.0,6532,1333535000
018500,동원금속,619,637,18,2.91,829378,534384654
006040,동원산업,232500,232500,0,0.0,9446,2208481000
030720,동원수산,9040,9030,-10,-0.11,63403,572022990
014820,동원시스템즈,23200,24000,800,3.45,32925,782388950
014825,동원시스템즈우,23900,24450,550,2.3,1077,25990100
163560,동일고무벨트,8600,9200,600,6.98,2456864,22430448760
004890,동일산업,51100,51400,300,0.59,2321,118543200
002690,동일제강,2015,2045,30,1.49,69973,142418895
000020,동화약품,10400,10500,100,0.96,996717,10641117300
000150,두산,38800,40100,1300,3.35,131053,5235200300
000157,두산2우B,31450,31950,500,1.59,512,16237700
241560,두산밥캣,23450,23250,-200,-0.85,332363,7770666200
336370,두산솔루스,32600,32850,250,0.77,791219,26148507000
33637K,두산솔루스1우,13500,13600,100,0.74,78839,1088086650
33637L,두산솔루스2우B,27650,27550,-100,-0.36,30959,861814550
000155,두산우,28850,28900,50,0.17,36245,1046437150
042670,두산인프라코어,4490,4485,-5,-0.11,1704254,7634938220
034020,두산중공업,3920,3930,10,0.26,917637,3605912460
336260,두산퓨얼셀,7400,7570,170,2.3,441609,3317074070
33626K,두산퓨얼셀1우,3245,3255,10,0.31,28607,93254315
33626L,두산퓨얼셀2우B,8150,8300,150,1.84,7426,61333730
016740,두올,2630,2685,55,2.09,379222,1018785390
192650,드림텍,6620,6600,-20,-0.3,459980,3033381510
024090,디씨엠,10650,10950,300,2.82,17154,184222250
003160,디아이,3270,3325,55,1.68,84382,278219315
092200,디아이씨,1460,1520,60,4.11,461550,717189315
013570,디와이,4310,4275,-35,-0.81,110075,473094875
210540,디와이파워,7800,7820,20,0.26,73134,573835060
007340,디티알오토모티브,25700,25950,250,0.97,19609,505979150
026890,디피씨,10500,10250,-250,-2.38,4423594,45839046200
115390,락앤락,10950,11100,150,1.37,161401,1791927400
032350,롯데관광개발,12000,12500,500,4.17,573870,7048964750
330590,롯데리츠,5160,5190,30,0.58,276568,1434321230
000400,롯데손해보험,1785,1885,100,5.6,1763140,3308102230
023530,롯데쇼핑,94900,93600,-1300,-1.37,220290,20723043000
004000,롯데정밀화학,37200,36900,-300,-0.81,104710,3881285800
286940,롯데정보통신,35700,37000,1300,3.64,98061,3580326950
280360,롯데제과,130500,130000,-500,-0.38,4610,598622000
004990,롯데지주,39050,38750,-300,-0.77,1647279,64760898950
00499K,롯데지주우,63900,64500,600,0.94,106548,7023866600
005300,롯데칠성,111500,111500,0,0.0,23484,2613122500
005305,롯데칠성우,58700,58200,-500,-0.85,6675,389931500
011170,롯데케미칼,195500,195500,0,0.0,162081,31741590000
002270,롯데푸드,386000,387500,1500,0.39,2533,980464500
071840,롯데하이마트,26800,26850,50,0.19,103654,2779514550
027740,마니커,947,955,8,0.84,28148089,27430510616
204320,만도,22950,24700,1750,7.63,816975,19615901550
001080,만호제강,13850,14200,350,2.53,5796,81017700
088980,맥쿼리인프라,11450,11500,50,0.44,493064,5655894150
094800,맵스리얼티1,4085,4040,-45,-1.1,61824,250238485
138040,메리츠금융지주,9840,10150,310,3.15,54876,551213460
008560,메리츠증권,3260,3240,-20,-0.61,2381207,7769871385
000060,메리츠화재,13600,13750,150,1.1,127650,1760639450
090370,메타랩스,910,947,37,4.07,371933,349387897
017180,명문제약,5120,5170,50,0.98,1954248,10346183400
012690,모나리자,7390,7560,170,2.3,3721054,28015418950
005360,모나미,3265,3300,35,1.07,872402,2853961000
204210,모두투어리츠,2700,2690,-10,-0.37,17900,48112775
009680,모토닉,7350,7320,-30,-0.41,11477,84257950
009580,무림PP,3475,3480,5,0.14,210851,738607600
009200,무림페이퍼,2220,2220,0,0.0,145397,323892800
033920,무학,7020,7100,80,1.14,108374,768187370
008420,문배철강,2175,2215,40,1.84,129163,286854875
025560,미래산업,83,83,0,0.0,29930660,2480965934
007120,미래아이앤지,394,392,-2,-0.51,2754578,1103120775
006800,미래에셋대우,5590,5650,60,1.07,2177933,12356789670
00680K,미래에셋대우2우B,3060,3120,60,1.96,344890,1077273910
006805,미래에셋대우우,3415,3425,10,0.29,17439,59777020
085620,미래에셋생명,3400,3390,-10,-0.29,94034,319717120
002840,미원상사,62200,62800,600,0.96,8348,523786200
268280,미원에스씨,78300,77400,-900,-1.15,1224,95477000
107590,미원홀딩스,41950,42050,100,0.24,5877,245366550
134380,미원화학,46500,46150,-350,-0.75,889,41299650
003650,미창석유,58800,59400,600,1.02,946,56057800
155900,바다로19호,2590,2595,5,0.19,2783,7213180
003610,방림,1740,1865,125,7.18,1755820,3481755150
001340,백광산업,2840,2855,15,0.53,1505784,4296178750
035150,백산,5980,6150,170,2.84,337178,2030486080
002410,범양건영,3070,3065,-5,-0.16,410482,1261191390
096300,베트남개발1,294,295,1,0.34,77053,22699128
007210,벽산,1700,1690,-10,-0.59,452218,767699625
002760,보락,1960,1960,0,0.0,2214234,4370769020
003850,보령제약,13100,13100,0,0.0,463377,6079922600
000890,보해양조,894,896,2,0.22,1822583,1632782249
003000,부광약품,23900,24450,550,2.3,2335710,56872517750
001270,부국증권,18200,18300,100,0.55,1692,30850350
001275,부국증권우,16500,16900,400,2.42,1390,23097550
026940,부국철강,3800,3830,30,0.79,224508,856987385
015350,부산가스,35850,35900,50,0.14,3371,120957900
011390,부산산업,155500,158000,2500,1.61,59569,9364334500
005030,부산주공,368,370,2,0.54,200036,73279896
100220,비상교육,7840,7940,100,1.28,135117,1061217290
030790,비케이탑스,6200,6300,100,1.61,424704,2710243910
101140,비티원,3115,3150,35,1.12,281434,893412300
005180,빙그레,66700,66900,200,0.3,67671,4515253100
003960,사조대림,15950,15950,0,0.0,49225,788632350
008040,사조동아원,936,937,1,0.11,634003,596656142
007160,사조산업,32600,32600,0,0.0,26640,864340700
014710,사조씨푸드,4260,4170,-90,-2.11,175202,735259710
006090,사조오양,8630,8420,-210,-2.43,81958,695322320
005090,삼광글라스,28200,28000,-200,-0.71,7286,204144050
001470,삼부토건,806,801,-5,-0.62,1105710,894223884
006400,삼성SDI,282500,285500,3000,1.06,467585,134170934000
006405,삼성SDI우,150500,154000,3500,2.33,17765,2731196500
006660,삼성공조,6000,6040,40,0.67,20840,125922870
028260,삼성물산,103500,105500,2000,1.93,510007,54451927500
02826K,삼성물산우B,76300,77700,1400,1.83,8119,630828000
207940,삼성바이오로직스,567000,588000,21000,3.7,438329,259274518000
032830,삼성생명,47500,47650,150,0.32,575007,27613448650
018260,삼성에스디에스,177000,176000,-1000,-0.56,402480,71797818500
028050,삼성엔지니어링,11600,11650,50,0.43,1590894,18657067550
009150,삼성전기,115500,119000,3500,3.03,893384,106327227500
009155,삼성전기우,51000,52200,1200,2.35,38677,2017857500
005930,삼성전자,48800,48800,0,0.0,15319700,752271196120
005935,삼성전자우,41600,41650,50,0.12,1134653,47465397550
001360,삼성제약,4035,4080,45,1.12,1321009,5433509120
010140,삼성중공업,4260,4260,0,0.0,4257379,18205209295
010145,삼성중공우,54200,53900,-300,-0.55,976,52632700
016360,삼성증권,28900,28950,50,0.17,367150,10666808500
068290,삼성출판사,23600,23400,-200,-0.85,175249,4122694900
029780,삼성카드,29750,30150,400,1.34,287783,8691822000
000810,삼성화재,182500,186500,4000,2.19,73324,13634577500
000815,삼성화재우,127000,128500,1500,1.18,9482,1211560000
006110,삼아알미늄,3775,3830,55,1.46,340691,1366527870
145990,삼양사,38500,38900,400,1.04,18051,702459650
145995,삼양사우,27200,27800,600,2.21,897,24474750
003230,삼양식품,111500,114000,2500,2.24,62576,7063139500
002170,삼양통상,53000,53300,300,0.57,5738,303667400
272550,삼양패키징,17300,18200,900,5.2,126376,2274862150
000070,삼양홀딩스,48850,49350,500,1.02,15979,795981800
000075,삼양홀딩스우,35450,35450,0,0.0,506,17871000
002810,삼영무역,13900,13900,0,0.0,48733,671467150
005680,삼영전자,7710,7800,90,1.17,34187,265391860
003720,삼영화학,1195,1190,-5,-0.42,120063,141841815
023000,삼원강재,2145,2155,10,0.47,21971,47324405
004380,삼익THK,11850,12000,150,1.27,68804,819463550
002450,삼익악기,1545,1555,10,0.65,391286,613019625
000520,삼일제약,19200,19300,100,0.52,50298,969242150
009770,삼정펄프,26300,26250,-50,-0.19,2265,59451550
005500,삼진제약,26150,26500,350,1.34,194605,5166110050
004690,삼천리,74000,72700,-1300,-1.76,11547,843409200
001880,삼호,21400,21100,-300,-1.4,82884,1765967100
010960,삼호개발,4990,5020,30,0.6,309142,1539553550
004450,삼화왕관,38900,39050,150,0.39,905,35350100
009470,삼화전기,14750,14750,0,0.0,47162,700840600
011230,삼화전자,2515,2595,80,3.18,32362,83524960
001820,삼화콘덴서,49800,49900,100,0.2,160133,8022287250
000390,삼화페인트,5120,5100,-20,-0.39,53787,276447410
001290,상상인증권,1290,1290,0,0.0,2189424,2990385015
041650,상신브레이크,2800,2830,30,1.07,79941,224246880
075180,새론오토모티브,3550,3560,10,0.28,6862,24437045
007540,샘표,46100,44750,-1350,-2.93,81968,3677225250
248170,샘표식품,31100,30700,-400,-1.29,32760,1009685350
007860,서연,3800,3800,0,0.0,616845,2370567915
200880,서연이화,3600,3650,50,1.39,124383,453003600
017390,서울가스,71400,71600,200,0.28,619,44362500
004410,서울식품,184,185,1,0.54,15840375,2923424960
004415,서울식품우,3720,3775,55,1.48,417820,1568945680
021050,서원,2980,3025,45,1.51,9005694,28148064960
008490,서흥,44150,44550,400,0.91,37726,1670192900
007610,선도전기,2870,2915,45,1.57,135868,393904210
136490,선진,8920,8720,-200,-2.24,131258,1156481570
002820,선창산업,4225,4315,90,2.13,21006,90169540
014910,성문전자,1605,1630,25,1.56,172217,281623485
014915,성문전자우,9470,9540,70,0.74,8569,81458390
003080,성보화학,4150,4165,15,0.36,19414,80509590
004980,성신양회,7910,8190,280,3.54,805759,6564500490
004985,성신양회우,8720,9130,410,4.7,123744,1148940030
011300,성안,432,447,15,3.47,226226,99930106
000180,성창기업지주,1575,1550,-25,-1.59,118218,185288105
002420,세기상사,50100,50200,100,0.2,182,9062600
004360,세방,9500,9700,200,2.11,17230,165270990
004365,세방우,5530,5590,60,1.08,12,67150
004490,세방전지,29000,29450,450,1.55,31149,916912150
001430,세아베스틸,9840,9920,80,0.81,248590,2494455230
306200,세아제강,39600,42500,2900,7.32,55194,2501779050
003030,세아제강지주,28600,29700,1100,3.85,64665,1987750750
019440,세아특수강,11150,11150,0,0.0,5457,61104200
058650,세아홀딩스,68900,70900,2000,2.9,807,56905300
013000,세우글로벌,1945,1975,30,1.54,8224882,16647772015
091090,세원셀론텍,2750,2775,25,0.91,238461,661299785
021820,세원정공,8090,8090,0,0.0,0,0
067830,세이브존IC,2425,2460,35,1.44,66092,160882660
033530,세종공업,4400,4390,-10,-0.23,79871,351209005
075580,세진중공업,3225,3195,-30,-0.93,98089,317572630
027970,세하,2310,2275,-35,-1.52,258439,585159000
145210,세화아이엠씨,2990,2990,0,0.0,0,0
308170,센트랄모텍,31400,31500,100,0.32,208451,6556180900
068270,셀트리온,204000,210500,6500,3.19,895729,189094109000
004430,송원산업,14300,14050,-250,-1.75,233686,3291855950
017550,수산중공업,1545,1555,10,0.65,639918,995304560
002200,수출포장,19200,19300,100,0.52,6176,119223450
053210,스카이라이프,8370,8310,-60,-0.72,274763,2326569290
134790,시디즈,40250,40000,-250,-0.62,1382,55492350
016590,신대양제지,62700,63200,500,0.8,13723,861473200
029530,신도리코,27300,28500,1200,4.4,105873,3165148500
004970,신라교역,10100,10650,550,5.45,34205,359498100
011930,신성이엔지,905,906,1,0.11,806457,732952313
005390,신성통상,1160,1160,0,0.0,1206389,1400159570
004170,신세계,259500,253500,-6000,-2.31,148371,37847759000
035510,신세계IC,116500,119000,2500,2.15,8752,1037644500
034300,신세계건설,24500,24550,50,0.2,21805,533840000
031430,신세계인터내셔날,209500,209500,0,0.0,31633,6632016000
031440,신세계푸드,64800,64400,-400,-0.62,14216,912724400
006880,신송홀딩스,3885,4025,140,3.6,339903,1374515495
005800,신영와코루,79500,80200,700,0.88,1040,82448600
001720,신영증권,45100,44600,-500,-1.11,9327,419103700
001725,신영증권우,44550,44400,-150,-0.34,1426,63657150
009270,신원,1780,1850,70,3.93,4538798,8255899930
009275,신원우,39850,40400,550,1.38,3137,125408900
002700,신일전자,2245,2275,30,1.34,9602680,21890616195
019170,신풍제약,18950,19050,100,0.53,1864797,35425368800
019175,신풍제약우,46200,46850,650,1.41,289535,13629937500
002870,신풍제지,1400,1410,10,0.71,132864,186437090
005450,신한,4945,4945,0,0.0,0,0
293940,신한알파리츠,6360,6330,-30,-0.47,226840,1434252600
055550,신한지주,30050,30050,0,0.0,1488251,45075524250
001770,신화실업,20150,20100,-50,-0.25,1661,33420100
004080,신흥,9590,9530,-60,-0.63,4111,39603920
102280,쌍방울,961,974,13,1.35,2292550,2226458423
003410,쌍용양회,5160,5210,50,0.97,1728796,9091477820
003415,쌍용양회우,9590,9650,60,0.63,13683,131340160
003620,쌍용차,1515,1560,45,2.97,1577222,2432799595
004770,써니전자,3330,3410,80,2.4,3066053,10411565345
015540,쎌마테라퓨틱스,6390,6620,230,3.6,185266,1221149260
004920,씨아이테크,1130,1135,5,0.44,83147,93288330
112610,씨에스윈드,33600,34250,650,1.93,28482,969383500
008700,아남전자,1730,1740,10,0.58,709163,1230440580
002790,아모레G,56900,57700,800,1.41,144397,8400287000
00279K,아모레G3우전환,38050,38300,250,0.66,17299,663309700
002795,아모레G우,21300,21400,100,0.47,10806,232788050
090430,아모레퍼시픽,179500,181500,2000,1.11,337541,61445692500
090435,아모레퍼시픽우,61400,62800,1400,2.28,58711,3655895000
002030,아세아,84700,85800,1100,1.3,1956,166363900
183190,아세아시멘트,66900,66900,0,0.0,8862,593751300
002310,아세아제지,34200,34800,600,1.75,55626,1913596200
267850,아시아나IDT,15300,15650,350,2.29,64243,1002578050
020560,아시아나항공,3950,3955,5,0.13,1398424,5542653165
122900,아이마켓코리아,10500,10900,400,3.81,158789,1733769450
010780,아이에스동서,25450,25850,400,1.57,46891,1210614100
033660,아주캐피탈,12600,12800,200,1.59,35672,451619350
001780,알루코,1925,2015,90,4.68,2403848,4942688905
018250,애경산업,27700,27400,-300,-1.08,229700,6290717050
161000,애경유화,7070,7120,50,0.71,109722,782091640
011090,에넥스,1025,1015,-10,-0.98,1210501,1261016340
005850,에스엘,12750,13200,450,3.53,154354,2025768550
012750,에스원,84900,85200,300,0.35,48346,4148808200
023960,에쓰씨엔지니어링,1300,1300,0,0.0,66853,86613285
298690,에어부산,3825,3845,20,0.52,223457,858555565
140910,에이리츠,6130,6400,270,4.4,23401,148570110
078520,에이블씨엔씨,10350,10350,0,0.0,98829,1021579700
015260,에이엔피,263,266,3,1.14,523667,140062735
007460,에이프로젠KIC,3435,3470,35,1.02,5530943,19142811855
003060,에이프로젠제약,2195,2165,-30,-1.37,15674707,34126849655
036570,엔씨소프트,646000,679000,33000,5.11,194176,130461202000
138250,엔에스쇼핑,8460,8610,150,1.77,342792,2939981110
085310,엔케이,913,935,22,2.41,269928,250781397
009810,엔케이물산,700,724,24,3.43,1990124,1435728382
900140,엘브이엠씨홀딩스,4495,4505,10,0.22,293144,1329694390
014440,영보화학,2865,2875,10,0.35,27603,79292045
111770,영원무역,25600,25500,-100,-0.39,149048,3823829600
009970,영원무역홀딩스,40200,40200,0,0.0,1856,75035450
003520,영진약품,4955,5000,45,0.91,598882,2997093220
000670,영풍,508000,524000,16000,3.15,1853,967277000
006740,영풍제지,3465,3425,-40,-1.15,42452,146451085
012280,영화금속,1685,1675,-10,-0.59,11118495,19865003575
012160,영흥,1110,1115,5,0.45,2796661,3142484440
015360,예스코홀딩스,34450,34100,-350,-1.02,848,28939450
007310,오뚜기,534000,537000,3000,0.56,3878,2082014000
002630,오리엔트바이오,741,764,23,3.1,5561416,4250577626
271560,오리온,124000,124000,0,0.0,104446,13055012500
001800,오리온홀딩스,14350,14400,50,0.35,141783,2041804550
070960,용평리조트,4985,5160,175,3.51,369783,1887151670
316140,우리금융지주,8020,8070,50,0.62,1686237,13635694360
004720,우리들제약,6760,7120,360,5.33,1092294,7666413200
118000,우리들휴브레인,2960,3210,250,8.45,4153605,12926436505
010050,우리종금,574,575,1,0.17,939895,542217686
006980,우성사료,3305,3290,-15,-0.45,854485,2821025660
017370,우신시스템,3475,3465,-10,-0.29,75139,260092745
105840,우진,3555,3595,40,1.13,106741,381218600
010400,우진아이엔에스,6720,7230,510,7.59,233858,1723669300
049800,우진플라임,2890,2915,25,0.87,5915,17134805
016880,웅진,1165,1225,60,5.15,5105945,6581767260
095720,웅진씽크빅,2690,2690,0,0.0,0,0
103130,웅진에너지,914,914,0,0.0,0,0
005820,원림,17000,17300,300,1.76,522,8945050
010600,웰바이오텍,2220,2185,-35,-1.58,702900,1572347505
008600,윌비스,1545,1590,45,2.91,5515904,8485838240
033270,유나이티드제약,18250,18400,150,0.82,138542,2550625300
014830,유니드,41400,42600,1200,2.9,26800,1141781500
000910,유니온,4870,4700,-170,-3.49,2799016,13127673675
047400,유니온머티리얼,2410,2395,-15,-0.62,2685654,6397168250
011330,유니켐,1595,1605,10,0.63,681995,1090741685
077500,유니퀘스트,6280,6340,60,0.96,98771,628134710
002920,유성기업,2645,2680,35,1.32,31338,83426650
000700,유수홀딩스,6110,6100,-10,-0.16,18105,109835730
003470,유안타증권,2740,2740,0,0.0,418210,1142106255
003475,유안타증권우,1995,1995,0,0.0,7380,14703770
011690,유양디앤유,1220,1220,0,0.0,0,0
072130,유엔젤,3815,3860,45,1.18,179991,695417515
000220,유유제약,11600,11500,-100,-0.86,106219,1226167950
000225,유유제약1우,8270,8330,60,0.73,10066,83379940
000227,유유제약2우B,19700,19900,200,1.02,2583,51045550
001200,유진투자증권,3135,3090,-45,-1.44,959359,2975280260
000100,유한양행,46800,49150,2350,5.02,824620,39879218600
000105,유한양행우,46150,47900,1750,3.79,11147,527766450
003460,유화증권,2310,2300,-10,-0.43,2587,5941400
003465,유화증권우,2640,2635,-5,-0.19,516,1361220
008730,율촌화학,14750,14800,50,0.34,78246,1148595850
008250,이건산업,5960,6070,110,1.85,36718,221297910
025820,이구산업,1335,1475,140,10.49,12880528,20619089950
214320,이노션,56400,57700,1300,2.3,36939,2123728400
088260,이리츠코크렙,5310,5260,-50,-0.94,62350,326838900
139480,이마트,116000,114500,-1500,-1.29,251889,28937408500
007660,이수페타시스,3565,3570,5,0.14,1406096,5034863750
005950,이수화학,11950,11700,-250,-2.09,402862,4686788750
015020,이스타코,709,700,-9,-1.27,133759,93764613
093230,이아이디,217,216,-1,-0.46,5119458,1117345477
074610,이엔플러스,5600,5870,270,4.82,1844610,10808559530
102460,이연제약,14200,14100,-100,-0.7,80672,1144077800
084680,이월드,4400,4320,-80,-1.82,1959239,8508751555
000760,이화산업,12950,13750,800,6.18,5517,74508750
014990,인디에프,2160,2355,195,9.03,6286478,14242012570
006490,인스코비,2880,2940,60,2.08,1355383,4024972050
023800,인지컨트롤스,3960,3950,-10,-0.25,79942,318034885
034590,인천도시가스,24400,24250,-150,-0.61,11893,287814350
129260,인터지스,1655,1665,10,0.6,88298,145918205
023810,인팩,3000,3005,5,0.17,13860,41325610
249420,일동제약,13250,13350,100,0.75,82744,1097889700
000230,일동홀딩스,8900,8850,-50,-0.56,3266,28989640
013360,일성건설,1145,1145,0,0.0,446978,508044210
003120,일성신약,96600,95500,-1100,-1.14,2338,223745700
003200,일신방직,60300,61100,800,1.33,1517,93955100
007110,일신석재,2670,2745,75,2.81,8416423,22950853260
007570,일양약품,32250,33400,1150,3.57,239435,7923988250
007575,일양약품우,19200,19350,150,0.78,3811,73817250
008500,일정실업,9890,10100,210,2.12,1764,17601190
081000,일진다이아,23750,24100,350,1.47,194023,4633959100
020760,일진디스플,2965,3100,135,4.55,402907,1245062195
020150,일진머티리얼즈,40000,40400,400,1.0,394866,15922181600
103590,일진전기,2545,2530,-15,-0.59,104398,265117100
015860,일진홀딩스,3935,3935,0,0.0,473851,1900667950
226320,잇츠한불,15250,15450,200,1.31,34576,531698000
317400,자이에스앤디,4785,5120,335,7.0,251578,1245571575
033240,자화전자,7460,7780,320,4.29,202671,1574111530
000950,전방,12800,12900,100,0.78,2110,27161700
194370,제이에스코퍼레이션,8010,7930,-80,-1.0,57165,455986050
025620,제이준코스메틱,2940,3060,120,4.08,621234,1875154975
036420,제이콘텐트리,34700,34200,-500,-1.44,164273,5653039650
030000,제일기획,17350,17700,350,2.02,727626,12854064800
271980,제일약품,27000,27500,500,1.85,24062,659548400
001560,제일연마,6060,6070,10,0.17,10953,66223350
002620,제일파마홀딩스,14800,14750,-50,-0.34,28750,425256200
006220,제주은행,3265,3265,0,0.0,36959,120847870
089590,제주항공,19200,19250,50,0.26,117891,2269353500
004910,조광페인트,5700,5670,-30,-0.53,6118,34661150
004700,조광피혁,41450,42000,550,1.33,1124,46686000
001550,조비,17400,17550,150,0.86,73025,1269190100
000480,조선내화,74500,74200,-300,-0.4,725,53891100
120030,조선선재,79600,79200,-400,-0.5,277,21996100
018470,조일알미늄,574,590,16,2.79,248977,146938518
002600,조흥,151000,153000,2000,1.32,86,13098000
185750,종근당,97100,99100,2000,2.06,74529,7426064500
063160,종근당바이오,32150,32100,-50,-0.16,65691,2108047800
001630,종근당홀딩스,116000,117500,1500,1.29,30697,3584388500
044380,주연테크,1170,1135,-35,-2.99,1709219,1950689970
013890,지누스,85200,83700,-1500,-1.76,127892,10712630600
013870,지엠비코리아,4445,4440,-5,-0.11,70341,311764610
071320,지역난방공사,38100,38700,600,1.57,5149,198411100
010580,지코,306,306,0,0.0,0,0
035000,지투알,5570,5620,50,0.9,11720,65596720
088790,진도,2490,2500,10,0.4,17704,44131500
003780,진양산업,3240,3340,100,3.09,240237,793552120
010640,진양폴리,2805,2845,40,1.43,157769,447981035
100250,진양홀딩스,2320,2330,10,0.43,28243,65787925
051630,진양화학,2750,2785,35,1.27,128335,354386875
272450,진에어,10350,10400,50,0.48,123865,1285711600
011000,진원생명과학,9960,9960,0,0.0,1993182,19844871200
002780,진흥기업,2195,2175,-20,-0.91,120274,263117915
002787,진흥기업2우B,14500,14250,-250,-1.72,2960,42416000
002785,진흥기업우B,5150,5130,-20,-0.39,8037,41292510
009310,참엔지니어링,1320,1330,10,0.76,136483,180784295
000650,천일고속,58500,58800,300,0.51,1004,59031500
012600,청호컴넷,2590,2595,5,0.19,82155,211616530
033250,체시스,2435,2425,-10,-0.41,908330,2208339510
035720,카카오,206000,206000,0,0.0,1405404,291638047500
006380,카프로,3185,3180,-5,-0.16,187384,595151395
109070,컨버즈,4100,4100,0,0.0,0,0
001620,케이비아이동국실업,603,614,11,1.82,89384,54917824
029460,케이씨,14900,15900,1000,6.71,175864,2756753400
344820,케이씨씨글라스,30600,30000,-600,-1.96,179167,5423249550
281820,케이씨텍,18800,19200,400,2.13,258386,4953715550
145270,케이탑리츠,789,791,2,0.25,156958,124090254
007815,코리아써우,2990,3075,85,2.84,4744,14579660
007810,코리아써키트,8460,8540,80,0.95,728771,6251764090
00781K,코리아써키트2우B,4555,4665,110,2.41,637,3004125
152330,코리아오토글라스,13350,13200,-150,-1.12,35476,468074900
003690,코리안리,8370,8200,-170,-2.03,306235,2534670985
192820,코스맥스,87600,87600,0,0.0,64299,5638365400
044820,코스맥스비티아이,15900,16150,250,1.57,18645,300579600
005070,코스모신소재,9000,9030,30,0.33,281131,2546388980
005420,코스모화학,7770,7930,160,2.06,317432,2509581880
071950,코아스,1180,1205,25,2.12,495910,592004750
002020,코오롱,18550,18650,100,0.54,46707,868197400
003070,코오롱글로벌,8130,8450,320,3.94,216871,1805983230
003075,코오롱글로벌우,17150,17250,100,0.58,3021,52269300
144620,코오롱머티리얼,1650,1665,15,0.91,251068,415378250
002025,코오롱우,9690,9700,10,0.1,4959,47909760
120110,코오롱인더,30250,30750,500,1.65,185583,5691234950
120115,코오롱인더우,15100,15350,250,1.66,11522,176906000
138490,코오롱플라스틱,3510,3495,-15,-0.43,190485,663663285
021240,코웨이,60800,61800,1000,1.64,192154,11897135500
031820,콤텍시스템,1410,1415,5,0.35,874832,1240283030
192400,쿠쿠홀딩스,87700,89000,1300,1.48,5513,489214600
284740,쿠쿠홈시스,38450,37950,-500,-1.3,35697,1370943900
015590,큐로,1030,1045,15,1.46,1367729,1415169600
264900,크라운제과,8490,8690,200,2.36,84697,733414510
26490K,크라운제과우,6680,6800,120,1.8,7872,53199370
005740,크라운해태홀딩스,9070,9220,150,1.65,58556,539111630
005745,크라운해태홀딩스우,10900,11050,150,1.38,5280,58452100
020120,키다리스튜디오,7260,7300,40,0.55,604613,4413661360
039490,키움증권,74700,75500,800,1.07,51359,3886328700
012170,키위미디어그룹,150,150,0,0.0,0,0
014580,태경비케이,3775,3760,-15,-0.4,247149,930633230
015890,태경산업,4795,4850,55,1.15,44920,217367180
006890,태경케미컬,5500,5450,-50,-0.91,186733,1030075240
003240,태광산업,770000,780000,10000,1.3,1117,870937000
011280,태림포장,4010,4035,25,0.62,499676,2015884345
004100,태양금속,1200,1225,25,2.08,515325,629341685
004105,태양금속우,2760,2780,20,0.72,55418,153284515
009410,태영건설,13950,14350,400,2.87,299046,4258251450
009415,태영건설우,7770,7900,130,1.67,32198,251935740
001420,태원물산,3640,3640,0,0.0,17690,64673390
007980,태평양물산,2260,2255,-5,-0.22,4853699,10977201930
055490,테이팩스,18150,18200,50,0.28,21757,395732950
078000,텔코웨어,13750,14050,300,2.18,35984,505088400
214420,토니모리,11550,11550,0,0.0,167974,1944657300
019180,티에이치엔,2580,2630,50,1.94,293392,759016725
091810,티웨이항공,3800,3805,5,0.13,426136,1644660535
004870,티웨이홀딩스,1335,1365,30,2.25,3861131,5400084785
005690,파미셀,23400,23050,-350,-1.5,5025154,117092892800
036580,팜스코,5180,5090,-90,-1.74,208343,1065934290
028670,팬오션,3315,3330,15,0.45,1391821,4654565725
010820,퍼스텍,1940,1955,15,0.77,953815,1851499525
016800,퍼시스,28500,28300,-200,-0.7,1211,34389200
001020,페이퍼코리아,1470,1465,-5,-0.34,161534,237108770
090080,평화산업,1325,1315,-10,-0.75,376712,498437145
010770,평화홀딩스,3330,3360,30,0.9,30967,104276115
058430,포스코강판,11550,11600,50,0.43,23033,268869100
047050,포스코인터내셔널,14050,14100,50,0.36,465952,6633641750
003670,포스코케미칼,51300,52000,700,1.36,252357,13151596000
007630,폴루스바이오팜,1225,1225,0,0.0,0,0
017810,풀무원,12250,12350,100,0.82,105915,1292963100
103140,풍산,19900,20150,250,1.26,232164,4685814950
005810,풍산홀딩스,27550,27950,400,1.45,5720,159115300
033180,필룩스,5220,5210,-10,-0.19,1602662,8387122270
086790,하나금융지주,26750,26850,100,0.37,1560062,41896387858
099340,하나니켈1호,389,409,20,5.14,45089142,19013953673
099350,하나니켈2호,1630,1685,55,3.37,3328242,5820430260
293480,하나제약,22750,22950,200,0.88,54865,1257334400
039130,하나투어,41450,41550,100,0.24,113098,4708654150
172580,하이골드12호,2275,2280,5,0.22,1789,4090995
153360,하이골드3호,1290,1300,10,0.78,5045,6530120
071090,하이스틸,17450,17950,500,2.87,14744,264533750
019490,하이트론,2690,2735,45,1.67,39179,111030350
000080,하이트진로,35200,34200,-1000,-2.84,685543,23604241550
000087,하이트진로2우B,17300,16700,-600,-3.47,3389,57844650
000140,하이트진로홀딩스,14600,14250,-350,-2.4,76110,1092711300
000145,하이트진로홀딩스우,13700,13850,150,1.09,4329,59488400
152550,한국ANKOR유전,1760,1765,5,0.28,51317,90319630
036460,한국가스공사,27100,27400,300,1.11,253162,6928245100
005430,한국공항,47300,51500,4200,8.88,147417,7607341700
071050,한국금융지주,48100,48500,400,0.83,269184,13108804850
071055,한국금융지주우,31250,31500,250,0.8,44508,1400880150
010040,한국내화,3715,3735,20,0.54,213755,793156180
025540,한국단자,29950,30250,300,1.0,58221,1760762200
004090,한국석유,100000,101000,1000,1.0,3680,369742500
002960,한국쉘석유,257500,259500,2000,0.78,1513,391209500
123890,한국자산신탁,2435,2445,10,0.41,384292,939684945
015760,한국전력,22450,22350,-100,-0.45,2381663,53482806550
006200,한국전자홀딩스,555,553,-2,-0.36,202554,113385124
002300,한국제지,19400,17750,-1650,-8.51,902489,16669836900
009540,한국조선해양,82100,81700,-400,-0.49,250242,20578453200
023350,한국종합기술,4075,4080,5,0.12,31649,128300795
025890,한국주강,1290,1290,0,0.0,21108,27111915
000970,한국주철관,9600,9700,100,1.04,52543,511902430
104700,한국철강,4080,4105,25,0.61,38081,156657240
017960,한국카본,6800,6770,-30,-0.44,618657,4195196540
161890,한국콜마,43950,43900,-50,-0.11,223200,9828141050
024720,한국콜마홀딩스,22400,22600,200,0.89,51446,1159125750
161390,한국타이어앤테크놀로지,20700,22400,1700,8.21,1640497,36431937850
000240,한국테크놀로지그룹,9840,10100,260,2.64,427814,4357940320
034830,한국토지신탁,1830,1835,5,0.27,256009,470321905
007280,한국특수형강,1480,1480,0,0.0,59812,87383930
168490,한국패러랠,1970,1970,0,0.0,946,1867395
010100,한국프랜지,2285,2365,80,3.5,7019926,16721207710
047810,한국항공우주,24100,24050,-50,-0.21,536712,12990721450
123690,한국화장품,15700,15550,-150,-0.96,737561,11569276200
003350,한국화장품제조,39800,39250,-550,-1.38,132822,5225156550
011500,한농화성,4790,4755,-35,-0.73,47780,227322440
002390,한독,23350,23800,450,1.93,73721,1746737350
014790,한라,3265,3260,-5,-0.15,104699,340825135
060980,한라홀딩스,29050,29400,350,1.2,39403,1153288100
053690,한미글로벌,8240,8250,10,0.12,40562,334580700
042700,한미반도체,8380,8750,370,4.42,499565,4350377770
008930,한미사이언스,28900,29850,950,3.29,243755,7349626000
128940,한미약품,259000,276000,17000,6.56,154534,42638713000
009240,한샘,72100,75700,3600,4.99,157753,11782614200
020000,한섬,23500,24100,600,2.55,92964,2228887350
003680,한성기업,5160,5060,-100,-1.94,193112,1006159560
105630,한세실업,11700,11850,150,1.28,144024,1701715200
069640,한세엠케이,2970,3090,120,4.04,560650,1877849755
016450,한세예스24홀딩스,5200,5270,70,1.35,12135,63705150
010420,한솔PNS,1500,1505,5,0.33,219541,332686665
009180,한솔로지스틱스,1450,1480,30,2.07,492095,718867195
213500,한솔제지,16250,16400,150,0.92,328721,5329980050
014680,한솔케미칼,83300,89000,5700,6.84,84344,7330933100
004710,한솔테크닉스,6850,7300,450,6.57,1130240,8139272880
004150,한솔홀딩스,3000,3000,0,0.0,0,0
025750,한솔홈데코,910,926,16,1.76,591977,547115982
004960,한신공영,13200,13250,50,0.38,15899,209879550
011700,한신기계,1420,1450,30,2.11,252505,362160635
001750,한양증권,6350,6350,0,0.0,37896,240782530
001755,한양증권우,7390,7470,80,1.08,176,1311220
018880,한온시스템,8800,8870,70,0.8,1098458,9772583850
009420,한올바이오파마,23900,23950,50,0.21,288566,6960031500
014130,한익스프레스,4640,4970,330,7.11,3234818,16456994165
300720,한일시멘트,87200,87500,300,0.34,6108,533005500
002220,한일철강,1650,1640,-10,-0.61,37788,61110790
006390,한일현대시멘트,32300,32600,300,0.93,54913,1791987750
003300,한일홀딩스,44050,44000,-50,-0.11,6361,280526550
051600,한전KPS,32450,32450,0,0.0,142043,4664011850
052690,한전기술,16850,16900,50,0.3,92757,1571941850
130660,한전산업,3305,3310,5,0.15,32288,107148670
002320,한진,47350,49000,1650,3.48,246872,12032214750
097230,한진중공업,6040,6100,60,0.99,689700,4267775970
003480,한진중공업홀딩스,3275,3345,70,2.14,151257,500722830
180640,한진칼,86500,86800,300,0.35,919965,80890032900
18064K,한진칼우,47450,47550,100,0.21,20159,968757750
005110,한창,2640,2760,120,4.55,7833902,21442658955
009460,한창제지,2305,2320,15,0.65,3465776,8086234775
000880,한화,18950,19200,250,1.32,204181,3925843000
00088K,한화3우B,11150,11300,150,1.35,27921,315051050
088350,한화생명,1715,1700,-15,-0.87,5246734,8982226645
000370,한화손해보험,2125,2170,45,2.12,533960,1150848570
009830,한화솔루션,14300,14300,0,0.0,702891,10134577750
009835,한화솔루션우,9430,9460,30,0.32,4348,41019470
272210,한화시스템,8260,8420,160,1.94,364073,3042630850
012450,한화에어로스페이스,25150,25000,-150,-0.6,271047,6792527950
000885,한화우,23200,23100,-100,-0.43,23300,541274450
003530,한화투자증권,1955,1915,-40,-2.05,1604482,3100206415
003535,한화투자증권우,1785,1780,-5,-0.28,48436,85869550
195870,해성디에스,15200,15650,450,2.96,184287,2862296850
101530,해태제과식품,7640,7610,-30,-0.39,61009,465358490
143210,핸즈코퍼레이션,5930,6160,230,3.88,297541,1931663140
000720,현대건설,34950,35000,50,0.14,588710,20603992500
267270,현대건설기계,17950,18050,100,0.56,121538,2190214650
000725,현대건설우,118500,120000,1500,1.27,1312,155329500
005440,현대그린푸드,8170,8160,-10,-0.12,395261,3226618740
086280,현대글로비스,100500,102000,1500,1.49,130876,13441944000
064350,현대로템,18000,18500,500,2.78,2206830,40441788650
079430,현대리바트,10900,11050,150,1.38,112348,1232162550
012330,현대모비스,170000,176000,6000,3.53,359076,62883530500
010620,현대미포조선,30800,31050,250,0.81,223644,6960540750
069960,현대백화점,70900,70800,-100,-0.14,108534,7722742900
004560,현대비앤지스틸,7310,7600,290,3.97,74166,561047560
004565,현대비앤지스틸우,53900,55100,1200,2.23,2173,119772000
011760,현대상사,15050,15200,150,1.0,61013,926788950
004310,현대약품,4725,4710,-15,-0.32,663047,3162628205
322000,현대에너지솔루션,20450,22100,1650,8.07,321641,6874760450
126560,현대에이치씨엔,4825,4525,-300,-6.22,1968477,9186557780
017800,현대엘리베이,64200,65600,1400,2.18,252805,16488547400
307950,현대오토에버,42200,42750,550,1.3,41567,1762718550
011210,현대위아,31950,34100,2150,6.73,341473,11418307000
267260,현대일렉트릭,8050,8080,30,0.37,124968,1011986990
004020,현대제철,20950,21250,300,1.43,724118,15497565650
267250,현대중공업지주,247000,250000,3000,1.21,34062,8563392500
005380,현대차,92600,94500,1900,2.05,1749677,164765745700
005387,현대차2우B,57400,58200,800,1.39,224808,13115205600
005389,현대차3우B,55700,56000,300,0.54,7971,445459300
005385,현대차우,55300,55900,600,1.08,132111,7377641800
001500,현대차증권,9070,9080,10,0.11,87080,790298850
227840,현대코퍼레이션홀딩스,9980,9970,-10,-0.1,40418,403151910
001450,현대해상,25150,26200,1050,4.17,280146,7310586100
057050,현대홈쇼핑,70800,70700,-100,-0.14,24045,1701025400
093240,형지엘리트,1370,1340,-30,-2.19,309087,416143710
003010,혜인,4690,4690,0,0.0,231836,1083913755
111110,호전실업,11200,11550,350,3.13,490563,6219187100
008770,호텔신라,82500,82300,-200,-0.24,615633,50942167400
008775,호텔신라우,58500,59000,500,0.85,21167,1254897100
002460,화성산업,9090,9200,110,1.21,58577,537219740
013520,화승알앤에이,1630,1630,0,0.0,94655,154333265
241590,화승엔터프라이즈,12650,12900,250,1.98,398927,5128833700
006060,화승인더,8730,8650,-80,-0.92,1035879,9054175740
010690,화신,2210,2230,20,0.9,164569,366977360
133820,화인베스틸,2050,2050,0,0.0,576839,1196001300
010660,화천기계,3320,3995,675,20.33,48679620,189738976400
000850,화천기공,31750,32450,700,2.2,336066,11788845900
016580,환인제약,14400,14550,150,1.04,42333,617773550
032560,황금에스티,6090,6120,30,0.49,59049,360380830
004800,효성,69100,70200,1100,1.59,41917,2942050200
094280,효성ITX,16950,16700,-250,-1.47,84834,1415312100
298040,효성중공업,16250,16350,100,0.62,62802,1028160850
298050,효성첨단소재,83700,86800,3100,3.7,29017,2508131500
298020,효성티앤씨,134500,136000,1500,1.12,8708,1184620500
298000,효성화학,121000,122000,1000,0.83,20061,2461055500
093370,후성,6890,6920,30,0.44,1424981,9867472410
081660,휠라홀딩스,33750,33750,0,0.0,419761,14256826150
005870,휴니드,5720,5790,70,1.22,258577,1484712640
079980,휴비스,5480,5570,90,1.64,119532,663990510
005010,휴스틸,6690,6820,130,1.94,14085,95574230
069260,휴켐스,16950,17100,150,0.88,52601,899498600
000540,흥국화재,2505,2515,10,0.4,70489,175701660
000547,흥국화재2우B,22000,21800,-200,-0.91,10990,242399000
000545,흥국화재우,4865,4895,30,0.62,17427,86423345
003280,흥아해운,258,258,0,0.0,0,0
