티커,종목명,시가,종가,변동폭,등락률,거래량,거래대금
095570,AJ네트웍스,3835,3775,-60,-1.56,45067,170568155
006840,AK홀딩스,22900,22200,-700,-3.06,91976,2072458050
027410,BGF,4680,4575,-105,-2.24,190688,880052795
282330,BGF리테일,157000,155500,-1500,-0.96,31933,4984512500
138930,BNK금융지주,4900,5090,190,3.88,4221060,21482561035
001460,BYC,210500,208500,-2000,-0.95,439,91655000
001465,BYC우,120000,117500,-2500,-2.08,230,27015000
001040,CJ,89100,87100,-2000,-2.24,130808,11409836200
079160,CJCGV,23900,23300,-600,-2.51,268399,6275025100
00104K,CJ4우전환,63300,62000,-1300,-2.05,13839,854762200
000120,CJ대한통운,154000,155500,1500,0.97,78357,12185303000
011150,CJ씨푸드,3900,3925,25,0.64,6099583,24527078350
011155,CJ씨푸드1우,33650,34150,500,1.49,10510,361285250
001045,CJ우,42500,41550,-950,-2.24,6163,257023450
097950,CJ제일제당,302000,298000,-4000,-1.32,74989,22345003500
097955,CJ제일제당우,124500,122500,-2000,-1.61,3255,398035000
000590,CS홀딩스,51200,50500,-700,-1.37,422,21346100
012030,DB,780,768,-12,-1.54,992079,761759821
016610,DB금융투자,3415,3430,15,0.44,265064,921710080
005830,DB손해보험,46150,45250,-900,-1.95,349703,15927485008
000990,DB하이텍,30600,29300,-1300,-4.25,2222420,65837625250
000995,DB하이텍1우,48700,46950,-1750,-3.59,3118,147679700
139130,DGB금융지주,5150,5330,180,3.5,2385329,12753793290
001530,DI동일,66300,65600,-700,-1.06,8623,563661800
004840,DRB동일,7140,6700,-440,-6.16,331508,2293408050
155660,DSR,4070,3965,-105,-2.58,93741,372449200
069730,DSR제강,4135,3975,-160,-3.87,246624,986905340
017940,E1,37850,37450,-400,-1.06,7862,293876300
007700,FF,101500,98200,-3300,-3.25,115586,11412703500
114090,GKL,15700,14950,-750,-4.78,440897,6692184950
078930,GS,39550,39000,-550,-1.39,224229,8760135050
006360,GS건설,28000,27950,-50,-0.18,1221963,34460631350
001250,GS글로벌,1750,1725,-25,-1.43,329751,570767155
007070,GS리테일,42800,42250,-550,-1.29,413416,17571740650
078935,GS우,30250,30000,-250,-0.83,7419,223216600
012630,HDC,10000,9840,-160,-1.6,546266,5425599910
039570,HDC아이콘트롤스,9120,9120,0,0.0,28086,254377490
089470,HDC현대EP,4040,4175,135,3.34,439936,1819449060
294870,HDC현대산업개발,22000,21150,-850,-3.86,1690305,36104174550
011200,HMM,4840,4685,-155,-3.2,6527606,30835879240
082740,HSD엔진,4235,4445,210,4.96,2962948,13034162125
003560,IHQ,1610,1550,-60,-3.73,1614921,2532127090
175330,JB금융지주,4740,4825,85,1.79,809340,3946112850
234080,JW생명과학,17850,17300,-550,-3.08,106171,1866606850
001060,JW중외제약,33750,33400,-350,-1.04,246289,8195734450
001067,JW중외제약2우B,43000,42900,-100,-0.23,1239,53450250
001065,JW중외제약우,27600,27600,0,0.0,3168,87028000
096760,JW홀딩스,5480,5270,-210,-3.83,557019,2967104410
105560,KB금융,33100,34200,1100,3.32,6324651,218121853250
002380,KCC,154000,152500,-1500,-0.97,78022,12064747500
009070,KCTC,2495,2405,-90,-3.61,324454,789709395
009440,KC그린홀딩스,3980,3855,-125,-3.14,165890,659308225
119650,KC코트렐,5410,5370,-40,-0.74,1356185,7505768680
092220,KEC,814,799,-15,-1.84,1239287,1011610057
016380,KG동부제철,11800,13000,1200,10.17,2037610,28968946550
016385,KG동부제철우,63700,64100,400,0.63,3321,221493400
001390,KG케미칼,14250,13900,-350,-2.46,151407,2136006650
001940,KISCO홀딩스,11400,11350,-50,-0.44,8245,93328750
025000,KPX케미칼,49400,49350,-50,-0.1,4913,242385450
092230,KPX홀딩스,43900,43600,-300,-0.68,5136,224014650
000040,KR모터스,763,735,-28,-3.67,1857287,1382846570
044450,KSS해운,7890,7720,-170,-2.15,67582,523178750
030200,KT,24500,24350,-150,-0.61,1033331,25294729000
033780,KTG,84900,82700,-2200,-2.59,854208,71389959800
030210,KTB투자증권,2470,2470,0,0.0,506251,1259986845
058850,KTcs,1850,1975,125,6.76,1342809,2572604845
058860,KTis,2085,2060,-25,-1.2,249958,510830705
093050,LF,13900,13450,-450,-3.24,257719,3506496950
003550,LG,64800,64600,-200,-0.31,362388,23387718000
034220,LG디스플레이,10650,10550,-100,-0.94,2625697,27894885800
001120,LG상사,14800,15550,750,5.07,1194912,18307073250
051900,LG생활건강,1390000,1385000,-5000,-0.36,33510,46534845000
051905,LG생활건강우,719000,710000,-9000,-1.25,7151,5089169000
003555,LG우,43850,43900,50,0.11,10005,441511450
032640,LG유플러스,13150,13000,-150,-1.14,2238184,29152315300
011070,LG이노텍,140500,144000,3500,2.49,465668,67592038500
066570,LG전자,59500,58500,-1000,-1.68,1094166,64077746200
066575,LG전자우,21900,21500,-400,-1.83,78117,1697323000
108670,LG하우시스,64900,66700,1800,2.77,175299,11504730000
108675,LG하우시스우,25550,25650,100,0.39,1164,29712400
037560,LG헬로비전,4515,4435,-80,-1.77,210963,940202550
051910,LG화학,395500,388500,-7000,-1.77,842769,329888128500
051915,LG화학우,177500,175000,-2500,-1.41,51582,9106991500
079550,LIG넥스원,34950,35300,350,1.0,463685,16511923650
006260,LS,39350,38200,-1150,-2.92,102432,3960892500
010120,LSELECTRIC,47150,46400,-750,-1.59,186378,8721086200
000680,LS네트웍스,1930,1895,-35,-1.81,22251,42796095
229640,LS전선아시아,7230,7100,-130,-1.8,93522,672769520
023150,MH에탄올,8530,8850,320,3.75,388554,3393548420
035420,NAVER,228500,240500,12000,5.25,1625154,379140893000
181710,NHN,88900,86700,-2200,-2.47,214293,18635956500
005940,NH투자증권,10150,10250,100,0.99,2772872,28758375250
005945,NH투자증권우,7530,7550,20,0.27,100404,760874320
338100,NH프라임리츠,5080,5010,-70,-1.38,161454,809969645
034310,NICE,22700,22000,-700,-3.08,58837,1294621200
008260,NI스틸,2350,2260,-90,-3.83,1275376,2850598840
004250,NPC,3730,3680,-50,-1.34,31273,114949275
004255,NPC우,2145,2155,10,0.47,3760,8084210
010060,OCI,44800,43350,-1450,-3.24,299047,13166846250
005490,POSCO,182500,184500,2000,1.1,898715,166609262300
100840,STC,16900,16400,-500,-2.96,18565,307219550
064960,ST모티브,39800,38850,-950,-2.39,82687,3225733800
003570,ST중공업,5550,5410,-140,-2.52,18853,102644830
036530,ST홀딩스,15100,14900,-200,-1.32,5635,84198100
010950,S-Oil,71700,70900,-800,-1.12,630712,44915345000
010955,S-Oil우,39450,39150,-300,-0.76,14301,561006000
034120,SBS,17600,17250,-350,-1.99,123644,2152675400
101060,SBS미디어홀딩스,1875,1850,-25,-1.33,71097,132167920
004060,SG세계물산,691,676,-15,-2.17,1131620,764083674
001380,SG충방,1340,1290,-50,-3.73,198693,260227450
002360,SH에너지화학,909,889,-20,-2.2,1702217,1528106712
009160,SIMPAC,2590,2560,-30,-1.16,122207,314275040
123700,SJM,2910,2930,20,0.69,12512,36178260
025530,SJM홀딩스,2730,2720,-10,-0.37,27136,73401535
034730,SK,255500,244500,-11000,-4.31,675566,169328279000
011790,SKC,56900,58500,1600,2.81,1841375,108475230900
018670,SK가스,79900,78700,-1200,-1.5,7525,595991400
001740,SK네트웍스,5340,5220,-120,-2.25,719518,3784529680
001745,SK네트웍스우,77500,77400,-100,-0.13,744,57485300
006120,SK디스커버리,30500,29300,-1200,-3.93,377340,11090127900
006125,SK디스커버리우,18400,17650,-750,-4.08,38263,677268750
210980,SK디앤디,24750,24600,-150,-0.61,42757,1060447100
068400,SK렌터카,10150,10050,-100,-0.99,148554,1494443810
03473K,SK우,227500,216500,-11000,-4.84,51281,11371084500
096770,SK이노베이션,122500,118000,-4500,-3.67,1069233,128004338000
096775,SK이노베이션우,80100,78400,-1700,-2.12,14412,1136227500
001510,SK증권,635,630,-5,-0.79,3846236,2452270917
001515,SK증권우,2625,2575,-50,-1.9,40973,107454205
285130,SK케미칼,90800,92500,1700,1.87,320343,29466102200
28513K,SK케미칼우,38450,38450,0,0.0,90219,3468744500
017670,SK텔레콤,210000,212000,2000,0.95,277022,58481208000
000660,SK하이닉스,81400,83900,2500,3.07,9227823,776596090592
005610,SPC삼립,72200,70900,-1300,-1.8,13293,949854400
011810,STX,7220,6810,-410,-5.68,256256,1764322140
077970,STX엔진,6800,6350,-450,-6.62,92230,605043190
071970,STX중공업,2350,2260,-90,-3.83,225247,516464435
084870,TBH글로벌,2090,1895,-195,-9.33,2954136,6062177560
002710,TCC스틸,2305,2205,-100,-4.34,472148,1058714300
024070,WISCOM,2130,2165,35,1.64,31225,66937240
037270,YGPLUS,1735,1690,-45,-2.59,522051,888936700
000500,가온전선,17300,17000,-300,-1.73,4615,79226700
000860,강남제비스코,15800,15650,-150,-0.95,11371,179041850
035250,강원랜드,26250,24650,-1600,-6.1,2098021,52571902550
011420,갤럭시아에스엠,1320,1320,0,0.0,131199,174053545
002100,경농,12100,12350,250,2.07,1545881,19625059100
009450,경동나비엔,39100,39050,-50,-0.13,39236,1526719150
267290,경동도시가스,17500,17450,-50,-0.29,11545,203409050
012320,경동인베스트,26600,26600,0,0.0,5711,151616750
000050,경방,12950,13000,50,0.39,204933,2637000500
214390,경보제약,8140,8040,-100,-1.23,52657,422128260
012610,경인양행,7140,6840,-300,-4.2,444368,3093813380
009140,경인전자,16650,16750,100,0.6,470,7806050
013580,계룡건설,17350,16750,-600,-3.46,27246,465018450
012200,계양전기,2930,2900,-30,-1.02,357989,1039869795
012205,계양전기우,7210,7210,0,0.0,18623,132554890
004200,고려개발,8500,8370,-130,-1.53,12213,102901720
002140,고려산업,3360,3490,130,3.87,7551331,27126040675
010130,고려아연,380000,374000,-6000,-1.58,45676,17134244500
002240,고려제강,14550,14600,50,0.34,59355,869792500
009290,광동제약,7680,7270,-410,-5.34,708923,5311072180
017040,광명전기,2110,2230,120,5.69,5641528,12983674885
017900,광전자,1945,1910,-35,-1.8,54673,105125755
037710,광주신세계,142500,142000,-500,-0.35,442,63022000
030610,교보증권,7030,7110,80,1.14,319245,2279932530
007690,국도화학,39600,39700,100,0.25,4260,168405700
005320,국동,3560,3410,-150,-4.21,3443658,11566006200
001140,국보,2755,2520,-235,-8.53,7536747,19612365235
002720,국제약품,7460,7270,-190,-2.55,2623410,19675760500
083420,그린케미칼,3725,3700,-25,-0.67,60069,222309055
014530,극동유화,3190,3145,-45,-1.41,327123,1028911405
014280,금강공업,3200,3160,-40,-1.25,192033,616546525
014285,금강공업우,8500,8440,-60,-0.71,10438,87812230
008870,금비,50600,50400,-200,-0.4,216,10843600
001570,금양,3075,3095,20,0.65,750932,2333619400
002990,금호산업,7510,7230,-280,-3.73,449233,3288131560
002995,금호산업우,28050,27700,-350,-1.25,1462,40395350
011780,금호석유,73500,70900,-2600,-3.54,192277,13743497000
011785,금호석유우,28250,27600,-650,-2.3,10917,303037500
214330,금호에이치티,3980,4115,135,3.39,308260,1275962040
001210,금호전기,3400,3400,0,0.0,86380,288446665
073240,금호타이어,3130,3070,-60,-1.92,607587,1870954605
092440,기신정기,3290,3235,-55,-1.67,36101,117496720
000270,기아차,31950,32100,150,0.47,2215603,70898967800
024110,기업은행,7960,8240,280,3.52,7549725,62195964640
013700,까뮤이앤씨,1405,1345,-60,-4.27,1786654,2434393190
004540,깨끗한나라,4085,4080,-5,-0.12,429320,1741302490
004545,깨끗한나라우,19200,19000,-200,-1.04,2065,39332650
001260,남광토건,12350,11800,-550,-4.45,114502,1365234150
008350,남선알미늄,6640,6110,-530,-7.98,47652559,312529742600
008355,남선알미우,35500,34050,-1450,-4.08,56266,1981106500
004270,남성,2655,2525,-130,-4.9,2292409,5940666975
003920,남양유업,311000,310000,-1000,-0.32,3975,1231449000
003925,남양유업우,106500,106500,0,0.0,151,16041000
002070,남영비비안,1360,1595,235,17.28,95242413,150113823145
025860,남해화학,7890,7950,60,0.76,799014,6433337900
005720,넥센,4410,4280,-130,-2.95,81981,356581520
005725,넥센우,2670,2645,-25,-0.94,2955,7818765
002350,넥센타이어,6210,5950,-260,-4.19,609355,3672415900
002355,넥센타이어1우B,2385,2370,-15,-0.63,6132,14610385
003580,넥스트사이언스,6410,6200,-210,-3.28,308118,1937558540
251270,넷마블,98600,94800,-3800,-3.85,423947,40653824100
090350,노루페인트,7530,7390,-140,-1.86,100086,740765140
090355,노루페인트우,11100,10800,-300,-2.7,18213,197171000
000320,노루홀딩스,9770,9690,-80,-0.82,5362,52045230
000325,노루홀딩스우,18050,17950,-100,-0.55,413,7380950
006280,녹십자,146000,142500,-3500,-2.4,131085,18787054000
005250,녹십자홀딩스,23350,22750,-600,-2.57,106991,2442143850
005257,녹십자홀딩스2우,17200,16800,-400,-2.33,1251,21178050
004370,농심,327500,319000,-8500,-2.6,59786,19025020000
072710,농심홀딩스,81400,78600,-2800,-3.44,4569,359853200
058730,다스코,5560,5450,-110,-1.98,55266,302936770
023590,다우기술,19150,18650,-500,-2.61,1393728,27275997750
019680,대교,4735,4695,-40,-0.84,253916,1199249815
019685,대교우B,2845,2860,15,0.53,166381,477233805
006370,대구백화점,5160,5050,-110,-2.13,15160,77195290
008060,대덕,7250,6940,-310,-4.28,1386358,9833284380
00806K,대덕1우,5890,5810,-80,-1.36,16262,95502640
353200,대덕전자,9540,9540,0,0.0,1969192,19113046990
35320K,대덕전자1우,6620,6440,-180,-2.72,80830,532376320
000490,대동공업,4940,4970,30,0.61,321796,1618520880
008110,대동전자,4030,4205,175,4.34,27729,113021475
005750,대림BCo,4255,4270,15,0.35,211249,918650445
000210,대림산업,86500,85900,-600,-0.69,524307,45836455300
000215,대림산업우,38000,37800,-200,-0.53,54315,2049116850
004440,대림씨엔에스,6060,6000,-60,-0.99,27704,166726340
006570,대림통상,4055,4180,125,3.08,2452,10103025
001680,대상,25600,25450,-150,-0.59,350895,8853004950
001685,대상우,13550,13150,-400,-2.95,4183,55493950
084690,대상홀딩스,7500,7400,-100,-1.33,345695,2529385800
084695,대상홀딩스우,6170,6100,-70,-1.13,1806,10981350
128820,대성산업,3095,3015,-80,-2.58,106180,320185095
117580,대성에너지,4785,4760,-25,-0.52,26888,128578365
016710,대성홀딩스,11000,11000,0,0.0,30639,339689900
003540,대신증권,9960,10050,90,0.9,558393,5645749970
003547,대신증권2우B,7970,7990,20,0.25,33349,266302690
003545,대신증권우,8410,8430,20,0.24,101174,852369880
009190,대양금속,6100,4930,-1170,-19.18,16560922,84075001100
014160,대영포장,1105,1080,-25,-2.26,1700174,1850784775
047040,대우건설,3735,3655,-80,-2.14,1865133,6863075855
009320,대우부품,2475,2400,-75,-3.03,1509127,3692139200
042660,대우조선해양,21200,20900,-300,-1.42,1053034,22030734850
003090,대웅,18250,17850,-400,-2.19,783084,14105898500
069620,대웅제약,105500,108000,2500,2.37,475821,51613804000
000430,대원강업,3115,3075,-40,-1.28,90715,281833065
006340,대원전선,1100,1065,-35,-3.18,1176526,1285808455
006345,대원전선우,2995,2920,-75,-2.5,38683,115028880
003220,대원제약,15800,15400,-400,-2.53,149381,2312127300
024890,대원화성,1950,1875,-75,-3.85,1247795,2344267190
002880,대유에이텍,723,713,-10,-1.38,368903,263647703
000300,대유플러스,662,659,-3,-0.45,1348436,902063673
012800,대창,1240,1200,-40,-3.23,2207656,2678759770
015230,대창단조,23950,23700,-250,-1.04,9928,236619250
001070,대한방직,21350,21500,150,0.7,27165,579733600
006650,대한유화,132500,127000,-5500,-4.15,62284,8029284500
001440,대한전선,796,781,-15,-1.88,4428977,3529846015
084010,대한제강,7390,7350,-40,-0.54,112671,835191240
001790,대한제당,18750,18550,-200,-1.07,14502,270359750
001795,대한제당우,12350,12050,-300,-2.43,919,11313050
001130,대한제분,135000,133000,-2000,-1.48,6274,833392500
003490,대한항공,20950,21400,450,2.15,3166883,67815154000
003495,대한항공우,17550,17400,-150,-0.85,43580,766226400
005880,대한해운,18150,17750,-400,-2.2,120008,2125965000
003830,대한화섬,86700,86900,200,0.23,1243,106068300
016090,대현,1870,1825,-45,-2.41,109991,201176510
069460,대호에이엘,2695,2630,-65,-2.41,374302,989769080
192080,더블유게임즈,69600,66900,-2700,-3.88,479889,31956200200
012510,더존비즈온,109500,114500,5000,4.57,410991,46668481500
004830,덕성,3535,3340,-195,-5.52,435262,1498878375
004835,덕성우,8470,7890,-580,-6.85,98109,796495810
024900,덕양산업,1030,1000,-30,-2.91,368849,371089796
145720,덴티움,43250,41600,-1650,-3.82,76962,3233237000
002150,도화엔지니어링,8860,8830,-30,-0.34,158342,1401272860
001230,동국제강,4400,4345,-55,-1.25,774850,3388786715
023450,동남합성,29100,28650,-450,-1.55,1470,42390600
004140,동방,2190,2155,-35,-1.6,4639365,10253915065
007590,동방아그로,6280,6200,-80,-1.27,11731,73367320
005960,동부건설,9930,9810,-120,-1.21,86061,843521980
005965,동부건설우,21150,20500,-650,-3.07,1240,25937100
083370,동북아12호,5040,5040,0,0.0,0,0
026960,동서,17300,17200,-100,-0.58,70583,1213341700
002210,동성제약,13500,13250,-250,-1.85,264462,3511057550
102260,동성코퍼레이션,4300,4285,-15,-0.35,57078,241821360
005190,동성화학,17400,17200,-200,-1.15,9292,159843300
000640,동아쏘시오홀딩스,97300,92700,-4600,-4.73,16497,1555475900
170900,동아에스티,88800,87700,-1100,-1.24,27931,2465472300
028100,동아지질,17550,16750,-800,-4.56,581291,10164682300
282690,동아타이어,11000,11000,0,0.0,2916,32053700
001520,동양,1625,1515,-110,-6.77,6012777,9233366070
001527,동양2우B,9780,9400,-380,-3.89,899,8571070
001529,동양3우B,31000,31150,150,0.48,4,123250
084670,동양고속,26250,26100,-150,-0.57,6225,162799400
002900,동양물산,1035,998,-37,-3.57,2947375,2971539890
082640,동양생명,3155,3105,-50,-1.58,223572,709515605
001525,동양우,5060,4995,-65,-1.28,5446,27215525
008970,동양철관,1110,1085,-25,-2.25,2285909,2487492165
092780,동양피스톤,4105,4015,-90,-2.19,96459,388996835
049770,동원FB,202000,199500,-2500,-1.24,9505,1901345500
018500,동원금속,658,655,-3,-0.46,144135,93763220
006040,동원산업,241000,232000,-9000,-3.73,4530,1064594000
030720,동원수산,9220,9600,380,4.12,2984326,30423419350
014820,동원시스템즈,25200,24300,-900,-3.57,39443,972669550
014825,동원시스템즈우,23650,23500,-150,-0.63,273,6427700
163560,동일고무벨트,8640,8050,-590,-6.83,326553,2686080230
004890,동일산업,56000,55500,-500,-0.89,6819,381779000
002690,동일제강,2030,2000,-30,-1.48,92780,188403810
000020,동화약품,11300,10800,-500,-4.42,1106251,12063354050
000150,두산,39200,37700,-1500,-3.83,146114,5583054000
000157,두산2우B,45500,43000,-2500,-5.49,2999,130991900
241560,두산밥캣,24000,23500,-500,-2.08,480255,11457926850
336370,두산솔루스,40800,39450,-1350,-3.31,1455453,58204994950
33637K,두산솔루스1우,14950,14350,-600,-4.01,116974,1719881750
33637L,두산솔루스2우B,44750,41950,-2800,-6.26,45306,1955430450
000155,두산우,28450,28150,-300,-1.05,31486,888417250
042670,두산인프라코어,5430,5270,-160,-2.95,3963647,21284110660
034020,두산중공업,4560,4380,-180,-3.95,5252286,23320360640
336260,두산퓨얼셀,14550,15700,1150,7.9,15695055,249836408850
33626K,두산퓨얼셀1우,4365,4365,0,0.0,1012743,4625644115
33626L,두산퓨얼셀2우B,13600,13100,-500,-3.68,463759,6484740350
016740,두올,2910,2915,5,0.17,1766273,5260967355
192650,드림텍,6590,6320,-270,-4.1,872322,5598323580
024090,디씨엠,10800,10750,-50,-0.46,19455,208175850
003160,디아이,3745,3700,-45,-1.2,276872,1033340705
092200,디아이씨,1870,1755,-115,-6.15,1545345,2742758660
013570,디와이,4250,4140,-110,-2.59,161566,678470925
210540,디와이파워,9250,8810,-440,-4.76,170623,1525011890
007340,디티알오토모티브,25850,25900,50,0.19,9496,245383300
026890,디피씨,12100,11200,-900,-7.44,11728853,136824898650
115390,락앤락,11850,11750,-100,-0.84,210363,2489175900
032350,롯데관광개발,13300,13000,-300,-2.26,651902,8573283300
330590,롯데리츠,5760,5780,20,0.35,785668,4529511070
000400,롯데손해보험,1710,1740,30,1.75,702994,1230571550
023530,롯데쇼핑,88200,87500,-700,-0.79,151475,13405656000
004000,롯데정밀화학,38500,38050,-450,-1.17,139763,5351568400
286940,롯데정보통신,39800,38250,-1550,-3.89,156718,6102241900
280360,롯데제과,128000,123000,-5000,-3.91,19314,2399033500
004990,롯데지주,36100,35200,-900,-2.49,515164,18160455500
00499K,롯데지주우,60500,60000,-500,-0.83,12798,763280800
005300,롯데칠성,107000,104500,-2500,-2.34,36820,3887912000
005305,롯데칠성우,53200,52800,-400,-0.75,5014,264476600
011170,롯데케미칼,189500,189500,0,0.0,215743,41047981500
002270,롯데푸드,380000,374000,-6000,-1.58,1975,741852000
071840,롯데하이마트,28100,28100,0,0.0,95255,2669689700
027740,마니커,934,937,3,0.32,15697747,14847553770
204320,만도,27400,26700,-700,-2.55,638089,17141421650
001080,만호제강,14150,13900,-250,-1.77,1462,20427800
088980,맥쿼리인프라,11550,11650,100,0.87,1183893,13754227500
094800,맵스리얼티1,4190,4175,-15,-0.36,65307,272041910
138040,메리츠금융지주,10300,10300,0,0.0,57253,592022750
008560,메리츠증권,3450,3440,-10,-0.29,2764565,9554206700
000060,메리츠화재,15000,14700,-300,-2.0,71930,1068766750
090370,메타랩스,1280,1385,105,8.2,3743734,5037475245
017180,명문제약,7700,7300,-400,-5.19,6122831,44913727570
012690,모나리자,6920,7030,110,1.59,2232320,15471884640
005360,모나미,3605,3495,-110,-3.05,2292487,7974627145
204210,모두투어리츠,2700,2710,10,0.37,4819,13007935
009680,모토닉,7800,7680,-120,-1.54,19727,152526910
009580,무림PP,3140,3115,-25,-0.8,271729,849011370
009200,무림페이퍼,2195,2155,-40,-1.82,97163,211485710
033920,무학,6460,6370,-90,-1.39,32243,206784610
008420,문배철강,3025,2915,-110,-3.64,2468268,7215603445
025560,미래산업,82,81,-1,-1.22,29762821,2409585574
007120,미래아이앤지,395,388,-7,-1.77,1900037,739345393
006800,미래에셋대우,6160,6450,290,4.71,7651448,49127254270
00680K,미래에셋대우2우B,3295,3390,95,2.88,860623,2917030145
006805,미래에셋대우우,3595,3695,100,2.78,82388,303044855
085620,미래에셋생명,3370,3270,-100,-2.97,115117,381533535
002840,미원상사,70200,69700,-500,-0.71,1449,101538500
268280,미원에스씨,77400,77100,-300,-0.39,2086,160696700
107590,미원홀딩스,44300,44300,0,0.0,4587,199793250
134380,미원화학,50200,49900,-300,-0.6,1285,63917650
003650,미창석유,57900,57700,-200,-0.35,3030,174839200
155900,바다로19호,2590,2595,5,0.19,6480,16782325
003610,방림,1765,1735,-30,-1.7,105565,185484420
001340,백광산업,2750,2850,100,3.64,2602126,7275081990
035150,백산,6060,5860,-200,-3.3,328850,1956909640
002410,범양건영,3325,3115,-210,-6.32,1555914,5019787990
096300,베트남개발1,304,304,0,0.0,46305,14008800
007210,벽산,1725,1675,-50,-2.9,4506623,8070993815
002760,보락,1965,2100,135,6.87,21159496,45665302685
003850,보령제약,15400,14600,-800,-5.19,1104368,16372226900
000890,보해양조,862,847,-15,-1.74,1347328,1147735923
003000,부광약품,25850,26400,550,2.13,5636297,149512101150
001270,부국증권,19050,19000,-50,-0.26,2483,47408550
001275,부국증권우,17700,17800,100,0.56,729,12969400
026940,부국철강,4495,4270,-225,-5.01,1053235,4593488990
015350,부산가스,36200,36150,-50,-0.14,1373,49376200
011390,부산산업,141000,139000,-2000,-1.42,23721,3337732000
005030,부산주공,359,360,1,0.28,166768,59326781
100220,비상교육,7820,7970,150,1.92,420366,3342449190
030790,비케이탑스,8550,8780,230,2.69,364255,3150766690
101140,비티원,3480,3440,-40,-1.15,341953,1172764570
005180,빙그레,66100,65200,-900,-1.36,64831,4257014800
003960,사조대림,15400,15750,350,2.27,253667,4077691550
008040,사조동아원,900,904,4,0.44,3553938,3282562689
007160,사조산업,29100,29300,200,0.69,34206,1010575750
014710,사조씨푸드,4040,3990,-50,-1.24,641822,2665051945
006090,사조오양,8140,8140,0,0.0,718885,6052999400
005090,삼광글라스,29400,28500,-900,-3.06,16415,471438450
001470,삼부토건,733,720,-13,-1.77,1077958,781482111
006400,삼성SDI,365000,359000,-6000,-1.64,1477784,531205596332
006405,삼성SDI우,181000,180000,-1000,-0.55,32707,5881270500
006660,삼성공조,6150,6120,-30,-0.49,14768,90469310
028260,삼성물산,101000,99200,-1800,-1.78,565818,56553399100
02826K,삼성물산우B,72700,72500,-200,-0.28,5572,403840400
207940,삼성바이오로직스,624000,611000,-13000,-2.08,223388,137119549000
032830,삼성생명,46550,46750,200,0.43,1092104,51524462700
018260,삼성에스디에스,185500,187000,1500,0.81,399335,75598253500
028050,삼성엔지니어링,12150,11650,-500,-4.12,3675531,43632471100
009150,삼성전기,121000,122500,1500,1.24,1354382,167993576000
009155,삼성전기우,51400,51700,300,0.58,54135,2832968500
005930,삼성전자,49900,50400,500,1.0,31309318,1585346422778
005935,삼성전자우,42950,43500,550,1.28,3212121,139830190268
001360,삼성제약,4045,3955,-90,-2.22,1347477,5386827750
010140,삼성중공업,4885,4705,-180,-3.68,17042241,81845756670
010145,삼성중공우,54400,54200,-200,-0.37,4206,226681400
016360,삼성증권,28750,28800,50,0.17,1086619,31692497750
068290,삼성출판사,22200,21400,-800,-3.6,146322,3172811750
029780,삼성카드,29550,29850,300,1.02,389958,11616300450
000810,삼성화재,193000,189500,-3500,-1.81,170336,32503930500
000815,삼성화재우,131500,129500,-2000,-1.52,8828,1147837500
006110,삼아알미늄,4130,4005,-125,-3.03,61861,249783445
145990,삼양사,46750,45000,-1750,-3.74,48906,2232893950
145995,삼양사우,30750,30000,-750,-2.44,1291,38706500
003230,삼양식품,121500,123500,2000,1.65,87951,10737498000
002170,삼양통상,53800,52500,-1300,-2.42,6675,353848700
272550,삼양패키징,17900,17500,-400,-2.23,51864,910474750
000070,삼양홀딩스,60500,59100,-1400,-2.31,24509,1458394300
000075,삼양홀딩스우,37650,36700,-950,-2.52,586,21654400
002810,삼영무역,14000,14100,100,0.71,16395,229587200
005680,삼영전자,8320,8080,-240,-2.88,64860,529668350
003720,삼영화학,1435,1375,-60,-4.18,372596,507601450
023000,삼원강재,2275,2250,-25,-1.1,15535,35253580
004380,삼익THK,12200,11650,-550,-4.51,69026,813733800
002450,삼익악기,1520,1480,-40,-2.63,561329,836001610
000520,삼일제약,18850,18400,-450,-2.39,51620,957537300
009770,삼정펄프,27400,27400,0,0.0,490,13319400
005500,삼진제약,27900,28700,800,2.87,570865,16362335550
004690,삼천리,67900,66900,-1000,-1.47,13845,935668200
001880,삼호,20450,20400,-50,-0.24,50145,1023745350
010960,삼호개발,4775,4620,-155,-3.25,269318,1255460665
004450,삼화왕관,40550,40250,-300,-0.74,410,16379200
009470,삼화전기,18250,17500,-750,-4.11,228507,4034850400
011230,삼화전자,3090,2965,-125,-4.05,510689,1545496345
001820,삼화콘덴서,54600,54100,-500,-0.92,279784,15272875600
000390,삼화페인트,5000,4930,-70,-1.4,24308,120748080
001290,상상인증권,1240,1230,-10,-0.81,81082,100998245
041650,상신브레이크,2640,2570,-70,-2.65,201831,525818830
075180,새론오토모티브,3530,3435,-95,-2.69,31416,109224870
007540,샘표,60200,71600,11400,18.94,2163380,153938134100
248170,샘표식품,46200,47550,1350,2.92,3833937,199179148900
007860,서연,3575,3425,-150,-4.2,361998,1270374365
200880,서연이화,3430,3475,45,1.31,473552,1699754170
017390,서울가스,77600,75700,-1900,-2.45,61,4699000
004410,서울식품,173,170,-3,-1.73,11942661,2062356197
004415,서울식품우,3495,3490,-5,-0.14,65000,226268430
021050,서원,3380,3195,-185,-5.47,3871564,12871347980
008490,서흥,50300,51200,900,1.79,140243,7079518700
007610,선도전기,2790,2760,-30,-1.08,811050,2349399370
136490,선진,10050,9800,-250,-2.49,428957,4315376110
002820,선창산업,3735,3630,-105,-2.81,36688,136371805
014910,성문전자,1645,1600,-45,-2.74,273367,442441675
014915,성문전자우,9500,9320,-180,-1.89,13799,129874900
003080,성보화학,4295,4255,-40,-0.93,25769,109126945
004980,성신양회,7450,7180,-270,-3.62,158660,1161298750
004985,성신양회우,8450,8260,-190,-2.25,11614,98441810
011300,성안,473,458,-15,-3.17,449674,206312610
000180,성창기업지주,1500,1490,-10,-0.67,88995,131869655
002420,세기상사,49600,49350,-250,-0.5,1464,72585400
004360,세방,10450,10450,0,0.0,23818,244250100
004365,세방우,5410,5380,-30,-0.55,4531,24377950
004490,세방전지,29700,29150,-550,-1.85,56677,1658889500
001430,세아베스틸,9920,9720,-200,-2.02,118854,1162438550
306200,세아제강,50600,50000,-600,-1.19,9386,470451000
003030,세아제강지주,32550,32000,-550,-1.69,9203,296104550
019440,세아특수강,11100,11150,50,0.45,14466,159563200
058650,세아홀딩스,70000,69900,-100,-0.14,240,16777900
013000,세우글로벌,1925,1870,-55,-2.86,1080513,2034702120
091090,세원셀론텍,3010,2935,-75,-2.49,382226,1130340395
021820,세원정공,8090,8090,0,0.0,0,0
067830,세이브존IC,2425,2415,-10,-0.41,59431,144355970
033530,세종공업,5380,5690,310,5.76,1503949,8359742910
075580,세진중공업,3675,3590,-85,-2.31,329610,1189030820
027970,세하,2100,2100,0,0.0,64083,132854455
145210,세화아이엠씨,1985,1800,-185,-9.32,7835386,14643970030
308170,센트랄모텍,35150,33500,-1650,-4.69,410584,13981564750
068270,셀트리온,213000,211000,-2000,-0.94,716459,150491786500
004430,송원산업,16000,14750,-1250,-7.81,903685,13665350350
017550,수산중공업,1810,1805,-5,-0.28,5177397,9385124560
002200,수출포장,18900,18700,-200,-1.06,4994,94142300
053210,스카이라이프,8780,8590,-190,-2.16,114113,987952710
134790,시디즈,42000,40550,-1450,-3.45,3884,160936750
016590,신대양제지,58300,58200,-100,-0.17,18722,1091699900
029530,신도리코,27450,26650,-800,-2.91,25309,686279950
004970,신라교역,10150,10200,50,0.49,19394,199214650
011930,신성이엔지,1215,1150,-65,-5.35,13055525,15256093100
005390,신성통상,1320,1350,30,2.27,10333365,13549214600
004170,신세계,248500,242500,-6000,-2.41,87273,21307705550
035510,신세계IC,116000,120500,4500,3.88,21489,2585220000
034300,신세계건설,23450,23500,50,0.21,34355,821051250
031430,신세계인터내셔날,202500,196500,-6000,-2.96,70851,13956927500
031440,신세계푸드,65400,63200,-2200,-3.36,23573,1504586400
006880,신송홀딩스,4210,4325,115,2.73,2289407,10424191200
005800,신영와코루,90000,89000,-1000,-1.11,139,12403400
001720,신영증권,44300,44650,350,0.79,5786,259587050
001725,신영증권우,44500,44900,400,0.9,1454,65147250
009270,신원,1860,1760,-100,-5.38,3859019,6998565775
009275,신원우,39500,38200,-1300,-3.29,2407,92600000
002700,신일전자,2330,2265,-65,-2.79,5293634,12065202495
019170,신풍제약,20600,20450,-150,-0.73,2494639,51220705950
019175,신풍제약우,39250,38350,-900,-2.29,49394,1909796550
002870,신풍제지,1405,1375,-30,-2.14,68480,93930970
005450,신한,4945,4945,0,0.0,0,0
293940,신한알파리츠,7070,7010,-60,-0.85,182656,1285317200
055550,신한지주,29750,30250,500,1.68,4274477,130638950900
001770,신화실업,22350,21800,-550,-2.46,6512,143890700
004080,신흥,9300,9210,-90,-0.97,2162,19991560
102280,쌍방울,957,986,29,3.03,11739656,11483930929
003410,쌍용양회,5120,5080,-40,-0.78,1550093,7878972170
003415,쌍용양회우,9160,9240,80,0.87,19337,177308490
003620,쌍용차,1635,1695,60,3.67,2972287,5044811820
004770,써니전자,3420,3335,-85,-2.49,2504753,8476947325
015540,쎌마테라퓨틱스,5540,5330,-210,-3.79,207186,1101036610
004920,씨아이테크,1165,1140,-25,-2.15,176589,206348075
112610,씨에스윈드,41850,41250,-600,-1.43,239516,9777429200
008700,아남전자,1990,2095,105,5.28,9194613,19121182910
002790,아모레G,55500,54800,-700,-1.26,165850,9169156400
00279K,아모레G3우전환,34400,34500,100,0.29,9953,341038150
002795,아모레G우,19900,19500,-400,-2.01,9101,179631850
090430,아모레퍼시픽,169500,166500,-3000,-1.77,312398,52297968799
090435,아모레퍼시픽우,59900,58800,-1100,-1.84,35119,2077003200
002030,아세아,80200,80500,300,0.37,3561,285245000
183190,아세아시멘트,62700,61500,-1200,-1.91,7046,435611200
002310,아세아제지,31300,31000,-300,-0.96,67200,2081949300
267850,아시아나IDT,16100,15600,-500,-3.11,148794,2364377350
020560,아시아나항공,3945,4005,60,1.52,5836386,23453112295
122900,아이마켓코리아,10750,10800,50,0.47,84065,898458050
010780,아이에스동서,31500,30500,-1000,-3.17,121095,3704337800
033660,아주캐피탈,12850,12600,-250,-1.95,25686,325594550
001780,알루코,2045,1970,-75,-3.67,380379,756360190
018250,애경산업,25850,25350,-500,-1.93,128698,3297038650
161000,애경유화,7100,6900,-200,-2.82,173876,1216111500
011090,에넥스,1085,1180,95,8.76,14362979,17198944195
005850,에스엘,13800,13800,0,0.0,0,0
012750,에스원,89000,87900,-1100,-1.24,69062,6119166900
023960,에쓰씨엔지니어링,1370,1370,0,0.0,74852,102711670
298690,에어부산,3910,3825,-85,-2.17,893156,3460107925
140910,에이리츠,6490,6440,-50,-0.77,10055,64528040
078520,에이블씨엔씨,9580,9420,-160,-1.67,89551,847324990
015260,에이엔피,262,258,-4,-1.53,217105,56085684
007460,에이프로젠KIC,3105,3110,5,0.16,8526220,26957698030
003060,에이프로젠제약,2160,2300,140,6.48,52742712,119564302075
036570,엔씨소프트,787000,792000,5000,0.64,111114,87304611000
138250,엔에스쇼핑,9920,9860,-60,-0.6,61900,609919700
085310,엔케이,927,950,23,2.48,726369,688976726
009810,엔케이물산,674,667,-7,-1.04,1122785,749458197
900140,엘브이엠씨홀딩스,5000,5280,280,5.6,777014,4007790780
014440,영보화학,2825,2780,-45,-1.59,27308,76481530
111770,영원무역,31400,29550,-1850,-5.89,246544,7429418250
009970,영원무역홀딩스,43050,42550,-500,-1.16,2960,126148400
003520,영진약품,5560,5400,-160,-2.88,1382465,7500899690
000670,영풍,520000,508000,-12000,-2.31,1633,834112000
006740,영풍제지,3495,3485,-10,-0.29,97611,338948285
012280,영화금속,1745,1695,-50,-2.87,1981337,3374849240
012160,영흥,1240,1195,-45,-3.63,947697,1141774780
015360,예스코홀딩스,34900,35000,100,0.29,819,28759300
007310,오뚜기,568000,561000,-7000,-1.23,7908,4439672000
002630,오리엔트바이오,723,708,-15,-2.07,954039,682685157
271560,오리온,132500,130000,-2500,-1.89,133463,17426222000
001800,오리온홀딩스,14500,14100,-400,-2.76,273454,3896885400
070960,용평리조트,4850,4720,-130,-2.68,198173,948773595
316140,우리금융지주,8360,8740,380,4.55,7434397,64907103360
004720,우리들제약,6680,6540,-140,-2.1,260877,1721806810
118000,우리들휴브레인,2710,2680,-30,-1.11,1027763,2747271355
010050,우리종금,567,572,5,0.88,3546620,2044107761
006980,우성사료,3295,3560,265,8.04,55542410,214147302390
017370,우신시스템,3485,3530,45,1.29,361099,1277180950
105840,우진,3640,3480,-160,-4.4,162522,573639235
010400,우진아이엔에스,6910,6920,10,0.14,22348,154510280
049800,우진플라임,3340,3175,-165,-4.94,15828,51070635
016880,웅진,1230,1235,5,0.41,404579,505984365
095720,웅진씽크빅,2495,2445,-50,-2.0,476286,1173120780
103130,웅진에너지,158,85,-73,-46.2,20868364,2088461382
005820,원림,16550,16500,-50,-0.3,495,8233500
010600,웰바이오텍,2470,2400,-70,-2.83,914065,2199405270
008600,윌비스,1470,1420,-50,-3.4,2504438,3608266670
033270,유나이티드제약,19500,19350,-150,-0.77,271788,5268360600
014830,유니드,42350,42150,-200,-0.47,23609,998123350
000910,유니온,7060,6550,-510,-7.22,3371814,22933827310
047400,유니온머티리얼,4150,4015,-135,-3.25,31074843,129706659640
011330,유니켐,1585,1520,-65,-4.1,1222171,1896620515
077500,유니퀘스트,6490,6290,-200,-3.08,281970,1775773710
002920,유성기업,2580,2570,-10,-0.39,20368,52518470
000700,유수홀딩스,5660,6050,390,6.89,330226,2123456400
003470,유안타증권,2750,2750,0,0.0,746916,2074313635
003475,유안타증권우,2050,2045,-5,-0.24,24686,50530685
011690,유양디앤유,1220,1220,0,0.0,0,0
072130,유엔젤,3595,3475,-120,-3.34,112932,397631145
000220,유유제약,12050,11800,-250,-2.07,113015,1330199900
000225,유유제약1우,8200,8070,-130,-1.59,4792,38644600
000227,유유제약2우B,20750,20800,50,0.24,558,11675600
001200,유진투자증권,2950,2860,-90,-3.05,1220381,3563249675
000100,유한양행,51600,51400,-200,-0.39,591415,30524231800
000105,유한양행우,51700,51900,200,0.39,5717,296388200
003460,유화증권,2260,2260,0,0.0,7787,17644375
003465,유화증권우,2455,2500,45,1.83,35,87555
008730,율촌화학,14550,14350,-200,-1.37,62125,896327500
008250,이건산업,7080,6960,-120,-1.69,369862,2634255970
025820,이구산업,1560,1475,-85,-5.45,734825,1104907735
214320,이노션,54200,53700,-500,-0.92,74620,4028205500
088260,이리츠코크렙,5760,5760,0,0.0,68039,393930770
139480,이마트,111500,109500,-2000,-1.79,319956,35382003500
007660,이수페타시스,3710,3600,-110,-2.96,911997,3292160200
005950,이수화학,9870,9610,-260,-2.63,274904,2684513990
015020,이스타코,684,663,-21,-3.07,128902,87614459
093230,이아이디,225,221,-4,-1.78,6428143,1416611986
074610,이엔플러스,5570,5450,-120,-2.15,621123,3444211610
102460,이연제약,13750,13700,-50,-0.36,63853,878201800
084680,이월드,4505,4395,-110,-2.44,11604268,53200105820
000760,이화산업,13100,13100,0,0.0,674,8869600
014990,인디에프,2465,2270,-195,-7.91,6175288,14731727295
006490,인스코비,2630,2545,-85,-3.23,864546,2219530510
023800,인지컨트롤스,4185,4065,-120,-2.87,158254,638937390
034590,인천도시가스,25100,25050,-50,-0.2,3029,75992050
129260,인터지스,1720,1690,-30,-1.74,119460,200698470
023810,인팩,3695,3565,-130,-3.52,62932,225595455
249420,일동제약,13350,13700,350,2.62,296536,4138631000
000230,일동홀딩스,8940,8920,-20,-0.22,14343,128720750
013360,일성건설,1105,1075,-30,-2.71,377453,409884640
003120,일성신약,86800,84000,-2800,-3.23,7749,654645100
003200,일신방직,59000,56800,-2200,-3.73,3305,191378000
007110,일신석재,2550,2465,-85,-3.33,2981698,7525385485
007570,일양약품,32950,42800,9850,29.89,4271598,166494085750
007575,일양약품우,18700,24300,5600,29.95,50593,1175420500
008500,일정실업,9960,9880,-80,-0.8,2671,26407810
081000,일진다이아,28300,27400,-900,-3.18,234376,6456255800
020760,일진디스플,3145,3035,-110,-3.5,338002,1039889280
020150,일진머티리얼즈,47400,46400,-1000,-2.11,962083,44598387600
103590,일진전기,2645,2755,110,4.16,1889404,5377789910
015860,일진홀딩스,4125,4060,-65,-1.58,437297,1794108960
226320,잇츠한불,14950,14550,-400,-2.68,27676,409638650
317400,자이에스앤디,5780,5800,20,0.35,221434,1260060340
033240,자화전자,7260,7140,-120,-1.65,164697,1179945490
000950,전방,13050,12850,-200,-1.53,968,12374800
194370,제이에스코퍼레이션,7710,7580,-130,-1.69,114759,888233790
025620,제이준코스메틱,2885,2815,-70,-2.43,793389,2257814615
036420,제이콘텐트리,31500,30800,-700,-2.22,112454,3476757450
030000,제일기획,17000,16950,-50,-0.29,1451899,24970513450
271980,제일약품,36800,39200,2400,6.52,1231654,47476449050
001560,제일연마,5850,5800,-50,-0.85,7755,44951500
002620,제일파마홀딩스,19050,19500,450,2.36,192896,3727229950
006220,제주은행,3205,3255,50,1.56,74964,245055985
089590,제주항공,19600,19200,-400,-2.04,310282,6025350850
004910,조광페인트,5590,5550,-40,-0.72,26415,147680110
004700,조광피혁,42950,42600,-350,-0.81,1251,53051350
001550,조비,16300,16850,550,3.37,619208,10779585100
000480,조선내화,74900,74400,-500,-0.67,868,64758300
120030,조선선재,77800,77600,-200,-0.26,1579,123761700
018470,조일알미늄,579,578,-1,-0.17,61273,35083524
002600,조흥,154000,151500,-2500,-1.62,355,55101000
185750,종근당,96300,93500,-2800,-2.91,65060,6111623400
063160,종근당바이오,31550,30200,-1350,-4.28,170117,5193532750
001630,종근당홀딩스,115500,113500,-2000,-1.73,47259,5334719500
044380,주연테크,1445,1535,90,6.23,7514700,11036037950
013890,지누스,85700,80000,-5700,-6.65,575809,46419975600
013870,지엠비코리아,4645,4485,-160,-3.44,160292,721553845
071320,지역난방공사,40100,39900,-200,-0.5,11284,449724500
010580,지코,306,306,0,0.0,0,0
035000,지투알,5540,5470,-70,-1.26,13900,76081970
088790,진도,2710,2900,190,7.01,116559,327141055
003780,진양산업,3390,3310,-80,-2.36,327570,1086648240
010640,진양폴리,2945,2875,-70,-2.38,233186,670007115
100250,진양홀딩스,2370,2365,-5,-0.21,35255,83764445
051630,진양화학,3030,2950,-80,-2.64,321399,953219775
272450,진에어,10850,10600,-250,-2.3,323516,3461372500
011000,진원생명과학,9990,9900,-90,-0.9,1425443,14028546470
002780,진흥기업,2070,2075,5,0.24,121741,252989755
002787,진흥기업2우B,13750,13850,100,0.73,3940,54047950
002785,진흥기업우B,5190,5130,-60,-1.16,4900,25140730
009310,참엔지니어링,1315,1280,-35,-2.66,278718,356592570
000650,천일고속,58700,58100,-600,-1.02,558,32527500
012600,청호컴넷,3020,2970,-50,-1.66,193647,574870030
033250,체시스,2360,2360,0,0.0,1342819,3209249550
035720,카카오,260500,267000,6500,2.5,2495048,653140542000
006380,카프로,3045,3000,-45,-1.48,1293575,4003352110
109070,컨버즈,4100,4100,0,0.0,0,0
001620,케이비아이동국실업,583,579,-4,-0.69,51918,30223440
029460,케이씨,19400,18550,-850,-4.38,178068,3354412400
344820,케이씨씨글라스,30600,32150,1550,5.07,1024625,32877199600
281820,케이씨텍,20850,20600,-250,-1.2,193194,3973095250
145270,케이탑리츠,781,780,-1,-0.13,250604,197449565
007815,코리아써우,3160,3150,-10,-0.32,2403,7490675
007810,코리아써키트,9420,9090,-330,-3.5,320405,2957832950
00781K,코리아써키트2우B,4670,4640,-30,-0.64,1089,5067570
152330,코리아오토글라스,13200,13200,0,0.0,84529,1118227600
003690,코리안리,7860,7780,-80,-1.02,291516,2262333420
192820,코스맥스,93200,89600,-3600,-3.86,124463,11264273200
044820,코스맥스비티아이,17150,16000,-1150,-6.71,26270,432228950
005070,코스모신소재,12150,11800,-350,-2.88,1654875,19432447900
005420,코스모화학,8880,8570,-310,-3.49,605833,5257090550
071950,코아스,1220,1210,-10,-0.82,817527,997625795
002020,코오롱,18300,17900,-400,-2.19,76254,1377769200
003070,코오롱글로벌,9550,9280,-270,-2.83,140052,1309632780
003075,코오롱글로벌우,18300,18150,-150,-0.82,5250,95275800
144620,코오롱머티리얼,1815,1730,-85,-4.68,388115,676849875
002025,코오롱우,9620,9520,-100,-1.04,5125,48872200
120110,코오롱인더,34000,33700,-300,-0.88,363107,12238384200
120115,코오롱인더우,16800,16500,-300,-1.79,14349,236956550
138490,코오롱플라스틱,3560,3530,-30,-0.84,109308,386137630
021240,코웨이,70000,66800,-3200,-4.57,422884,28604486200
031820,콤텍시스템,1410,1370,-40,-2.84,1565577,2168629230
192400,쿠쿠홀딩스,89400,87700,-1700,-1.9,5158,457452700
284740,쿠쿠홈시스,39300,39400,100,0.25,90403,3593154550
015590,큐로,1075,1045,-30,-2.79,1943862,2028773310
264900,크라운제과,9760,9680,-80,-0.82,58738,567431780
26490K,크라운제과우,7110,7050,-60,-0.84,4162,29548550
005740,크라운해태홀딩스,9210,9060,-150,-1.63,24574,223050120
005745,크라운해태홀딩스우,11200,10850,-350,-3.13,7289,78830950
020120,키다리스튜디오,6180,6000,-180,-2.91,222590,1329019320
039490,키움증권,84100,81500,-2600,-3.09,84017,6986359700
012170,키위미디어그룹,150,150,0,0.0,0,0
014580,태경비케이,4235,3985,-250,-5.9,2196771,9201158370
015890,태경산업,5030,4935,-95,-1.89,51181,252831215
006890,태경케미컬,6270,6000,-270,-4.31,261524,1578188050
003240,태광산업,760000,755000,-5000,-0.66,1605,1221097000
011280,태림포장,3730,3675,-55,-1.47,503506,1868003925
004100,태양금속,1200,1180,-20,-1.67,407055,480682945
004105,태양금속우,2860,2845,-15,-0.52,107529,300608270
009410,태영건설,15200,14900,-300,-1.97,847409,12796300650
009415,태영건설우,8980,8520,-460,-5.12,76227,663402540
001420,태원물산,3460,3455,-5,-0.14,11373,39204875
007980,태평양물산,2150,2145,-5,-0.23,1164559,2523389870
055490,테이팩스,19750,18850,-900,-4.56,55403,1041444500
078000,텔코웨어,13200,13100,-100,-0.76,36355,471562550
214420,토니모리,10750,10400,-350,-3.26,124193,1313504100
019180,티에이치엔,2630,2575,-55,-2.09,1107990,2981846325
091810,티웨이항공,3820,3740,-80,-2.09,375831,1425366435
004870,티웨이홀딩스,1325,1305,-20,-1.51,394762,518638070
005690,파미셀,23700,22500,-1200,-5.06,7518020,175258862150
036580,팜스코,7630,7420,-210,-2.75,628331,4761722510
028670,팬오션,3575,3430,-145,-4.06,2327394,8115557245
010820,퍼스텍,2115,2175,60,2.84,11459719,25983987890
016800,퍼시스,28450,28500,50,0.18,1227,35102650
001020,페이퍼코리아,1370,1325,-45,-3.28,116910,157156065
090080,평화산업,1365,1330,-35,-2.56,780962,1044680595
010770,평화홀딩스,3300,3320,20,0.61,65560,214441210
058430,포스코강판,12500,12150,-350,-2.8,53419,652597650
047050,포스코인터내셔널,15200,15050,-150,-0.99,333273,4992873700
003670,포스코케미칼,57700,56700,-1000,-1.73,594476,34025600400
007630,폴루스바이오팜,1225,1225,0,0.0,0,0
017810,풀무원,14450,15150,700,4.84,3684477,59792741550
103140,풍산,20800,20350,-450,-2.16,249215,5137446700
005810,풍산홀딩스,27700,27500,-200,-0.72,2164,59794550
033180,필룩스,4895,5010,115,2.35,8685585,44595654205
086790,하나금융지주,27200,28450,1250,4.6,5036049,143480609200
099340,하나니켈1호,385,359,-26,-6.75,5413291,1965203820
099350,하나니켈2호,1465,1400,-65,-4.44,381320,534166140
293480,하나제약,22250,22400,150,0.67,146750,3305971250
039130,하나투어,42450,41050,-1400,-3.3,206307,8537577200
172580,하이골드12호,2290,2295,5,0.22,1884,4309135
153360,하이골드3호,1320,1335,15,1.14,6155,8117765
071090,하이스틸,17350,16800,-550,-3.17,17856,303789650
019490,하이트론,3090,2945,-145,-4.69,18978,56278395
000080,하이트진로,36400,35800,-600,-1.65,548493,19629320850
000087,하이트진로2우B,17750,17750,0,0.0,4781,84544150
000140,하이트진로홀딩스,16350,16000,-350,-2.14,49750,798225900
000145,하이트진로홀딩스우,13500,13250,-250,-1.85,3656,48688300
152550,한국ANKOR유전,1770,1770,0,0.0,44196,78006155
036460,한국가스공사,29150,29150,0,0.0,333794,9785160650
005430,한국공항,43750,41900,-1850,-4.23,75005,3230143250
071050,한국금융지주,51100,51200,100,0.2,868917,45824560900
071055,한국금융지주우,32100,32200,100,0.31,37783,1244487950
010040,한국내화,4115,4020,-95,-2.31,5673139,24431584615
025540,한국단자,37350,36150,-1200,-3.21,81975,2976690350
004090,한국석유,98700,97800,-900,-0.91,4266,416204300
002960,한국쉘석유,268500,265000,-3500,-1.3,3129,828049500
123890,한국자산신탁,2745,2750,5,0.18,555154,1521783740
015760,한국전력,21600,21400,-200,-0.93,2470304,53277604950
006200,한국전자홀딩스,602,592,-10,-1.66,126258,75089143
002300,한국제지,17500,17450,-50,-0.29,87867,1552939900
009540,한국조선해양,92700,89300,-3400,-3.67,737197,66162985000
023350,한국종합기술,4260,4230,-30,-0.7,58388,248402615
025890,한국주강,1480,1470,-10,-0.68,16801,24456630
000970,한국주철관,9750,9600,-150,-1.54,238488,2285994800
104700,한국철강,4465,4390,-75,-1.68,89750,397395135
017960,한국카본,8340,7900,-440,-5.28,1940184,15614563520
161890,한국콜마,43300,44450,1150,2.66,693308,30546005250
024720,한국콜마홀딩스,25150,23650,-1500,-5.96,319487,7767318200
161390,한국타이어앤테크놀로지,24850,23550,-1300,-5.23,463659,11139341650
000240,한국테크놀로지그룹,10500,10250,-250,-2.38,84822,877522400
034830,한국토지신탁,1885,1855,-30,-1.59,398471,743426300
007280,한국특수형강,1405,1390,-15,-1.07,80918,112844245
168490,한국패러랠,2055,2065,10,0.49,6365,13116955
010100,한국프랜지,2720,2705,-15,-0.55,3046458,8442916145
047810,한국항공우주,25700,24950,-750,-2.92,1222460,30826989100
123690,한국화장품,14650,14250,-400,-2.73,505879,7262309450
003350,한국화장품제조,39100,37650,-1450,-3.71,104696,3991909950
011500,한농화성,4675,4560,-115,-2.46,37924,175904765
002390,한독,23550,23450,-100,-0.42,55521,1294834750
014790,한라,3205,3095,-110,-3.43,150155,471293240
060980,한라홀딩스,33150,32900,-250,-0.75,33143,1091529500
053690,한미글로벌,8260,8260,0,0.0,169421,1425933440
042700,한미반도체,9400,9000,-400,-4.26,563211,5126845460
008930,한미사이언스,28150,27750,-400,-1.42,134899,3764605400
128940,한미약품,241500,239500,-2000,-0.83,60759,14619931000
009240,한샘,82800,83300,500,0.6,78737,6575826400
020000,한섬,30350,30650,300,0.99,386237,12135750100
003680,한성기업,5100,5120,20,0.39,339241,1771940210
105630,한세실업,13950,13200,-750,-5.38,343902,4685942100
069640,한세엠케이,3090,3090,0,0.0,17241,52852950
016450,한세예스24홀딩스,5340,5220,-120,-2.25,24311,128011770
010420,한솔PNS,1490,1470,-20,-1.34,170213,253264230
009180,한솔로지스틱스,1515,1475,-40,-2.64,427138,636285020
213500,한솔제지,14900,14600,-300,-2.01,178276,2633434100
014680,한솔케미칼,101000,98800,-2200,-2.18,58366,5777697200
004710,한솔테크닉스,7580,7210,-370,-4.88,632301,4633658240
004150,한솔홀딩스,3135,3030,-105,-3.35,185526,570817670
025750,한솔홈데코,1070,1020,-50,-4.67,2514480,2607552632
004960,한신공영,14200,13800,-400,-2.82,26630,370102150
011700,한신기계,1500,1470,-30,-2.0,403055,598650645
001750,한양증권,6880,6850,-30,-0.44,97813,676600280
001755,한양증권우,8200,8080,-120,-1.46,2683,21844380
018880,한온시스템,9290,9110,-180,-1.94,1552437,14265137482
009420,한올바이오파마,28100,27500,-600,-2.14,1113737,30620244050
014130,한익스프레스,4900,4805,-95,-1.94,194350,943368985
300720,한일시멘트,84300,83100,-1200,-1.42,5487,457669700
002220,한일철강,1660,1655,-5,-0.3,60948,100702505
006390,한일현대시멘트,29950,29500,-450,-1.5,29188,871757950
003300,한일홀딩스,47100,47100,0,0.0,5785,271100500
051600,한전KPS,31800,31050,-750,-2.36,221677,6920087800
052690,한전기술,17250,17000,-250,-1.45,123178,2091412100
130660,한전산업,3395,3375,-20,-0.59,61042,206580975
002320,한진,55600,53100,-2500,-4.5,221456,11975072700
097230,한진중공업,6000,5810,-190,-3.17,319391,1875365940
003480,한진중공업홀딩스,3495,3510,15,0.43,96523,337564455
180640,한진칼,89200,93300,4100,4.6,2697830,255180401300
18064K,한진칼우,46700,47250,550,1.18,50288,2401124450
005110,한창,2585,2495,-90,-3.48,2524344,6486660560
009460,한창제지,2330,2245,-85,-3.65,4933088,11314343300
000880,한화,20200,20050,-150,-0.74,281378,5644353700
00088K,한화3우B,11150,11050,-100,-0.9,89260,989838050
088350,한화생명,1675,1640,-35,-2.09,10303535,17244250350
000370,한화손해보험,2445,2445,0,0.0,666781,1636445905
009830,한화솔루션,16750,16300,-450,-2.69,1505361,24835944950
009835,한화솔루션우,10850,10700,-150,-1.38,21965,235543350
272210,한화시스템,8490,8390,-100,-1.18,1148809,9803719340
012450,한화에어로스페이스,24500,24000,-500,-2.04,790000,19243383300
000885,한화우,23600,24400,800,3.39,227717,5699460100
003530,한화투자증권,1790,1795,5,0.28,1951543,3554410385
003535,한화투자증권우,1745,1720,-25,-1.43,55294,97081320
195870,해성디에스,16300,16100,-200,-1.23,174715,2851289300
101530,해태제과식품,8060,7850,-210,-2.61,64558,514605300
143210,핸즈코퍼레이션,6200,6080,-120,-1.94,10771,66151830
000720,현대건설,35200,33850,-1350,-3.84,1472432,50462227300
267270,현대건설기계,20450,20000,-450,-2.2,249524,5009151950
000725,현대건설우,110000,108000,-2000,-1.82,1110,120496000
005440,현대그린푸드,8750,8540,-210,-2.4,544526,4673624070
086280,현대글로비스,110500,109500,-1000,-0.9,106044,11695017000
064350,현대로템,16550,16050,-500,-3.02,868041,14162662000
079430,현대리바트,14850,14100,-750,-5.05,534048,7628357650
012330,현대모비스,193000,190500,-2500,-1.3,287260,54979701750
010620,현대미포조선,34450,33950,-500,-1.45,1003309,34723584100
069960,현대백화점,65400,64800,-600,-0.92,272131,17824723200
004560,현대비앤지스틸,7510,7340,-170,-2.26,52716,391727570
004565,현대비앤지스틸우,53300,52000,-1300,-2.44,424,22070000
011760,현대상사,14800,14400,-400,-2.7,91905,1359335650
004310,현대약품,5020,4990,-30,-0.6,2186501,11209975190
322000,현대에너지솔루션,29800,28350,-1450,-4.87,544111,15376399650
126560,현대에이치씨엔,4750,4585,-165,-3.47,2696675,12637863270
017800,현대엘리베이,64800,62900,-1900,-2.93,225917,14428373400
307950,현대오토에버,44400,44950,550,1.24,66966,2942653650
011210,현대위아,36300,36150,-150,-0.41,163110,5903313600
267260,현대일렉트릭,8820,8510,-310,-3.51,466392,4054360560
004020,현대제철,21400,21300,-100,-0.47,1689083,36159711450
267250,현대중공업지주,269500,263500,-6000,-2.23,58459,15573571000
005380,현대차,98100,97200,-900,-0.92,1602694,156756597200
005387,현대차2우B,61500,60100,-1400,-2.28,135215,8201827900
005389,현대차3우B,56000,55300,-700,-1.25,20228,1125923300
005385,현대차우,57400,57100,-300,-0.52,141586,8089474800
001500,현대차증권,8740,8850,110,1.26,175523,1563782270
227840,현대코퍼레이션홀딩스,10050,10050,0,0.0,89158,898220800
001450,현대해상,24150,23800,-350,-1.45,324593,7782360550
057050,현대홈쇼핑,67900,67300,-600,-0.88,35025,2362747700
093240,형지엘리트,1230,1215,-15,-1.22,299831,362709310
003010,혜인,6260,6140,-120,-1.92,1161980,7185124920
111110,호전실업,10950,10650,-300,-2.74,18529,197576500
008770,호텔신라,80200,79200,-1000,-1.25,570188,45460442400
008775,호텔신라우,58900,58500,-400,-0.68,10282,601722400
002460,화성산업,10850,10600,-250,-2.3,88538,937441950
013520,화승알앤에이,1600,1590,-10,-0.63,157913,251719880
241590,화승엔터프라이즈,14250,13850,-400,-2.81,1074191,15370790250
006060,화승인더,8710,8450,-260,-2.99,1386074,11803859030
010690,화신,2185,2160,-25,-1.14,116154,250164000
133820,화인베스틸,2245,2250,5,0.22,798476,1824451770
010660,화천기계,3730,3630,-100,-2.68,2554079,9633643705
000850,화천기공,31000,30950,-50,-0.16,4541,140917950
016580,환인제약,14400,14050,-350,-2.43,69225,983400300
032560,황금에스티,6290,6110,-180,-2.86,124801,769959850
004800,효성,69000,68400,-600,-0.87,50431,3463468500
094280,효성ITX,19200,19100,-100,-0.52,104718,2000794650
298040,효성중공업,17600,17150,-450,-2.56,252407,4474789600
298050,효성첨단소재,85400,83400,-2000,-2.34,31907,2684015500
298020,효성티앤씨,136500,131500,-5000,-3.66,18636,2488999500
298000,효성화학,119000,114500,-4500,-3.78,33903,3898143000
093370,후성,8280,7910,-370,-4.47,2901073,23213809280
081660,휠라홀딩스,39800,37450,-2350,-5.9,922656,35441007050
005870,휴니드,5830,5940,110,1.89,1918109,11773349990
079980,휴비스,7410,7010,-400,-5.4,762707,5416978050
005010,휴스틸,6820,6620,-200,-2.93,31255,208396290
069260,휴켐스,17350,17050,-300,-1.73,82508,1412900500
000540,흥국화재,2490,2460,-30,-1.2,112982,281376085
000547,흥국화재2우B,22450,22500,50,0.22,8323,184996450
000545,흥국화재우,5030,5020,-10,-0.2,32104,162794935
003280,흥아해운,258,258,0,0.0,0,0
