티커,종목명,시가,종가,변동폭,등락률,거래량,거래대금
095570,AJ네트웍스,3745,3690,-55,-1.47,103221,377445980
006840,AK홀딩스,21700,22000,300,1.38,37801,820447150
027410,BGF,4485,4590,105,2.34,82122,374493070
282330,BGF리테일,167000,162000,-5000,-2.99,41530,6726443500
138930,BNK금융지주,5080,5170,90,1.77,1683211,8644352460
001460,BYC,207000,209000,2000,0.97,401,83422000
001465,BYC우,116500,117500,1000,0.86,282,32577000
001040,CJ,91900,92000,100,0.11,71829,6532188000
079160,CJCGV,23150,23950,800,3.46,298212,7098556500
00104K,CJ4우전환,63400,64000,600,0.95,6297,399560900
000120,CJ대한통운,161000,163500,2500,1.55,51806,8399968500
011150,CJ씨푸드,3935,3955,20,0.51,932898,3693856545
011155,CJ씨푸드1우,33850,34200,350,1.03,3059,104291250
001045,CJ우,41700,41750,50,0.12,5784,242533700
097950,CJ제일제당,297000,299000,2000,0.67,42750,12806660500
097955,CJ제일제당우,124500,125000,500,0.4,3603,447261000
000590,CS홀딩스,49700,49900,200,0.4,542,26942600
012030,DB,749,750,1,0.13,598929,450112181
016610,DB금융투자,3395,3435,40,1.18,129060,442577025
005830,DB손해보험,43400,44100,700,1.61,477272,21036337950
000990,DB하이텍,28600,30700,2100,7.34,1688404,50934889500
000995,DB하이텍1우,46250,47800,1550,3.35,2931,139828150
139130,DGB금융지주,5260,5420,160,3.04,1185328,6377541990
001530,DI동일,64500,65000,500,0.78,5319,347041600
004840,DRB동일,7150,7580,430,6.01,1133909,8599816250
155660,DSR,3955,3985,30,0.76,48046,190588710
069730,DSR제강,3970,3965,-5,-0.13,91859,366470660
017940,E1,35650,36700,1050,2.95,16193,594057250
007700,FF,99500,99000,-500,-0.5,35466,3496262300
114090,GKL,14900,15000,100,0.67,306406,4568472100
078930,GS,37700,38650,950,2.52,267626,10309845050
006360,GS건설,28550,28700,150,0.53,522907,14938555950
001250,GS글로벌,1710,1740,30,1.75,365996,632991840
007070,GS리테일,42600,42750,150,0.35,229895,9865335750
078935,GS우,30050,30200,150,0.5,4710,141567550
012630,HDC,9500,9510,10,0.11,641713,6135803900
039570,HDC아이콘트롤스,9110,9040,-70,-0.77,21041,189157860
089470,HDC현대EP,4320,4360,40,0.93,282427,1224375205
294870,HDC현대산업개발,19950,20150,200,1.0,1701607,34455334700
011200,HMM,4725,4845,120,2.54,3702570,18035553910
082740,HSD엔진,4515,4810,295,6.53,2322650,11039947590
003560,IHQ,1555,1570,15,0.96,903973,1428199880
175330,JB금융지주,4750,4870,120,2.53,269412,1297650450
234080,JW생명과학,17600,18450,850,4.83,181688,3293975850
001060,JW중외제약,34650,35700,1050,3.03,776404,27553311950
001067,JW중외제약2우B,43700,44450,750,1.72,3006,132101250
001065,JW중외제약우,28150,28450,300,1.07,6744,190959200
096760,JW홀딩스,5300,5480,180,3.4,309400,1669529260
105560,KB금융,34000,34600,600,1.76,2643715,91289436600
002380,KCC,143500,144000,500,0.35,162410,23410138000
009070,KCTC,2400,2380,-20,-0.83,265741,632613145
009440,KC그린홀딩스,4035,4085,50,1.24,558318,2280074050
119650,KC코트렐,6600,6600,0,0.0,6554315,44314252590
092220,KEC,802,817,15,1.87,3676571,3099176478
016380,KG동부제철,15700,15800,100,0.64,439004,6780220250
016385,KG동부제철우,66600,65600,-1000,-1.5,835,54717100
001390,KG케미칼,14200,14350,150,1.06,149124,2146390450
001940,KISCO홀딩스,11450,11850,400,3.49,8847,102245900
025000,KPX케미칼,50000,49900,-100,-0.2,4233,210527050
092230,KPX홀딩스,43900,43900,0,0.0,1564,68878600
000040,KR모터스,713,724,11,1.54,892323,647691711
044450,KSS해운,7720,7950,230,2.98,60552,473592430
030200,KT,24350,24850,500,2.05,1334751,33163123100
033780,KTG,83900,85000,1100,1.31,394762,33377553300
030210,KTB투자증권,2485,2520,35,1.41,314370,787464235
058850,KTcs,1900,1890,-10,-0.53,935831,1803183690
058860,KTis,2045,2070,25,1.22,65635,134676855
093050,LF,13550,13700,150,1.11,89266,1220497750
003550,LG,63100,64600,1500,2.38,200706,12870617200
034220,LG디스플레이,10200,10650,450,4.41,2552725,26806824100
001120,LG상사,15650,15700,50,0.32,427210,6757221600
051900,LG생활건강,1370000,1363000,-7000,-0.51,42182,57380673000
051905,LG생활건강우,715000,707000,-8000,-1.12,2668,1886948920
003555,LG우,43950,44750,800,1.82,4032,178703350
032640,LG유플러스,13150,13300,150,1.14,1440692,19057941650
011070,LG이노텍,147500,153000,5500,3.73,319112,48517561000
066570,LG전자,59300,59200,-100,-0.17,550906,32554845600
066575,LG전자우,21500,21900,400,1.86,48560,1057497200
108670,LG하우시스,68200,70700,2500,3.67,165015,11607433100
108675,LG하우시스우,26950,27900,950,3.53,9580,265992400
037560,LG헬로비전,4355,4410,55,1.26,111313,489642435
051910,LG화학,390500,396000,5500,1.41,401656,159131978500
051915,LG화학우,177000,178000,1000,0.56,39028,6956286500
079550,LIG넥스원,35850,34300,-1550,-4.32,299681,10344540000
006260,LS,37400,38700,1300,3.48,74153,2845490250
010120,LSELECTRIC,45550,46750,1200,2.63,102776,4771630600
000680,LS네트웍스,1895,1905,10,0.53,33457,63806055
229640,LS전선아시아,6990,6980,-10,-0.14,203685,1417027160
023150,MH에탄올,8610,8480,-130,-1.51,98276,834421520
035420,NAVER,226000,237000,11000,4.87,1140644,267471360500
181710,NHN,87300,89100,1800,2.06,100632,8926656900
005940,NH투자증권,9730,10100,370,3.8,1629224,16242422020
005945,NH투자증권우,7530,7600,70,0.93,108409,822399940
338100,NH프라임리츠,5000,4995,-5,-0.1,53811,267760055
034310,NICE,21800,21850,50,0.23,20261,441253350
008260,NI스틸,2125,2225,100,4.71,635038,1402798265
004250,NPC,3725,3750,25,0.67,29972,112057140
004255,NPC우,2170,2135,-35,-1.61,1544,3295695
010060,OCI,39400,39400,0,0.0,677107,26824550800
005490,POSCO,181000,182500,1500,0.83,308421,56320485500
100840,STC,16400,17050,650,3.96,20881,354496650
064960,ST모티브,40000,40450,450,1.13,38172,1530914600
003570,ST중공업,5400,5430,30,0.56,18694,101646160
036530,ST홀딩스,14800,15150,350,2.36,12322,184702750
010950,S-Oil,70700,72800,2100,2.97,548106,39884781100
010955,S-Oil우,38900,39850,950,2.44,15665,622291950
034120,SBS,16850,17000,150,0.89,152860,2585089950
101060,SBS미디어홀딩스,1875,1880,5,0.27,54861,102408080
004060,SG세계물산,657,667,10,1.52,714072,472577777
001380,SG충방,1310,1320,10,0.76,146790,192115870
002360,SH에너지화학,912,913,1,0.11,3680363,3365272987
009160,SIMPAC,2570,2595,25,0.97,74292,191678165
123700,SJM,2875,2830,-45,-1.57,12779,36350430
025530,SJM홀딩스,2725,2755,30,1.1,20599,56401200
034730,SK,239000,243000,4000,1.67,362051,87990743000
011790,SKC,57100,58800,1700,2.98,360233,21052031400
018670,SK가스,76200,78600,2400,3.15,6542,512057500
001740,SK네트웍스,5190,5290,100,1.93,701714,3682006130
001745,SK네트웍스우,77400,77500,100,0.13,506,39060800
006120,SK디스커버리,28350,28850,500,1.76,128589,3715357000
006125,SK디스커버리우,17800,17850,50,0.28,17657,317205100
210980,SK디앤디,25950,25650,-300,-1.16,55624,1434484000
068400,SK렌터카,10150,10250,100,0.99,119201,1215252450
03473K,SK우,211000,212500,1500,0.71,25257,5346683500
096770,SK이노베이션,118500,124000,5500,4.64,664521,82475582500
096775,SK이노베이션우,79400,81200,1800,2.27,14636,1187063900
001510,SK증권,638,646,8,1.25,2412439,1555383624
001515,SK증권우,2580,2600,20,0.78,80055,210970520
285130,SK케미칼,91900,91100,-800,-0.87,250892,22855781500
28513K,SK케미칼우,38400,38050,-350,-0.91,45278,1725910250
017670,SK텔레콤,216000,224500,8500,3.94,424075,94209532000
000660,SK하이닉스,81500,83600,2100,2.58,4205357,349710396100
005610,SPC삼립,70200,70700,500,0.71,12012,843525900
011810,STX,6680,6690,10,0.15,1821583,13347366590
077970,STX엔진,6430,6800,370,5.75,1165406,8607029910
071970,STX중공업,2260,2540,280,12.39,8800946,23728291435
084870,TBH글로벌,1810,2020,210,11.6,4569434,9290976575
002710,TCC스틸,2075,2175,100,4.82,396717,842394405
024070,WISCOM,2170,2260,90,4.15,60550,134378945
037270,YGPLUS,1720,1900,180,10.47,1906755,3493297395
000500,가온전선,17300,17150,-150,-0.87,2843,49084400
000860,강남제비스코,15650,15850,200,1.28,6283,98715900
035250,강원랜드,24200,24700,500,2.07,587060,14455715450
011420,갤럭시아에스엠,1315,1335,20,1.52,61497,81104945
002100,경농,12450,12500,50,0.4,174625,2190372150
009450,경동나비엔,38600,39900,1300,3.37,73366,2914932350
267290,경동도시가스,17500,17700,200,1.14,6201,109624500
012320,경동인베스트,26450,26550,100,0.38,2827,75296300
000050,경방,14000,13550,-450,-3.21,183966,2524876550
214390,경보제약,8040,8070,30,0.37,35753,289757560
012610,경인양행,7100,7250,150,2.11,429369,3093026130
009140,경인전자,16750,16800,50,0.3,662,11064900
013580,계룡건설,17250,17250,0,0.0,7942,136293850
012200,계양전기,2890,2990,100,3.46,1746707,5338091665
012205,계양전기우,7200,7260,60,0.83,86035,648345130
004200,고려개발,8720,8850,130,1.49,32213,286243400
002140,고려산업,4535,4355,-180,-3.97,19584323,89364575660
010130,고려아연,378000,378500,500,0.13,36615,13783720500
002240,고려제강,14400,14600,200,1.39,37983,553565900
009290,광동제약,7210,7440,230,3.19,359266,2655947230
017040,광명전기,2190,2180,-10,-0.46,417411,918111800
017900,광전자,1955,1970,15,0.77,39553,77679440
037710,광주신세계,142000,142500,500,0.35,236,33370500
030610,교보증권,6820,7000,180,2.64,137416,958497640
007690,국도화학,39350,39650,300,0.76,3674,145224500
005320,국동,3235,3250,15,0.46,2703505,9040408090
001140,국보,2320,2450,130,5.6,7812543,18963217670
002720,국제약품,7130,7190,60,0.84,371807,2668130610
083420,그린케미칼,3680,3690,10,0.27,18673,68978710
014530,극동유화,3150,3175,25,0.79,176077,560029105
014280,금강공업,3350,3320,-30,-0.9,238466,788341185
014285,금강공업우,9620,9220,-400,-4.16,75337,706137820
008870,금비,50300,50000,-300,-0.6,703,35260000
001570,금양,3020,3015,-5,-0.17,262067,785179325
002990,금호산업,6910,7240,330,4.78,204212,1469684370
002995,금호산업우,27400,27500,100,0.36,1612,44243300
011780,금호석유,70900,71700,800,1.13,86972,6204359700
011785,금호석유우,27550,28050,500,1.81,9757,271933450
214330,금호에이치티,4250,4230,-20,-0.47,128430,548962460
001210,금호전기,3330,3310,-20,-0.6,64727,212715745
073240,금호타이어,2945,3010,65,2.21,379947,1136545865
092440,기신정기,3225,3225,0,0.0,19086,62152560
000270,기아차,34250,34600,350,1.02,2524579,87109354050
024110,기업은행,8280,8480,200,2.42,2861703,24134529860
013700,까뮤이앤씨,1325,1385,60,4.53,911721,1248730640
004540,깨끗한나라,4055,4005,-50,-1.23,308270,1235442360
004545,깨끗한나라우,19200,19200,0,0.0,2774,52886900
001260,남광토건,11800,11950,150,1.27,56683,679719350
008350,남선알미늄,6340,6300,-40,-0.63,8827693,56011643390
008355,남선알미우,34250,34350,100,0.29,12909,441945750
004270,남성,2810,2830,20,0.71,4512283,12905987670
003920,남양유업,299500,299000,-500,-0.17,3855,1153095000
003925,남양유업우,108000,107000,-1000,-0.93,446,47609000
002070,남영비비안,1410,1510,100,7.09,52726498,80594592285
025860,남해화학,7850,7950,100,1.27,236095,1858595770
005720,넥센,4290,4340,50,1.17,131582,570829990
005725,넥센우,2670,2750,80,3.0,43061,118415410
002350,넥센타이어,5890,6030,140,2.38,190835,1145091290
002355,넥센타이어1우B,2365,2395,30,1.27,19061,45561415
003580,넥스트사이언스,6520,6920,400,6.13,1000690,6812693620
251270,넷마블,92300,95500,3200,3.47,296795,28138923000
090350,노루페인트,7340,7420,80,1.09,40372,298815590
090355,노루페인트우,10850,11250,400,3.69,32403,361551300
000320,노루홀딩스,9750,9780,30,0.31,5262,51136940
000325,노루홀딩스우,17850,18100,250,1.4,264,4808150
006280,녹십자,141500,143000,1500,1.06,87824,12510358000
005250,녹십자홀딩스,21400,22100,700,3.27,78123,1717179850
005257,녹십자홀딩스2우,16850,16850,0,0.0,395,6599100
004370,농심,315500,325500,10000,3.17,33247,10775888500
072710,농심홀딩스,76300,78800,2500,3.28,1828,143976800
058730,다스코,5450,5550,100,1.83,52978,290905870
023590,다우기술,18300,18650,350,1.91,229374,4282233000
019680,대교,4555,4685,130,2.85,144961,673444610
019685,대교우B,2875,2955,80,2.78,58072,168009545
006370,대구백화점,4995,4910,-85,-1.7,85018,419650395
008060,대덕,6680,6620,-60,-0.9,795656,5308836570
00806K,대덕1우,5730,5710,-20,-0.35,13870,79429820
353200,대덕전자,9260,9050,-210,-2.27,1559738,14204661420
35320K,대덕전자1우,6250,6230,-20,-0.32,31643,197652260
000490,대동공업,5200,5160,-40,-0.77,197749,1027849510
008110,대동전자,4420,4480,60,1.36,18933,84158700
005750,대림BCo,4355,4485,130,2.99,116804,518962680
000210,대림산업,92300,92900,600,0.65,367400,33908800700
000215,대림산업우,39900,40300,400,1.0,44866,1785776600
004440,대림씨엔에스,6000,6010,10,0.17,10122,60712720
006570,대림통상,4180,4190,10,0.24,970,4037475
001680,대상,25100,25550,450,1.79,164355,4161631250
001685,대상우,13300,13650,350,2.63,4228,57147650
084690,대상홀딩스,7670,7980,310,4.04,474303,3757703710
084695,대상홀딩스우,6300,6210,-90,-1.43,2528,15799110
128820,대성산업,2975,3030,55,1.85,183954,548872005
117580,대성에너지,4785,4855,70,1.46,43671,211491385
016710,대성홀딩스,11250,10700,-550,-4.89,88556,956464650
003540,대신증권,9900,10150,250,2.53,215118,2164906900
003547,대신증권2우B,7990,8020,30,0.38,29784,239080390
003545,대신증권우,8340,8470,130,1.56,58458,494087510
009190,대양금속,4470,5090,620,13.87,9224307,45143580955
014160,대영포장,1105,1120,15,1.36,2464990,2774450035
047040,대우건설,3830,3850,20,0.52,1981805,7440366420
009320,대우부품,2390,2450,60,2.51,830505,2030873825
042660,대우조선해양,21800,23950,2150,9.86,1048534,24128270250
003090,대웅,17250,17200,-50,-0.29,332048,5691953500
069620,대웅제약,102500,103000,500,0.49,84876,8667450000
000430,대원강업,3065,3080,15,0.49,25870,79524780
006340,대원전선,1060,1085,25,2.36,382547,412929015
006345,대원전선우,2970,3030,60,2.02,70427,215351920
003220,대원제약,15300,15750,450,2.94,109143,1717203200
024890,대원화성,1850,1720,-130,-7.03,513229,922534220
002880,대유에이텍,712,717,5,0.7,281274,202340534
000300,대유플러스,655,663,8,1.22,812214,541729892
012800,대창,1190,1230,40,3.36,1849626,2257028055
015230,대창단조,23600,23700,100,0.42,7059,166549100
001070,대한방직,21700,21800,100,0.46,4275,93341600
006650,대한유화,130000,131000,1000,0.77,26825,3528288500
001440,대한전선,771,774,3,0.39,1208579,933218789
084010,대한제강,7390,7370,-20,-0.27,56894,418755660
001790,대한제당,18300,18200,-100,-0.55,14773,268792450
001795,대한제당우,12250,12500,250,2.04,839,10458750
001130,대한제분,133000,135000,2000,1.5,6161,829957000
003490,대한항공,20700,20850,150,0.72,1139791,23654666950
003495,대한항공우,17400,17450,50,0.29,12979,225923400
005880,대한해운,17300,17500,200,1.16,52665,919912750
003830,대한화섬,87400,88600,1200,1.37,400,35079600
016090,대현,1820,1835,15,0.82,126454,230455720
069460,대호에이엘,2630,2700,70,2.66,194059,518640810
192080,더블유게임즈,67000,66900,-100,-0.15,190605,12774660000
012510,더존비즈온,120000,119500,-500,-0.42,317849,37885212074
004830,덕성,3565,3830,265,7.43,9307034,38366079915
004835,덕성우,8750,8790,40,0.46,1170989,11144825100
024900,덕양산업,1005,1010,5,0.5,163310,165066507
145720,덴티움,40850,41000,150,0.37,40011,1641672150
002150,도화엔지니어링,8770,8860,90,1.03,74388,657518310
001230,동국제강,4265,4290,25,0.59,477476,2045638945
023450,동남합성,28700,28850,150,0.52,1850,52893400
004140,동방,2115,2120,5,0.24,993113,2107359265
007590,동방아그로,6200,6190,-10,-0.16,12926,80054850
005960,동부건설,9910,9950,40,0.4,49061,486992860
005965,동부건설우,21000,21600,600,2.86,3043,65761950
083370,동북아12호,5040,5030,-10,-0.2,2008,10100440
026960,동서,16700,17400,700,4.19,90773,1559414050
002210,동성제약,12900,13150,250,1.94,109613,1439447950
102260,동성코퍼레이션,4285,4280,-5,-0.12,28968,123993905
005190,동성화학,17000,17200,200,1.18,8786,150379400
000640,동아쏘시오홀딩스,89900,94200,4300,4.78,7644,709509000
170900,동아에스티,86800,88500,1700,1.96,24312,2130508400
028100,동아지질,17050,17050,0,0.0,134902,2305976650
282690,동아타이어,10850,10950,100,0.92,549,6007750
001520,동양,1430,1425,-5,-0.35,5354925,7748417380
001527,동양2우B,9670,9850,180,1.86,606,5940220
001529,동양3우B,30000,30200,200,0.67,209,6280350
084670,동양고속,26100,26300,200,0.77,2899,76080500
002900,동양물산,1020,1020,0,0.0,2339889,2387844080
082640,동양생명,2935,3065,130,4.43,128754,391711955
001525,동양우,5050,5010,-40,-0.79,3838,19254540
008970,동양철관,1090,1105,15,1.38,1475868,1624242890
092780,동양피스톤,3985,4000,15,0.38,31682,126784120
049770,동원FB,196000,201000,5000,2.55,5064,1013336500
018500,동원금속,710,874,164,23.1,23653755,21240595733
006040,동원산업,226000,225500,-500,-0.22,6464,1451542500
030720,동원수산,9470,9570,100,1.06,187521,1791605400
014820,동원시스템즈,24000,24150,150,0.63,16700,403103750
014825,동원시스템즈우,23450,23750,300,1.28,123,2896900
163560,동일고무벨트,8930,9070,140,1.57,845362,7764072520
004890,동일산업,55900,55700,-200,-0.36,216,12064100
002690,동일제강,2035,2050,15,0.74,50322,103937530
000020,동화약품,11550,11600,50,0.43,1547269,18068719700
000150,두산,37600,37800,200,0.53,74928,2845115250
000157,두산2우B,42000,42850,850,2.02,785,33901050
241560,두산밥캣,23700,24350,650,2.74,1259604,31225673550
336370,두산솔루스,41350,42800,1450,3.51,1694044,72279012950
33637K,두산솔루스1우,14700,15050,350,2.38,88772,1336773750
33637L,두산솔루스2우B,42650,43100,450,1.06,37262,1632477400
000155,두산우,28250,28350,100,0.35,19824,561894850
042670,두산인프라코어,5200,5500,300,5.77,5456417,29949286850
034020,두산중공업,4280,4440,160,3.74,3440172,15347173430
336260,두산퓨얼셀,14950,15050,100,0.67,1854289,27532370400
33626K,두산퓨얼셀1우,4350,4440,90,2.07,153230,673972870
33626L,두산퓨얼셀2우B,12900,12950,50,0.39,71051,918821400
016740,두올,2950,3000,50,1.69,428557,1279130965
192650,드림텍,6510,6800,290,4.45,1228587,8224218440
024090,디씨엠,10650,10800,150,1.41,22234,239679450
003160,디아이,3745,3740,-5,-0.13,282607,1062525520
092200,디아이씨,1750,1750,0,0.0,483190,839217320
013570,디와이,4065,4150,85,2.09,129181,533320230
210540,디와이파워,8900,9040,140,1.57,79127,715038610
007340,디티알오토모티브,24550,25850,1300,5.3,19862,503822800
026890,디피씨,10550,10600,50,0.47,5136359,54278038550
115390,락앤락,12200,12750,550,4.51,350024,4423847450
032350,롯데관광개발,13700,13700,0,0.0,296961,4042296850
330590,롯데리츠,5900,5850,-50,-0.85,700024,4101574250
000400,롯데손해보험,1665,1685,20,1.2,272976,460387925
023530,롯데쇼핑,89000,88900,-100,-0.11,92601,8186923900
004000,롯데정밀화학,37850,38200,350,0.92,60806,2311307600
286940,롯데정보통신,39600,41000,1400,3.54,160802,6541225100
280360,롯데제과,121000,125000,4000,3.31,12616,1548338000
004990,롯데지주,34300,34800,500,1.46,260314,9016723000
00499K,롯데지주우,59000,59700,700,1.19,6378,377382900
005300,롯데칠성,103500,105500,2000,1.93,17453,1832593500
005305,롯데칠성우,53200,53800,600,1.13,4320,231684700
011170,롯데케미칼,188000,189500,1500,0.8,87982,16651418500
002270,롯데푸드,361000,377000,16000,4.43,1641,611403000
071840,롯데하이마트,27500,28300,800,2.91,94504,2674468250
027740,마니커,943,958,15,1.59,8150329,7800189877
204320,만도,26650,27000,350,1.31,363028,9798398300
001080,만호제강,14000,14000,0,0.0,2948,40963950
088980,맥쿼리인프라,11850,11900,50,0.42,1206105,14335308925
094800,맵스리얼티1,4250,4255,5,0.12,92806,396041820
138040,메리츠금융지주,10050,10200,150,1.49,46186,468084350
008560,메리츠증권,3285,3445,160,4.87,2800366,9584306860
000060,메리츠화재,14550,14800,250,1.72,106298,1565191350
090370,메타랩스,1370,1420,50,3.65,1338698,1860432840
017180,명문제약,6950,7020,70,1.01,3681697,25886682140
012690,모나리자,6870,6840,-30,-0.44,764428,5242087600
005360,모나미,3580,4500,920,25.7,55320455,239238009415
204210,모두투어리츠,2705,2700,-5,-0.18,10296,27623390
009680,모토닉,7540,7690,150,1.99,6251,47834300
009580,무림PP,3030,3140,110,3.63,241294,754554540
009200,무림페이퍼,2175,2165,-10,-0.46,80338,173377425
033920,무학,6130,6150,20,0.33,69492,427627740
008420,문배철강,2815,2990,175,6.22,3978722,11959784785
025560,미래산업,80,81,1,1.25,15150014,1217258595
007120,미래아이앤지,390,394,4,1.03,1048366,410739125
006800,미래에셋대우,6170,6320,150,2.43,3941879,24881304740
00680K,미래에셋대우2우B,3255,3350,95,2.92,220846,736583685
006805,미래에셋대우우,3670,3660,-10,-0.27,33126,120669025
085620,미래에셋생명,3050,3100,50,1.64,81683,252925505
002840,미원상사,69800,70000,200,0.29,2361,165240200
268280,미원에스씨,76800,77000,200,0.26,600,46070800
107590,미원홀딩스,44250,43750,-500,-1.13,1782,78513900
134380,미원화학,49700,50000,300,0.6,765,38031950
003650,미창석유,57500,57900,400,0.7,778,44986900
155900,바다로19호,2605,2605,0,0.0,1356,3529245
003610,방림,1725,1755,30,1.74,63731,110421765
001340,백광산업,2780,2830,50,1.8,1184425,3334228950
035150,백산,5820,5970,150,2.58,154469,916519380
002410,범양건영,3215,3255,40,1.24,670996,2197355025
096300,베트남개발1,306,310,4,1.31,196829,61270739
007210,벽산,1855,1995,140,7.55,6684537,12806415415
002760,보락,2130,2145,15,0.7,2703473,5667711385
003850,보령제약,14750,15200,450,3.05,2177427,33539199950
000890,보해양조,841,856,15,1.78,1154732,980572150
003000,부광약품,26400,27300,900,3.41,4572657,125228456900
001270,부국증권,19150,20000,850,4.44,3325,64195800
001275,부국증권우,17750,18000,250,1.41,1091,19581850
026940,부국철강,4330,4400,70,1.62,654766,2892191270
015350,부산가스,36350,36150,-200,-0.55,3709,133226100
011390,부산산업,139000,140000,1000,0.72,10255,1436843500
005030,부산주공,363,375,12,3.31,1191382,448072374
100220,비상교육,7770,7870,100,1.29,136571,1059434080
030790,비케이탑스,8290,8100,-190,-2.29,519604,4083016510
101140,비티원,3420,3730,310,9.06,1290432,4724691540
005180,빙그레,63100,65200,2100,3.33,78956,5139637700
003960,사조대림,15750,15700,-50,-0.32,36556,572249700
008040,사조동아원,914,912,-2,-0.22,585869,534067313
007160,사조산업,29650,29300,-350,-1.18,17011,497898150
014710,사조씨푸드,4000,3990,-10,-0.25,90572,360216290
006090,사조오양,8040,8210,170,2.11,97760,798500150
005090,삼광글라스,29350,28700,-650,-2.21,13553,390527700
001470,삼부토건,717,726,9,1.26,781165,567343730
006400,삼성SDI,359000,366000,7000,1.95,532951,194633914500
006405,삼성SDI우,180500,182000,1500,0.83,23096,4195018000
006660,삼성공조,6170,6170,0,0.0,9408,58057670
028260,삼성물산,99100,102000,2900,2.93,562918,57479559500
02826K,삼성물산우B,72400,74200,1800,2.49,11434,847230900
207940,삼성바이오로직스,622000,629000,7000,1.13,118807,74511780000
032830,삼성생명,45700,46500,800,1.75,487274,22490802550
018260,삼성에스디에스,190500,191000,500,0.26,143373,27288230000
028050,삼성엔지니어링,12100,12250,150,1.24,1763324,21410862750
009150,삼성전기,125000,127000,2000,1.6,769508,97330537000
009155,삼성전기우,52000,53300,1300,2.5,33149,1750044100
005930,삼성전자,50700,51200,500,0.99,16949183,864647248100
005935,삼성전자우,42850,43950,1100,2.57,3188899,139613630083
001360,삼성제약,3900,3940,40,1.03,873123,3442263775
010140,삼성중공업,4815,4980,165,3.43,9170024,45063751340
010145,삼성중공우,54300,54500,200,0.37,807,44068300
016360,삼성증권,27950,28450,500,1.79,552664,15670998750
068290,삼성출판사,20950,21200,250,1.19,85107,1805313000
029780,삼성카드,29550,29450,-100,-0.34,220841,6494899700
000810,삼성화재,182500,186500,4000,2.19,97485,18060646000
000815,삼성화재우,128500,129500,1000,0.78,3556,459805000
006110,삼아알미늄,4015,4080,65,1.62,41468,167086470
145990,삼양사,43100,44200,1100,2.55,21083,925465150
145995,삼양사우,29900,30450,550,1.84,1130,34117750
003230,삼양식품,118500,127500,9000,7.59,127574,16008419500
002170,삼양통상,53700,54000,300,0.56,2881,153792900
272550,삼양패키징,17500,17600,100,0.57,24778,433670250
000070,삼양홀딩스,57800,58000,200,0.35,15706,912817900
000075,삼양홀딩스우,37100,37100,0,0.0,133,4902300
002810,삼영무역,14200,14600,400,2.82,18020,260019150
005680,삼영전자,8130,8130,0,0.0,20789,168462010
003720,삼영화학,1320,1330,10,0.76,214729,284942745
023000,삼원강재,2245,2255,10,0.45,3768,8491260
004380,삼익THK,11500,11800,300,2.61,20991,247641100
002450,삼익악기,1480,1520,40,2.7,853793,1291951450
000520,삼일제약,18750,18850,100,0.53,31758,595977650
009770,삼정펄프,27800,27700,-100,-0.36,530,14722900
005500,삼진제약,27700,28050,350,1.26,100924,2839975550
004690,삼천리,65100,65700,600,0.92,23640,1553524800
001880,삼호,21400,21100,-300,-1.4,81283,1738321550
010960,삼호개발,4585,4610,25,0.55,104785,484035855
004450,삼화왕관,40000,39950,-50,-0.13,179,7155400
009470,삼화전기,17500,18250,750,4.29,158543,2872206650
011230,삼화전자,2860,2885,25,0.87,83590,241134350
001820,삼화콘덴서,53700,54600,900,1.68,106936,5829642300
000390,삼화페인트,4920,4965,45,0.91,22972,113968095
001290,상상인증권,1225,1200,-25,-2.04,280416,337047575
041650,상신브레이크,2530,2545,15,0.59,82046,207571865
075180,새론오토모티브,3525,3475,-50,-1.42,15612,54331625
007540,샘표,69100,65700,-3400,-4.92,288937,19270406500
248170,샘표식품,49350,46300,-3050,-6.18,158248,7306424750
007860,서연,3875,4220,345,8.9,10868633,49841173705
200880,서연이화,3600,3705,105,2.92,719660,2718409975
017390,서울가스,74400,75600,1200,1.61,87,6571700
004410,서울식품,172,173,1,0.58,3407739,586147952
004415,서울식품우,3460,3465,5,0.14,41411,142941820
021050,서원,3265,3275,10,0.31,1457966,4807633500
008490,서흥,53700,53700,0,0.0,103239,5477463500
007610,선도전기,2750,2755,5,0.18,78787,218459540
136490,선진,9960,10150,190,1.91,91299,916263240
002820,선창산업,3580,3700,120,3.35,40612,149182980
014910,성문전자,1590,1630,40,2.52,160120,258945165
014915,성문전자우,9330,9370,40,0.43,10092,94304910
003080,성보화학,4205,4240,35,0.83,10165,42822820
004980,성신양회,7270,7330,60,0.83,163052,1202060430
004985,성신양회우,8270,8810,540,6.53,181403,1672435480
011300,성안,452,457,5,1.11,171428,76885266
000180,성창기업지주,1480,1495,15,1.01,132543,198935455
002420,세기상사,49400,50800,1400,2.83,922,46418500
004360,세방,10350,10050,-300,-2.9,31319,320513650
004365,세방우,5370,5310,-60,-1.12,2806,14857650
004490,세방전지,28700,29300,600,2.09,27531,803272750
001430,세아베스틸,9720,9830,110,1.13,83029,815502800
306200,세아제강,51100,56000,4900,9.59,64033,3616535400
003030,세아제강지주,32050,33000,950,2.96,15348,508696650
019440,세아특수강,11150,10800,-350,-3.14,30868,335616550
058650,세아홀딩스,70300,70800,500,0.71,424,30276400
013000,세우글로벌,1940,2005,65,3.35,4336173,8598746650
091090,세원셀론텍,3040,2985,-55,-1.81,298342,896152255
021820,세원정공,8090,8090,0,0.0,0,0
067830,세이브존IC,2400,2450,50,2.08,74040,180310375
033530,세종공업,5470,5330,-140,-2.56,534996,2897962660
075580,세진중공업,3520,3670,150,4.26,539834,1972995415
027970,세하,2070,1945,-125,-6.04,687856,1310632065
145210,세화아이엠씨,1745,1780,35,2.01,4017786,7176694790
308170,센트랄모텍,33450,34250,800,2.39,234289,8059483650
068270,셀트리온,213500,227500,14000,6.56,3410255,768405229000
004430,송원산업,14450,14700,250,1.73,281669,4107416500
017550,수산중공업,1805,1910,105,5.82,13899762,27013789200
053210,스카이라이프,8040,8280,240,2.99,129237,1061302520
134790,시디즈,42150,43500,1350,3.2,6308,273614500
016590,신대양제지,57900,58900,1000,1.73,27020,1591781600
029530,신도리코,25350,26350,1000,3.94,29247,760291750
004970,신라교역,10200,10150,-50,-0.49,9308,94233200
011930,신성이엔지,1225,1375,150,12.24,64189611,88816537275
005390,신성통상,1360,1540,180,13.24,119345448,185977347395
004170,신세계,245000,245500,500,0.2,61888,15105837500
035510,신세계IC,134000,131000,-3000,-2.24,20456,2711411500
034300,신세계건설,23300,23000,-300,-1.29,24131,556923900
031430,신세계인터내셔날,195000,195000,0,0.0,34389,6700543000
031440,신세계푸드,60200,61900,1700,2.82,19034,1176813800
006880,신송홀딩스,4560,4250,-310,-6.8,345475,1467795650
005800,신영와코루,89300,90000,700,0.78,103,9267400
001720,신영증권,44650,45400,750,1.68,3591,162558700
001725,신영증권우,44900,45400,500,1.11,1614,72788550
009270,신원,1800,1825,25,1.39,1996918,3639362465
009275,신원우,38000,37800,-200,-0.53,556,21052400
002700,신일전자,2210,2300,90,4.07,4991150,11263027820
019170,신풍제약,21700,21250,-450,-2.07,2367145,50738826050
019175,신풍제약우,38600,38150,-450,-1.17,46123,1762898850
002870,신풍제지,1370,1405,35,2.55,96617,134439700
005450,신한,4945,4945,0,0.0,0,0
293940,신한알파리츠,7070,7000,-70,-0.99,103260,723538170
055550,신한지주,30150,30700,550,1.82,1491022,45647681600
001770,신화실업,21600,21850,250,1.16,7388,165607850
004080,신흥,9300,9330,30,0.32,4119,38113070
102280,쌍방울,957,995,38,3.97,20788326,20710197349
003410,쌍용양회,5070,5190,120,2.37,7481059,39696475770
003415,쌍용양회우,9760,12650,2890,29.61,32297,408557050
003620,쌍용차,1620,1625,5,0.31,1959690,3213746440
004770,써니전자,3380,3455,75,2.22,3703680,12828732665
015540,쎌마테라퓨틱스,5350,5360,10,0.19,57824,309857130
004920,씨아이테크,1125,1100,-25,-2.22,255389,282291150
112610,씨에스윈드,41800,42200,400,0.96,159737,6749778600
008700,아남전자,2030,2030,0,0.0,3578924,7473397950
002790,아모레G,57800,56300,-1500,-2.6,152064,8529326100
00279K,아모레G3우전환,34500,34600,100,0.29,5897,203402600
002795,아모레G우,19400,19350,-50,-0.26,13327,257547050
090430,아모레퍼시픽,163000,166000,3000,1.84,220312,36467615000
090435,아모레퍼시픽우,57700,58200,500,0.87,34809,2033353200
002030,아세아,80500,80400,-100,-0.12,2547,204389200
183190,아세아시멘트,59500,60800,1300,2.18,11619,705852100
002310,아세아제지,31100,31800,700,2.25,87095,2757731300
267850,아시아나IDT,15700,15600,-100,-0.64,175931,2762900500
020560,아시아나항공,4045,4005,-40,-0.99,2126350,8523055005
122900,아이마켓코리아,10700,10650,-50,-0.47,30613,324889000
010780,아이에스동서,30800,32350,1550,5.03,111668,3502168100
033660,아주캐피탈,12300,12600,300,2.44,8296,103210700
001780,알루코,1960,1975,15,0.77,363478,727268900
018250,애경산업,25000,25350,350,1.4,64748,1632942600
161000,애경유화,6940,6920,-20,-0.29,103515,715088680
011090,에넥스,1195,1310,115,9.62,30338561,39450544590
005850,에스엘,13800,13800,0,0.0,0,0
012750,에스원,93200,92300,-900,-0.97,73711,6806017700
023960,에쓰씨엔지니어링,1405,1405,0,0.0,24823,34769350
298690,에어부산,3855,3795,-60,-1.56,291626,1109215125
140910,에이리츠,6500,6700,200,3.08,202773,1351651570
078520,에이블씨엔씨,9200,9250,50,0.54,67002,616676320
015260,에이엔피,248,249,1,0.4,254075,62586280
007460,에이프로젠KIC,3045,3120,75,2.46,3488498,10792036570
003060,에이프로젠제약,1900,1970,70,3.68,9807363,19480643620
036570,엔씨소프트,790000,816000,26000,3.29,84776,68593254000
138250,엔에스쇼핑,9550,10000,450,4.71,222291,2217435440
085310,엔케이,918,922,4,0.44,329157,303429013
009810,엔케이물산,655,660,5,0.76,675242,443697225
900140,엘브이엠씨홀딩스,4750,4700,-50,-1.05,450440,2119277595
014440,영보화학,2775,2810,35,1.26,23083,64395055
111770,영원무역,30650,32550,1900,6.2,272410,8674318900
009970,영원무역홀딩스,41650,42900,1250,3.0,5185,219395400
003520,영진약품,5270,5460,190,3.61,800228,4314947940
000670,영풍,510000,515000,5000,0.98,713,364119000
006740,영풍제지,3485,3475,-10,-0.29,42929,148415845
012280,영화금속,1705,1770,65,3.81,5262197,9231454305
012160,영흥,1200,1215,15,1.25,530389,640719540
015360,예스코홀딩스,34550,35100,550,1.59,5750,201272400
007310,오뚜기,551000,559000,8000,1.45,3793,2115334000
002630,오리엔트바이오,708,717,9,1.27,556702,396221086
271560,오리온,132000,133000,1000,0.76,96639,12808170500
001800,오리온홀딩스,14050,14250,200,1.42,111411,1582365200
070960,용평리조트,4660,4715,55,1.18,98702,462864645
316140,우리금융지주,9130,9120,-10,-0.11,2899332,26421513200
004720,우리들제약,6460,6600,140,2.17,199710,1316782860
118000,우리들휴브레인,2660,2780,120,4.51,1013516,2745980220
010050,우리종금,564,568,4,0.71,1398744,793283112
006980,우성사료,3675,3580,-95,-2.59,4930772,17976189735
017370,우신시스템,3510,3560,50,1.42,208323,725055270
105840,우진,3485,3505,20,0.57,53992,187835760
010400,우진아이엔에스,6880,6870,-10,-0.15,9036,62210640
049800,우진플라임,3170,3340,170,5.36,26389,87760055
016880,웅진,1220,1255,35,2.87,207017,257899135
095720,웅진씽크빅,2405,2415,10,0.42,499885,1209410695
005820,원림,16450,16650,200,1.22,2559,42116400
010600,웰바이오텍,2305,2370,65,2.82,196284,461047040
008600,윌비스,1400,1500,100,7.14,4109131,6066579245
033270,유나이티드제약,19600,19650,50,0.26,152008,2984478100
014830,유니드,42050,42050,0,0.0,16993,711817150
000910,유니온,6420,6250,-170,-2.65,1661882,10155179360
047400,유니온머티리얼,4125,3815,-310,-7.52,7644239,29388075020
011330,유니켐,1520,1540,20,1.32,337061,514310220
077500,유니퀘스트,6240,6380,140,2.24,78382,493913240
002920,유성기업,2565,2640,75,2.92,99490,260978845
000700,유수홀딩스,5900,5790,-110,-1.86,47819,276717040
003470,유안타증권,2665,2735,70,2.63,183325,499464445
003475,유안타증권우,2045,2065,20,0.98,17144,35046095
011690,유양디앤유,1220,1220,0,0.0,0,0
072130,유엔젤,3510,3540,30,0.85,70528,250300195
000220,유유제약,11650,11850,200,1.72,115446,1360643700
000225,유유제약1우,7920,8060,140,1.77,2653,21349100
000227,유유제약2우B,20750,21000,250,1.2,604,12734500
001200,유진투자증권,2865,3075,210,7.33,1599112,4798697725
000100,유한양행,51900,52600,700,1.35,629148,33085480400
000105,유한양행우,51900,52700,800,1.54,6204,325341800
003460,유화증권,2250,2260,10,0.44,15649,35206990
003465,유화증권우,2475,2470,-5,-0.2,167,412575
008730,율촌화학,13900,14200,300,2.16,38563,545043600
008250,이건산업,7460,8230,770,10.32,3489084,29618505730
025820,이구산업,1505,1510,5,0.33,304543,462020300
214320,이노션,51700,52000,300,0.58,74439,3866518700
088260,이리츠코크렙,5880,5910,30,0.51,69192,410248470
139480,이마트,113500,114000,500,0.44,500477,57232041500
007660,이수페타시스,3525,3635,110,3.12,325335,1175692500
005950,이수화학,9720,9770,50,0.51,138704,1347206330
015020,이스타코,673,674,1,0.15,133003,90004486
093230,이아이디,217,222,5,2.3,3875449,856067683
074610,이엔플러스,5440,5450,10,0.18,376218,2061634960
102460,이연제약,13750,13900,150,1.09,40486,559770450
084680,이월드,4545,4565,20,0.44,3528583,16097401420
000760,이화산업,13100,13200,100,0.76,469,6113350
014990,인디에프,2265,2300,35,1.55,1602999,3682909485
006490,인스코비,2385,2435,50,2.1,722934,1761253855
023800,인지컨트롤스,3980,4075,95,2.39,66908,273428550
034590,인천도시가스,25250,25500,250,0.99,1368,34603900
129260,인터지스,1680,1675,-5,-0.3,107349,178177915
023810,인팩,3755,3800,45,1.2,31709,119590880
249420,일동제약,13800,14050,250,1.81,203403,2846156250
000230,일동홀딩스,8950,8880,-70,-0.78,22949,204508630
013360,일성건설,1080,1095,15,1.39,204336,223176815
003120,일성신약,83400,83900,500,0.6,4174,350148200
003200,일신방직,56800,57200,400,0.7,2127,120488500
007110,일신석재,2460,2485,25,1.02,1265446,3156254410
007570,일양약품,48000,48750,750,1.56,4725912,241186982500
007575,일양약품우,31500,31450,-50,-0.16,132800,4454195600
008500,일정실업,9800,9750,-50,-0.51,2986,29157860
081000,일진다이아,27400,28000,600,2.19,152892,4266295600
020760,일진디스플,2970,3070,100,3.37,259982,799176975
020150,일진머티리얼즈,46650,47300,650,1.39,369510,17454024700
103590,일진전기,2820,2810,-10,-0.35,170654,482902285
015860,일진홀딩스,4025,4190,165,4.1,510083,2130611935
226320,잇츠한불,14050,14400,350,2.49,17873,253315900
317400,자이에스앤디,5840,5780,-60,-1.03,111081,639931270
033240,자화전자,7300,7360,60,0.82,128832,949601160
000950,전방,12400,12600,200,1.61,526,6625050
194370,제이에스코퍼레이션,7480,7720,240,3.21,60855,469700580
025620,제이준코스메틱,2765,2825,60,2.17,211904,595421670
036420,제이콘텐트리,29800,30300,500,1.68,76831,2327794700
030000,제일기획,16600,17100,500,3.01,531187,9016252000
271980,제일약품,38200,37850,-350,-0.92,277702,10495469550
001560,제일연마,5840,5860,20,0.34,2779,16289110
002620,제일파마홀딩스,19500,19150,-350,-1.79,47066,907814700
006220,제주은행,3285,3300,15,0.46,26770,87832180
089590,제주항공,19000,19050,50,0.26,107255,2035766150
004910,조광페인트,5580,5630,50,0.9,19311,108452500
004700,조광피혁,42350,42200,-150,-0.35,682,28653350
001550,조비,16650,16500,-150,-0.9,53516,892221000
000480,조선내화,74200,74800,600,0.81,789,58880500
120030,조선선재,77900,77700,-200,-0.26,300,23316600
018470,조일알미늄,580,577,-3,-0.52,58870,33973305
002600,조흥,150000,153500,3500,2.33,25,3843500
185750,종근당,94400,97000,2600,2.75,44086,4229672400
063160,종근당바이오,30700,31750,1050,3.42,92035,2884753450
001630,종근당홀딩스,119500,119500,0,0.0,30408,3586993500
044380,주연테크,1485,1520,35,2.36,5656480,8582824820
013890,지누스,84000,82300,-1700,-2.02,99454,8204481800
013870,지엠비코리아,4530,4675,145,3.2,175020,813872540
071320,지역난방공사,39150,39500,350,0.89,3090,121909750
010580,지코,306,306,0,0.0,0,0
035000,지투알,5420,5460,40,0.74,16002,86881620
088790,진도,2830,2960,130,4.59,73164,215420820
003780,진양산업,3370,3460,90,2.67,289292,989308845
010640,진양폴리,3000,3100,100,3.33,468321,1451309880
100250,진양홀딩스,2395,2440,45,1.88,80754,195965000
051630,진양화학,3020,2990,-30,-0.99,201720,607735490
272450,진에어,10700,10750,50,0.47,114575,1220520650
011000,진원생명과학,10600,10300,-300,-2.83,1324532,13721051600
002780,진흥기업,2070,2055,-15,-0.72,43033,88486350
002787,진흥기업2우B,14000,13900,-100,-0.71,2209,30445950
002785,진흥기업우B,5090,5180,90,1.77,14981,77165940
009310,참엔지니어링,1290,1300,10,0.78,227565,291087390
000650,천일고속,58600,58700,100,0.17,333,19503700
012600,청호컴넷,2990,3010,20,0.67,67685,203395655
033250,체시스,2315,2440,125,5.4,1515605,3655956750
035720,카카오,263500,264000,500,0.19,1083698,285559795500
006380,카프로,3010,3005,-5,-0.17,166679,501815670
109070,컨버즈,4100,4100,0,0.0,0,0
001620,케이비아이동국실업,579,573,-6,-1.04,147966,84426155
029460,케이씨,18350,19100,750,4.09,138540,2619636650
344820,케이씨씨글라스,30700,33050,2350,7.65,370919,12174689800
281820,케이씨텍,20350,20900,550,2.7,241321,4965785200
145270,케이탑리츠,780,785,5,0.64,118653,93272006
007815,코리아써우,3155,3280,125,3.96,8473,27425360
007810,코리아써키트,9020,9430,410,4.55,266014,2491319430
00781K,코리아써키트2우B,4680,4635,-45,-0.96,857,3985955
152330,코리아오토글라스,13150,13250,100,0.76,43717,575440900
003690,코리안리,7390,7730,340,4.6,246228,1886607900
192820,코스맥스,88400,89200,800,0.9,74084,6580465800
044820,코스맥스비티아이,15050,15500,450,2.99,20900,321650450
005070,코스모신소재,11600,12250,650,5.6,1232231,14970897500
005420,코스모화학,8530,8880,350,4.1,379898,3346922210
071950,코아스,1210,1245,35,2.89,662190,819040835
002020,코오롱,17400,17700,300,1.72,51423,909845650
003070,코오롱글로벌,9640,9580,-60,-0.62,133320,1278793710
003075,코오롱글로벌우,19000,18350,-650,-3.42,4162,78019400
144620,코오롱머티리얼,1735,1755,20,1.15,211140,369124070
002025,코오롱우,9610,9670,60,0.62,2768,26623260
120110,코오롱인더,33200,34200,1000,3.01,209240,7089997900
120115,코오롱인더우,16600,16750,150,0.9,10229,170086300
138490,코오롱플라스틱,3855,3915,60,1.56,781349,3095295730
021240,코웨이,66600,68500,1900,2.85,219349,14894118800
031820,콤텍시스템,1355,1370,15,1.11,1088873,1493596670
192400,쿠쿠홀딩스,86500,88600,2100,2.43,3850,336333000
284740,쿠쿠홈시스,40450,40400,-50,-0.12,44907,1799798900
015590,큐로,1055,1070,15,1.42,1410416,1512568730
264900,크라운제과,9760,9700,-60,-0.61,24738,241305980
26490K,크라운제과우,6990,7020,30,0.43,3699,26083010
005740,크라운해태홀딩스,9030,9130,100,1.11,16318,148149370
005745,크라운해태홀딩스우,11000,11200,200,1.82,3288,36535750
020120,키다리스튜디오,5900,6070,170,2.88,105785,638390710
039490,키움증권,78900,82500,3600,4.56,78525,6453953000
012170,키위미디어그룹,150,150,0,0.0,0,0
014580,태경비케이,3915,3975,60,1.53,478479,1883715895
015890,태경산업,4920,4970,50,1.02,18383,91139025
006890,태경케미컬,6130,6280,150,2.45,437931,2793512760
003240,태광산업,740000,752000,12000,1.62,808,602426000
011280,태림포장,3630,3660,30,0.83,232301,848532685
004100,태양금속,1200,1225,25,2.08,6609642,8539453215
004105,태양금속우,2890,2935,45,1.56,358060,1081440705
009410,태영건설,15500,16600,1100,7.1,1725991,27649414350
009415,태영건설우,8620,9040,420,4.87,94786,825207490
001420,태원물산,3390,3395,5,0.15,21853,74061565
007980,태평양물산,2090,2115,25,1.2,531975,1112378015
055490,테이팩스,18550,18800,250,1.35,8951,166829200
078000,텔코웨어,12750,12900,150,1.18,26105,345276650
214420,토니모리,10300,10700,400,3.88,73743,769594500
019180,티에이치엔,2535,2670,135,5.33,584614,1564244585
091810,티웨이항공,3790,3770,-20,-0.53,163308,614292260
004870,티웨이홀딩스,1370,1360,-10,-0.73,939402,1282129700
005690,파미셀,24100,23500,-600,-2.49,9144006,217199674350
036580,팜스코,7650,7610,-40,-0.52,353364,2673615720
028670,팬오션,3575,3535,-40,-1.12,1785269,6329776205
010820,퍼스텍,2205,2140,-65,-2.95,1206627,2610786930
016800,퍼시스,28300,28300,0,0.0,1129,31853100
001020,페이퍼코리아,1320,1345,25,1.89,47465,63021535
090080,평화산업,1345,1350,5,0.37,429674,580300650
010770,평화홀딩스,3200,3205,5,0.16,26520,86260965
058430,포스코강판,12200,12250,50,0.41,14722,179981800
047050,포스코인터내셔널,16000,15600,-400,-2.5,282396,4430878900
003670,포스코케미칼,55500,58700,3200,5.77,645359,37654153800
007630,폴루스바이오팜,1225,1225,0,0.0,0,0
017810,풀무원,15450,15650,200,1.29,446878,7029081000
103140,풍산,19800,20500,700,3.54,167399,3419290450
005810,풍산홀딩스,27550,27850,300,1.09,4802,132622600
033180,필룩스,4910,5100,190,3.87,3514288,17794190430
086790,하나금융지주,29750,30100,350,1.18,2175290,64753490150
099340,하나니켈1호,344,367,23,6.69,23219983,8727323994
099350,하나니켈2호,1380,1400,20,1.45,1589965,2312326020
293480,하나제약,22250,22650,400,1.8,69295,1561215250
039130,하나투어,40600,41100,500,1.23,63135,2589034550
172580,하이골드12호,2305,2300,-5,-0.22,6622,15188940
153360,하이골드3호,1335,1320,-15,-1.12,21277,28084855
071090,하이스틸,17000,17000,0,0.0,6214,105273150
019490,하이트론,3000,2985,-15,-0.5,14985,44478655
000080,하이트진로,36000,38750,2750,7.64,1407345,53210626800
000087,하이트진로2우B,17800,18400,600,3.37,13285,242765750
000140,하이트진로홀딩스,16300,17100,800,4.91,266441,4561438750
000145,하이트진로홀딩스우,13300,14750,1450,10.9,21054,301215850
152550,한국ANKOR유전,1775,1775,0,0.0,23962,42472050
036460,한국가스공사,29850,29300,-550,-1.84,312863,9229588750
005430,한국공항,41600,41400,-200,-0.48,28256,1170755300
071050,한국금융지주,52700,55100,2400,4.55,415894,22655602400
071055,한국금융지주우,32800,33650,850,2.59,22896,765657650
010040,한국내화,4415,4125,-290,-6.57,1479061,6136007090
025540,한국단자,35250,36200,950,2.7,43574,1561155250
004090,한국석유,97800,98500,700,0.72,1640,160554000
002200,한국수출포장,18650,19650,1000,5.36,16718,324597450
002960,한국쉘석유,253000,257000,4000,1.58,4009,1026238500
123890,한국자산신탁,2655,2755,100,3.77,666549,1822229345
015760,한국전력,21600,21750,150,0.69,1817048,39512313250
006200,한국전자홀딩스,604,610,6,0.99,121951,73958098
002300,한국제지,17150,17350,200,1.17,22412,388141750
009540,한국조선해양,90800,92200,1400,1.54,309828,28517158300
023350,한국종합기술,4230,4400,170,4.02,81299,355498435
025890,한국주강,1465,1450,-15,-1.02,17116,24942180
000970,한국주철관,9500,9520,20,0.21,233499,2221311020
104700,한국철강,4400,4475,75,1.7,36172,161522475
017960,한국카본,8170,8460,290,3.55,2736096,23320758020
161890,한국콜마,43300,43450,150,0.35,146342,6340817750
024720,한국콜마홀딩스,22500,23250,750,3.33,96764,2239348450
161390,한국타이어앤테크놀로지,23450,24500,1050,4.48,453634,10782435150
000240,한국테크놀로지그룹,10100,10400,300,2.97,48463,498697250
034830,한국토지신탁,1855,1885,30,1.62,349321,655281340
007280,한국특수형강,1370,1380,10,0.73,149884,204748105
168490,한국패러랠,2090,2085,-5,-0.24,30587,63932265
010100,한국프랜지,3285,3130,-155,-4.72,4805759,15194879045
047810,한국항공우주,25350,25400,50,0.2,949147,24308972250
123690,한국화장품,14050,14400,350,2.49,215729,3056946000
003350,한국화장품제조,37000,38300,1300,3.51,82307,3116665900
011500,한농화성,4695,4765,70,1.49,20320,96802215
002390,한독,23500,23850,350,1.49,93812,2234293950
014790,한라,3110,3130,20,0.64,54881,171555705
060980,한라홀딩스,31750,33250,1500,4.72,39793,1301203200
053690,한미글로벌,8080,8170,90,1.11,40564,331360330
042700,한미반도체,9230,9200,-30,-0.33,503273,4618700850
008930,한미사이언스,27450,28100,650,2.37,100247,2797246050
128940,한미약품,237000,240500,3500,1.48,73462,17539589500
009240,한샘,84600,86100,1500,1.77,100939,8748436500
020000,한섬,30250,31150,900,2.98,116891,3608061450
003680,한성기업,5250,5140,-110,-2.1,96536,495598810
105630,한세실업,13300,13450,150,1.13,164618,2194848350
069640,한세엠케이,3035,3070,35,1.15,7091,21667240
016450,한세예스24홀딩스,5170,5170,0,0.0,19265,100172280
010420,한솔PNS,1440,1485,45,3.13,213886,310921605
009180,한솔로지스틱스,1465,1480,15,1.02,231350,341516580
213500,한솔제지,14450,14400,-50,-0.35,235987,3409290900
014680,한솔케미칼,97500,102000,4500,4.62,76507,7646376700
004710,한솔테크닉스,7280,7550,270,3.71,275211,2063291950
004150,한솔홀딩스,3055,3085,30,0.98,55811,172345015
025750,한솔홈데코,1010,1055,45,4.46,4133579,4359907855
004960,한신공영,14000,13950,-50,-0.36,13140,183330900
011700,한신기계,1460,1475,15,1.03,227377,334133305
001750,한양증권,6850,7020,170,2.48,72819,506856470
001755,한양증권우,8090,8260,170,2.1,4582,37807100
018880,한온시스템,9740,9770,30,0.31,2244582,21560141070
009420,한올바이오파마,26850,27450,600,2.23,533314,14536074150
014130,한익스프레스,4700,4800,100,2.13,123057,585112840
300720,한일시멘트,81000,83200,2200,2.72,5213,432881300
002220,한일철강,1655,1685,30,1.81,158774,269216695
006390,한일현대시멘트,29700,29800,100,0.34,25690,767281200
003300,한일홀딩스,46950,47300,350,0.75,3374,158367150
051600,한전KPS,30850,31650,800,2.59,99641,3131199700
052690,한전기술,16550,16750,200,1.21,88116,1467409400
130660,한전산업,3390,3415,25,0.74,53554,182579455
002320,한진,53700,54800,1100,2.05,106275,5793282000
097230,한진중공업,5820,5950,130,2.23,166160,986297670
003480,한진중공업홀딩스,3500,3475,-25,-0.71,42835,150079205
180640,한진칼,86300,91100,4800,5.56,1560942,139286288800
18064K,한진칼우,46050,46600,550,1.19,20532,951343450
005110,한창,2475,2550,75,3.03,1106995,2796133935
009460,한창제지,2275,2290,15,0.66,2075569,4760861515
000880,한화,20100,20400,300,1.49,203734,4147310900
00088K,한화3우B,11000,10900,-100,-0.91,346008,3765923650
088350,한화생명,1525,1525,0,0.0,9897031,15155523410
000370,한화손해보험,2305,2300,-5,-0.22,542554,1256282690
009830,한화솔루션,16150,16800,650,4.02,1397120,23443517800
009835,한화솔루션우,10850,11000,150,1.38,29586,327212300
272210,한화시스템,8820,8870,50,0.57,874762,7729219150
012450,한화에어로스페이스,24300,24500,200,0.82,354132,8637493900
000885,한화우,24200,24000,-200,-0.83,19657,472104600
003530,한화투자증권,1720,1770,50,2.91,676716,1190444310
003535,한화투자증권우,1690,1715,25,1.48,34221,58064045
195870,해성디에스,15850,16550,700,4.42,128451,2096410200
101530,해태제과식품,7870,8010,140,1.78,33798,268927970
143210,핸즈코퍼레이션,6200,6350,150,2.42,13902,87833010
000720,현대건설,34200,34250,50,0.15,816395,27950821200
267270,현대건설기계,19400,19800,400,2.06,104418,2070501900
000725,현대건설우,106500,107000,500,0.47,538,57482500
005440,현대그린푸드,8300,8400,100,1.2,386614,3231167780
086280,현대글로비스,113000,114000,1000,0.88,138327,15759975500
064350,현대로템,15750,16000,250,1.59,690831,11041041000
079430,현대리바트,14000,14650,650,4.64,892705,13187583950
012330,현대모비스,198000,206000,8000,4.04,260640,52922464500
010620,현대미포조선,34000,34600,600,1.76,354113,12171710900
069960,현대백화점,64000,64500,500,0.78,109579,6994630500
004560,현대비앤지스틸,7350,7400,50,0.68,48282,358031120
004565,현대비앤지스틸우,50500,51200,700,1.39,627,31729700
011760,현대상사,14600,14800,200,1.37,48679,719422850
004310,현대약품,5070,5120,50,0.99,604738,3085956220
322000,현대에너지솔루션,27150,27350,200,0.74,322980,8951803000
126560,현대에이치씨엔,4450,4430,-20,-0.45,550736,2453079985
017800,현대엘리베이,63300,63500,200,0.32,123050,7810785000
307950,현대오토에버,44900,44950,50,0.11,24404,1094573100
011210,현대위아,37400,37950,550,1.47,283350,10843771050
267260,현대일렉트릭,8270,8850,580,7.01,304051,2631249220
004020,현대제철,21850,21600,-250,-1.14,904516,19451334100
267250,현대중공업지주,270500,281000,10500,3.88,40406,11169028500
005380,현대차,98000,100000,2000,2.04,1908428,190437070900
005387,현대차2우B,60200,60600,400,0.66,137140,8366480000
005389,현대차3우B,55500,56000,500,0.9,33450,1871911900
005385,현대차우,56300,57500,1200,2.13,175516,10072871300
001500,현대차증권,8880,8970,90,1.01,86761,777453740
227840,현대코퍼레이션홀딩스,9990,10050,60,0.6,27946,279758010
001450,현대해상,24250,24400,150,0.62,232802,5656040200
057050,현대홈쇼핑,67000,67400,400,0.6,31569,2116070900
093240,형지엘리트,1205,1220,15,1.24,147821,180502700
003010,혜인,6200,5810,-390,-6.29,586587,3464048440
111110,호전실업,10500,10550,50,0.48,10622,112389650
008770,호텔신라,79200,80400,1200,1.52,454997,36332976700
008775,호텔신라우,58400,59700,1300,2.23,9946,587739500
002460,화성산업,10800,10850,50,0.46,75978,811057500
013520,화승알앤에이,1625,1650,25,1.54,151836,250568175
241590,화승엔터프라이즈,15000,14650,-350,-2.33,657983,9583941950
006060,화승인더,8460,8660,200,2.36,1081701,9255362970
010690,화신,2120,2150,30,1.42,62102,132949750
133820,화인베스틸,2225,2315,90,4.04,735471,1704878300
010660,화천기계,3730,3790,60,1.61,1479504,5607385875
000850,화천기공,31500,31500,0,0.0,4940,155477650
016580,환인제약,13500,13850,350,2.59,89076,1232748050
032560,황금에스티,6030,6140,110,1.82,104501,639150480
004800,효성,67300,68900,1600,2.38,70940,4836436800
094280,효성ITX,19850,19350,-500,-2.52,81777,1584971850
298040,효성중공업,17250,17350,100,0.58,168115,2965958750
298050,효성첨단소재,83200,83700,500,0.6,17429,1458867000
298020,효성티앤씨,131500,133000,1500,1.14,12094,1593011000
298000,효성화학,112500,114000,1500,1.33,18724,2105017500
093370,후성,7990,8120,130,1.63,1753024,14240971680
081660,휠라홀딩스,38450,39000,550,1.43,452759,17482018700
005870,휴니드,6000,5880,-120,-2.0,182633,1076652670
079980,휴비스,6900,8080,1180,17.1,2115508,16092359420
005010,휴스틸,6640,6720,80,1.2,21437,143038420
069260,휴켐스,16900,17050,150,0.89,90660,1542185800
000540,흥국화재,2415,2425,10,0.41,55751,134811285
000547,흥국화재2우B,22750,22900,150,0.66,14074,327370350
000545,흥국화재우,4990,5030,40,0.8,34447,171353985
003280,흥아해운,258,258,0,0.0,0,0
