티커,종목명,시가,종가,변동폭,등락률,거래량,거래대금
095570,AJ네트웍스,4960,4745,-215,-4.33,51976,246608510
006840,AK홀딩스,32500,30700,-1800,-5.54,36237,1125927650
027410,BGF,5410,5280,-130,-2.4,146102,773919830
282330,BGF리테일,174000,172000,-2000,-1.15,25933,4476154000
138930,BNK금융지주,7240,6910,-330,-4.56,1024385,7116855390
001460,BYC,230000,224000,-6000,-2.61,915,205903000
001465,BYC우,121500,121000,-500,-0.41,87,10485500
001040,CJ,90000,86200,-3800,-4.22,87432,7595112200
079160,CJCGV,31550,28250,-3300,-10.46,492911,14195643500
00104K,CJ4우전환,67100,64100,-3000,-4.47,24162,1543514700
000120,CJ대한통운,142000,136000,-6000,-4.23,49609,6826655500
011150,CJ씨푸드,2705,2760,55,2.03,719476,1963796245
011155,CJ씨푸드1우,30350,29700,-650,-2.14,5939,181401300
001045,CJ우,43800,41900,-1900,-4.34,8342,352456450
097950,CJ제일제당,249500,242500,-7000,-2.81,36792,8988702000
097955,CJ제일제당우,108500,104000,-4500,-4.15,5558,579295500
000590,CS홀딩스,57300,56800,-500,-0.87,684,38409200
012030,DB,827,799,-28,-3.39,801967,643053235
016610,DB금융투자,4095,3950,-145,-3.54,167663,659823960
005830,DB손해보험,44500,42900,-1600,-3.6,238331,10297997400
000990,DB하이텍,30300,29800,-500,-1.65,965252,28664402000
000995,DB하이텍1우,54000,51100,-2900,-5.37,6402,326650200
139130,DGB금융지주,6900,6640,-260,-3.77,1040611,6934599500
001530,DI동일,76200,74300,-1900,-2.49,6220,461865400
004840,DRB동일,5500,5270,-230,-4.18,42887,226049930
155660,DSR,4710,4450,-260,-5.52,185397,824109320
069730,DSR제강,4700,4450,-250,-5.32,116593,516720485
017940,E1,46250,44800,-1450,-3.14,13928,625656450
007700,FF,120000,102500,-17500,-14.58,417121,42958920800
114090,GKL,21000,18850,-2150,-10.24,1045603,19704505350
078930,GS,48350,46550,-1800,-3.72,196418,9183402550
006360,GS건설,30300,29050,-1250,-4.13,371547,10880180900
001250,GS글로벌,2160,2065,-95,-4.4,343192,714473110
007070,GS리테일,40800,40650,-150,-0.37,188313,7730789450
078935,GS우,36000,35550,-450,-1.25,3729,132365150
012630,HDC,11050,10400,-650,-5.88,448990,4718025700
039570,HDC아이콘트롤스,10600,10100,-500,-4.72,142155,1435249840
089470,HDC현대EP,4690,4480,-210,-4.48,90601,407772810
294870,HDC현대산업개발,23550,22650,-900,-3.82,360132,8184352400
082740,HSD엔진,4485,4355,-130,-2.9,358961,1535346585
003560,IHQ,1810,1715,-95,-5.25,1452870,2488876140
175330,JB금융지주,5280,5150,-130,-2.46,331996,1708222390
234080,JW생명과학,19900,20300,400,2.01,227214,4602004600
001060,JW중외제약,28200,32150,3950,14.01,990175,31042171600
001067,JW중외제약2우B,45200,48900,3700,8.19,58633,2916968050
001065,JW중외제약우,27050,28400,1350,4.99,39501,1125217200
096760,JW홀딩스,5760,5990,230,3.99,384454,2303275670
105560,KB금융,46700,44500,-2200,-4.71,1494047,66832724400
002380,KCC,223500,206000,-17500,-7.83,51805,10844551000
009070,KCTC,2740,2645,-95,-3.47,135087,355762215
009440,KC그린홀딩스,5150,4975,-175,-3.4,68104,337866590
119650,KC코트렐,7040,7000,-40,-0.57,481381,3396550950
092220,KEC,1060,1030,-30,-2.83,1114229,1134951882
001390,KG케미칼,12750,12300,-450,-3.53,159105,1949763450
001940,KISCO홀딩스,12300,11950,-350,-2.85,7111,85552250
025000,KPX케미칼,55200,54400,-800,-1.45,3235,173404200
092230,KPX홀딩스,53500,52700,-800,-1.5,2218,116718800
000040,KR모터스,274,266,-8,-2.92,1038694,271845746
044450,KSS해운,7400,7220,-180,-2.43,55140,395944480
030200,KT,26100,25450,-650,-2.49,1186100,30346394000
033780,KTG,93500,93200,-300,-0.32,621703,57923227500
030210,KTB투자증권,2350,2255,-95,-4.04,419133,939535175
058850,KTcs,2160,2075,-85,-3.94,146322,305805865
058860,KTis,2240,2175,-65,-2.9,179591,388328930
093050,LF,16550,15800,-750,-4.53,179557,2861929150
003550,LG,73500,71900,-1600,-2.18,350758,25313670100
034220,LG디스플레이,14850,14600,-250,-1.68,2275666,33322673550
001120,LG상사,13800,13200,-600,-4.35,200401,2650056350
051900,LG생활건강,1349000,1253000,-96000,-7.12,98803,125092883080
051905,LG생활건강우,806000,733000,-73000,-9.06,3148,2403460000
003555,LG우,49450,48700,-750,-1.52,105797,5169140500
032640,LG유플러스,13700,13400,-300,-2.19,1685137,22552844450
011070,LG이노텍,152500,151500,-1000,-0.66,234923,35076882500
066570,LG전자,69000,67100,-1900,-2.75,729302,48842249300
066575,LG전자우,27550,26800,-750,-2.72,36931,990148200
108670,LG하우시스,50400,49000,-1400,-2.78,42258,2078910300
108675,LG하우시스우,25150,23900,-1250,-4.97,4366,105444050
037560,LG헬로비전,5480,5190,-290,-5.29,234359,1224579790
051910,LG화학,348500,336500,-12000,-3.44,348298,117303666500
051915,LG화학우,191500,180000,-11500,-6.01,30516,5543209500
079550,LIG넥스원,30100,29050,-1050,-3.49,107211,3119834000
006260,LS,43750,41900,-1850,-4.23,122097,5137445350
000680,LS네트웍스,2400,2395,-5,-0.21,37036,87268695
010120,LS산전,54000,53000,-1000,-1.85,101545,5381367000
229640,LS전선아시아,8580,8390,-190,-2.21,188012,1558894860
023150,MH에탄올,6170,6190,20,0.32,47532,294030080
035420,NAVER,183000,178500,-4500,-2.46,476253,85950327000
181710,NHN,76000,73900,-2100,-2.76,64029,4718762000
005940,NH투자증권,11950,11300,-650,-5.44,1790625,20385466450
005945,NH투자증권우,8730,8510,-220,-2.52,148748,1271155150
338100,NH프라임리츠,5860,5750,-110,-1.88,95238,547350690
034310,NICE,22050,21550,-500,-2.27,77002,1669471850
008260,NI스틸,2210,2085,-125,-5.66,182727,383104210
004250,NPC,3855,3840,-15,-0.39,10568,40327600
004255,NPC우,2295,2275,-20,-0.87,873,1985860
010060,OCI,63000,59200,-3800,-6.03,234021,13997434300
005490,POSCO,240500,226000,-14500,-6.03,583981,132707908000
100840,STC,18400,17500,-900,-4.89,28265,495830100
064960,ST모티브,40500,39850,-650,-1.6,36608,1464021000
003570,ST중공업,6600,6580,-20,-0.3,21724,141641180
036530,ST홀딩스,15000,14700,-300,-2.0,11999,173264700
010950,S-Oil,80900,76400,-4500,-5.56,622315,47982566440
010955,S-Oil우,48050,45000,-3050,-6.35,33852,1529388250
034120,SBS,20650,19950,-700,-3.39,94787,1880053600
101060,SBS미디어홀딩스,2115,2035,-80,-3.78,96298,195946105
004060,SG세계물산,953,918,-35,-3.67,785675,720600810
001380,SG충방,1715,1640,-75,-4.37,195684,321068800
002360,SH에너지화학,1090,1050,-40,-3.67,7589676,7934201660
009160,SIMPAC,2840,2680,-160,-5.63,171115,464191925
123700,SJM,3480,3375,-105,-3.02,11744,39624060
025530,SJM홀딩스,3230,3155,-75,-2.32,8376,26466615
034730,SK,241000,231000,-10000,-4.15,136552,31855628000
011790,SKC,54500,53400,-1100,-2.02,408343,21412939700
018670,SK가스,78300,76300,-2000,-2.55,9358,714622500
001740,SK네트웍스,5240,5070,-170,-3.24,812830,4146327220
001745,SK네트웍스우,73900,71600,-2300,-3.11,905,64902000
006120,SK디스커버리,25800,24700,-1100,-4.26,85630,2129541650
006125,SK디스커버리우,16800,16100,-700,-4.17,30277,489016550
210980,SK디앤디,28450,27550,-900,-3.16,12396,343429050
068400,SK렌터카,11850,11400,-450,-3.8,122992,1403246100
03473K,SK우,173500,169000,-4500,-2.59,19300,3259384000
096770,SK이노베이션,130000,125000,-5000,-3.85,646320,80257649500
096775,SK이노베이션우,97700,93000,-4700,-4.81,13335,1251617000
001510,SK증권,619,595,-24,-3.88,2110186,1261335711
001515,SK증권우,2770,2700,-70,-2.53,20858,55669930
285130,SK케미칼,66200,64100,-2100,-3.17,209174,13586305100
28513K,SK케미칼우,29500,28350,-1150,-3.9,60402,1738758750
017670,SK텔레콤,237000,232500,-4500,-1.9,319257,74023606500
000660,SK하이닉스,98700,96300,-2400,-2.43,3630362,348138741600
005610,SPC삼립,82300,79800,-2500,-3.04,15797,1267966700
011810,STX,7910,7580,-330,-4.17,21795,164927130
077970,STX엔진,6660,6500,-160,-2.4,16527,107332390
071970,STX중공업,3040,2860,-180,-5.92,258253,744802445
084870,TBH글로벌,2585,2425,-160,-6.19,75990,186628315
002710,TCC스틸,2670,2515,-155,-5.81,48752,122005635
024070,WISCOM,2715,2635,-80,-2.95,8880,23621375
037270,YGPLUS,1475,1425,-50,-3.39,422977,584358705
000500,가온전선,19800,19750,-50,-0.25,2771,53972150
000860,강남제비스코,19800,19100,-700,-3.54,11771,225622600
035250,강원랜드,28600,27650,-950,-3.32,525421,14698818900
011420,갤럭시아에스엠,2030,1965,-65,-3.2,165921,330526855
002100,경농,11450,10950,-500,-4.37,90242,983231300
009450,경동나비엔,45600,43900,-1700,-3.73,64007,2799029550
267290,경동도시가스,20300,19450,-850,-4.19,12163,236213350
012320,경동인베스트,38800,37850,-950,-2.45,3143,118392100
000050,경방,9290,9130,-160,-1.72,28371,258682190
214390,경보제약,8980,9830,850,9.47,1408036,13986664610
012610,경인양행,8580,8500,-80,-0.93,803834,6813038200
009140,경인전자,19350,19300,-50,-0.26,1631,31515300
013580,계룡건설,19250,18600,-650,-3.38,8648,161341850
012200,계양전기,3085,2930,-155,-5.02,124174,364677880
012205,계양전기우,6720,6430,-290,-4.32,13996,89274110
004200,고려개발,8500,8390,-110,-1.29,12231,101304210
002140,고려산업,3485,3325,-160,-4.59,331827,1084487910
010130,고려아연,407000,395000,-12000,-2.95,41506,16620416000
002240,고려제강,19400,18950,-450,-2.32,23189,442896450
009290,광동제약,6670,6970,300,4.5,1896184,13315655500
017040,광명전기,2240,2130,-110,-4.91,211167,455808420
017900,광전자,2175,2085,-90,-4.14,79977,167078070
037710,광주신세계,169500,164500,-5000,-2.95,1745,289333500
030610,교보증권,9060,8780,-280,-3.09,103907,910518920
007690,국도화학,44400,43900,-500,-1.13,9002,389259800
005320,국동,1210,1160,-50,-4.13,337407,390069715
002720,국제약품,6450,8380,1930,29.92,9896927,79678958020
083420,그린케미칼,3355,3320,-35,-1.04,61143,200699730
014530,극동유화,3640,3520,-120,-3.3,1492291,5156927310
014280,금강공업,3760,3615,-145,-3.86,86307,312118930
014285,금강공업우,8730,8650,-80,-0.92,2599,22162500
008870,금비,62600,61900,-700,-1.12,417,25965200
001570,금양,2420,2400,-20,-0.83,134757,315706450
002990,금호산업,10100,9570,-530,-5.25,277161,2666869870
002995,금호산업우,32350,30250,-2100,-6.49,7900,239589750
011780,금호석유,76100,72300,-3800,-4.99,171215,12451387300
011785,금호석유우,33500,31750,-1750,-5.22,5695,182211650
214330,금호에이치티,4580,4315,-265,-5.79,188322,814054645
001210,금호전기,4145,3745,-400,-9.65,244613,923269245
073240,금호타이어,4030,3905,-125,-3.1,644339,2535956500
092440,기신정기,3880,3820,-60,-1.55,74655,281879125
000270,기아차,43400,42700,-700,-1.61,1631227,69337510200
024110,기업은행,11100,10700,-400,-3.6,2283509,24633530850
013700,까뮤이앤씨,1495,1485,-10,-0.67,6337535,9336710405
004540,깨끗한나라,3055,3970,915,29.95,6786898,25423511630
004545,깨끗한나라우,23200,30150,6950,29.96,378443,10829740350
074610,나노메딕스,6940,6530,-410,-5.91,828010,5370420260
001260,남광토건,11000,10500,-500,-4.55,37171,390610750
008350,남선알미늄,4350,4270,-80,-1.84,12260853,51595432805
008355,남선알미우,38700,36800,-1900,-4.91,41267,1515094400
004270,남성,3170,3075,-95,-3.0,1000924,3064280095
003920,남양유업,423000,413500,-9500,-2.25,1040,434062000
003925,남양유업우,140500,135500,-5000,-3.56,269,36952000
002070,남영비비안,15000,17900,2900,19.33,2972099,50812219200
025860,남해화학,8130,7860,-270,-3.32,199608,1571822780
005720,넥센,5940,5840,-100,-1.68,28389,164518050
005725,넥센우,3340,3305,-35,-1.05,1869,6190385
002350,넥센타이어,8380,8190,-190,-2.27,124611,1034192190
002355,넥센타이어1우B,3400,3375,-25,-0.74,1444,4873695
003580,넥스트사이언스,8000,7770,-230,-2.88,858371,6688315830
251270,넷마블,96400,91900,-4500,-4.67,242539,22570475100
090350,노루페인트,7850,7670,-180,-2.29,54128,416486170
090355,노루페인트우,12500,12500,0,0.0,35746,444384150
000320,노루홀딩스,11500,11150,-350,-3.04,6850,76572450
000325,노루홀딩스우,17900,17450,-450,-2.51,4005,70347150
006280,녹십자,127000,139000,12000,9.45,271908,36970442500
005250,녹십자홀딩스,21100,21650,550,2.61,132614,2886193400
005257,녹십자홀딩스2우,18300,18600,300,1.64,13413,254395750
004370,농심,227000,231000,4000,1.76,48288,11214594000
072710,농심홀딩스,78700,77300,-1400,-1.78,1689,131960400
058730,다스코,6390,5950,-440,-6.89,191336,1151348130
023590,다우기술,18950,18050,-900,-4.75,166553,3013517650
019680,대교,5860,5840,-20,-0.34,42053,246135580
019685,대교우B,3935,3870,-65,-1.65,53341,206660315
006370,대구백화점,6290,6130,-160,-2.54,20301,125568850
008060,대덕전자,10000,9660,-340,-3.4,552439,5340543570
00806K,대덕전자1우,6310,6220,-90,-1.43,23770,147731200
000490,대동공업,5880,5540,-340,-5.78,194134,1084693340
008110,대동전자,3750,3655,-95,-2.53,10085,36605955
005750,대림BCo,4190,4095,-95,-2.27,19402,79330855
000210,대림산업,85100,83200,-1900,-2.23,88395,7390171600
000215,대림산업우,40250,39250,-1000,-2.48,3448,135469300
004440,대림씨엔에스,7510,7200,-310,-4.13,67513,488001970
006570,대림통상,4030,4000,-30,-0.74,425,1713140
001680,대상,22400,21400,-1000,-4.46,128362,2773033200
001685,대상우,12950,12600,-350,-2.7,2106,26500550
084690,대상홀딩스,6230,6130,-100,-1.61,68874,420638530
084695,대상홀딩스우,5840,5740,-100,-1.71,12362,71070160
128820,대성산업,3550,3365,-185,-5.21,206374,700652025
117580,대성에너지,5160,5050,-110,-2.13,150581,762027310
016710,대성홀딩스,8230,8120,-110,-1.34,20206,160663690
003540,대신증권,11400,11000,-400,-3.51,152058,1677987800
003547,대신증권2우B,7960,7870,-90,-1.13,14875,116671260
003545,대신증권우,8660,8530,-130,-1.5,110679,946013940
009190,대양금속,4185,3950,-235,-5.62,1685021,6708659740
014160,대영포장,1140,1120,-20,-1.75,873499,976216480
047040,대우건설,4670,4495,-175,-3.75,1470319,6598434050
009320,대우부품,2375,2290,-85,-3.58,1190418,2702752885
042660,대우조선해양,25900,24650,-1250,-4.83,198795,4954631600
003090,대웅,12000,11800,-200,-1.67,54113,638032050
069620,대웅제약,126000,124500,-1500,-1.19,26329,3270122500
000430,대원강업,3545,3420,-125,-3.53,31563,109066745
006340,대원전선,1140,1095,-45,-3.95,296014,321312660
006345,대원전선우,2630,2520,-110,-4.18,35087,89617550
003220,대원제약,16450,16600,150,0.91,71610,1179303750
024890,대원화성,1485,1440,-45,-3.03,52759,75984410
002880,대유에이텍,920,879,-41,-4.46,414313,364368833
000300,대유플러스,758,717,-41,-5.41,344250,250162368
012800,대창,1430,1390,-40,-2.8,1905520,2604666770
015230,대창단조,28900,28050,-850,-2.94,2781,77970150
001070,대한방직,20000,19900,-100,-0.5,8505,169122900
006650,대한유화,108000,100500,-7500,-6.94,67869,6888544500
001440,대한전선,630,613,-17,-2.7,1685913,1029012543
084010,대한제강,5750,5640,-110,-1.91,146086,826113080
001790,대한제당,19700,19350,-350,-1.78,7787,148681900
001799,대한제당3우B,24550,23500,-1050,-4.28,1769,42044150
001795,대한제당우,12700,12400,-300,-2.36,5965,73971150
001130,대한제분,139500,135000,-4500,-3.23,2753,372718000
003490,대한항공,25400,23700,-1700,-6.69,1668337,39351481500
003495,대한항공우,19000,17700,-1300,-6.84,62431,1106972600
005880,대한해운,21600,20450,-1150,-5.32,118232,2428728700
003830,대한화섬,87000,83800,-3200,-3.68,4256,357809600
016090,대현,2445,2390,-55,-2.25,53093,126696620
069460,대호에이엘,3410,3175,-235,-6.89,1440315,4560660325
192080,더블유게임즈,49700,48350,-1350,-2.72,76588,3681933900
012510,더존비즈온,90900,88700,-2200,-2.42,102500,9086288945
004830,덕성,2950,2875,-75,-2.54,103237,297619315
004835,덕성우,3325,3320,-5,-0.15,9287,30881630
024900,덕양산업,1290,1280,-10,-0.78,206155,257687465
145720,덴티움,50900,48950,-1950,-3.83,72076,3535012550
002150,도화엔지니어링,8370,7990,-380,-4.54,137581,1107121040
001230,동국제강,5460,5020,-440,-8.06,719470,3672186500
023450,동남합성,24750,24850,100,0.4,185,4581250
004140,동방,1500,1425,-75,-5.0,230952,328596795
007590,동방아그로,6590,6570,-20,-0.3,2939,19181050
005960,동부건설,8300,8010,-290,-3.49,46195,371383700
005965,동부건설우,20600,20650,50,0.24,1683,33366450
016380,동부제철,7500,7280,-220,-2.93,11050,80736510
016385,동부제철우,70600,70000,-600,-0.85,147,10177100
083370,동북아12호,5000,5000,0,0.0,5,25000
083380,동북아13호,5030,5030,0,0.0,5,25150
026960,동서,16400,16200,-200,-1.22,134999,2189679850
002210,동성제약,15700,15450,-250,-1.59,1012390,16185158200
102260,동성코퍼레이션,4925,4740,-185,-3.76,71606,341944045
005190,동성화학,17700,17200,-500,-2.82,28378,488297450
000640,동아쏘시오홀딩스,96300,97000,700,0.73,14234,1384493600
170900,동아에스티,96700,97400,700,0.72,29974,2931075000
028100,동아지질,17950,17150,-800,-4.46,130884,2245957150
282690,동아타이어,11550,11500,-50,-0.43,4617,52466550
001520,동양,1215,1165,-50,-4.12,521870,616140885
001527,동양2우B,9260,9210,-50,-0.54,110,1007160
001529,동양3우B,27650,26600,-1050,-3.8,1182,32034000
084670,동양고속,26450,26350,-100,-0.38,1879,48927250
030790,동양네트웍스,350,336,-14,-4.0,16926633,5885518998
002900,동양물산,1125,1090,-35,-3.11,2966302,3163701615
082640,동양생명,3660,3530,-130,-3.55,181376,638135520
001525,동양우,6290,6190,-100,-1.59,40,247210
008970,동양철관,1050,1000,-50,-4.76,1159928,1163801508
092780,동양피스톤,5030,4840,-190,-3.78,76644,370849375
049770,동원FB,223000,213500,-9500,-4.26,4723,1025690500
018500,동원금속,928,914,-14,-1.51,243989,222729589
006040,동원산업,209500,202500,-7000,-3.34,2324,470534500
030720,동원수산,10350,10650,300,2.9,213423,2225611890
014820,동원시스템즈,27600,26800,-800,-2.9,28029,747130800
014825,동원시스템즈우,30500,29900,-600,-1.97,241,7190550
163560,동일고무벨트,6110,5900,-210,-3.44,54396,317996830
004890,동일산업,54700,53300,-1400,-2.56,2285,121496900
002690,동일제강,2525,2485,-40,-1.58,31616,78451010
000020,동화약품,8350,8590,240,2.87,915591,7945872450
000150,두산,67600,64900,-2700,-3.99,64080,4190358900
000157,두산2우B,60300,59100,-1200,-1.99,129,7599900
011160,두산건설,1500,1530,30,2.0,480354,708613220
241560,두산밥캣,31550,30900,-650,-2.06,180871,5618671500
336370,두산솔루스,27400,28650,1250,4.56,617284,16881652950
33637K,두산솔루스1우,7970,8040,70,0.88,107145,835248440
33637L,두산솔루스2우B,22350,22200,-150,-0.67,80125,1733204900
000155,두산우,60100,58100,-2000,-3.33,6347,370990100
042670,두산인프라코어,5230,4975,-255,-4.88,2206175,11047897915
034020,두산중공업,6140,6220,80,1.3,3175703,19081591540
336260,두산퓨얼셀,8480,8100,-380,-4.48,1043561,8480222430
33626K,두산퓨얼셀1우,4300,4150,-150,-3.49,107105,442966560
33626L,두산퓨얼셀2우B,10800,10250,-550,-5.09,31131,321237250
016740,두올,3700,3560,-140,-3.78,818733,2903330600
192650,드림텍,6640,6300,-340,-5.12,732346,4625031350
024090,디씨엠,12250,12050,-200,-1.63,1963,23569600
003160,디아이,3515,3385,-130,-3.7,192123,644258675
092200,디아이씨,1980,1960,-20,-1.01,165409,319121250
013570,디와이,5550,5340,-210,-3.78,177040,944672320
210540,디와이파워,10600,10250,-350,-3.3,89070,903967450
007340,디티알오토모티브,29300,29050,-250,-0.85,8923,257518200
026890,디피씨,5370,5150,-220,-4.1,1842597,9608368280
115390,락앤락,15000,14950,-50,-0.33,1464666,22580096050
032350,롯데관광개발,14650,13400,-1250,-8.53,867415,11402122200
330590,롯데리츠,5540,5390,-150,-2.71,1410318,7637969240
000400,롯데손해보험,1930,1760,-170,-8.81,1824793,3215670340
023530,롯데쇼핑,130000,120500,-9500,-7.31,243214,29569726500
004000,롯데정밀화학,41450,39600,-1850,-4.46,93863,3738944650
286940,롯데정보통신,40850,40350,-500,-1.22,56877,2266364400
280360,롯데제과,148500,147500,-1000,-0.67,2188,318991500
004990,롯데지주,38900,37900,-1000,-2.57,420664,15923602950
00499K,롯데지주우,82700,74500,-8200,-9.92,180438,13924007500
005300,롯데칠성,131500,124000,-7500,-5.7,26963,3388440000
005305,롯데칠성우,69300,66300,-3000,-4.33,5455,365341900
011170,롯데케미칼,209000,196000,-13000,-6.22,306075,60385738500
002270,롯데푸드,387000,375500,-11500,-2.97,2236,847134500
071840,롯데하이마트,28200,26300,-1900,-6.74,165938,4392631400
027740,마니커,805,789,-16,-1.99,4665840,3661836293
204320,만도,39000,35650,-3350,-8.59,1162582,42731278700
001080,만호제강,15150,14600,-550,-3.63,8262,119597600
088980,맥쿼리인프라,11600,11500,-100,-0.86,644102,7431490350
094800,맵스리얼티1,4800,4750,-50,-1.04,48617,230838770
015540,메디파트너생명공학,5140,5170,30,0.58,51842,265016475
138040,메리츠금융지주,10550,10200,-350,-3.32,164526,1700807450
008560,메리츠종금증권,3530,3445,-85,-2.41,2268848,7819142050
000060,메리츠화재,15850,15350,-500,-3.15,127458,1957955050
090370,메타랩스,1280,1190,-90,-7.03,715333,857744935
017180,명문제약,5260,5440,180,3.42,4636610,25497896700
012690,모나리자,6230,8090,1860,29.86,12596098,99344686160
005360,모나미,3445,3335,-110,-3.19,389442,1294400605
204210,모두투어리츠,3010,2970,-40,-1.33,6602,19614770
009680,모토닉,8870,8660,-210,-2.37,27650,237722040
009580,무림PP,4185,4035,-150,-3.58,322848,1298154410
009200,무림페이퍼,2665,2565,-100,-3.75,391324,986822415
033920,무학,8250,8110,-140,-1.7,23346,189051110
008420,문배철강,2500,2410,-90,-3.6,110517,266516250
025560,미래산업,131,129,-2,-1.53,16529435,2109343644
007120,미래아이앤지,337,319,-18,-5.34,1726547,546377940
006800,미래에셋대우,7560,7180,-380,-5.03,2642995,19077794610
00680K,미래에셋대우2우B,3950,3855,-95,-2.41,264290,1016220115
006805,미래에셋대우우,4455,4235,-220,-4.94,31694,135707420
085620,미래에셋생명,3810,3700,-110,-2.89,140197,521568660
002840,미원상사,59600,59400,-200,-0.34,2406,141092700
268280,미원에스씨,74300,74500,200,0.27,4957,365231200
107590,미원홀딩스,41000,40600,-400,-0.98,4082,167135850
134380,미원화학,44700,44350,-350,-0.78,829,36767950
003650,미창석유,76800,75300,-1500,-1.95,1436,108013700
155900,바다로19호,2920,2910,-10,-0.34,25031,72681835
003610,방림,1970,1940,-30,-1.52,43827,85053590
001340,백광산업,3110,3900,790,25.4,32504879,122011215980
014580,백광소재,4590,4865,275,5.99,9489788,45964369280
035150,백산,9450,9040,-410,-4.34,297522,2694780630
002410,범양건영,3440,3255,-185,-5.38,1418809,4568399560
096300,베트남개발1,351,347,-4,-1.14,333832,115644438
007210,벽산,1890,1815,-75,-3.97,344867,625479260
002760,보락,2230,2650,420,18.83,26670563,69120329085
003850,보령제약,14500,14400,-100,-0.69,268186,3866192700
000890,보해양조,1150,1090,-60,-5.22,4782422,5197564665
003000,부광약품,14850,14400,-450,-3.03,426710,6124152150
001270,부국증권,20500,20450,-50,-0.24,3624,72604550
001275,부국증권우,18200,18150,-50,-0.27,2941,53072100
026940,부국철강,4870,4660,-210,-4.31,384367,1770247515
015350,부산가스,34950,34600,-350,-1.0,1033,35597700
011390,부산산업,146000,138000,-8000,-5.48,23190,3202466500
005030,부산주공,454,445,-9,-1.98,200528,89400361
100220,비상교육,7460,7360,-100,-1.34,27253,199632600
101140,비티원,2730,2565,-165,-6.04,179173,464971390
005180,빙그레,55100,52900,-2200,-3.99,28837,1541908900
003960,사조대림,16050,15400,-650,-4.05,19633,302851100
008040,사조동아원,1030,1005,-25,-2.43,664590,664928684
007160,사조산업,35300,34500,-800,-2.27,12420,426055800
014710,사조씨푸드,4960,4930,-30,-0.6,89460,433946780
006090,사조오양,7450,7310,-140,-1.88,45530,330777560
005090,삼광글라스,29500,28800,-700,-2.37,5756,165221100
001470,삼부토건,680,664,-16,-2.35,930640,614148969
006400,삼성SDI,283500,285000,1500,0.53,463275,129983411000
006405,삼성SDI우,115000,114500,-500,-0.43,18456,2064043500
006660,삼성공조,7580,7560,-20,-0.26,7950,60068960
028260,삼성물산,117000,112000,-5000,-4.27,706005,79449153500
02826K,삼성물산우B,81900,79500,-2400,-2.93,8776,697211000
207940,삼성바이오로직스,483000,494000,11000,2.28,320066,156913533000
032830,삼성생명,73300,71200,-2100,-2.86,346698,24835934300
018260,삼성에스디에스,205000,195000,-10000,-4.88,130785,25820646500
028050,삼성엔지니어링,18300,17800,-500,-2.73,1102718,19673890800
009150,삼성전기,134500,131000,-3500,-2.6,794118,103137728500
009155,삼성전기우,52500,50700,-1800,-3.43,21840,1102500350
005930,삼성전자,60800,58800,-2000,-3.29,23664541,1394361672900
005935,삼성전자우,50300,49100,-1200,-2.39,3157911,154393957215
001360,삼성제약,4235,4170,-65,-1.53,1295347,5329109825
010140,삼성중공업,7160,6900,-260,-3.63,4246087,29222532260
010145,삼성중공우,64600,63000,-1600,-2.48,823,51846300
016360,삼성증권,38100,36350,-1750,-4.59,390860,14355238850
068290,삼성출판사,23400,22300,-1100,-4.7,349494,7764697350
029780,삼성카드,38350,36900,-1450,-3.78,75226,2782976250
000810,삼성화재,225000,217500,-7500,-3.33,90649,19892357000
000815,삼성화재우,152500,147500,-5000,-3.28,12652,1883671500
006110,삼아알미늄,4560,4370,-190,-4.17,23827,105089965
145990,삼양사,46100,44350,-1750,-3.8,22879,1019250550
145995,삼양사우,32800,31700,-1100,-3.35,1339,42512400
003230,삼양식품,104500,101500,-3000,-2.87,53284,5376679300
002170,삼양통상,63600,61900,-1700,-2.67,7787,479763200
272550,삼양패키징,16700,16200,-500,-2.99,32227,520527450
000070,삼양홀딩스,61000,58000,-3000,-4.92,24334,1424903500
000075,삼양홀딩스우,42450,41800,-650,-1.53,161,6713100
002810,삼영무역,16050,15900,-150,-0.93,39985,627381500
005680,삼영전자,8820,8570,-250,-2.83,44294,380409310
003720,삼영화학,1140,1145,5,0.44,166793,190295135
023000,삼원강재,2895,2860,-35,-1.21,10456,29692995
004380,삼익THK,14000,13600,-400,-2.86,102502,1384600800
002450,삼익악기,2075,1940,-135,-6.51,1069520,2103385165
000520,삼일제약,21500,22800,1300,6.05,662542,14963281700
009770,삼정펄프,31400,31050,-350,-1.11,1222,37921400
005500,삼진제약,25650,26000,350,1.36,550393,14442846650
004690,삼천리,81700,80400,-1300,-1.59,7110,571590400
001880,삼호,19500,19000,-500,-2.56,5906,112959850
010960,삼호개발,4340,4175,-165,-3.8,106425,444837275
004450,삼화왕관,44350,44350,0,0.0,169,7514750
009470,삼화전기,16450,15300,-1150,-6.99,80166,1237285700
011230,삼화전자,2780,2710,-70,-2.52,78325,205232185
001820,삼화콘덴서,60900,59100,-1800,-2.96,223564,13113076400
000390,삼화페인트,5120,4910,-210,-4.1,53916,266288005
001290,상상인증권,1340,1285,-55,-4.1,311037,399719505
041650,상신브레이크,3580,3440,-140,-3.91,67150,230578520
075180,새론오토모티브,4545,4525,-20,-0.44,3158,14214865
007540,샘표,39850,38750,-1100,-2.76,12734,492748100
248170,샘표식품,32750,32050,-700,-2.14,19198,612791200
007860,서연,3075,2925,-150,-4.88,150619,443257085
200880,서연이화,5030,5040,10,0.2,378045,1883067360
017390,서울가스,69800,70600,800,1.15,565,39509400
004410,서울식품,168,163,-5,-2.98,1385020,225507942
004415,서울식품우,3355,3270,-85,-2.53,17112,55867335
021050,서원,3450,3430,-20,-0.58,8994987,30905728815
008490,서흥,37100,36850,-250,-0.67,20766,755288700
007610,선도전기,2990,2860,-130,-4.35,133410,380553600
136490,선진,9280,9080,-200,-2.16,27702,249783180
002820,선창산업,4145,4065,-80,-1.93,8478,34268345
014910,성문전자,2170,2130,-40,-1.84,133537,279987430
014915,성문전자우,12000,11350,-650,-5.42,13332,150530650
003080,성보화학,4415,4260,-155,-3.51,16546,71089305
004980,성신양회,6910,6580,-330,-4.78,199951,1316936330
004985,성신양회우,9260,8810,-450,-4.86,10351,91405050
011300,성안,655,631,-24,-3.66,341222,215578007
000180,성창기업지주,1645,1610,-35,-2.13,65126,103850845
002420,세기상사,60400,58700,-1700,-2.81,2662,154902300
004360,세방,10800,10350,-450,-4.17,31413,326648550
004365,세방우,6310,6290,-20,-0.32,772,4783580
004490,세방전지,35250,34100,-1150,-3.26,25872,893921500
001430,세아베스틸,14150,13650,-500,-3.53,53318,731762100
306200,세아제강,57000,55800,-1200,-2.11,3603,200635100
003030,세아제강지주,44250,42500,-1750,-3.95,6111,261069850
019440,세아특수강,12250,11900,-350,-2.86,8362,100392050
058650,세아홀딩스,74400,72900,-1500,-2.02,871,63590700
013000,세우글로벌,1970,1900,-70,-3.55,1003879,1894338820
091090,세원셀론텍,2750,2665,-85,-3.09,249064,662310590
021820,세원정공,8090,8090,0,0.0,0,0
067830,세이브존IC,3100,3065,-35,-1.13,39367,120117625
033530,세종공업,4935,4730,-205,-4.15,225131,1063834980
075580,세진중공업,4325,4165,-160,-3.7,138008,571508905
027970,세하,2465,2255,-210,-8.52,152977,353193090
145210,세화아이엠씨,2990,2990,0,0.0,0,0
308170,센트랄모텍,30000,28250,-1750,-5.83,447557,12556305050
068270,셀트리온,175500,170500,-5000,-2.85,677942,116111207500
004430,송원산업,14350,13600,-750,-5.23,171876,2361876800
017550,수산중공업,2120,2110,-10,-0.47,1251056,2572508985
002200,수출포장,20150,19500,-650,-3.23,16504,324964800
053210,스카이라이프,8510,8400,-110,-1.29,81998,685863970
134790,시디즈,49000,46950,-2050,-4.18,657,30436200
016590,신대양제지,68500,67000,-1500,-2.19,48009,3242342800
029530,신도리코,35050,34400,-650,-1.85,5382,186287300
004970,신라교역,11500,11150,-350,-3.04,21887,244815850
011930,신성이엔지,961,928,-33,-3.43,693337,643632916
005390,신성통상,1455,1390,-65,-4.47,2170424,2968150260
004170,신세계,306500,269500,-37000,-12.07,225560,61771116500
035510,신세계IC,124500,117000,-7500,-6.02,11419,1346225000
034300,신세계건설,26350,25700,-650,-2.47,10202,261406500
031430,신세계인터내셔날,241000,209000,-32000,-13.28,227010,48008559000
031440,신세계푸드,71500,68000,-3500,-4.9,14516,989441000
006880,신송홀딩스,3850,3745,-105,-2.73,39835,148646875
005800,신영와코루,97600,97200,-400,-0.41,36,3505100
001720,신영증권,53700,53100,-600,-1.12,5649,299433700
001725,신영증권우,52800,52300,-500,-0.95,5909,309276800
009270,신원,1825,1750,-75,-4.11,1093246,1913356405
009275,신원우,45250,42000,-3250,-7.18,982,41743000
002700,신일산업,2015,2010,-5,-0.25,3076408,6097997780
019170,신풍제약,7600,7710,110,1.45,7179502,56539594170
019175,신풍제약우,7290,7630,340,4.66,477519,3678004930
002870,신풍제지,1500,1480,-20,-1.33,81349,116907150
005450,신한,4945,4945,0,0.0,0,0
293940,신한알파리츠,7510,7450,-60,-0.8,102261,752760370
055550,신한지주,41200,40150,-1050,-2.55,1463667,58670041700
001770,신화실업,20900,20900,0,0.0,0,0
004080,신흥,9400,9400,0,0.0,3841,35297920
102280,쌍방울,1070,1390,320,29.91,57707957,72466872635
003410,쌍용양회,5060,4945,-115,-2.27,1030346,5113260460
003415,쌍용양회우,11350,10800,-550,-4.85,3299,35505500
003620,쌍용차,2120,2025,-95,-4.48,671185,1359495605
004770,써니전자,4850,4810,-40,-0.82,4392173,21275215345
004920,씨아이테크,409,395,-14,-3.42,393374,156525749
112610,씨에스윈드,38350,37550,-800,-2.09,37733,1403818950
008700,아남전자,2105,2000,-105,-4.99,604731,1210178645
002790,아모레G,83200,76800,-6400,-7.69,251693,19556170500
00279K,아모레G3우전환,55000,51000,-4000,-7.27,34854,1791051000
002795,아모레G우,32150,29800,-2350,-7.31,19743,593994100
090430,아모레퍼시픽,212500,194500,-18000,-8.47,836404,162211381500
090435,아모레퍼시픽우,97700,89000,-8700,-8.9,24055,2160049600
002030,아세아,100500,99600,-900,-0.9,651,64570600
183190,아세아시멘트,71500,69900,-1600,-2.24,4668,324924700
002310,아세아제지,35900,35400,-500,-1.39,98721,3515868250
267850,아시아나IDT,19250,18200,-1050,-5.45,279769,5192727600
020560,아시아나항공,4965,4705,-260,-5.24,2387108,11171713505
122900,아이마켓코리아,9700,9390,-310,-3.2,42779,403383030
010780,아이에스동서,30150,29350,-800,-2.65,76428,2251729300
033660,아주캐피탈,13050,12400,-650,-4.98,20240,252609500
001780,알루코,2620,2485,-135,-5.15,464225,1145570570
018250,애경산업,31950,29300,-2650,-8.29,447502,13142677500
161000,애경유화,8520,8220,-300,-3.52,187977,1539016430
011090,에넥스,1200,1235,35,2.92,2118265,2583824150
005850,에스엘,19150,18200,-950,-4.96,177281,3234996550
012750,에스원,92600,93600,1000,1.08,78912,7373155400
023960,에쓰씨엔지니어링,1400,1395,-5,-0.36,44648,61031680
298690,에어부산,5410,5230,-180,-3.33,1867978,10021559630
140910,에이리츠,6260,6100,-160,-2.56,28154,172929090
078520,에이블씨엔씨,12750,10850,-1900,-14.9,722098,7986578800
015260,에이엔피,333,326,-7,-2.1,324793,105217537
007460,에이프로젠KIC,2800,2780,-20,-0.71,11107308,31228101545
003060,에이프로젠제약,1460,1665,205,14.04,60976419,98945850185
036570,엔씨소프트,646000,644000,-2000,-0.31,90471,58142628000
138250,엔에스쇼핑,9060,8950,-110,-1.21,18097,161544560
085310,엔케이,1195,1145,-50,-4.18,298226,342423595
009810,엔케이물산,1030,1010,-20,-1.94,2195368,2186043032
900140,엘브이엠씨홀딩스,4290,4095,-195,-4.55,348080,1404993900
014440,영보화학,3390,3310,-80,-2.36,18406,60810260
111770,영원무역,32650,30950,-1700,-5.21,183164,5682905350
009970,영원무역홀딩스,44850,42900,-1950,-4.35,10935,461355900
003520,영진약품,5790,6010,220,3.8,3269178,19630492920
000670,영풍,651000,633000,-18000,-2.76,1833,1160606000
006740,영풍제지,3380,3320,-60,-1.78,73946,241985615
012280,영화금속,1690,1635,-55,-3.25,475925,774402520
012160,영흥철강,1155,1110,-45,-3.9,294829,326651210
015360,예스코홀딩스,37000,36600,-400,-1.08,2705,98433250
007310,오뚜기,535000,524000,-11000,-2.06,4643,2441114000
079440,오렌지라이프,27500,27500,0,0.0,0,0
002630,오리엔트바이오,317,393,76,23.97,92006766,34843196514
271560,오리온,108500,102500,-6000,-5.53,161312,16542982500
001800,오리온홀딩스,16900,16000,-900,-5.33,117602,1897053600
070960,용평리조트,6050,5760,-290,-4.79,368131,2115799130
316140,우리금융지주,10800,10350,-450,-4.17,2165380,22437665050
004720,우리들제약,6850,7300,450,6.57,1437185,10425339900
118000,우리들휴브레인,5390,5380,-10,-0.19,2075838,11163834150
010050,우리종금,609,598,-11,-1.81,2208709,1320224184
006980,우성사료,3180,3330,150,4.72,6612981,21905696995
017370,우신시스템,4930,4840,-90,-1.83,21048,99276290
105840,우진,4125,3960,-165,-4.0,149884,593145495
010400,우진아이엔에스,9420,8990,-430,-4.56,98828,885157890
049800,우진플라임,3295,3265,-30,-0.91,37377,119232285
016880,웅진,1225,1435,210,17.14,11292688,15568669850
095720,웅진씽크빅,2375,2325,-50,-2.11,1126238,2616139550
103130,웅진에너지,914,914,0,0.0,0,0
021240,웅진코웨이,88500,87000,-1500,-1.69,178072,15560445700
005820,원림,19500,18950,-550,-2.82,1672,31569500
010600,웰바이오텍,2620,2680,60,2.29,2639714,7202075100
008600,윌비스,1605,1620,15,0.93,9308060,15285692450
033270,유나이티드제약,17900,17700,-200,-1.12,165628,2934493200
014830,유니드,45300,44100,-1200,-2.65,12597,558975700
000910,유니온,3780,3600,-180,-4.76,148668,535806425
047400,유니온머티리얼,2395,2285,-110,-4.59,304892,698812995
011330,유니켐,1980,1900,-80,-4.04,616315,1172407165
077500,유니퀘스트,7350,7230,-120,-1.63,407254,2884324050
002920,유성기업,2590,2550,-40,-1.54,20806,53122575
000700,유수홀딩스,6510,6370,-140,-2.15,16529,105298960
003470,유안타증권,3035,2835,-200,-6.59,653428,1862223410
003475,유안타증권우,2185,2095,-90,-4.12,12754,26794980
011690,유양디앤유,4910,4635,-275,-5.6,334315,1574003220
072130,유엔젤,5380,4855,-525,-9.76,616362,3056572400
000220,유유제약,12250,13250,1000,8.16,1638812,21982847550
000225,유유제약1우,7460,8000,540,7.24,228257,1877729560
000227,유유제약2우B,18800,19250,450,2.39,28492,565532950
001200,유진투자증권,2510,2430,-80,-3.19,500870,1208341145
000100,유한양행,227000,227500,500,0.22,57100,13059392000
000105,유한양행우,205000,205000,0,0.0,117,24229000
003460,유화증권,11950,11850,-100,-0.84,2818,33481700
003465,유화증권우,12750,12700,-50,-0.39,9,114350
008730,율촌화학,13400,12950,-450,-3.36,93492,1210502500
008250,이건산업,7020,6720,-300,-4.27,78977,530286600
025820,이구산업,1760,1710,-50,-2.84,303489,513706735
214320,이노션,70300,69200,-1100,-1.56,41244,2861985800
088260,이리츠코크렙,6260,6140,-120,-1.92,51901,318723260
139480,이마트,118000,113500,-4500,-3.81,311474,35187034000
007660,이수페타시스,4220,4040,-180,-4.27,492731,1982421055
005950,이수화학,9720,9500,-220,-2.26,32710,308463270
015020,이스타코,781,738,-43,-5.51,347439,258172663
093230,이아이디,219,210,-9,-4.11,4635552,969303738
102460,이연제약,14850,14700,-150,-1.01,46241,668928850
084680,이월드,5370,5090,-280,-5.21,1256154,6380719270
000760,이화산업,14650,14650,0,0.0,977,14211900
014990,인디에프,2330,2195,-135,-5.79,607627,1328485005
006490,인스코비,3075,2980,-95,-3.09,1187873,3506654985
023800,인지컨트롤스,4955,4780,-175,-3.53,79004,377228030
034590,인천도시가스,28150,28050,-100,-0.36,1327,37176150
129260,인터지스,2260,2215,-45,-1.99,26612,58453215
023810,인팩,3730,3680,-50,-1.34,10345,37556045
249420,일동제약,16600,17350,750,4.52,652214,11174778200
000230,일동홀딩스,10550,10300,-250,-2.37,27528,283483400
013360,일성건설,1315,1275,-40,-3.04,213904,270449675
003120,일성신약,83300,82300,-1000,-1.2,4000,333707900
003200,일신방직,70000,68500,-1500,-2.14,2005,136043900
007110,일신석재,2525,2380,-145,-5.74,2301961,5487611025
007570,일양약품,24550,27750,3200,13.03,1191175,32125505800
007575,일양약품우,17750,19400,1650,9.3,15842,301627650
008500,일정실업,17050,17000,-50,-0.29,114,1912300
081000,일진다이아,28450,27100,-1350,-4.75,162237,4401865650
020760,일진디스플,5470,5680,210,3.84,962796,5217060110
020150,일진머티리얼즈,49600,51200,1600,3.23,706446,34730769700
103590,일진전기,3180,3125,-55,-1.73,67529,208240710
015860,일진홀딩스,5110,4820,-290,-5.68,583028,2807653035
226320,잇츠한불,19800,18100,-1700,-8.59,68562,1245030200
317400,자이에스앤디,6120,5820,-300,-4.9,275113,1606283310
033240,자화전자,10800,10500,-300,-2.78,133958,1397793850
000950,전방,14950,14300,-650,-4.35,2931,42411900
194370,제이에스코퍼레이션,12200,11700,-500,-4.1,30431,356738300
025620,제이준코스메틱,4505,4060,-445,-9.88,900411,3685393950
036420,제이콘텐트리,42100,38550,-3550,-8.43,363247,14216809700
030000,제일기획,22550,21900,-650,-2.88,175940,3901868050
271980,제일약품,33600,32900,-700,-2.08,30928,1016075950
001560,제일연마,7170,6990,-180,-2.51,13683,95420640
002620,제일파마홀딩스,16300,16350,50,0.31,6912,112877300
006220,제주은행,3925,3840,-85,-2.17,21323,82326825
089590,제주항공,23450,21650,-1800,-7.68,301885,6579275500
004910,조광페인트,5390,5230,-160,-2.97,6743,35753430
004700,조광피혁,37600,36800,-800,-2.13,366,13511150
001550,조비,15500,15250,-250,-1.61,28464,426695200
000480,조선내화,82700,81400,-1300,-1.57,2835,231493500
120030,조선선재,81200,79800,-1400,-1.72,2880,230639100
018470,조일알미늄,753,723,-30,-3.98,192530,140195808
002600,조흥,141500,137000,-4500,-3.18,184,25291000
185750,종근당,96300,94500,-1800,-1.87,32588,3098635600
063160,종근당바이오,29450,29600,150,0.51,57261,1673167750
001630,종근당홀딩스,108000,107000,-1000,-0.93,34072,3581473000
044380,주연테크,875,830,-45,-5.14,7352513,6039087988
013890,지누스,104500,102500,-2000,-1.91,104816,10564794800
013870,지엠비코리아,5380,5160,-220,-4.09,114404,588186120
071320,지역난방공사,43950,43500,-450,-1.02,8718,379188050
010580,지코,425,388,-37,-8.71,3976620,1571221306
035000,지투알,5990,5850,-140,-2.34,18566,108147900
088790,진도,3635,3560,-75,-2.06,2547,9195130
003780,진양산업,4290,4095,-195,-4.55,272513,1110239110
010640,진양폴리,3855,3585,-270,-7.0,315224,1137502630
100250,진양홀딩스,2555,2510,-45,-1.76,76612,192161705
051630,진양화학,5320,5230,-90,-1.69,140578,727119430
272450,진에어,15200,13800,-1400,-9.21,488156,6874078000
011000,진원생명과학,4940,6400,1460,29.55,3768251,22530954610
002780,진흥기업,2345,2315,-30,-1.28,167846,382659915
002787,진흥기업2우B,15400,14900,-500,-3.25,2812,41702350
002785,진흥기업우B,5140,4985,-155,-3.02,10697,53574870
009310,참엔지니어링,1530,1480,-50,-3.27,177469,262596475
000650,천일고속,67300,66200,-1100,-1.63,951,62954600
012600,청호컴넷,3530,3390,-140,-3.97,195897,664937040
033250,체시스,3485,3955,470,13.49,15302678,59622140085
001140,카리스국보,2240,2005,-235,-10.49,1205848,2418364955
035720,카카오,165500,162500,-3000,-1.81,513228,83011895500
006380,카프로,3200,3085,-115,-3.59,154664,473987560
109070,컨버즈,1345,1260,-85,-6.32,438908,544298625
001620,케이비아이동국실업,700,680,-20,-2.86,123391,84365281
029460,케이씨,18500,17150,-1350,-7.3,129731,2250922000
344820,케이씨씨글라스,45900,38800,-7100,-15.47,731906,29639214750
281820,케이씨텍,22650,21700,-950,-4.19,194354,4219664700
145270,케이탑리츠,929,922,-7,-0.75,625888,573020325
007815,코리아써우,3825,3600,-225,-5.88,2092,7499605
007810,코리아써키트,11600,10850,-750,-6.47,427524,4629395050
00781K,코리아써키트2우B,4970,4930,-40,-0.8,416,2002580
152330,코리아오토글라스,16000,15350,-650,-4.06,45204,697145300
003690,코리안리,9050,8830,-220,-2.43,358323,3166148400
192820,코스맥스,81800,74700,-7100,-8.68,289476,21553802200
044820,코스맥스비티아이,14350,13150,-1200,-8.36,46267,616268300
005070,코스모신소재,11100,10950,-150,-1.35,835540,8924563650
005420,코스모화학,7890,8140,250,3.17,2793476,22098735230
071950,코아스,1320,1255,-65,-4.92,338637,427728195
002020,코오롱,16750,16000,-750,-4.48,49123,786653900
003070,코오롱글로벌,9230,9100,-130,-1.41,32112,289040510
003075,코오롱글로벌우,16700,16350,-350,-2.1,3254,53337600
144620,코오롱머티리얼,1940,1970,30,1.55,1449002,2871187670
002025,코오롱우,9980,9640,-340,-3.41,7140,68918920
120110,코오롱인더,46200,44050,-2150,-4.65,117097,5172899700
120115,코오롱인더우,21350,20650,-700,-3.28,9237,189146600
138490,코오롱플라스틱,4280,4130,-150,-3.5,88635,365567180
031820,콤텍시스템,1625,1545,-80,-4.92,1960641,3032066535
192400,쿠쿠홀딩스,111000,105500,-5500,-4.95,16262,1711333500
284740,쿠쿠홈시스,39600,37200,-2400,-6.06,58347,2206520400
015590,큐로,1140,1060,-80,-7.02,4213217,4570386350
264900,크라운제과,8410,8210,-200,-2.38,23135,190467360
26490K,크라운제과우,7540,7360,-180,-2.39,13279,98148790
005740,크라운해태홀딩스,10750,10300,-450,-4.19,64369,667237300
005745,크라운해태홀딩스우,12600,12300,-300,-2.38,22683,276613200
020120,키다리스튜디오,3700,3610,-90,-2.43,88221,307943435
039490,키움증권,77600,72100,-5500,-7.09,161129,11600140200
012170,키위미디어그룹,150,150,0,0.0,0,0
015890,태경산업,5690,5560,-130,-2.28,41193,229453280
006890,태경화학,5260,5080,-180,-3.42,84621,427480150
003240,태광산업,988000,943000,-45000,-4.55,1906,1810999000
011280,태림포장,3960,3685,-275,-6.94,784350,2909406620
004100,태양금속,1375,1315,-60,-4.36,393705,517432590
004105,태양금속우,2975,2920,-55,-1.85,64138,187140970
009410,태영건설,14350,14150,-200,-1.39,571692,8017394600
009415,태영건설우,8310,7950,-360,-4.33,103769,821420440
001420,태원물산,4280,4185,-95,-2.22,27854,115834370
007980,태평양물산,2570,2460,-110,-4.28,170400,417564990
055490,테이팩스,21050,20450,-600,-2.85,17479,354457550
078000,텔코웨어,13250,12800,-450,-3.4,13173,169379950
214420,토니모리,12750,11250,-1500,-11.76,479791,5378101100
019180,티에이치엔,4150,4055,-95,-2.29,282692,1117523420
091810,티웨이항공,5370,4900,-470,-8.75,619744,3033244650
004870,티웨이홀딩스,1620,1510,-110,-6.79,512588,774238400
005690,파미셀,8320,8480,160,1.92,2585044,22216167460
036580,팜스코,4515,4385,-130,-2.88,108387,476169275
028670,팬오션,4275,4015,-260,-6.08,1865123,7608424735
010820,퍼스텍,2220,2135,-85,-3.83,782290,1671512115
016800,퍼시스,28800,28600,-200,-0.69,1363,38597400
001020,페이퍼코리아,564,534,-30,-5.32,297615,160499236
090080,평화산업,1305,1255,-50,-3.83,530174,660085635
010770,평화홀딩스,3695,3560,-135,-3.65,97018,344366290
058430,포스코강판,16050,15700,-350,-2.18,3797,59898800
047050,포스코인터내셔널,17700,17050,-650,-3.67,275277,4727560500
003670,포스코케미칼,60700,60600,-100,-0.16,961000,56801318000
007630,폴루스바이오팜,1225,1225,0,0.0,0,0
017810,풀무원,10700,10350,-350,-3.27,71374,740860300
103140,풍산,23300,21500,-1800,-7.73,272926,5944591950
005810,풍산홀딩스,33400,32600,-800,-2.4,6210,200433400
033180,필룩스,6690,6690,0,0.0,4725517,31421747570
086790,하나금융지주,35100,33850,-1250,-3.56,936529,31709817850
099340,하나니켈1호,451,454,3,0.67,455122,206815231
099350,하나니켈2호,1240,1180,-60,-4.84,447674,530371085
293480,하나제약,22650,22500,-150,-0.66,52003,1162542250
039130,하나투어,49100,44100,-5000,-10.18,672707,29775780600
172580,하이골드12호,2775,2770,-5,-0.18,5103,14142125
153360,하이골드3호,1760,1755,-5,-0.28,24050,42249775
159650,하이골드8호,2125,2115,-10,-0.47,5086,10720475
071090,하이스틸,19400,18750,-650,-3.35,6965,131299650
019490,하이트론,3035,2985,-50,-1.65,19810,58981410
000080,하이트진로,32650,31450,-1200,-3.68,651686,20534868050
000087,하이트진로2우B,18150,17650,-500,-2.75,3243,57722950
000140,하이트진로홀딩스,15200,14500,-700,-4.61,90585,1322669100
000145,하이트진로홀딩스우,15900,15100,-800,-5.03,19541,295887450
152550,한국ANKOR유전,1780,1770,-10,-0.56,55669,98502080
036460,한국가스공사,34950,33200,-1750,-5.01,459159,15368740700
005430,한국공항,40250,39000,-1250,-3.11,10048,386295100
071050,한국금융지주,74200,69500,-4700,-6.33,299548,21018043300
071055,한국금융지주우,43500,41300,-2200,-5.06,12417,517474900
010040,한국내화,4010,3800,-210,-5.24,196721,749583725
025540,한국단자,43000,42250,-750,-1.74,29757,1256911550
004090,한국석유,106500,102500,-4000,-3.76,16208,1656480500
002960,한국쉘석유,306000,304000,-2000,-0.65,2906,891705500
123890,한국자산신탁,2995,2920,-75,-2.5,140000,409108775
015760,한국전력,26400,25950,-450,-1.7,1409341,36540259750
006200,한국전자홀딩스,722,717,-5,-0.69,34557,24568364
002300,한국제지,16800,16200,-600,-3.57,12319,200585450
009540,한국조선해양,125000,119000,-6000,-4.8,221836,26435259000
023350,한국종합기술,4020,3900,-120,-2.99,37582,146513005
025890,한국주강,1805,1790,-15,-0.83,24512,43376845
000970,한국주철관,10350,9870,-480,-4.64,90481,900098550
104700,한국철강,4515,4390,-125,-2.77,72666,320009085
017960,한국카본,8220,7900,-320,-3.89,336909,2661341150
161890,한국콜마,49400,44750,-4650,-9.41,505457,22897399650
024720,한국콜마홀딩스,24100,21900,-2200,-9.13,324597,7147644500
161390,한국타이어앤테크놀로지,30800,29100,-1700,-5.52,312082,9193300400
000240,한국테크놀로지그룹,13750,13350,-400,-2.91,52612,706302650
034830,한국토지신탁,2035,2010,-25,-1.23,459008,914686615
007280,한국특수형강,1650,1585,-65,-3.94,74215,117198295
168490,한국패러랠,2240,2235,-5,-0.22,19368,43257505
010100,한국프랜지,2225,2100,-125,-5.62,161846,340209325
047810,한국항공우주,32300,31050,-1250,-3.87,590462,18338401650
123690,한국화장품,15600,14350,-1250,-8.01,1804678,25055531450
003350,한국화장품제조,34950,30900,-4050,-11.59,189079,5847891600
011500,한농화성,4345,4280,-65,-1.5,16585,69948000
002390,한독,23550,23150,-400,-1.7,49977,1161462300
014790,한라,2885,2785,-100,-3.47,108976,303801635
060980,한라홀딩스,45300,44500,-800,-1.77,20171,901822350
053690,한미글로벌,9010,8690,-320,-3.55,83625,723684400
042700,한미반도체,9920,9510,-410,-4.13,822448,7909357700
008930,한미사이언스,36000,34450,-1550,-4.31,166895,5782996900
128940,한미약품,294500,287000,-7500,-2.55,47207,13620947000
009240,한샘,74100,71200,-2900,-3.91,78563,5627086700
020000,한섬,31100,29500,-1600,-5.14,101897,3031613350
003680,한성기업,5170,5090,-80,-1.55,19421,98651290
105630,한세실업,16350,15500,-850,-5.2,253604,3941950900
069640,한세엠케이,4115,4000,-115,-2.79,26323,105536715
016450,한세예스24홀딩스,7000,6840,-160,-2.29,34356,232996630
010420,한솔PNS,1870,1880,10,0.53,270792,500530265
009180,한솔로지스틱스,1725,1660,-65,-3.77,705530,1162688470
213500,한솔제지,14500,14050,-450,-3.1,152216,2136508950
014680,한솔케미칼,115500,114000,-1500,-1.3,48658,5486795000
004710,한솔테크닉스,9400,8850,-550,-5.85,667282,5938729620
004150,한솔홀딩스,3690,3580,-110,-2.98,102003,364571965
025750,한솔홈데코,1125,1085,-40,-3.56,542234,587187305
004960,한신공영,13950,13850,-100,-0.72,33415,454008400
011700,한신기계,1685,1615,-70,-4.15,336830,544987550
001750,한양증권,9030,8740,-290,-3.21,45846,399168850
001755,한양증권우,9650,9340,-310,-3.21,107,1000300
018880,한온시스템,11150,11250,100,0.9,1071256,12103980950
009420,한올바이오파마,26550,26900,350,1.32,854564,22714417300
014130,한익스프레스,4635,4585,-50,-1.08,134479,606173220
300720,한일시멘트,85600,83100,-2500,-2.92,2175,180370000
002220,한일철강,2000,1965,-35,-1.75,3887,7642570
006390,한일현대시멘트,31250,29700,-1550,-4.96,28729,858508200
003300,한일홀딩스,40800,39800,-1000,-2.45,5741,230327900
051600,한전KPS,40700,39300,-1400,-3.44,177534,7041655400
052690,한전기술,21150,21250,100,0.47,221798,4676886550
130660,한전산업,3470,3400,-70,-2.02,42671,145078415
002320,한진,35400,34700,-700,-1.98,129242,4412257250
097230,한진중공업,4630,4465,-165,-3.56,97938,438602110
003480,한진중공업홀딩스,2480,2460,-20,-0.81,21353,52135400
180640,한진칼,40100,39750,-350,-0.87,673081,26051897800
18064K,한진칼우,67200,63700,-3500,-5.21,70032,4416059000
005110,한창,3065,2910,-155,-5.06,3380863,9893326625
009460,한창제지,3090,3050,-40,-1.29,1673877,5017697345
000880,한화,23500,22300,-1200,-5.11,263117,5903010600
00088K,한화3우B,13350,12950,-400,-3.0,94293,1219990050
027390,한화갤러리아타임월드,23000,23050,50,0.22,8268,190534850
088350,한화생명,2215,2110,-105,-4.74,2947261,6293621140
000370,한화손해보험,2550,2390,-160,-6.27,540967,1302311210
009830,한화솔루션,19150,17800,-1350,-7.05,1259404,22655483750
009835,한화솔루션우,12050,11600,-450,-3.73,16901,194986000
272210,한화시스템,9200,8900,-300,-3.26,673279,5988070960
012450,한화에어로스페이스,35150,33000,-2150,-6.12,295585,9923343900
000885,한화우,27650,26400,-1250,-4.52,26124,692743850
003530,한화투자증권,2090,2005,-85,-4.07,685057,1372641795
003535,한화투자증권우,2035,1970,-65,-3.19,15129,30005035
195870,해성디에스,18800,18300,-500,-2.66,128070,2317646450
101530,해태제과식품,7230,7090,-140,-1.94,20987,149087570
143210,핸즈코퍼레이션,7430,7490,60,0.81,48439,355860160
000720,현대건설,40650,38800,-1850,-4.55,616097,24084359200
267270,현대건설기계,30050,27900,-2150,-7.15,210848,5928472700
000725,현대건설우,128000,123000,-5000,-3.91,589,71831000
005440,현대그린푸드,10800,10350,-450,-4.17,201660,2110821250
086280,현대글로비스,156000,152500,-3500,-2.24,199398,31011125500
064350,현대로템,16100,15000,-1100,-6.83,958055,14509098700
079430,현대리바트,12650,12050,-600,-4.74,132931,1611017700
012330,현대모비스,251500,245000,-6500,-2.58,283811,69965003000
010620,현대미포조선,45450,43400,-2050,-4.51,199072,8698167950
069960,현대백화점,87500,78200,-9300,-10.63,189520,15037534200
004560,현대비앤지스틸,9000,8520,-480,-5.33,49202,422423490
004565,현대비앤지스틸우,61000,58000,-3000,-4.92,1228,72081600
011760,현대상사,17600,16400,-1200,-6.82,105073,1743199450
011200,현대상선,3635,3475,-160,-4.4,1518192,5306008970
004310,현대약품,5500,5500,0,0.0,2544261,14197306030
322000,현대에너지솔루션,19200,19200,0,0.0,196057,3616193600
126560,현대에이치씨엔,3595,3560,-35,-0.97,466605,1638510810
017800,현대엘리베이,68400,64000,-4400,-6.43,360297,23344935700
307950,현대오토에버,49000,46600,-2400,-4.9,45058,2125561650
011210,현대위아,52500,53100,600,1.14,269485,14002649000
267260,현대일렉트릭,11200,10500,-700,-6.25,460763,4838031500
004020,현대제철,29550,27950,-1600,-5.41,758978,21430497300
267250,현대중공업지주,303000,288500,-14500,-4.79,53520,15597041000
005380,현대차,130500,131000,500,0.38,1841752,239774836500
005387,현대차2우B,84500,83900,-600,-0.71,381673,31994859900
005389,현대차3우B,74600,73600,-1000,-1.34,10364,766109000
005385,현대차우,76800,75900,-900,-1.17,60186,4585034300
001500,현대차증권,9700,9420,-280,-2.89,75593,710403980
227840,현대코퍼레이션홀딩스,11350,10900,-450,-3.96,73504,793811750
001450,현대해상,23100,22450,-650,-2.81,335767,7607468850
057050,현대홈쇼핑,76300,75700,-600,-0.79,59414,4559125600
093240,형지엘리트,1530,1475,-55,-3.59,550031,805025995
003010,혜인,4385,4245,-140,-3.19,139249,587169500
111110,호전실업,14800,14850,50,0.34,8522,123199200
008770,호텔신라,97000,87000,-10000,-10.31,2383525,208188937500
008775,호텔신라우,57600,54000,-3600,-6.25,37048,1989794800
002460,화성산업,11300,10950,-350,-3.1,44265,482995850
013520,화승알앤에이,2200,2135,-65,-2.95,72434,153938725
241590,화승엔터프라이즈,16550,15950,-600,-3.63,178103,2817570600
006060,화승인더,12300,11650,-650,-5.28,376221,4396622300
010690,화신,3575,3625,50,1.4,137492,483124525
133820,화인베스틸,2940,2940,0,0.0,1100382,3146996120
010660,화천기계,3160,2935,-225,-7.12,3240466,9645151245
000850,화천기공,40300,39250,-1050,-2.61,8285,324576100
016580,환인제약,15850,15700,-150,-0.95,52004,818139850
032560,황금에스티,7190,6880,-310,-4.31,63144,434807530
004800,효성,72800,71100,-1700,-2.34,64541,4592525300
094280,효성ITX,15850,15250,-600,-3.79,74456,1112747600
298040,효성중공업,25150,23750,-1400,-5.57,71195,1714236750
298050,효성첨단소재,109000,104500,-4500,-4.13,30311,3186904500
298020,효성티앤씨,172000,168500,-3500,-2.03,10441,1749930500
298000,효성화학,126500,122000,-4500,-3.56,24736,2994675000
093370,후성,8980,8530,-450,-5.01,2271151,19385866930
081660,휠라홀딩스,46000,43900,-2100,-4.57,757715,33412756800
005870,휴니드,6950,6670,-280,-4.03,208643,1401569040
079980,휴비스,5820,5670,-150,-2.58,85172,481891760
005010,휴스틸,9680,9420,-260,-2.69,27981,262514400
069260,휴켐스,19750,19150,-600,-3.04,72142,1388550900
000540,흥국화재,2980,2870,-110,-3.69,30363,87731695
000547,흥국화재2우B,19650,18600,-1050,-5.34,1862,34727350
000545,흥국화재우,4635,4580,-55,-1.19,815,3706280
003280,흥아해운,435,425,-10,-2.3,1394219,581146547
