티커,종목명,시가,종가,변동폭,등락률,거래량,거래대금
095570,AJ네트웍스,4840,4855,15,0.31,129285,628826530
006840,AK홀딩스,30100,29900,-200,-0.66,18794,564635750
027410,BGF,4995,5020,25,0.5,173278,872604515
282330,BGF리테일,166000,161500,-4500,-2.71,37253,6051136000
138930,BNK금융지주,6850,6910,60,0.88,773451,5303053560
001460,BYC,222000,223000,1000,0.45,222,48968500
001465,BYC우,120000,119500,-500,-0.42,68,8096000
001040,CJ,82000,84700,2700,3.29,79704,6655681200
079160,CJCGV,27900,28500,600,2.15,380787,10889930450
00104K,CJ4우전환,61600,63800,2200,3.57,7346,459786300
000120,CJ대한통운,142500,141500,-1000,-0.7,72637,10260496000
011150,CJ씨푸드,2750,2705,-45,-1.64,2108337,5726828640
011155,CJ씨푸드1우,30600,30600,0,0.0,8807,266325750
001045,CJ우,39800,40100,300,0.75,11432,458066350
097950,CJ제일제당,237500,239500,2000,0.84,35381,8506273500
097955,CJ제일제당우,102500,104000,1500,1.46,3322,344443000
000590,CS홀딩스,55200,55700,500,0.91,287,15865600
012030,DB,793,848,55,6.94,1954440,1644026330
016610,DB금융투자,3845,3900,55,1.43,14667,56963735
005830,DB손해보험,42550,43400,850,2.0,266273,11500225250
000990,DB하이텍,28800,29150,350,1.22,597604,17250951000
000995,DB하이텍1우,48850,49250,400,0.82,2122,103255150
139130,DGB금융지주,6440,6470,30,0.47,672729,4329150790
001530,DI동일,72000,74000,2000,2.78,1321,96398900
004840,DRB동일,5050,5100,50,0.99,7975,40777560
155660,DSR,4290,4480,190,4.43,41908,186295955
069730,DSR제강,4280,4420,140,3.27,30124,132571400
017940,E1,44300,44250,-50,-0.11,2737,121398700
007700,FF,111500,105500,-6000,-5.38,191361,20385910000
114090,GKL,18300,18600,300,1.64,293302,5406896800
078930,GS,45000,45300,300,0.67,288497,12931414150
006360,GS건설,27900,28550,650,2.33,361755,10335427200
001250,GS글로벌,1950,2035,85,4.36,309177,617068155
007070,GS리테일,40350,39500,-850,-2.11,187320,7458188850
078935,GS우,34350,34850,500,1.46,3810,131169000
012630,HDC,10000,10000,0,0.0,195540,1961092300
039570,HDC아이콘트롤스,9570,9650,80,0.84,23370,225134590
089470,HDC현대EP,4120,4175,55,1.33,42292,177065590
294870,HDC현대산업개발,20500,20350,-150,-0.73,362769,7390856800
082740,HSD엔진,4040,4120,80,1.98,114335,470882535
003560,IHQ,1620,1665,45,2.78,560045,927320380
175330,JB금융지주,5040,5030,-10,-0.2,292559,1476375840
234080,JW생명과학,18600,18650,50,0.27,41088,768083850
001060,JW중외제약,28400,27950,-450,-1.58,158993,4449475200
001067,JW중외제약2우B,41100,41250,150,0.36,1858,76029500
001065,JW중외제약우,26900,26950,50,0.19,5920,157683600
096760,JW홀딩스,5450,5410,-40,-0.73,108747,591056150
105560,KB금융,43850,43500,-350,-0.8,1350137,58957734986
002380,KCC,194000,195000,1000,0.52,60613,11883920000
009070,KCTC,2515,2580,65,2.58,27625,70746265
009440,KC그린홀딩스,4805,4895,90,1.87,29916,144891360
119650,KC코트렐,6590,6980,390,5.92,211571,1447744390
092220,KEC,982,1020,38,3.87,891547,903261034
001390,KG케미칼,11950,12900,950,7.95,303804,3845587750
001940,KISCO홀딩스,11650,11700,50,0.43,2936,34247950
025000,KPX케미칼,51900,51000,-900,-1.73,5209,267990800
092230,KPX홀딩스,49700,49450,-250,-0.5,2819,139536000
000040,KR모터스,250,250,0,0.0,0,0
044450,KSS해운,7030,7000,-30,-0.43,12482,87946750
030200,KT,24750,24800,50,0.2,832225,20604132100
033780,KTG,93400,91600,-1800,-1.93,741095,68096587200
030210,KTB투자증권,2130,2220,90,4.23,289691,633698985
058850,KTcs,2080,2135,55,2.64,115492,241284970
058860,KTis,2100,2120,20,0.95,39789,84343445
093050,LF,14650,14700,50,0.34,256609,3769155050
003550,LG,69800,71500,1700,2.44,590780,41449451400
034220,LG디스플레이,15050,16000,950,6.31,4247243,66917698700
001120,LG상사,11850,12250,400,3.38,267016,3260507600
051900,LG생활건강,1250000,1269000,19000,1.52,44714,56359876000
051905,LG생활건강우,755000,771000,16000,2.12,1156,885789000
003555,LG우,48650,48300,-350,-0.72,36589,1770925350
032640,LG유플러스,13050,13150,100,0.77,1836114,24117364800
011070,LG이노텍,150500,155000,4500,2.99,350711,53297330000
066570,LG전자,64900,65100,200,0.31,716163,46530479800
066575,LG전자우,26000,25750,-250,-0.96,68837,1769459600
108670,LG하우시스,47800,47800,0,0.0,40294,1923717200
108675,LG하우시스우,23350,23200,-150,-0.64,1496,34442450
037560,LG헬로비전,5020,5170,150,2.99,68947,352151820
051910,LG화학,350000,379500,29500,8.43,995237,371479623500
051915,LG화학우,182500,195000,12500,6.85,75159,14540062500
079550,LIG넥스원,28100,27950,-150,-0.53,68501,1922536950
006260,LS,38900,39350,450,1.16,99142,3891532650
000680,LS네트웍스,2335,2415,80,3.43,17067,41124480
010120,LS산전,51900,50900,-1000,-1.93,159210,8127069100
229640,LS전선아시아,7950,8000,50,0.63,116030,940813020
023150,MH에탄올,6320,6200,-120,-1.9,118800,739102490
035420,NAVER,177500,180500,3000,1.69,563463,100583526500
181710,NHN,75300,78500,3200,4.25,85336,6668839100
005940,NH투자증권,11050,11100,50,0.45,1268206,14131461000
005945,NH투자증권우,8510,8510,0,0.0,87832,747324480
338100,NH프라임리츠,5880,5870,-10,-0.17,46030,268898470
034310,NICE,21700,21500,-200,-0.92,54074,1169952700
008260,NI스틸,2015,2100,85,4.22,52545,108179275
004250,NPC,3830,3800,-30,-0.78,8677,33107325
004255,NPC우,2275,2265,-10,-0.44,5208,11724975
010060,OCI,54300,54600,300,0.55,264625,14471536000
005490,POSCO,214500,214000,-500,-0.23,311725,67167692000
100840,STC,16500,17300,800,4.85,17681,300153450
064960,ST모티브,38150,38800,650,1.7,43284,1665086550
003570,ST중공업,6540,6520,-20,-0.31,21990,141933530
036530,ST홀딩스,14850,14700,-150,-1.01,6226,92164750
010950,S-Oil,73500,73400,-100,-0.14,513361,37820232600
010955,S-Oil우,43900,44000,100,0.23,7577,333632200
034120,SBS,23800,24050,250,1.05,86400,2036159450
101060,SBS미디어홀딩스,2025,2040,15,0.74,114040,230174225
004060,SG세계물산,877,896,19,2.17,780391,699174750
001380,SG충방,1640,1650,10,0.61,108936,178322555
002360,SH에너지화학,1045,1075,30,2.87,2645217,2804532105
009160,SIMPAC,2575,2675,100,3.88,75212,199697945
123700,SJM,3250,3305,55,1.69,10533,35129430
025530,SJM홀딩스,3110,3110,0,0.0,4209,13069590
034730,SK,231500,232500,1000,0.43,176205,40963507545
011790,SKC,53900,58000,4100,7.61,815230,47095873500
018670,SK가스,76300,75900,-400,-0.52,5095,387677000
001740,SK네트웍스,4895,4930,35,0.72,847703,4172933925
001745,SK네트웍스우,70100,71100,1000,1.43,300,21186200
006120,SK디스커버리,23250,23450,200,0.86,60407,1420294050
006125,SK디스커버리우,15300,15750,450,2.94,16839,265707600
210980,SK디앤디,27850,27800,-50,-0.18,5117,141734450
068400,SK렌터카,10900,11050,150,1.38,46789,512310700
03473K,SK우,168500,171500,3000,1.78,12872,2200183000
096770,SK이노베이션,123500,128000,4500,3.64,984815,125713740750
096775,SK이노베이션우,89600,91400,1800,2.01,8914,814490900
001510,SK증권,577,587,10,1.73,861668,503409169
001515,SK증권우,2510,2575,65,2.59,13004,33294025
285130,SK케미칼,58000,59800,1800,3.1,174234,10324096900
28513K,SK케미칼우,26550,27800,1250,4.71,115199,3231836750
017670,SK텔레콤,226500,226500,0,0.0,227378,51430977500
000660,SK하이닉스,94700,97100,2400,2.53,3169743,305409135550
005610,SPC삼립,73700,74400,700,0.95,8118,602300900
011810,STX,7150,7190,40,0.56,9161,65714390
077970,STX엔진,6300,6380,80,1.27,4629,29413320
071970,STX중공업,2710,2700,-10,-0.37,97856,266604465
084870,TBH글로벌,2235,2285,50,2.24,53625,121160395
002710,TCC스틸,2540,2650,110,4.33,17014,44514260
024070,WISCOM,2600,2680,80,3.08,12659,33314990
037270,YGPLUS,1390,1415,25,1.8,257654,364531705
000500,가온전선,20000,20050,50,0.25,1440,28852150
000860,강남제비스코,18800,18800,0,0.0,5355,100786750
035250,강원랜드,27100,26800,-300,-1.11,634520,17014104950
011420,갤럭시아에스엠,1885,1895,10,0.53,118562,225202015
002100,경농,10200,10600,400,3.92,61015,643159600
009450,경동나비엔,40250,41000,750,1.86,47087,1909835050
267290,경동도시가스,18350,18800,450,2.45,14430,268262100
012320,경동인베스트,37600,38150,550,1.46,2197,83525600
000050,경방,9050,9100,50,0.55,14048,127889760
214390,경보제약,7990,8060,70,0.88,105337,850164460
012610,경인양행,8430,8480,50,0.59,326204,2745589950
009140,경인전자,18700,18900,200,1.07,290,5426250
013580,계룡건설,17450,18400,950,5.44,9176,163769550
012200,계양전기,2800,2855,55,1.96,616353,1820144095
012205,계양전기우,6170,6370,200,3.24,81958,536157520
004200,고려개발,8290,8390,100,1.21,6728,56475200
002140,고려산업,2905,3000,95,3.27,529258,1575437345
010130,고려아연,376500,382000,5500,1.46,36541,13972262500
002240,고려제강,17350,17500,150,0.86,18801,326972350
009290,광동제약,6270,6310,40,0.64,70704,448323800
017040,광명전기,2120,2155,35,1.65,95023,204238300
017900,광전자,2000,2055,55,2.75,45242,91738395
037710,광주신세계,161500,163500,2000,1.24,583,94632000
030610,교보증권,8630,8610,-20,-0.23,115795,995659680
007690,국도화학,40750,41600,850,2.09,6122,251623150
005320,국동,1085,1115,30,2.76,130965,145469975
002720,국제약품,5740,5730,-10,-0.17,3940440,22140289700
083420,그린케미칼,3370,3370,0,0.0,45726,153120670
014530,극동유화,3375,3425,50,1.48,461340,1581286675
014280,금강공업,3420,3460,40,1.17,21454,73805155
014285,금강공업우,8080,8170,90,1.11,5960,48496760
008870,금비,61600,62200,600,0.97,175,10796300
001570,금양,2480,2565,85,3.43,309370,795755255
002990,금호산업,9250,9430,180,1.95,90558,847659170
002995,금호산업우,28400,28600,200,0.7,2793,80001950
011780,금호석유,65600,66400,800,1.22,134297,8947414900
011785,금호석유우,29850,29900,50,0.17,9298,278261050
214330,금호에이치티,4210,4270,60,1.43,108942,466579520
001210,금호전기,3690,3665,-25,-0.68,63104,233233850
073240,금호타이어,3830,3800,-30,-0.78,503530,1903494030
092440,기신정기,3720,3825,105,2.82,88782,335343410
000270,기아차,40100,40250,150,0.37,1122184,45412535950
024110,기업은행,10650,10550,-100,-0.94,1604177,16970176450
013700,까뮤이앤씨,1435,1485,50,3.48,4289193,6231420890
004540,깨끗한나라,3080,2990,-90,-2.92,1090834,3042352665
004545,깨끗한나라우,19750,20000,250,1.27,62832,1208818850
074610,나노메딕스,7510,7290,-220,-2.93,2988837,22001652300
001260,남광토건,9910,10300,390,3.94,22976,235471040
008350,남선알미늄,4330,4410,80,1.85,21858640,96872657440
008355,남선알미우,35700,35700,0,0.0,34714,1254870300
004270,남성,3145,3265,120,3.82,2556461,8394810415
003920,남양유업,409000,405500,-3500,-0.86,913,371215000
003925,남양유업우,131000,130000,-1000,-0.76,169,21953000
002070,남영비비안,16350,16350,0,0.0,0,0
025860,남해화학,7580,7780,200,2.64,110770,853364670
005720,넥센,5790,5830,40,0.69,7741,44998710
005725,넥센우,3340,3335,-5,-0.15,16,53165
002350,넥센타이어,8050,7930,-120,-1.49,104422,833328410
002355,넥센타이어1우B,3360,3360,0,0.0,464,1555860
003580,넥스트사이언스,7530,7640,110,1.46,515950,3936509920
251270,넷마블,90700,91900,1200,1.32,215829,19699253300
090350,노루페인트,7470,7590,120,1.61,112343,852310020
090355,노루페인트우,12300,12600,300,2.44,28745,360691050
000320,노루홀딩스,10850,11050,200,1.84,6537,71862600
000325,노루홀딩스우,17300,17600,300,1.73,1336,23133850
006280,녹십자,120500,121000,500,0.41,42775,5168557000
005250,녹십자홀딩스,19700,19600,-100,-0.51,76132,1488757700
005257,녹십자홀딩스2우,16950,17100,150,0.88,1190,20269400
004370,농심,231500,231000,-500,-0.22,14734,3401602000
072710,농심홀딩스,76400,77000,600,0.79,1663,128113500
058730,다스코,5830,6130,300,5.15,120789,735614490
023590,다우기술,18200,18900,700,3.85,203629,3791772000
019680,대교,5760,5690,-70,-1.22,78732,448745250
019685,대교우B,3800,3790,-10,-0.26,4618,17393065
006370,대구백화점,6030,6080,50,0.83,5470,33478210
008060,대덕전자,8950,9100,150,1.68,421389,3812826340
00806K,대덕전자1우,6100,6080,-20,-0.33,9618,58674790
000490,대동공업,5260,5620,360,6.84,105505,582170340
008110,대동전자,3590,3665,75,2.09,2341,8502230
005750,대림BCo,3845,3930,85,2.21,13263,51768990
000210,대림산업,79600,81700,2100,2.64,125134,10237525500
000215,대림산업우,38000,39200,1200,3.16,5392,209898600
004440,대림씨엔에스,6640,6730,90,1.36,17510,116841000
006570,대림통상,4020,4010,-10,-0.25,1084,4311440
001680,대상,20850,20900,50,0.24,165127,3411522650
001685,대상우,12550,12650,100,0.8,637,8016600
084690,대상홀딩스,5700,5700,0,0.0,160374,910881510
084695,대상홀딩스우,5760,5770,10,0.17,5777,33344870
128820,대성산업,3265,3385,120,3.68,69834,232040295
117580,대성에너지,4960,4975,15,0.3,20797,103310110
016710,대성홀딩스,8120,8000,-120,-1.48,8932,71584050
003540,대신증권,10750,10850,100,0.93,68510,742006400
003547,대신증권2우B,7800,7840,40,0.51,12545,98058220
003545,대신증권우,8450,8520,70,0.83,33070,280655960
009190,대양금속,3920,3880,-40,-1.02,776024,2998959480
014160,대영포장,1300,1360,60,4.62,55656972,78691034555
047040,대우건설,4340,4420,80,1.84,953729,4207412720
009320,대우부품,2265,2420,155,6.84,22779032,57351842500
042660,대우조선해양,24400,24300,-100,-0.41,132933,3237514300
003090,대웅,11300,11650,350,3.1,49002,562239500
069620,대웅제약,118000,118500,500,0.42,35136,4165158000
000430,대원강업,3315,3315,0,0.0,23157,76323680
006340,대원전선,1035,1080,45,4.35,256148,271537395
006345,대원전선우,2510,2570,60,2.39,14888,38181900
003220,대원제약,15450,15600,150,0.97,93554,1462830750
024890,대원화성,1365,1415,50,3.66,48043,67103470
002880,대유에이텍,830,853,23,2.77,103497,87929011
000300,대유플러스,681,712,31,4.55,130394,92160497
012800,대창,1325,1345,20,1.51,1357112,1832867720
015230,대창단조,28100,28400,300,1.07,2141,60722650
001070,대한방직,19650,19700,50,0.25,3276,64456100
006650,대한유화,94100,96700,2600,2.76,21196,2042024800
001440,대한전선,596,604,8,1.34,397481,239395133
084010,대한제강,5390,5450,60,1.11,21310,116042620
001790,대한제당,19000,19000,0,0.0,3555,67183750
001799,대한제당3우B,22550,23200,650,2.88,1069,24057700
001795,대한제당우,12450,12550,100,0.8,539,6747050
001130,대한제분,134000,135000,1000,0.75,1372,184199000
003490,대한항공,24150,25750,1600,6.63,1956707,49871244300
003495,대한항공우,23450,28200,4750,20.26,1759941,49864641250
005880,대한해운,20300,20600,300,1.48,24439,503909050
003830,대한화섬,83400,85500,2100,2.52,265,22462500
016090,대현,2195,2230,35,1.59,188151,417367680
069460,대호에이엘,3100,3250,150,4.84,442937,1421878105
192080,더블유게임즈,47050,48350,1300,2.76,46282,2205050150
012510,더존비즈온,90200,91000,800,0.89,80873,7341894000
004830,덕성,3030,3700,670,22.11,12455722,45387824815
004835,덕성우,3795,4930,1135,29.91,733971,3360185010
024900,덕양산업,1215,1255,40,3.29,672229,851246545
145720,덴티움,47100,49350,2250,4.78,63285,3122047250
002150,도화엔지니어링,8220,8550,330,4.01,94730,799019760
001230,동국제강,4855,4905,50,1.03,258404,1263865410
023450,동남합성,24600,24350,-250,-1.02,206,5023050
004140,동방,1455,1470,15,1.03,222372,326035015
007590,동방아그로,6560,6550,-10,-0.15,4024,26462870
005960,동부건설,8390,8390,0,0.0,17816,149290970
005965,동부건설우,19550,20200,650,3.32,976,19471850
016380,동부제철,7030,7110,80,1.14,6460,46100690
016385,동부제철우,68300,69700,1400,2.05,77,5274900
083370,동북아12호,5020,5020,0,0.0,0,0
083380,동북아13호,5000,5000,0,0.0,110,550000
026960,동서,16250,16200,-50,-0.31,82989,1345231050
002210,동성제약,13850,14550,700,5.05,206644,2972681500
102260,동성코퍼레이션,4590,4545,-45,-0.98,62773,287399645
005190,동성화학,17000,17150,150,0.88,3985,68303850
000640,동아쏘시오홀딩스,93800,93800,0,0.0,13337,1243930900
170900,동아에스티,93000,93200,200,0.22,22480,2084523500
028100,동아지질,15550,15900,350,2.25,161343,2567283500
282690,동아타이어,11500,11300,-200,-1.74,27650,312472750
001520,동양,1080,1090,10,0.93,499764,545757935
001527,동양2우B,9300,9270,-30,-0.32,2,18500
001529,동양3우B,27500,27350,-150,-0.55,1392,37601300
084670,동양고속,25550,26050,500,1.96,1865,48326300
030790,동양네트웍스,343,400,57,16.62,64899329,25197980384
002900,동양물산,1085,1095,10,0.92,1515246,1658000585
082640,동양생명,3635,3575,-60,-1.65,76471,276520960
001525,동양우,6000,6090,90,1.5,119,724000
008970,동양철관,980,1005,25,2.55,311860,311994860
092780,동양피스톤,5000,5400,400,8.0,506673,2676892370
049770,동원FB,208500,216000,7500,3.6,9352,2015652000
018500,동원금속,914,948,34,3.72,719613,677078807
006040,동원산업,200000,204500,4500,2.25,1462,297914500
030720,동원수산,11300,10950,-350,-3.1,379497,4164312650
014820,동원시스템즈,25150,25300,150,0.6,22176,558887100
014825,동원시스템즈우,27400,27400,0,0.0,578,15770300
163560,동일고무벨트,5690,5830,140,2.46,12038,69429220
004890,동일산업,53000,52300,-700,-1.32,786,41032200
002690,동일제강,2400,2445,45,1.88,28261,68058505
000020,동화약품,7530,7600,70,0.93,87815,666582090
000150,두산,62200,61500,-700,-1.13,65156,4013099800
000157,두산2우B,57200,57500,300,0.52,150,8609700
011160,두산건설,1325,1345,20,1.51,67951,91546525
241560,두산밥캣,30350,30050,-300,-0.99,200853,6021446650
336370,두산솔루스,26750,29150,2400,8.97,1010998,28723455700
33637K,두산솔루스1우,8500,9240,740,8.71,242216,2213458940
33637L,두산솔루스2우B,20850,22650,1800,8.63,298868,6882869000
000155,두산우,56300,56400,100,0.18,3484,196680600
042670,두산인프라코어,4915,4920,5,0.1,942969,4635248615
034020,두산중공업,5380,5440,60,1.12,905595,4927026740
336260,두산퓨얼셀,7540,7850,310,4.11,461686,3609668570
33626K,두산퓨얼셀1우,3860,4035,175,4.53,57200,230023655
33626L,두산퓨얼셀2우B,9800,9990,190,1.94,69483,713502940
016740,두올,3170,3205,35,1.1,373904,1211650905
192650,드림텍,6110,6290,180,2.95,261783,1647948160
024090,디씨엠,11700,11750,50,0.43,11503,135554250
003160,디아이,3285,3365,80,2.44,80540,267683155
092200,디아이씨,1860,1910,50,2.69,183583,345536970
013570,디와이,5060,5240,180,3.56,71581,373268920
210540,디와이파워,10000,10000,0,0.0,42576,426222700
007340,디티알오토모티브,28800,28950,150,0.52,7875,228448950
026890,디피씨,7400,7400,0,0.0,23809359,175076370150
115390,락앤락,13650,13600,-50,-0.37,147747,2016718700
032350,롯데관광개발,12700,13100,400,3.15,184439,2387188600
330590,롯데리츠,5720,5710,-10,-0.17,446948,2540918430
000400,롯데손해보험,1700,1715,15,0.88,157241,268867580
023530,롯데쇼핑,113000,115500,2500,2.21,115104,13276820000
004000,롯데정밀화학,38150,38350,200,0.52,65440,2502541200
286940,롯데정보통신,39550,40000,450,1.14,18178,727059800
280360,롯데제과,140500,139500,-1000,-0.71,2286,319197500
004990,롯데지주,34150,34400,250,0.73,185389,6373217900
00499K,롯데지주우,60000,63100,3100,5.17,150193,9780948400
005300,롯데칠성,124000,123500,-500,-0.4,14407,1783056500
005305,롯데칠성우,63200,63300,100,0.16,1133,71628200
011170,롯데케미칼,187500,191000,3500,1.87,167510,32275637500
002270,롯데푸드,352500,350500,-2000,-0.57,2447,860306000
071840,롯데하이마트,25550,25900,350,1.37,76906,1990676300
027740,마니커,864,812,-52,-6.02,31626960,26092093751
204320,만도,33300,33750,450,1.35,476575,16215083800
001080,만호제강,14150,14350,200,1.41,5105,72637250
088980,맥쿼리인프라,11600,11600,0,0.0,566209,6547321975
094800,맵스리얼티1,4770,4745,-25,-0.52,56589,268867860
015540,메디파트너생명공학,4870,5010,140,2.87,1208137,6684410680
138040,메리츠금융지주,10450,10350,-100,-0.96,172507,1780201850
008560,메리츠종금증권,3630,3650,20,0.55,1907266,6963356545
000060,메리츠화재,15450,15450,0,0.0,163815,2532240200
090370,메타랩스,1110,1110,0,0.0,282928,316497260
017180,명문제약,4710,4915,205,4.35,1116512,5498287515
012690,모나리자,6520,5860,-660,-10.12,23404080,135371596840
005360,모나미,3080,3195,115,3.73,159747,505354140
204210,모두투어리츠,2820,2790,-30,-1.06,30922,87030865
009680,모토닉,8780,9010,230,2.62,46507,416818580
009580,무림PP,3860,3930,70,1.81,125878,491732375
009200,무림페이퍼,2650,2715,65,2.45,688586,1866134305
033920,무학,8280,8300,20,0.24,9620,79923010
008420,문배철강,2290,2345,55,2.4,56839,132389090
025560,미래산업,124,125,1,0.81,4729931,590152960
007120,미래아이앤지,295,306,11,3.73,491393,149924945
006800,미래에셋대우,6800,6810,10,0.15,2376020,16217510800
00680K,미래에셋대우2우B,3780,3775,-5,-0.13,216985,820485875
006805,미래에셋대우우,4085,4105,20,0.49,15993,65497500
085620,미래에셋생명,4235,4155,-80,-1.89,321277,1357717835
002840,미원상사,58400,58700,300,0.51,1201,70093300
268280,미원에스씨,74200,74000,-200,-0.27,948,70157500
107590,미원홀딩스,41100,40650,-450,-1.09,1901,77604400
134380,미원화학,44500,45450,950,2.13,826,36923400
003650,미창석유,72100,73100,1000,1.39,854,61140200
155900,바다로19호,2905,2905,0,0.0,25273,73299480
003610,방림,2050,2005,-45,-2.2,38787,77915665
001340,백광산업,2640,2685,45,1.7,3963270,10576546600
014580,백광소재,4075,4080,5,0.12,549710,2238415720
035150,백산,7350,7700,350,4.76,423224,3235446260
002410,범양건영,3215,3290,75,2.33,1048654,3401726370
096300,베트남개발1,328,329,1,0.3,99719,32637338
007210,벽산,1665,1690,25,1.5,238172,400308985
002760,보락,2070,2105,35,1.69,1948807,4080061500
003850,보령제약,13600,13700,100,0.74,238969,3276161250
000890,보해양조,1050,1065,15,1.43,2394347,2559370885
003000,부광약품,13600,13900,300,2.21,251634,3496936200
001270,부국증권,20300,20500,200,0.99,938,18886800
001275,부국증권우,18200,18200,0,0.0,1005,18311300
026940,부국철강,4660,4705,45,0.97,172763,810815660
015350,부산가스,34200,34250,50,0.15,812,27715050
011390,부산산업,126000,132500,6500,5.16,17938,2352660000
005030,부산주공,420,419,-1,-0.24,217702,91520987
100220,비상교육,7150,7150,0,0.0,16265,116178760
101140,비티원,2495,2650,155,6.21,157463,413026630
005180,빙그레,53600,53600,0,0.0,13323,714370600
003960,사조대림,14400,14500,100,0.69,7783,113250250
008040,사조동아원,966,974,8,0.83,338221,329372911
007160,사조산업,32500,32900,400,1.23,9780,321810200
014710,사조씨푸드,4870,4835,-35,-0.72,61426,296841655
006090,사조오양,7500,7340,-160,-2.13,90019,664575360
005090,삼광글라스,27700,27900,200,0.72,3605,100738800
001470,삼부토건,600,622,22,3.67,298624,184867373
006400,삼성SDI,284000,308000,24000,8.45,939164,283121491500
006405,삼성SDI우,116500,131000,14500,12.45,48924,6222830000
006660,삼성공조,7330,7330,0,0.0,5340,39120630
028260,삼성물산,107500,111000,3500,3.26,387111,42445681000
02826K,삼성물산우B,76700,78000,1300,1.69,3085,239611400
207940,삼성바이오로직스,479500,492500,13000,2.71,113472,55477370500
032830,삼성생명,67900,68300,400,0.59,282913,19211859900
018260,삼성에스디에스,191500,194000,2500,1.31,137463,26480760000
028050,삼성엔지니어링,16550,16650,100,0.6,1359326,22594902250
009150,삼성전기,125000,134000,9000,7.2,1124528,147563715500
009155,삼성전기우,48800,51500,2700,5.53,30435,1542364400
005930,삼성전자,57200,58900,1700,2.97,21800192,1271098154792
005935,삼성전자우,47750,49650,1900,3.98,2804961,137988192900
001360,삼성제약,3900,4035,135,3.46,1525615,6118862535
010140,삼성중공업,6580,6520,-60,-0.91,5104194,33219546300
010145,삼성중공우,61900,62700,800,1.29,411,25722900
016360,삼성증권,35000,34900,-100,-0.29,323944,11344409150
068290,삼성출판사,21600,22000,400,1.85,394851,8760412100
029780,삼성카드,36850,35900,-950,-2.58,147212,5309895850
000810,삼성화재,210000,204500,-5500,-2.62,269824,55685726971
000815,삼성화재우,151000,148000,-3000,-1.99,12321,1828736500
006110,삼아알미늄,4275,4350,75,1.75,15494,66676475
145990,삼양사,41850,42000,150,0.36,14300,602063450
145995,삼양사우,29700,29350,-350,-1.18,7542,221237900
003230,삼양식품,102500,99000,-3500,-3.41,61280,6078783000
002170,삼양통상,61100,61000,-100,-0.16,6486,396336900
272550,삼양패키징,15850,16600,750,4.73,48616,790263750
000070,삼양홀딩스,55400,55200,-200,-0.36,22010,1214295400
000075,삼양홀딩스우,39900,40000,100,0.25,360,14388800
002810,삼영무역,15950,15850,-100,-0.63,10782,170235300
005680,삼영전자,8100,8210,110,1.36,51475,419881310
003720,삼영화학,1170,1220,50,4.27,217222,263180895
023000,삼원강재,2800,2830,30,1.07,12155,34386820
004380,삼익THK,13750,13750,0,0.0,29690,406262450
002450,삼익악기,1775,1785,10,0.56,625129,1108838645
000520,삼일제약,19800,20250,450,2.27,40031,801523950
009770,삼정펄프,31300,30500,-800,-2.56,87,2666900
005500,삼진제약,23850,23700,-150,-0.63,69359,1652821400
004690,삼천리,78400,78900,500,0.64,3407,269770100
001880,삼호,17550,18250,700,3.99,8401,153355750
010960,삼호개발,4125,4225,100,2.42,70175,293220615
004450,삼화왕관,43850,44000,150,0.34,65,2848650
009470,삼화전기,15550,17600,2050,13.18,3157806,57811466200
011230,삼화전자,2695,3300,605,22.45,9279178,31327328170
001820,삼화콘덴서,55400,59200,3800,6.86,536107,31327150500
000390,삼화페인트,4810,4845,35,0.73,18355,88637660
001290,상상인증권,1245,1265,20,1.61,92894,116144660
041650,상신브레이크,3345,3370,25,0.75,18551,62425065
075180,새론오토모티브,4545,4525,-20,-0.44,1088,4944245
007540,샘표,38500,38600,100,0.26,5585,214781850
248170,샘표식품,31450,31600,150,0.48,3418,107959900
007860,서연,3250,4225,975,30.0,5208431,20593091195
200880,서연이화,4700,4870,170,3.62,515790,2563220420
017390,서울가스,71500,70700,-800,-1.12,51,3637400
004410,서울식품,156,161,5,3.21,937165,150105368
004415,서울식품우,3200,3330,130,4.06,42661,140170225
021050,서원,3690,3690,0,0.0,7826103,29009894040
008490,서흥,36350,36300,-50,-0.14,39500,1437631100
007610,선도전기,2700,2815,115,4.26,35599,99239935
136490,선진,8550,8630,80,0.94,18864,162310320
002820,선창산업,3965,4000,35,0.88,15409,61238770
014910,성문전자,1975,2010,35,1.77,65068,130713835
014915,성문전자우,11200,11450,250,2.23,7655,87165000
003080,성보화학,4115,4160,45,1.09,8153,33617860
004980,성신양회,6220,6470,250,4.02,111020,706113050
004985,성신양회우,8220,8460,240,2.92,4248,35443320
011300,성안,617,631,14,2.27,182437,115063187
000180,성창기업지주,1525,1550,25,1.64,54387,83524290
002420,세기상사,57700,57800,100,0.17,1226,70276400
004360,세방,9710,9750,40,0.41,37294,364027460
004365,세방우,6100,6100,0,0.0,308,1868560
004490,세방전지,32650,32500,-150,-0.46,28778,934175700
001430,세아베스틸,12600,12550,-50,-0.4,76279,956887950
306200,세아제강,52700,52100,-600,-1.14,4470,234789500
003030,세아제강지주,40000,40000,0,0.0,6784,271308300
019440,세아특수강,11650,12000,350,3.0,22330,264944400
058650,세아홀딩스,71200,70700,-500,-0.7,528,37447100
013000,세우글로벌,1795,1830,35,1.95,418255,764109250
091090,세원셀론텍,2545,2650,105,4.13,113494,298220860
021820,세원정공,8090,8090,0,0.0,0,0
067830,세이브존IC,2820,2845,25,0.89,20106,56835800
033530,세종공업,4460,4600,140,3.14,144887,664725015
075580,세진중공업,3920,3920,0,0.0,129787,512526185
027970,세하,2210,2365,155,7.01,84536,195050860
145210,세화아이엠씨,2990,2990,0,0.0,0,0
308170,센트랄모텍,38050,41450,3400,8.94,1639913,70017631650
068270,셀트리온,166500,167500,1000,0.6,714181,119371814500
004430,송원산업,12900,13450,550,4.26,67963,904212000
017550,수산중공업,1970,2035,65,3.3,1162756,2368272015
002200,수출포장,20100,20300,200,1.0,7721,156067600
053210,스카이라이프,8750,8760,10,0.11,40266,353596590
134790,시디즈,47000,46800,-200,-0.43,1854,85340900
016590,신대양제지,65400,64500,-900,-1.38,34942,2262797000
029530,신도리코,33500,32850,-650,-1.94,12834,423962000
004970,신라교역,11200,11200,0,0.0,14249,158736650
011930,신성이엔지,871,890,19,2.18,424266,378943555
005390,신성통상,1370,1335,-35,-2.55,876162,1172647295
004170,신세계,269000,273000,4000,1.49,91759,25079240500
035510,신세계IC,114500,113500,-1000,-0.87,33656,3750327000
034300,신세계건설,25000,24750,-250,-1.0,12174,302212450
031430,신세계인터내셔날,211500,213000,1500,0.71,69437,14680678000
031440,신세계푸드,67400,67500,100,0.15,4314,290268700
006880,신송홀딩스,3570,3655,85,2.38,101576,374286130
005800,신영와코루,97900,96600,-1300,-1.33,50,4846600
001720,신영증권,52600,52500,-100,-0.19,4147,218060100
001725,신영증권우,52200,52300,100,0.19,1687,88259300
009270,신원,1640,1705,65,3.96,526639,890892260
009275,신원우,42000,41900,-100,-0.24,794,33014200
002700,신일산업,1945,1945,0,0.0,1560488,3018824780
019170,신풍제약,6470,6580,110,1.7,528757,3469847310
019175,신풍제약우,6100,6220,120,1.97,21846,134207200
002870,신풍제지,1435,1430,-5,-0.35,133249,190819530
005450,신한,4945,4945,0,0.0,0,0
293940,신한알파리츠,7690,7610,-80,-1.04,67238,513880000
055550,신한지주,39300,38900,-400,-1.02,1734995,67809585661
001770,신화실업,20900,20900,0,0.0,0,0
004080,신흥,9500,9500,0,0.0,2960,27780950
102280,쌍방울,1255,1185,-70,-5.58,17226126,20615644065
003410,쌍용양회,4950,4955,5,0.1,695046,3440368060
003415,쌍용양회우,10400,10850,450,4.33,2350,24929650
003620,쌍용차,1900,1895,-5,-0.26,318039,606412505
004770,써니전자,4600,4715,115,2.5,3027792,14159619290
004920,씨아이테크,380,390,10,2.63,96289,37082973
112610,씨에스윈드,36800,37700,900,2.45,31687,1192703900
008700,아남전자,1905,1980,75,3.94,321713,633853600
002790,아모레G,74000,74000,0,0.0,158468,11653567500
00279K,아모레G3우전환,49800,49750,-50,-0.1,11485,571111200
002795,아모레G우,29250,29750,500,1.71,7382,218131600
090430,아모레퍼시픽,191000,197000,6000,3.14,418341,81788008000
090435,아모레퍼시픽우,83500,87000,3500,4.19,8024,690817000
002030,아세아,102500,100000,-2500,-2.44,2143,215589500
183190,아세아시멘트,65000,65300,300,0.46,4181,273282500
002310,아세아제지,34550,34900,350,1.01,75377,2651963350
267850,아시아나IDT,18000,18800,800,4.44,70044,1301210150
020560,아시아나항공,4585,4775,190,4.14,943069,4450891970
122900,아이마켓코리아,9380,9420,40,0.43,59649,557693100
010780,아이에스동서,28350,28350,0,0.0,43151,1219007400
033660,아주캐피탈,12600,12500,-100,-0.79,10206,128144100
001780,알루코,2400,2495,95,3.96,537051,1335750290
018250,애경산업,29800,30550,750,2.52,132790,4024278050
161000,애경유화,7860,7960,100,1.27,57421,459332920
011090,에넥스,1195,1210,15,1.26,779069,948745870
005850,에스엘,16550,16700,150,0.91,91852,1534085350
012750,에스원,91300,89300,-2000,-2.19,80799,7236069800
023960,에쓰씨엔지니어링,1335,1340,5,0.37,54752,73452385
298690,에어부산,5060,5200,140,2.77,211142,1091635540
140910,에이리츠,6160,6100,-60,-0.97,5498,33563600
078520,에이블씨엔씨,10100,10750,650,6.44,267171,2817759300
015260,에이엔피,305,308,3,0.98,253043,77171888
007460,에이프로젠KIC,2460,2530,70,2.85,3282516,8252270265
003060,에이프로젠제약,1255,1295,40,3.19,5467436,7095236135
036570,엔씨소프트,640000,656000,16000,2.5,71409,46251060000
138250,엔에스쇼핑,8780,8790,10,0.11,25017,218058460
085310,엔케이,1065,1090,25,2.35,149562,163263890
009810,엔케이물산,854,855,1,0.12,2314701,2017542664
900140,엘브이엠씨홀딩스,4150,4215,65,1.57,165551,697664925
014440,영보화학,3260,3255,-5,-0.15,10550,34294125
111770,영원무역,30250,30050,-200,-0.66,114492,3443876500
009970,영원무역홀딩스,40600,41150,550,1.35,4954,202659800
003520,영진약품,5550,5580,30,0.54,632790,3535820790
000670,영풍,612000,613000,1000,0.16,1376,842046000
006740,영풍제지,3535,3555,20,0.57,140493,495426170
012280,영화금속,1540,1575,35,2.27,401909,635432530
012160,영흥철강,1060,1080,20,1.89,105149,112327865
015360,예스코홀딩스,35500,35250,-250,-0.7,887,31311900
007310,오뚜기,500000,498500,-1500,-0.3,4959,2472090000
079440,오렌지라이프,27500,27500,0,0.0,0,0
002630,오리엔트바이오,304,306,2,0.66,7414383,2267802533
271560,오리온,106000,103000,-3000,-2.83,91835,9574209500
001800,오리온홀딩스,15250,15250,0,0.0,63592,967260700
070960,용평리조트,5250,5450,200,3.81,104781,566284430
316140,우리금융지주,10100,10150,50,0.5,1994252,20243603891
004720,우리들제약,6260,6500,240,3.83,129565,827598200
118000,우리들휴브레인,4835,5240,405,8.38,1922664,9635985845
010050,우리종금,579,580,1,0.17,694088,402373334
006980,우성사료,3155,3090,-65,-2.06,968569,2990770820
017370,우신시스템,4845,4865,20,0.41,5552,26879315
105840,우진,3690,3835,145,3.93,81224,308915950
010400,우진아이엔에스,8530,8890,360,4.22,25180,222354870
049800,우진플라임,3135,3175,40,1.28,27197,85189765
016880,웅진,1200,1210,10,0.83,510897,618805430
095720,웅진씽크빅,2230,2320,90,4.04,635882,1452377995
103130,웅진에너지,914,914,0,0.0,0,0
021240,웅진코웨이,86900,86500,-400,-0.46,351206,30147610796
005820,원림,18500,18850,350,1.89,1062,19927750
010600,웰바이오텍,2460,2440,-20,-0.81,370127,906922960
008600,윌비스,1530,1560,30,1.96,1244816,1926474235
033270,유나이티드제약,16350,17000,650,3.98,122778,2085743300
014830,유니드,42950,42300,-650,-1.51,34790,1469562000
000910,유니온,3440,3595,155,4.51,78487,279566535
047400,유니온머티리얼,2195,2305,110,5.01,148364,334648890
011330,유니켐,1790,1820,30,1.68,251575,455160220
077500,유니퀘스트,6670,6800,130,1.95,95340,642511490
002920,유성기업,2470,2485,15,0.61,28301,70544050
000700,유수홀딩스,6220,6210,-10,-0.16,10103,62463690
003470,유안타증권,2665,2705,40,1.5,183962,497020915
003475,유안타증권우,2065,2140,75,3.63,92442,202048480
011690,유양디앤유,4095,4235,140,3.42,170886,720874280
072130,유엔젤,4770,4945,175,3.67,211125,1030644460
000220,유유제약,11100,11200,100,0.9,116936,1311777950
000225,유유제약1우,7060,7140,80,1.13,10536,75043790
000227,유유제약2우B,18200,18400,200,1.1,901,16395400
001200,유진투자증권,2295,2350,55,2.4,132496,309212905
000100,유한양행,217500,220500,3000,1.38,36973,8143850500
000105,유한양행우,200500,205000,4500,2.24,46,9375500
003460,유화증권,11650,11600,-50,-0.43,1723,19843450
003465,유화증권우,12500,12550,50,0.4,7,87800
008730,율촌화학,12400,12700,300,2.42,28511,358105300
008250,이건산업,6380,6560,180,2.82,22467,146768750
025820,이구산업,1605,1670,65,4.05,92256,151600185
214320,이노션,71200,73300,2100,2.95,148886,11023465100
088260,이리츠코크렙,6340,6290,-50,-0.79,32586,204186350
139480,이마트,108000,110000,2000,1.85,163709,18060819500
007660,이수페타시스,3770,3875,105,2.79,285333,1099737370
005950,이수화학,9090,9300,210,2.31,11610,106812690
015020,이스타코,748,745,-3,-0.4,992576,758805388
093230,이아이디,200,204,4,2.0,3198134,650079599
102460,이연제약,13800,14100,300,2.17,16736,234786300
084680,이월드,4965,4965,0,0.0,638396,3180778245
000760,이화산업,14300,14350,50,0.35,510,7268050
014990,인디에프,2000,2100,100,5.0,1371844,2942468390
006490,인스코비,2825,2940,115,4.07,474275,1386565885
023800,인지컨트롤스,4785,4975,190,3.97,78960,388409650
034590,인천도시가스,27400,27550,150,0.55,947,26180750
129260,인터지스,2100,2140,40,1.9,18212,38402760
023810,인팩,3610,3660,50,1.39,10834,39437765
249420,일동제약,15600,15800,200,1.28,42507,673573000
000230,일동홀딩스,9800,10000,200,2.04,7123,69938460
013360,일성건설,1190,1230,40,3.36,129888,158621365
003120,일성신약,82600,81900,-700,-0.85,1763,144531000
003200,일신방직,67400,67800,400,0.59,996,67076200
007110,일신석재,2290,2375,85,3.71,1196197,2847745665
007570,일양약품,22800,22950,150,0.66,137197,3132183250
007575,일양약품우,17000,17000,0,0.0,1289,21912250
008500,일정실업,16100,16200,100,0.62,342,5514550
081000,일진다이아,26500,26950,450,1.7,120597,3253326700
020760,일진디스플,5700,5690,-10,-0.18,597310,3407862240
020150,일진머티리얼즈,50300,52300,2000,3.98,857756,44913369700
103590,일진전기,3140,3200,60,1.91,134519,431052145
015860,일진홀딩스,4550,4695,145,3.19,257731,1200232950
226320,잇츠한불,17200,17700,500,2.91,22422,393676350
317400,자이에스앤디,5900,6020,120,2.03,176061,1060326640
033240,자화전자,10050,10350,300,2.99,145492,1494920660
000950,전방,14150,14400,250,1.77,506,7149750
194370,제이에스코퍼레이션,10700,11000,300,2.8,16879,183407800
025620,제이준코스메틱,4025,4110,85,2.11,276484,1130654200
036420,제이콘텐트리,39700,40150,450,1.13,78766,3153381350
030000,제일기획,21350,21200,-150,-0.7,416334,8830382000
271980,제일약품,30550,31450,900,2.95,13873,433836950
001560,제일연마,6590,6640,50,0.76,10161,67600860
002620,제일파마홀딩스,15200,15500,300,1.97,3773,58396550
006220,제주은행,3700,3700,0,0.0,3259,12090900
089590,제주항공,22100,22900,800,3.62,112146,2559605200
004910,조광페인트,5340,5300,-40,-0.75,6154,32650560
004700,조광피혁,37400,37600,200,0.53,471,17565700
001550,조비,14000,14550,550,3.93,19800,287677000
000480,조선내화,80100,80100,0,0.0,1258,100687200
120030,조선선재,79800,80300,500,0.63,359,28722400
018470,조일알미늄,729,734,5,0.69,45632,33477000
002600,조흥,135000,135000,0,0.0,110,14724000
185750,종근당,92600,93200,600,0.65,29896,2778224800
063160,종근당바이오,28200,29350,1150,4.08,53762,1562458050
001630,종근당홀딩스,113500,119500,6000,5.29,45434,5280194000
044380,주연테크,834,830,-4,-0.48,12518609,10702761046
013890,지누스,108000,111000,3000,2.78,148784,16679654000
013870,지엠비코리아,5420,5470,50,0.92,216775,1193937770
071320,지역난방공사,40650,40350,-300,-0.74,10461,423890500
010580,지코,400,408,8,2.0,1948658,783225415
035000,지투알,5600,5650,50,0.89,9934,55903800
088790,진도,3465,3450,-15,-0.43,33112,113443515
003780,진양산업,4010,4230,220,5.49,301599,1269177440
010640,진양폴리,3935,4500,565,14.36,2351294,10243083630
100250,진양홀딩스,2485,2520,35,1.41,52396,131523970
051630,진양화학,5100,5380,280,5.49,422490,2265369060
272450,진에어,14900,15000,100,0.67,108719,1637747900
011000,진원생명과학,2995,3600,605,20.2,2768830,9014397080
002780,진흥기업,2235,2250,15,0.67,68707,154559505
002787,진흥기업2우B,14850,14850,0,0.0,4145,61413650
002785,진흥기업우B,5040,5050,10,0.2,7866,39506910
009310,참엔지니어링,1480,1470,-10,-0.68,47094,69813285
000650,천일고속,64900,64700,-200,-0.31,380,24485100
012600,청호컴넷,3190,3270,80,2.51,85566,277295340
033250,체시스,2755,2615,-140,-5.08,2589145,6720445375
001140,카리스국보,1950,2040,90,4.62,203894,406153785
035720,카카오,159500,164500,5000,3.13,394773,64588725000
006380,카프로,2970,3110,140,4.71,155562,483567010
109070,컨버즈,1110,1155,45,4.05,485848,571473140
001620,케이비아이동국실업,646,645,-1,-0.15,80209,51310711
029460,케이씨,16400,16800,400,2.44,40694,679492400
344820,케이씨씨글라스,33250,37400,4150,12.48,714176,25686525050
281820,케이씨텍,20950,21800,850,4.06,226055,4816625150
145270,케이탑리츠,924,924,0,0.0,175681,161762911
007815,코리아써우,3480,3525,45,1.29,1884,6600725
007810,코리아써키트,10300,10800,500,4.85,279277,2952087900
00781K,코리아써키트2우B,4840,4825,-15,-0.31,3795,18192040
152330,코리아오토글라스,14750,14700,-50,-0.34,60911,891670200
003690,코리안리,8570,8460,-110,-1.28,297962,2529694350
192820,코스맥스,69000,71300,2300,3.33,134801,9544533500
044820,코스맥스비티아이,11650,12150,500,4.29,25060,300370550
005070,코스모신소재,10850,11050,200,1.84,1742315,19361139100
005420,코스모화학,9650,10000,350,3.63,4326786,44403014220
071950,코아스,1190,1240,50,4.2,145883,179878130
002020,코오롱,15050,15300,250,1.66,11244,171199900
003070,코오롱글로벌,8830,8840,10,0.11,18311,160959910
003075,코오롱글로벌우,17000,16900,-100,-0.59,872,14778600
144620,코오롱머티리얼,1975,2010,35,1.77,1164218,2419039265
002025,코오롱우,9320,9330,10,0.11,3568,33333310
120110,코오롱인더,40950,42200,1250,3.05,84766,3542887650
120115,코오롱인더우,19750,20200,450,2.28,4897,98748250
138490,코오롱플라스틱,3940,4030,90,2.28,36336,145568240
031820,콤텍시스템,1475,1515,40,2.71,573003,859700995
192400,쿠쿠홀딩스,107000,105000,-2000,-1.87,4895,515704500
284740,쿠쿠홈시스,37350,38350,1000,2.68,44193,1666983000
015590,큐로,1020,1030,10,0.98,3921274,4111150290
264900,크라운제과,8060,8180,120,1.49,3754,30464150
26490K,크라운제과우,7120,7360,240,3.37,3412,24649920
005740,크라운해태홀딩스,10100,10450,350,3.47,16864,174463150
005745,크라운해태홀딩스우,11950,12250,300,2.51,5919,72165000
020120,키다리스튜디오,3600,3755,155,4.31,34873,128742655
039490,키움증권,71900,74500,2600,3.62,70830,5232129500
012170,키위미디어그룹,150,150,0,0.0,0,0
015890,태경산업,5400,5450,50,0.93,26638,143941940
006890,태경화학,4965,5070,105,2.11,31602,158953335
003240,태광산업,921000,914000,-7000,-0.76,1363,1248905000
011280,태림포장,4160,4055,-105,-2.52,1582236,6378557930
004100,태양금속,1240,1330,90,7.26,1410801,1889277520
004105,태양금속우,2915,3045,130,4.46,352871,1080835325
009410,태영건설,13450,14100,650,4.83,496713,7037483450
009415,태영건설우,7680,7890,210,2.73,59771,470806510
001420,태원물산,4030,4155,125,3.1,13284,55367495
007980,태평양물산,2420,2445,25,1.03,59018,143144420
055490,테이팩스,20100,21000,900,4.48,6332,131802200
078000,텔코웨어,12100,12300,200,1.65,5140,62739500
214420,토니모리,10550,10800,250,2.37,219534,2339452450
019180,티에이치엔,4200,4000,-200,-4.76,1522878,6332580735
091810,티웨이항공,4740,4805,65,1.37,139765,672103350
004870,티웨이홀딩스,1385,1465,80,5.78,187496,271924800
005690,파미셀,7870,8110,240,3.05,477689,3849290820
036580,팜스코,3965,3910,-55,-1.39,343507,1349135640
028670,팬오션,3910,3990,80,2.05,917112,3648452625
010820,퍼스텍,2020,2055,35,1.73,183946,377136810
016800,퍼시스,28300,28400,100,0.35,243,6904000
001020,페이퍼코리아,512,521,9,1.76,169932,87063267
090080,평화산업,1250,1310,60,4.8,920826,1206539945
010770,평화홀딩스,3600,3730,130,3.61,99774,372742070
058430,포스코강판,15250,15400,150,0.98,1513,23215950
047050,포스코인터내셔널,16500,16500,0,0.0,236098,3912799150
003670,포스코케미칼,58200,61200,3000,5.15,1059952,64507915600
007630,폴루스바이오팜,1225,1225,0,0.0,0,0
017810,풀무원,10900,11000,100,0.92,62912,694773250
103140,풍산,20400,20900,500,2.45,139753,2883747300
005810,풍산홀딩스,31550,31450,-100,-0.32,4894,154617950
033180,필룩스,6350,6620,270,4.25,3125355,20359415840
086790,하나금융지주,33200,33400,200,0.6,886767,29540255100
099340,하나니켈1호,458,461,3,0.66,73418,33797166
099350,하나니켈2호,1165,1165,0,0.0,361531,421157235
293480,하나제약,22550,23100,550,2.44,76603,1753506150
039130,하나투어,45800,48150,2350,5.13,198678,9459448350
172580,하이골드12호,2760,2755,-5,-0.18,22063,60742760
153360,하이골드3호,1685,1665,-20,-1.19,8184,13629180
159650,하이골드8호,2105,2095,-10,-0.48,53005,111065340
071090,하이스틸,18050,18000,-50,-0.28,5794,103753350
019490,하이트론,2900,2970,70,2.41,13827,41385620
000080,하이트진로,30300,30800,500,1.65,279079,8582592200
000087,하이트진로2우B,17000,17300,300,1.76,1785,30519150
000140,하이트진로홀딩스,14200,14400,200,1.41,20595,294662950
000145,하이트진로홀딩스우,14500,14550,50,0.34,3149,45606150
152550,한국ANKOR유전,1765,1765,0,0.0,13508,23836635
036460,한국가스공사,31700,31950,250,0.79,233321,7466990750
005430,한국공항,40000,40200,200,0.5,5549,223124050
071050,한국금융지주,66100,66300,200,0.3,197748,13149224400
071055,한국금융지주우,38600,38700,100,0.26,9303,361215300
010040,한국내화,3565,3710,145,4.07,79777,292810550
025540,한국단자,37100,37150,50,0.13,31953,1184002500
004090,한국석유,101000,103000,2000,1.98,5571,569761000
002960,한국쉘석유,297000,290000,-7000,-2.36,3651,1062071500
123890,한국자산신탁,2915,2900,-15,-0.51,128443,373597790
015760,한국전력,25050,25250,200,0.8,1510968,38372869850
006200,한국전자홀딩스,703,709,6,0.85,63095,44467370
002300,한국제지,16850,16900,50,0.3,9728,162893400
009540,한국조선해양,113000,114000,1000,0.88,193890,22029574500
023350,한국종합기술,3820,3870,50,1.31,32829,127344530
025890,한국주강,1720,1725,5,0.29,24798,42495800
000970,한국주철관,9670,9740,70,0.72,16394,159763550
104700,한국철강,4260,4215,-45,-1.06,94299,398617940
017960,한국카본,7510,7680,170,2.26,205718,1573912320
161890,한국콜마,42800,44000,1200,2.8,211922,9311681350
024720,한국콜마홀딩스,21700,22100,400,1.84,73282,1616690800
161390,한국타이어앤테크놀로지,28350,28750,400,1.41,324857,9321372277
000240,한국테크놀로지그룹,13150,12950,-200,-1.52,63298,821149050
034830,한국토지신탁,2010,2010,0,0.0,418534,835489840
007280,한국특수형강,1505,1565,60,3.99,33321,50081165
168490,한국패러랠,2230,2215,-15,-0.67,108486,239543285
010100,한국프랜지,1905,1950,45,2.36,273151,525681840
047810,한국항공우주,30100,30500,400,1.33,318751,9704645650
123690,한국화장품,13400,13450,50,0.37,787451,10532789600
003350,한국화장품제조,30350,30850,500,1.65,40481,1244807850
011500,한농화성,4205,4230,25,0.59,8137,34369855
002390,한독,23150,23800,650,2.81,118722,2825642400
014790,한라,2665,2800,135,5.07,99382,277262315
060980,한라홀딩스,41200,40350,-850,-2.06,41432,1679921850
053690,한미글로벌,8470,8630,160,1.89,21026,180451770
042700,한미반도체,8750,9000,250,2.86,401196,3559255800
008930,한미사이언스,32050,32400,350,1.09,93876,3028232650
128940,한미약품,281000,284000,3000,1.07,32280,9147998500
009240,한샘,71000,74400,3400,4.79,98491,7325472700
020000,한섬,27350,27400,50,0.18,56377,1547704750
003680,한성기업,5220,5090,-130,-2.49,37235,189783200
105630,한세실업,14950,14750,-200,-1.34,156564,2321063000
069640,한세엠케이,3855,3870,15,0.39,9116,35069245
016450,한세예스24홀딩스,6260,6310,50,0.8,24482,153821250
010420,한솔PNS,1815,1875,60,3.31,202253,371850810
009180,한솔로지스틱스,1625,1650,25,1.54,463164,751786025
213500,한솔제지,14700,14600,-100,-0.68,43461,635291750
014680,한솔케미칼,108500,109500,1000,0.92,78208,8481288000
004710,한솔테크닉스,8630,8900,270,3.13,394107,3469785020
004150,한솔홀딩스,3455,3505,50,1.45,36535,127220640
025750,한솔홈데코,1005,1040,35,3.48,334223,342221645
004960,한신공영,14050,14050,0,0.0,9651,136094750
011700,한신기계,1485,1530,45,3.03,96635,146533170
001750,한양증권,9140,9110,-30,-0.33,30886,280590770
001755,한양증권우,9260,9460,200,2.16,493,4672550
018880,한온시스템,10400,10450,50,0.48,1058439,11051394600
009420,한올바이오파마,26050,26750,700,2.69,357209,9466167150
014130,한익스프레스,4645,5000,355,7.64,533230,2643181270
300720,한일시멘트,77400,76800,-600,-0.78,2778,215151300
002220,한일철강,1950,1960,10,0.51,15730,30874645
006390,한일현대시멘트,28650,29150,500,1.75,21050,615168500
003300,한일홀딩스,37100,37000,-100,-0.27,4627,171683100
051600,한전KPS,37000,36600,-400,-1.08,165263,6033010500
052690,한전기술,19200,19250,50,0.26,86649,1670987550
130660,한전산업,3320,3350,30,0.9,25047,83408800
002320,한진,35000,36150,1150,3.29,163670,5842050350
097230,한진중공업,4205,4265,60,1.43,21016,88950830
003480,한진중공업홀딩스,2330,2345,15,0.64,54186,126157575
180640,한진칼,40400,41900,1500,3.71,1880448,77603816350
18064K,한진칼우,78500,79400,900,1.15,1107031,90764947700
005110,한창,2850,2970,120,4.21,4265351,12737534210
009460,한창제지,2680,2745,65,2.43,1488842,4069209110
000880,한화,21400,22000,600,2.8,184021,4017934600
00088K,한화3우B,12750,12800,50,0.39,22696,290632950
027390,한화갤러리아타임월드,23050,23000,-50,-0.22,5955,137242050
088350,한화생명,2030,2050,20,0.99,2241496,4598440245
000370,한화손해보험,2305,2345,40,1.74,141311,329561710
009830,한화솔루션,16800,17150,350,2.08,694116,11872986650
009835,한화솔루션우,11200,11350,150,1.34,3468,38959500
272210,한화시스템,9320,9250,-70,-0.75,525437,4855241390
012450,한화에어로스페이스,32400,32700,300,0.93,160356,5240758400
000885,한화우,25650,26200,550,2.14,6935,179507700
003530,한화투자증권,1915,1960,45,2.35,281617,546442110
003535,한화투자증권우,1945,1965,20,1.03,5128,9987310
195870,해성디에스,18100,18550,450,2.49,100818,1852367500
101530,해태제과식품,6960,7000,40,0.57,12920,90425960
143210,핸즈코퍼레이션,6940,6920,-20,-0.29,23151,159116010
000720,현대건설,37600,38550,950,2.53,464234,17849301950
267270,현대건설기계,26350,25750,-600,-2.28,146594,3834939000
000725,현대건설우,116000,118000,2000,1.72,390,46070500
005440,현대그린푸드,10050,10050,0,0.0,238740,2392094580
086280,현대글로비스,143000,145500,2500,1.75,116682,16845824500
064350,현대로템,14200,14550,350,2.46,415543,6009475750
079430,현대리바트,10700,10850,150,1.4,84053,911513550
012330,현대모비스,228000,229500,1500,0.66,376956,86512896150
010620,현대미포조선,40650,41000,350,0.86,148737,6097879250
069960,현대백화점,78200,78300,100,0.13,105502,8183902000
004560,현대비앤지스틸,8220,8430,210,2.55,9323,78059690
004565,현대비앤지스틸우,55700,57000,1300,2.33,308,17519400
011760,현대상사,15800,16100,300,1.9,51188,822685400
011200,현대상선,3400,3475,75,2.21,574954,2003039565
004310,현대약품,4950,5070,120,2.42,262726,1324510905
322000,현대에너지솔루션,18400,17850,-550,-2.99,164246,2967659000
126560,현대에이치씨엔,3875,4010,135,3.48,1666238,6651900825
017800,현대엘리베이,59700,61300,1600,2.68,237091,14484093300
307950,현대오토에버,45000,46150,1150,2.56,16642,764795450
011210,현대위아,42200,42650,450,1.07,233903,10093239200
267260,현대일렉트릭,9800,10450,650,6.63,448394,4633219110
004020,현대제철,27450,27650,200,0.73,463308,12818492700
267250,현대중공업지주,267500,270000,2500,0.93,46586,12529743500
005380,현대차,123500,124000,500,0.4,1203992,149758250000
005387,현대차2우B,79500,80000,500,0.63,77776,6237403111
005389,현대차3우B,70400,70800,400,0.57,2833,199968400
005385,현대차우,72700,72400,-300,-0.41,80739,5845423600
001500,현대차증권,9440,9520,80,0.85,33919,319661820
227840,현대코퍼레이션홀딩스,10350,10600,250,2.42,34266,359276050
001450,현대해상,21800,22600,800,3.67,362540,8136207700
057050,현대홈쇼핑,75400,74600,-800,-1.06,32439,2424989400
093240,형지엘리트,1345,1435,90,6.69,355560,496684765
003010,혜인,3975,4320,345,8.68,301968,1272647560
111110,호전실업,14000,14000,0,0.0,3334,46853300
008770,호텔신라,90300,89700,-600,-0.66,870658,78135040200
008775,호텔신라우,54300,54600,300,0.55,7944,433087500
002460,화성산업,10500,10600,100,0.95,22218,234893650
013520,화승알앤에이,2040,2065,25,1.23,69296,142016770
241590,화승엔터프라이즈,15900,16750,850,5.35,164920,2719856450
006060,화승인더,11350,11550,200,1.76,179110,2072267250
010690,화신,3195,3225,30,0.94,46022,147434940
133820,화인베스틸,2900,2935,35,1.21,971991,2797448240
010660,화천기계,2845,2915,70,2.46,3934560,11666796060
000850,화천기공,38750,39000,250,0.65,4671,181691050
016580,환인제약,15000,15100,100,0.67,43185,658741450
032560,황금에스티,6640,7280,640,9.64,239264,1705664240
004800,효성,70100,70200,100,0.14,41915,2946014400
094280,효성ITX,15450,15800,350,2.27,10972,170935100
298040,효성중공업,22200,22600,400,1.8,39131,890247000
298050,효성첨단소재,99700,100500,800,0.8,16204,1637731500
298020,효성티앤씨,169500,171500,2000,1.18,11831,2034866500
298000,효성화학,115500,118000,2500,2.16,8035,945502500
093370,후성,8660,8920,260,3.0,1650901,14573665790
081660,휠라홀딩스,43850,43100,-750,-1.71,666972,28715673620
005870,휴니드,6360,6460,100,1.57,49918,320810020
079980,휴비스,7300,6590,-710,-9.73,5757085,38181165810
005010,휴스틸,8940,9050,110,1.23,4658,42266670
069260,휴켐스,19850,19400,-450,-2.27,77444,1512027650
000540,흥국화재,2830,2870,40,1.41,9963,28178725
000547,흥국화재2우B,17500,17750,250,1.43,490,8599100
000545,흥국화재우,4430,4410,-20,-0.45,3968,17532010
003280,흥아해운,407,411,4,0.98,743442,304546781
