티커,종목명,시가,종가,변동폭,등락률,거래량,거래대금
095570,AJ네트웍스,3045,2940,-105,-3.45,106072,313793405
006840,AK홀딩스,17250,17300,50,0.29,42449,738231500
027410,BGF,4135,4140,5,0.12,132387,549667330
282330,BGF리테일,135000,136000,1000,0.74,27734,3761543250
138930,BNK금융지주,4945,5040,95,1.92,884465,4443787515
001460,BYC,210500,210000,-500,-0.24,435,91355000
001465,BYC우,122000,120500,-1500,-1.23,549,66384000
001040,CJ,85400,85800,400,0.47,45310,3891869600
079160,CJCGV,21100,21150,50,0.24,107017,2257879200
00104K,CJ4우전환,59000,59300,300,0.51,9290,547240900
000120,CJ대한통운,159000,161500,2500,1.57,31230,4982005500
011150,CJ씨푸드,4020,3910,-110,-2.74,5044014,20164862080
011155,CJ씨푸드1우,50400,52200,1800,3.57,182131,10150568100
001045,CJ우,43800,43800,0,0.0,9842,431736250
097950,CJ제일제당,339500,338000,-1500,-0.44,46777,15781256500
097955,CJ제일제당우,143000,143000,0,0.0,7090,1010732500
000590,CS홀딩스,64900,61800,-3100,-4.78,5793,364407800
012030,DB,694,700,6,0.86,828728,571022088
016610,DB금융투자,3300,3290,-10,-0.3,72549,238688555
005830,DB손해보험,42700,42900,200,0.47,133767,5737420350
000990,DB하이텍,28300,28850,550,1.94,695727,19920627200
000995,DB하이텍1우,66000,68000,2000,3.03,11933,814839600
139130,DGB금융지주,5150,5200,50,0.97,433649,2255709210
001530,DI동일,68800,68400,-400,-0.58,9658,660000700
004840,DRB동일,6280,6230,-50,-0.8,114236,724742500
155660,DSR,3850,3795,-55,-1.43,47441,180472170
069730,DSR제강,3850,3850,0,0.0,52929,201709055
017940,E1,35200,35500,300,0.85,5981,210768100
007700,FF,81400,88400,7000,8.6,242055,21073433900
114090,GKL,12600,12650,50,0.4,475018,5959282200
078930,GS,36050,37050,1000,2.77,194930,7137663000
006360,GS건설,24800,24950,150,0.6,312197,7771253600
001250,GS글로벌,1665,1675,10,0.6,243485,406536755
007070,GS리테일,37050,37700,650,1.75,176891,6623925000
078935,GS우,29750,30000,250,0.84,5299,158468600
012630,HDC,8840,8800,-40,-0.45,222813,1975750540
039570,HDC아이콘트롤스,8170,8090,-80,-0.98,16530,133129820
089470,HDC현대EP,3850,3860,10,0.26,25503,98279925
294870,HDC현대산업개발,22050,21150,-900,-4.08,1253308,27126535050
011200,HMM,4320,4660,340,7.87,3049102,13688889485
082740,HSD엔진,4430,4360,-70,-1.58,320388,1403538835
003560,IHQ,1610,1585,-25,-1.55,887171,1406573330
175330,JB금융지주,4800,4800,0,0.0,132942,638798030
234080,JW생명과학,22550,20400,-2150,-9.53,784639,16503997050
001060,JW중외제약,38000,36700,-1300,-3.42,371781,13956283250
001067,JW중외제약2우B,55500,55400,-100,-0.18,10199,571049700
001065,JW중외제약우,56000,53800,-2200,-3.93,37449,2048773400
096760,JW홀딩스,5480,5390,-90,-1.64,186924,1012999000
105560,KB금융,33750,34800,1050,3.11,1889305,65543792700
002380,KCC,136000,136500,500,0.37,51690,7030059000
009070,KCTC,2155,2130,-25,-1.16,157266,332702660
009440,KC그린홀딩스,3795,3810,15,0.4,29145,110319270
119650,KC코트렐,5440,5550,110,2.02,476475,2648927750
092220,KEC,819,825,6,0.73,874642,725029274
016380,KG동부제철,12300,12250,-50,-0.41,44342,545687400
016385,KG동부제철우,116000,116000,0,0.0,3751,417875500
001390,KG케미칼,12950,13000,50,0.39,63795,835002500
001940,KISCO홀딩스,11550,11650,100,0.87,18648,212429300
025000,KPX케미칼,46950,47000,50,0.11,2163,101195450
092230,KPX홀딩스,42650,42800,150,0.35,3366,143753450
000040,KR모터스,627,626,-1,-0.16,494271,310154560
044450,KSS해운,7730,7930,200,2.59,51412,407776530
030200,KT,23300,23700,400,1.72,1028894,24401061000
033780,KTG,78200,78100,-100,-0.13,306191,23942997700
030210,KTB투자증권,2320,2295,-25,-1.08,183417,422745390
058850,KTcs,1740,1735,-5,-0.29,92827,161051660
058860,KTis,2015,2010,-5,-0.25,69082,138951675
093050,LF,12400,12400,0,0.0,52359,648685250
003550,LG,71700,73600,1900,2.65,369897,27221148334
034220,LG디스플레이,11500,11600,100,0.87,1550110,17951784050
001120,LG상사,14900,15400,500,3.36,155402,2367753700
051900,LG생활건강,1277000,1337000,60000,4.7,48453,64138397000
051905,LG생활건강우,698000,709000,11000,1.58,4460,3141725000
003555,LG우,46500,47350,850,1.83,13395,634211200
032640,LG유플러스,11900,12350,450,3.78,4173974,51964755900
011070,LG이노텍,162500,171500,9000,5.54,296752,49951497000
066570,LG전자,64700,64700,0,0.0,528872,34389276500
066575,LG전자우,25700,25650,-50,-0.19,44674,1151016400
108670,LG하우시스,58800,62400,3600,6.12,135244,8331768600
108675,LG하우시스우,26900,27800,900,3.35,42500,1151883350
037560,LG헬로비전,4020,4015,-5,-0.12,106868,429434570
051910,LG화학,499000,501000,2000,0.4,473636,235867217000
051915,LG화학우,262500,258000,-4500,-1.71,103690,26559666500
079550,LIG넥스원,30650,30650,0,0.0,96179,2958380350
006260,LS,34700,35200,500,1.44,77797,2715297100
010120,LSELECTRIC,47300,47700,400,0.85,111584,5327415300
000680,LS네트웍스,2150,2130,-20,-0.93,65616,140968215
229640,LS전선아시아,6590,6590,0,0.0,79750,524648190
023150,MH에탄올,7020,7020,0,0.0,42970,301236460
035420,NAVER,269500,269000,-500,-0.19,937593,252348629500
181710,NHN,84600,83300,-1300,-1.54,106992,8938264700
005940,NH투자증권,8440,8480,40,0.47,1856005,15649654580
005945,NH투자증권우,7640,7630,-10,-0.13,111385,846382730
338100,NH프라임리츠,4550,4570,20,0.44,23163,105594440
034310,NICE,21350,21300,-50,-0.23,66166,1395372300
008260,NI스틸,1980,1950,-30,-1.52,117478,230480915
004250,NPC,3610,3610,0,0.0,59558,212034960
004255,NPC우,2440,2405,-35,-1.43,14058,34229555
010060,OCI,37700,37100,-600,-1.59,129594,4817344500
005490,POSCO,180000,183000,3000,1.67,290441,52835518000
100840,STC,15100,15300,200,1.32,8525,129594200
064960,ST모티브,39200,38900,-300,-0.77,62787,2438089800
003570,ST중공업,4990,5300,310,6.21,609416,3233538700
036530,ST홀딩스,15500,15550,50,0.32,7234,112941950
010950,S-Oil,65200,64600,-600,-0.92,467443,30225212000
010955,S-Oil우,37600,37650,50,0.13,16401,614725850
034120,SBS,16850,16700,-150,-0.89,115474,1938959300
101060,SBS미디어홀딩스,1930,1890,-40,-2.07,414309,785936100
004060,SG세계물산,600,597,-3,-0.5,538045,321380422
001380,SG충방,1190,1160,-30,-2.52,178070,207052115
002360,SH에너지화학,808,807,-1,-0.12,414491,334801150
009160,SIMPAC,2440,2440,0,0.0,18797,45957925
123700,SJM,2635,2650,15,0.57,6334,16652640
025530,SJM홀딩스,2570,2585,15,0.58,7090,18146335
034730,SK,286000,292000,6000,2.1,919125,265826187000
011790,SKC,63300,63400,100,0.16,590635,37787796000
018670,SK가스,72500,72700,200,0.28,3170,230757800
001740,SK네트웍스,4780,4840,60,1.26,438952,2124190620
001745,SK네트웍스우,146500,190000,43500,29.69,89304,16842894500
006120,SK디스커버리,33300,33300,0,0.0,473654,15934087500
006125,SK디스커버리우,28900,34750,5850,20.24,1649632,55201272450
210980,SK디앤디,28700,28250,-450,-1.57,44229,1246257250
068400,SK렌터카,9490,9430,-60,-0.63,47786,453255610
03473K,SK우,360500,383000,22500,6.24,138999,51232086000
096770,SK이노베이션,134000,136000,2000,1.49,794718,108417793000
096775,SK이노베이션우,93800,93900,100,0.11,32466,3061997700
001510,SK증권,885,890,5,0.56,42039375,37786681550
001515,SK증권우,8370,8030,-340,-4.06,3324485,27584170330
285130,SK케미칼,114000,111000,-3000,-2.63,1625157,188645670000
28513K,SK케미칼우,81500,83400,1900,2.33,1689674,149019860200
017670,SK텔레콤,203000,208500,5500,2.71,308368,64164668000
000660,SK하이닉스,84300,84600,300,0.36,2889494,246139912200
005610,SPC삼립,62800,64000,1200,1.91,7030,445689100
011810,STX,5370,5300,-70,-1.3,40215,215296940
077970,STX엔진,6130,6150,20,0.33,17058,104565130
071970,STX중공업,2225,2250,25,1.12,68508,152427815
084870,TBH글로벌,1750,1730,-20,-1.14,91840,158494925
002710,TCC스틸,1875,1875,0,0.0,30361,56807205
024070,WISCOM,2230,2205,-25,-1.12,18620,41002575
037270,YGPLUS,1900,1960,60,3.16,1085882,2088818245
000500,가온전선,16500,16400,-100,-0.61,5680,92770950
000860,강남제비스코,14700,14400,-300,-2.04,11331,162898550
035250,강원랜드,21750,21950,200,0.92,528680,11473353600
011420,갤럭시아에스엠,1295,1280,-15,-1.16,79044,101146595
002100,경농,11300,11250,-50,-0.44,106827,1195196700
009450,경동나비엔,39950,40400,450,1.13,15750,630793200
267290,경동도시가스,17000,17000,0,0.0,6674,114051700
012320,경동인베스트,28200,28300,100,0.35,2365,65927850
000050,경방,11900,12300,400,3.36,76635,952822100
214390,경보제약,9150,9370,220,2.4,68935,642252110
012610,경인양행,9530,9750,220,2.31,4727564,46391443270
009140,경인전자,18300,18350,50,0.27,205,3767950
013580,계룡건설,15700,15800,100,0.64,6987,110023500
012200,계양전기,2780,2750,-30,-1.08,170062,467112935
012205,계양전기우,8190,8120,-70,-0.85,77242,632431340
004200,고려개발,11050,11000,-50,-0.45,60221,667742600
002140,고려산업,4150,3945,-205,-4.94,6507502,27195099980
010130,고려아연,343000,346000,3000,0.87,37475,12897774000
002240,고려제강,16050,15750,-300,-1.87,19930,314065700
009290,광동제약,7410,7250,-160,-2.16,200950,1476024370
017040,광명전기,1900,1895,-5,-0.26,151055,286170570
017900,광전자,1705,1725,20,1.17,175058,300049955
037710,광주신세계,131500,133500,2000,1.52,1509,199351500
030610,교보증권,6500,6430,-70,-1.08,98998,639274160
007690,국도화학,35450,35350,-100,-0.28,8290,292145750
005320,국동,3040,2970,-70,-2.3,1258058,3728772940
001140,국보,1965,1920,-45,-2.29,473647,926596355
002720,국제약품,7620,7950,330,4.33,1734943,13487191560
083420,그린케미칼,3605,3620,15,0.42,63960,230109410
014530,극동유화,3050,3050,0,0.0,98958,302159610
014280,금강공업,3220,3220,0,0.0,47271,152255765
014285,금강공업우,11250,11250,0,0.0,104595,1191299000
008870,금비,63000,61300,-1700,-2.7,4478,277692700
001570,금양,3955,3705,-250,-6.32,2693716,9968172495
002990,금호산업,6530,6520,-10,-0.15,71832,471594950
002995,금호산업우,38100,39150,1050,2.76,19607,734393750
011780,금호석유,74200,73700,-500,-0.67,109966,8174882000
011785,금호석유우,30200,30000,-200,-0.66,15975,482964300
214330,금호에이치티,5030,4480,-550,-10.93,976782,4341083775
001210,금호전기,3280,3200,-80,-2.44,43621,140839725
073240,금호타이어,3015,3030,15,0.5,439913,1320536925
092440,기신정기,2955,2960,5,0.17,36270,106595750
000270,기아차,32550,33050,500,1.54,1329381,44044182300
024110,기업은행,8110,8180,70,0.86,1449752,11914499020
013700,까뮤이앤씨,1205,1200,-5,-0.41,386513,463070330
004540,깨끗한나라,3690,3665,-25,-0.68,109846,398959630
004545,깨끗한나라우,24650,24050,-600,-2.43,22060,548668700
001260,남광토건,10200,10250,50,0.49,43372,451466900
008350,남선알미늄,6190,6340,150,2.42,23594800,151281722680
008355,남선알미우,63500,73100,9600,15.12,588931,43537053100
004270,남성,2760,2920,160,5.8,2096967,6188246630
003920,남양유업,297000,290500,-6500,-2.19,1505,437802000
003925,남양유업우,146000,141000,-5000,-3.42,5979,829249000
002070,남영비비안,1245,1240,-5,-0.4,3821887,4793896445
025860,남해화학,7170,7200,30,0.42,79614,572976140
005720,넥센,4100,4040,-60,-1.46,40098,161411565
005725,넥센우,3140,3120,-20,-0.64,64597,201440800
002350,넥센타이어,5330,5240,-90,-1.69,311339,1633976160
002355,넥센타이어1우B,2365,2350,-15,-0.63,52844,123755435
003580,넥스트사이언스,6100,6080,-20,-0.33,132517,804632830
251270,넷마블,97400,97500,100,0.1,240218,23382622700
090350,노루페인트,7160,7180,20,0.28,27930,200576150
090355,노루페인트우,13500,13300,-200,-1.48,31666,427359850
000320,노루홀딩스,9510,9540,30,0.32,4941,46765900
000325,노루홀딩스우,19150,19350,200,1.04,1360,26166600
006280,녹십자,154500,152000,-2500,-1.62,84276,12902948500
005250,녹십자홀딩스,24200,23950,-250,-1.03,67941,1635438450
005257,녹십자홀딩스2우,24000,25400,1400,5.83,65129,1623024600
004370,농심,380000,378500,-1500,-0.39,24624,9420977500
072710,농심홀딩스,84400,84400,0,0.0,2089,176879300
058730,다스코,4900,4855,-45,-0.92,20273,98506555
023590,다우기술,21450,20900,-550,-2.56,330808,6979025550
019680,대교,4420,4375,-45,-1.02,49284,216779675
019685,대교우B,2760,2710,-50,-1.81,161518,437556655
006370,대구백화점,4630,4615,-15,-0.32,3086,14364375
008060,대덕,5940,6000,60,1.01,285429,1712982820
00806K,대덕1우,5770,5770,0,0.0,23079,131330980
353200,대덕전자,7970,7950,-20,-0.25,470727,3745519520
35320K,대덕전자1우,6230,6380,150,2.41,29195,183717130
000490,대동공업,5740,5880,140,2.44,124254,728563750
008110,대동전자,4480,4485,5,0.11,27698,124743020
005750,대림BCo,4535,4510,-25,-0.55,21217,96085025
000210,대림산업,82700,82500,-200,-0.24,154167,12792064700
000215,대림산업우,37200,37100,-100,-0.27,5770,214581250
004440,대림씨엔에스,5870,5870,0,0.0,29708,174602470
006570,대림통상,4150,4050,-100,-2.41,2593,10625525
001680,대상,27150,26600,-550,-2.03,251153,6694968200
001685,대상우,14150,14150,0,0.0,9394,132667150
084690,대상홀딩스,8050,8140,90,1.12,135868,1093782810
084695,대상홀딩스우,6600,6270,-330,-5.0,19670,125794750
128820,대성산업,2815,2860,45,1.6,63729,179540410
117580,대성에너지,4740,4775,35,0.74,6615,31470565
016710,대성홀딩스,13250,13400,150,1.13,28780,380823700
003540,대신증권,9840,9860,20,0.2,108098,1065858520
003547,대신증권2우B,8300,8360,60,0.72,18729,156147520
003545,대신증권우,8590,8700,110,1.28,30734,266708220
009190,대양금속,4420,4255,-165,-3.73,1485699,6411444365
014160,대영포장,1025,1020,-5,-0.49,571318,584834595
047040,대우건설,3440,3370,-70,-2.03,1427725,4851096675
009320,대우부품,2440,2445,5,0.2,1300956,3162090755
042660,대우조선해양,24700,25600,900,3.64,586921,14853657850
003090,대웅,31850,30550,-1300,-4.08,1060588,33532788950
069620,대웅제약,136000,139500,3500,2.57,183882,25451810000
000430,대원강업,3130,3125,-5,-0.16,12236,38261690
006340,대원전선,1005,999,-6,-0.6,193279,193302218
006345,대원전선우,3205,3265,60,1.87,135872,445801960
003220,대원제약,18650,17900,-750,-4.02,928502,16792614600
024890,대원화성,1675,1625,-50,-2.99,452448,747482575
002880,대유에이텍,692,681,-11,-1.59,58430,39999627
000300,대유플러스,675,670,-5,-0.74,378598,253487511
012800,대창,1185,1170,-15,-1.27,2822363,3282342985
015230,대창단조,25950,26000,50,0.19,7755,201881800
001070,대한방직,23050,23000,-50,-0.22,2093,48148050
006650,대한유화,114000,113000,-1000,-0.88,30005,3428812000
001440,대한전선,670,666,-4,-0.6,671832,448913347
084010,대한제강,6930,6990,60,0.87,43516,300089540
001790,대한제당,19700,19600,-100,-0.51,9477,184981750
001795,대한제당우,13600,13800,200,1.47,4041,55944300
001130,대한제분,167000,166500,-500,-0.3,12019,2006428500
003490,대한항공,17600,17850,250,1.42,704995,12553241600
003495,대한항공우,18350,18550,200,1.09,45914,849200200
005880,대한해운,17050,17550,500,2.93,201938,3572403200
003830,대한화섬,88600,88600,0,0.0,458,40298300
016090,대현,1655,1655,0,0.0,71830,118563925
069460,대호에이엘,2235,2170,-65,-2.91,294336,643405630
192080,더블유게임즈,78000,76700,-1300,-1.67,255698,19789329500
012510,더존비즈온,104500,102500,-2000,-1.91,192825,19862242750
004830,덕성,4470,4350,-120,-2.68,15973759,77274839880
004835,덕성우,10900,11000,100,0.92,1427138,16912530950
024900,덕양산업,1280,1270,-10,-0.78,25064819,36731135105
145720,덴티움,37300,37700,400,1.07,19573,743005050
002150,도화엔지니어링,8050,8010,-40,-0.5,42994,344490220
001230,동국제강,5380,5270,-110,-2.04,1087743,5757595990
023450,동남합성,29050,29200,150,0.52,741,21588150
004140,동방,1900,2030,130,6.84,3632447,7462904035
007590,동방아그로,6320,6290,-30,-0.47,11119,69648360
005960,동부건설,9590,9240,-350,-3.65,170448,1577983260
005965,동부건설우,30850,30950,100,0.32,2355,71196150
026960,동서,15750,16150,400,2.54,84716,1361546250
002210,동성제약,12900,12750,-150,-1.16,165831,2139155950
102260,동성코퍼레이션,3890,3890,0,0.0,20186,78330835
005190,동성화학,16300,16100,-200,-1.23,6042,97733700
000640,동아쏘시오홀딩스,97900,96700,-1200,-1.23,22737,2195794500
170900,동아에스티,86800,86600,-200,-0.23,22933,1982659900
028100,동아지질,14450,14250,-200,-1.38,99780,1420184650
282690,동아타이어,11400,11500,100,0.88,6370,72429800
001520,동양,1195,1220,25,2.09,726191,882206925
001527,동양2우B,11500,11400,-100,-0.87,815,9248200
001529,동양3우B,30450,30750,300,0.99,1273,39042650
084670,동양고속,28500,28600,100,0.35,22865,653914000
002900,동양물산,961,950,-11,-1.14,597653,571823263
082640,동양생명,2965,2985,20,0.67,31305,92876610
001525,동양우,5900,5840,-60,-1.02,6977,40752750
008970,동양철관,1015,1010,-5,-0.49,587591,592389315
092780,동양피스톤,5200,5120,-80,-1.54,316894,1616449870
049770,동원FB,180500,180000,-500,-0.28,5810,1047141000
018500,동원금속,695,713,18,2.59,251659,178117501
006040,동원산업,207500,209500,2000,0.96,2612,547332000
030720,동원수산,9340,9120,-220,-2.36,131575,1208456020
014820,동원시스템즈,20550,20900,350,1.7,14973,309664950
014825,동원시스템즈우,31500,29550,-1950,-6.19,2032,62924950
163560,동일고무벨트,8020,8000,-20,-0.25,102204,826512190
004890,동일산업,58100,58100,0,0.0,1086,63011500
002690,동일제강,1950,2020,70,3.59,51552,100314435
000020,동화약품,17500,17000,-500,-2.86,1218309,20793854550
000150,두산,38650,38700,50,0.13,56667,2182361700
000157,두산2우B,74200,72500,-1700,-2.29,6142,440670800
241560,두산밥캣,25600,25800,200,0.78,543988,14006827900
336370,두산솔루스,35600,35150,-450,-1.26,296778,10467008300
33637K,두산솔루스1우,19200,19400,200,1.04,67458,1306593450
33637L,두산솔루스2우B,37950,37100,-850,-2.24,16279,611643250
000155,두산우,36650,37600,950,2.59,29297,1088124200
042670,두산인프라코어,6720,6810,90,1.34,7712028,52417769280
034020,두산중공업,4530,4540,10,0.22,806991,3669633050
336260,두산퓨얼셀,32650,31650,-1000,-3.06,1800265,57226407250
33626K,두산퓨얼셀1우,13050,12400,-650,-4.98,407544,5201084100
33626L,두산퓨얼셀2우B,20750,20450,-300,-1.45,42226,861204100
016740,두올,2925,2885,-40,-1.37,197606,570684630
192650,드림텍,9120,8920,-200,-2.19,923348,8315170960
024090,디씨엠,10600,10600,0,0.0,1312,13886950
003160,디아이,4165,4100,-65,-1.56,583631,2380014760
092200,디아이씨,1530,1545,15,0.98,122219,188515610
013570,디와이,3700,3730,30,0.81,35818,133818405
210540,디와이파워,9940,9900,-40,-0.4,130988,1283219530
007340,디티알오토모티브,25650,25650,0,0.0,14135,361568450
026890,디피씨,10150,10150,0,0.0,877514,8914269250
115390,락앤락,10900,11050,150,1.38,75079,826423750
032350,롯데관광개발,12850,12800,-50,-0.39,259697,3338840050
330590,롯데리츠,5590,5670,80,1.43,473172,2674035580
000400,롯데손해보험,1660,1665,5,0.3,258121,431300760
023530,롯데쇼핑,77500,78700,1200,1.55,55217,4325906500
004000,롯데정밀화학,35750,35300,-450,-1.26,78554,2782826250
286940,롯데정보통신,36600,36350,-250,-0.68,34974,1268894550
280360,롯데제과,109500,109000,-500,-0.46,12228,1312754500
004990,롯데지주,33050,32400,-650,-1.97,284287,9274364700
00499K,롯데지주우,73400,69900,-3500,-4.77,73871,5211499600
005300,롯데칠성,104000,104500,500,0.48,19619,2042367000
005305,롯데칠성우,64500,62500,-2000,-3.1,6301,399117700
011170,롯데케미칼,170500,172000,1500,0.88,125238,21710019000
002270,롯데푸드,337000,353000,16000,4.75,3970,1384342000
071840,롯데하이마트,36100,38400,2300,6.37,250312,9465699550
027740,마니커,900,895,-5,-0.56,1881488,1687330381
204320,만도,23100,23200,100,0.43,290939,6734155900
001080,만호제강,13950,14000,50,0.36,2217,31029900
088980,맥쿼리인프라,11750,11700,-50,-0.43,2940920,34576997250
094800,맵스리얼티1,4030,4045,15,0.37,20601,83424610
138040,메리츠금융지주,9900,9720,-180,-1.82,21974,214887390
008560,메리츠증권,3080,3090,10,0.32,1714092,5269400070
000060,메리츠화재,13350,13050,-300,-2.25,108784,1431822050
090370,메타랩스,1125,1140,15,1.33,241322,276473030
017180,명문제약,6330,6110,-220,-3.48,854843,5251520760
012690,모나리자,5860,5830,-30,-0.51,547550,3192670830
005360,모나미,5130,5250,120,2.34,13653495,72743990665
204210,모두투어리츠,2750,2670,-80,-2.91,191,512510
009680,모토닉,7770,7620,-150,-1.93,25535,195640650
009580,무림PP,2895,2890,-5,-0.17,89304,258761190
009200,무림페이퍼,1970,2010,40,2.03,51524,103199180
033920,무학,5360,5370,10,0.19,16682,89659800
008420,문배철강,2580,2620,40,1.55,156588,404326680
025560,미래산업,79,79,0,0.0,0,0
007120,미래아이앤지,397,406,9,2.27,1311339,526757887
006800,미래에셋대우,6650,6610,-40,-0.6,2556971,17011559280
00680K,미래에셋대우2우B,3690,3630,-60,-1.63,375019,1363534755
006805,미래에셋대우우,4040,3995,-45,-1.11,61268,245803635
085620,미래에셋생명,2760,2745,-15,-0.54,120778,331314910
002840,미원상사,74000,73000,-1000,-1.35,4132,306394600
268280,미원에스씨,81800,81300,-500,-0.61,1203,97506800
107590,미원홀딩스,45000,45400,400,0.89,7709,349169600
134380,미원화학,53300,54100,800,1.5,1046,56492300
003650,미창석유,57300,57100,-200,-0.35,920,52672000
155900,바다로19호,2620,2625,5,0.19,12070,31629310
003610,방림,1620,1650,30,1.85,125660,205024255
001340,백광산업,2545,2525,-20,-0.79,380308,960754140
035150,백산,5440,5420,-20,-0.37,76179,415496310
002410,범양건영,3250,3460,210,6.46,1681513,5743865970
096300,베트남개발1,290,288,-2,-0.69,66005,18950076
007210,벽산,1705,1790,85,4.99,937864,1637795270
002760,보락,1830,1805,-25,-1.37,411921,750582255
003850,보령제약,16650,16600,-50,-0.3,261132,4328912300
000890,보해양조,771,767,-4,-0.52,718362,550718047
003000,부광약품,36650,33750,-2900,-7.91,4418824,153044063800
001270,부국증권,18400,18400,0,0.0,3101,57137700
001275,부국증권우,17500,17400,-100,-0.57,3278,56860300
026940,부국철강,4120,4265,145,3.52,352691,1483718105
015350,부산가스,36200,36450,250,0.69,1473,53313450
011390,부산산업,133000,126000,-7000,-5.26,46116,5927893500
005030,부산주공,339,340,1,0.29,88070,29886532
100220,비상교육,6980,7030,50,0.72,32776,228841210
030790,비케이탑스,7220,7000,-220,-3.05,186334,1311486000
101140,비티원,3870,3910,40,1.03,311305,1221873765
005180,빙그레,61300,61000,-300,-0.49,35632,2175054000
003960,사조대림,14100,13900,-200,-1.42,23258,325378150
008040,사조동아원,857,870,13,1.52,370880,318986288
007160,사조산업,25900,26150,250,0.97,9334,242243650
014710,사조씨푸드,3800,3760,-40,-1.05,111433,418554445
006090,사조오양,8250,8080,-170,-2.06,41926,342241870
005090,삼광글라스,28700,28900,200,0.7,4737,136711300
001470,삼부토건,642,650,8,1.25,648354,421962286
006400,삼성SDI,370000,370000,0,0.0,436893,161562499500
006405,삼성SDI우,227500,229000,1500,0.66,30130,6890278500
006660,삼성공조,6300,6300,0,0.0,5380,33819890
028260,삼성물산,116000,116500,500,0.43,575645,66851180000
02826K,삼성물산우B,92700,95200,2500,2.7,43205,4053127900
207940,삼성바이오로직스,815000,810000,-5000,-0.61,175138,140924851000
032830,삼성생명,45050,45100,50,0.11,244171,11031489100
018260,삼성에스디에스,174000,174000,0,0.0,110691,19229991000
028050,삼성엔지니어링,11800,11850,50,0.42,801037,9518580600
009150,삼성전기,132000,132000,0,0.0,390637,51629909500
009155,삼성전기우,60500,60300,-200,-0.33,34038,2058277700
005930,삼성전자,51900,53300,1400,2.7,21575360,1146335751523
005935,삼성전자우,45900,46850,950,2.07,2740918,128293681100
001360,삼성제약,3860,3815,-45,-1.17,757618,2903320140
010140,삼성중공업,5870,5800,-70,-1.19,7243429,42471021450
010145,삼성중공우,420000,395500,-24500,-5.83,63158,25911003500
016360,삼성증권,26850,26950,100,0.37,420567,11298624650
068290,삼성출판사,21800,21850,50,0.23,139017,3058297250
029780,삼성카드,27850,27950,100,0.36,63024,1760887400
000810,삼성화재,178000,179500,1500,0.84,71421,12873951000
000815,삼성화재우,126500,126000,-500,-0.4,7069,893777000
006110,삼아알미늄,3810,3775,-35,-0.92,22011,83271475
145990,삼양사,38750,39500,750,1.94,17323,680493900
145995,삼양사우,35450,34550,-900,-2.54,13532,478355200
003230,삼양식품,131500,129000,-2500,-1.9,48645,6321489000
002170,삼양통상,52100,53200,1100,2.11,3399,179036800
272550,삼양패키징,17600,17600,0,0.0,20817,364012300
000070,삼양홀딩스,55300,55200,-100,-0.18,11887,657720300
000075,삼양홀딩스우,42600,41550,-1050,-2.46,3514,147937550
002810,삼영무역,13000,13000,0,0.0,16528,216418350
005680,삼영전자,7400,7350,-50,-0.68,19209,141912970
003720,삼영화학,1190,1185,-5,-0.42,188802,222847295
023000,삼원강재,1970,2000,30,1.52,19215,38043915
004380,삼익THK,10450,10500,50,0.48,31431,328595850
002450,삼익악기,1405,1400,-5,-0.36,296023,415839180
000520,삼일제약,19600,19600,0,0.0,46365,910952500
009770,삼정펄프,25950,25350,-600,-2.31,1480,37668300
005500,삼진제약,27600,27900,300,1.09,76116,2096830700
004690,삼천리,65400,65800,400,0.61,8103,530721500
001880,삼호,25850,25700,-150,-0.58,72726,1878865350
010960,삼호개발,4220,4235,15,0.36,76972,325808110
004450,삼화왕관,41800,42450,650,1.56,1658,69930350
009470,삼화전기,18050,18100,50,0.28,99873,1817420750
011230,삼화전자,2670,2685,15,0.56,101902,275595725
001820,삼화콘덴서,55000,54800,-200,-0.36,113061,6222182800
000390,삼화페인트,4800,4790,-10,-0.21,10963,52623830
001290,상상인증권,1000,1005,5,0.5,57766,58204692
041650,상신브레이크,2290,2310,20,0.87,42345,97194305
075180,새론오토모티브,3325,3330,5,0.15,7573,25063995
007540,샘표,54200,55900,1700,3.14,125663,7038255100
248170,샘표식품,41900,42350,450,1.07,110293,4706171600
007860,서연,5780,5920,140,2.42,21607637,142864233050
200880,서연이화,3295,3270,-25,-0.76,365684,1237873690
017390,서울가스,68900,68900,0,0.0,125,8615400
004410,서울식품,159,158,-1,-0.63,2437951,387965947
004415,서울식품우,4010,4015,5,0.12,625447,2634023720
021050,서원,3365,3665,300,8.92,16466704,60732489455
008490,서흥,57000,55400,-1600,-2.81,84451,4682189300
007610,선도전기,2420,2405,-15,-0.62,48205,116258660
136490,선진,9730,9680,-50,-0.51,81376,791609960
002820,선창산업,3480,3390,-90,-2.59,11597,39527125
014910,성문전자,1470,1480,10,0.68,62054,92830895
014915,성문전자우,10500,10400,-100,-0.95,14487,149778250
003080,성보화학,4815,4675,-140,-2.91,49620,234451875
004980,성신양회,6210,6250,40,0.64,125001,777250730
004985,성신양회우,10000,10500,500,5.0,93838,972845600
011300,성안,453,448,-5,-1.1,82318,36632817
000180,성창기업지주,1480,1490,10,0.68,54591,80666785
002420,세기상사,62100,59100,-3000,-4.83,10125,610044200
004360,세방,10450,10350,-100,-0.96,14969,154338650
004365,세방우,5600,5610,10,0.18,5971,33495520
004490,세방전지,30000,30500,500,1.67,40452,1236114300
001430,세아베스틸,10150,10350,200,1.97,86683,889246500
306200,세아제강,48150,48500,350,0.73,1793,86494700
003030,세아제강지주,34000,33750,-250,-0.74,2662,90105200
019440,세아특수강,10650,10800,150,1.41,8083,86230950
058650,세아홀딩스,71300,72100,800,1.12,79,5650400
013000,세우글로벌,1750,1740,-10,-0.57,189071,329355220
091090,세원셀론텍,2950,2890,-60,-2.03,289527,841286440
021820,세원정공,8090,8090,0,0.0,0,0
067830,세이브존IC,2080,2120,40,1.92,48538,102215860
033530,세종공업,4970,5190,220,4.43,1054277,5494871330
075580,세진중공업,6530,7000,470,7.2,2074690,14300922920
027970,세하,1800,1730,-70,-3.89,47543,82840200
145210,세화아이엠씨,1470,1465,-5,-0.34,781173,1146999060
308170,센트랄모텍,30650,31600,950,3.1,128420,4009467000
068270,셀트리온,316000,312500,-3500,-1.11,927851,291741859000
004430,송원산업,13100,13000,-100,-0.76,98754,1282043900
017550,수산중공업,1590,1610,20,1.26,476369,763206340
053210,스카이라이프,8030,8030,0,0.0,57489,460449330
134790,시디즈,47250,49600,2350,4.97,8138,399074100
016590,신대양제지,54500,54500,0,0.0,8955,488735000
029530,신도리코,25000,24800,-200,-0.8,15682,390421450
004970,신라교역,9750,9800,50,0.51,809,7906370
011930,신성이엔지,1335,1330,-5,-0.37,17121060,22854394140
005390,신성통상,1685,1735,50,2.97,18129478,31472016450
004170,신세계,206000,214000,8000,3.88,98419,20770452500
035510,신세계IC,123000,122500,-500,-0.41,3994,491344500
034300,신세계건설,19800,20200,400,2.02,7601,152281850
031430,신세계인터내셔날,148500,153500,5000,3.37,122613,18663348500
031440,신세계푸드,53300,53500,200,0.38,5261,279024100
006880,신송홀딩스,3830,3845,15,0.39,33946,130281780
005800,신영와코루,86500,90700,4200,4.86,784,68841100
001720,신영증권,43450,43500,50,0.12,1925,83660000
001725,신영증권우,43950,43300,-650,-1.48,2264,98452150
009270,신원,1565,1535,-30,-1.92,1379674,2143229030
009275,신원우,70400,49300,-21100,-29.97,41568,2336175300
002700,신일전자,2050,2030,-20,-0.98,2561049,5253669550
019170,신풍제약,29000,28950,-50,-0.17,1768899,50815140350
019175,신풍제약우,46900,46800,-100,-0.21,49558,2313151350
002870,신풍제지,1275,1260,-15,-1.18,30891,39267060
005450,신한,554,404,-150,-27.08,1805816,733097074
293940,신한알파리츠,6640,6750,110,1.66,85323,575935250
055550,신한지주,29300,29700,400,1.37,1435162,42648123950
001770,신화실업,22850,22300,-550,-2.41,11602,261369450
004080,신흥,9100,9130,30,0.33,1957,17722080
102280,쌍방울,904,898,-6,-0.66,1646813,1483991267
003410,쌍용양회,5300,5310,10,0.19,1211874,6435933600
003415,쌍용양회우,15450,15450,0,0.0,45544,702873400
003620,쌍용차,3370,3720,350,10.39,56482816,219952939060
004770,써니전자,3135,3105,-30,-0.96,517094,1616710880
015540,쎌마테라퓨틱스,7700,7140,-560,-7.27,1077788,7764654180
004920,씨아이테크,1065,1075,10,0.94,138432,146292130
112610,씨에스윈드,39650,41650,2000,5.04,1111487,48169446750
008700,아남전자,1690,1705,15,0.89,492711,838107700
002790,아모레G,47600,48350,750,1.58,144566,6951168800
00279K,아모레G3우전환,31900,32250,350,1.1,7466,239783300
002795,아모레G우,20150,20400,250,1.24,15698,320183050
090430,아모레퍼시픽,150000,158000,8000,5.33,374777,57998865000
090435,아모레퍼시픽우,58700,59700,1000,1.7,43427,2561860600
002030,아세아,72200,72200,0,0.0,2754,198725500
183190,아세아시멘트,55500,55400,-100,-0.18,2963,164015900
002310,아세아제지,30150,30400,250,0.83,23579,711891200
267850,아시아나IDT,15550,16150,600,3.86,137124,2177617900
020560,아시아나항공,3840,3870,30,0.78,1364246,5246686790
122900,아이마켓코리아,8300,8180,-120,-1.45,55467,455380280
010780,아이에스동서,29050,29150,100,0.34,70511,2042189250
033660,아주캐피탈,11250,11450,200,1.78,12231,140107600
001780,알루코,1785,1750,-35,-1.96,129313,229546520
018250,애경산업,21750,22900,1150,5.29,110334,2485392700
161000,애경유화,6410,6450,40,0.62,32096,205940300
011090,에넥스,1050,1080,30,2.86,2709168,2958008385
005850,에스엘,13800,13800,0,0.0,0,0
012750,에스원,84700,85600,900,1.06,45099,3853196900
023960,에쓰씨엔지니어링,1295,1295,0,0.0,40095,51401130
298690,에어부산,3840,3940,100,2.6,122935,478816935
140910,에이리츠,6370,6370,0,0.0,18317,117056560
078520,에이블씨엔씨,8450,8400,-50,-0.59,29161,245314900
015260,에이엔피,212,209,-3,-1.42,137052,28849883
007460,에이프로젠KIC,2980,2865,-115,-3.86,22496845,66087503235
003060,에이프로젠제약,1950,1895,-55,-2.82,22273630,43728118770
036570,엔씨소프트,912000,909000,-3000,-0.33,84137,76833701845
138250,엔에스쇼핑,13350,13050,-300,-2.25,153828,2016966400
085310,엔케이,1055,1080,25,2.37,477608,506506530
009810,엔케이물산,568,555,-13,-2.29,818430,456172970
900140,엘브이엠씨홀딩스,4000,3935,-65,-1.63,90826,357664605
014440,영보화학,2765,2790,25,0.9,17608,48657955
111770,영원무역,25750,26150,400,1.55,130049,3388195050
009970,영원무역홀딩스,39950,40150,200,0.5,1093,43876600
003520,영진약품,5880,5750,-130,-2.21,1634988,9602780820
000670,영풍,462000,458500,-3500,-0.76,118563,54361646500
006740,영풍제지,3135,3155,20,0.64,53096,165503365
012280,영화금속,1660,1705,45,2.71,1431522,2469905640
012160,영흥,1130,1135,5,0.44,434883,500864595
015360,예스코홀딩스,35300,35050,-250,-0.71,984,34334200
007310,오뚜기,559000,560000,1000,0.18,3238,1812538000
002630,오리엔트바이오,648,640,-8,-1.23,578036,374300929
271560,오리온,134500,137000,2500,1.86,61238,8334902000
001800,오리온홀딩스,13300,13400,100,0.75,102676,1377595950
070960,용평리조트,4080,4060,-20,-0.49,79996,327111750
316140,우리금융지주,8890,8940,50,0.56,1258950,11301463280
004720,우리들제약,6820,6660,-160,-2.35,790255,5382859540
118000,우리들휴브레인,3450,3290,-160,-4.64,8709239,29712372455
010050,우리종금,576,575,-1,-0.17,934035,537603092
006980,우성사료,3055,3055,0,0.0,358114,1091392760
017370,우신시스템,2845,2845,0,0.0,40862,116487030
105840,우진,3290,3320,30,0.91,67223,219293170
010400,우진아이엔에스,6230,6200,-30,-0.48,12307,77024490
049800,우진플라임,3165,3155,-10,-0.32,7771,24207995
016880,웅진,1100,1100,0,0.0,78715,85773250
095720,웅진씽크빅,2500,2530,30,1.2,500886,1265518880
005820,원림,16400,16200,-200,-1.22,1837,30174400
010600,웰바이오텍,2230,2300,70,3.14,416232,965903545
008600,윌비스,1240,1245,5,0.4,534312,663886615
033270,유나이티드제약,22700,23450,750,3.3,1118213,26543666000
014830,유니드,41550,41550,0,0.0,12260,510174200
000910,유니온,4880,5050,170,3.48,2483348,12706443300
047400,유니온머티리얼,3530,3710,180,5.1,47105032,180325111295
011330,유니켐,1355,1335,-20,-1.48,229649,308633535
077500,유니퀘스트,10400,10300,-100,-0.96,1180744,12000274330
002920,유성기업,2420,2405,-15,-0.62,38538,92836785
000700,유수홀딩스,6250,6250,0,0.0,10956,68399670
003470,유안타증권,2670,2675,5,0.19,167266,447171185
003475,유안타증권우,2020,2025,5,0.25,85706,172999855
011690,유양디앤유,1220,1220,0,0.0,0,0
072130,유엔젤,2970,3005,35,1.18,62622,188082350
000220,유유제약,13500,14100,600,4.44,1874619,27436589600
000225,유유제약1우,9750,11150,1400,14.36,819720,9283167870
000227,유유제약2우B,22300,23150,850,3.81,10846,262247050
001200,유진투자증권,3020,2960,-60,-1.99,405929,1210934615
000100,유한양행,52100,52000,-100,-0.19,348660,18063461000
000105,유한양행우,56500,56500,0,0.0,19344,1090934500
003460,유화증권,2200,2205,5,0.23,3323,7276660
003465,유화증권우,2640,2675,35,1.33,5001,13318755
008730,율촌화학,14400,15050,650,4.51,141891,2098445650
008250,이건산업,7980,8340,360,4.51,451393,3707493260
025820,이구산업,1520,1555,35,2.3,2215549,3367852385
214320,이노션,46000,45850,-150,-0.33,33402,1536489050
088260,이리츠코크렙,5790,5840,50,0.86,78358,455547280
139480,이마트,107500,107500,0,0.0,225944,24191750000
007660,이수페타시스,3485,3675,190,5.45,1156148,4235791135
005950,이수화학,8680,8640,-40,-0.46,90890,775063640
015020,이스타코,697,707,10,1.43,97461,68131639
093230,이아이디,225,224,-1,-0.44,3426175,768993028
074610,이엔플러스,6130,6270,140,2.28,3892975,24755893620
102460,이연제약,17200,16650,-550,-3.2,302155,5138442950
084680,이월드,4100,4150,50,1.22,1499060,6273961535
000760,이화산업,14500,14400,-100,-0.69,8260,121599000
014990,인디에프,2035,2025,-10,-0.49,931822,1888275920
006490,인스코비,2060,2050,-10,-0.49,274092,563516495
023800,인지컨트롤스,4900,5280,380,7.76,1676523,8450342945
034590,인천도시가스,24000,24150,150,0.63,1218,29328400
129260,인터지스,1550,1590,40,2.58,48601,76419080
023810,인팩,4300,4410,110,2.56,93956,420441195
249420,일동제약,16350,16200,-150,-0.92,184406,3004125250
000230,일동홀딩스,9190,9230,40,0.44,4647,42885730
013360,일성건설,983,970,-13,-1.32,120153,116950886
003120,일성신약,81000,82500,1500,1.85,7074,582694100
003200,일신방직,60500,61600,1100,1.82,5925,359797400
007110,일신석재,2300,2270,-30,-1.3,1381596,3142290625
007570,일양약품,64700,63200,-1500,-2.32,1077693,69812720100
007575,일양약품우,97300,93000,-4300,-4.42,53865,5049579400
008500,일정실업,13200,12300,-900,-6.82,4630,58028100
081000,일진다이아,40000,40100,100,0.25,513697,20489966700
020760,일진디스플,2955,2960,5,0.17,136599,407642240
020150,일진머티리얼즈,53000,52100,-900,-1.7,1583645,83045199000
103590,일진전기,2610,2625,15,0.57,35273,92131625
015860,일진홀딩스,4550,4605,55,1.21,301985,1390523360
226320,잇츠한불,12300,12350,50,0.41,9589,118440450
317400,자이에스앤디,6110,6130,20,0.33,191996,1186740780
033240,자화전자,6660,6550,-110,-1.65,93833,618685660
000950,전방,24950,23400,-1550,-6.21,139961,3372877100
194370,제이에스코퍼레이션,7240,7240,0,0.0,28914,208968240
025620,제이준코스메틱,2520,2530,10,0.4,165785,416988525
036420,제이콘텐트리,30200,29600,-600,-1.99,116994,3496336750
030000,제일기획,16250,16600,350,2.15,387474,6369665900
271980,제일약품,52400,50200,-2200,-4.2,302020,15586845700
001560,제일연마,6130,6150,20,0.33,8636,52831020
002620,제일파마홀딩스,20500,20050,-450,-2.2,38146,774593400
006220,제주은행,3085,3100,15,0.49,12529,38887420
089590,제주항공,15850,16250,400,2.52,110483,1772386700
004910,조광페인트,5600,5620,20,0.36,3042,16977490
004700,조광피혁,58000,56100,-1900,-3.28,9734,552043700
001550,조비,15200,15200,0,0.0,38848,587295500
000480,조선내화,71500,72200,700,0.98,1236,89349700
120030,조선선재,130000,117500,-12500,-9.62,49379,5916217500
018470,조일알미늄,535,536,1,0.19,25947,13768597
002600,조흥,151500,149000,-2500,-1.65,463,69748500
185750,종근당,115500,113000,-2500,-2.16,100421,11395754500
063160,종근당바이오,40150,40550,400,1.0,178649,7176082700
001630,종근당홀딩스,122500,122500,0,0.0,12669,1560045000
044380,주연테크,1305,1330,25,1.92,957959,1275832605
013890,지누스,77100,81200,4100,5.32,137368,10997219500
013870,지엠비코리아,5310,5240,-70,-1.32,234767,1229711870
071320,지역난방공사,33200,33000,-200,-0.6,13049,429318700
010580,지코,306,306,0,0.0,0,0
035000,지투알,4945,5030,85,1.72,5937,29583280
088790,진도,2620,2650,30,1.15,39826,105614610
003780,진양산업,3330,3365,35,1.05,101384,338775360
010640,진양폴리,2755,2935,180,6.53,736022,2168862335
100250,진양홀딩스,2385,2390,5,0.21,67691,162116400
051630,진양화학,3040,3040,0,0.0,115268,350723850
272450,진에어,10100,10400,300,2.97,92220,944575000
011000,진원생명과학,9200,9500,300,3.26,9917008,98674770190
002780,진흥기업,1980,1960,-20,-1.01,21957,42917220
002787,진흥기업2우B,14800,15000,200,1.35,6630,97841600
002785,진흥기업우B,5360,5460,100,1.87,15470,82655180
009310,참엔지니어링,1365,1335,-30,-2.2,314378,415970855
000650,천일고속,62700,61400,-1300,-2.07,7213,446346900
012600,청호컴넷,3035,3000,-35,-1.15,16464,49269820
033250,체시스,2125,2125,0,0.0,226038,477801970
035720,카카오,274500,274500,0,0.0,812726,222176971500
006380,카프로,2545,2595,50,1.96,146165,380131595
109070,컨버즈,4100,4100,0,0.0,0,0
001620,케이비아이동국실업,511,514,3,0.59,32812,16811287
029460,케이씨,18700,18800,100,0.53,81081,1515947100
344820,케이씨씨글라스,33550,34350,800,2.38,187795,6407425650
281820,케이씨텍,20500,20500,0,0.0,69780,1422242250
145270,케이탑리츠,756,758,2,0.26,41601,31447153
007815,코리아써우,5150,4995,-155,-3.01,13300,68077805
007810,코리아써키트,13550,13700,150,1.11,1479887,20542471450
00781K,코리아써키트2우B,6710,6510,-200,-2.98,16164,104620160
152330,코리아오토글라스,13200,13550,350,2.65,70242,956615500
003690,코리안리,7390,7350,-40,-0.54,254198,1877658140
192820,코스맥스,91800,94500,2700,2.94,155653,14576286600
044820,코스맥스비티아이,15850,16250,400,2.52,30805,491096950
005070,코스모신소재,12700,12500,-200,-1.57,481296,6079944300
005420,코스모화학,8110,8090,-20,-0.25,233103,1885890960
071950,코아스,1075,1080,5,0.47,131077,141273255
002020,코오롱,17550,17400,-150,-0.85,79654,1387356800
003070,코오롱글로벌,8550,8500,-50,-0.58,50567,431789740
003075,코오롱글로벌우,22350,23600,1250,5.59,51228,1200260600
144620,코오롱머티리얼,1735,1720,-15,-0.86,167678,285874130
002025,코오롱우,11900,11900,0,0.0,15159,178728500
120110,코오롱인더,32100,32000,-100,-0.31,106052,3390137800
120115,코오롱인더우,17200,17250,50,0.29,12791,219513100
138490,코오롱플라스틱,3920,3850,-70,-1.79,114794,439592395
021240,코웨이,71000,72500,1500,2.11,179090,12831277400
031820,콤텍시스템,1285,1285,0,0.0,1070251,1383631170
192400,쿠쿠홀딩스,76100,76600,500,0.66,6518,496808800
284740,쿠쿠홈시스,34000,33900,-100,-0.29,41487,1402232400
015590,큐로,1025,1090,65,6.34,4750637,5152687810
264900,크라운제과,8970,9060,90,1.0,13418,119816500
26490K,크라운제과우,8070,8180,110,1.36,41949,343044510
005740,크라운해태홀딩스,8570,8400,-170,-1.98,23777,200996620
005745,크라운해태홀딩스우,12200,11900,-300,-2.46,12596,152639000
020120,키다리스튜디오,6830,6590,-240,-3.51,176895,1188176420
039490,키움증권,90600,89700,-900,-0.99,71900,6441406300
012170,키위미디어그룹,150,150,0,0.0,0,0
014580,태경비케이,3365,3340,-25,-0.74,145195,485826930
015890,태경산업,4860,4855,-5,-0.1,12547,60904780
006890,태경케미컬,6250,6340,90,1.44,819244,5250482890
003240,태광산업,716000,717000,1000,0.14,594,426406000
011280,태림포장,3360,3385,25,0.74,216016,732953915
004100,태양금속,1095,1080,-15,-1.37,197538,216406690
004105,태양금속우,3260,3290,30,0.92,181921,610075135
009410,태영건설,16300,16200,-100,-0.61,323534,5226803250
009415,태영건설우,9400,9530,130,1.38,64954,615562060
001420,태원물산,3415,3415,0,0.0,11809,39877955
007980,태평양물산,2010,2020,10,0.5,429804,880820655
055490,테이팩스,23150,23850,700,3.02,78136,1844645800
078000,텔코웨어,12050,12050,0,0.0,20187,245186800
214420,토니모리,9140,9300,160,1.75,38215,351848720
019180,티에이치엔,2470,2530,60,2.43,103981,260126875
091810,티웨이항공,3035,3125,90,2.97,72665,223613430
004870,티웨이홀딩스,1060,1070,10,0.94,156066,165748375
005690,파미셀,18400,18400,0,0.0,1775746,33127092200
036580,팜스코,6000,5990,-10,-0.17,181119,1075482300
028670,팬오션,3770,4000,230,6.1,15478400,62532376295
010820,퍼스텍,2235,2250,15,0.67,4786054,11024399225
016800,퍼시스,28300,28300,0,0.0,5441,154010950
001020,페이퍼코리아,1200,1205,5,0.42,46028,54935605
090080,평화산업,1260,1250,-10,-0.79,139064,173387895
010770,평화홀딩스,2955,2990,35,1.18,23016,67581030
058430,포스코강판,13000,13100,100,0.77,38257,495902150
047050,포스코인터내셔널,14050,14000,-50,-0.36,153533,2156020250
003670,포스코케미칼,78300,77000,-1300,-1.66,926342,71169692900
007630,폴루스바이오팜,1225,1225,0,0.0,0,0
017810,풀무원,18200,17750,-450,-2.47,176014,3165484300
103140,풍산,20500,20900,400,1.95,165003,3436390100
005810,풍산홀딩스,26550,26450,-100,-0.38,1618,42699550
033180,필룩스,4400,4335,-65,-1.48,1036996,4542070875
086790,하나금융지주,26850,27550,700,2.61,1236957,34115331850
099340,하나니켈1호,210,211,1,0.48,7861307,1660319906
099350,하나니켈2호,869,609,-260,-29.92,2786797,1930887231
293480,하나제약,22650,23300,650,2.87,90823,2098913700
039130,하나투어,36600,37200,600,1.64,38536,1426441400
172580,하이골드12호,2235,2220,-15,-0.67,23584,52213750
153360,하이골드3호,1370,1360,-10,-0.73,15286,20801105
071090,하이스틸,17400,17550,150,0.86,5151,89668800
019490,하이트론,2925,3035,110,3.76,25175,75421015
000080,하이트진로,44100,44350,250,0.57,447209,19768134050
000087,하이트진로2우B,22600,22750,150,0.66,8313,185434450
000140,하이트진로홀딩스,22800,22700,-100,-0.44,48453,1095583950
000145,하이트진로홀딩스우,18550,18500,-50,-0.27,8113,150851700
152550,한국ANKOR유전,1755,1730,-25,-1.42,3628,6269555
036460,한국가스공사,26500,26650,150,0.57,148043,3961364550
005430,한국공항,34150,34200,50,0.15,8766,299649500
071050,한국금융지주,46400,46300,-100,-0.22,274010,12704967700
071055,한국금융지주우,32200,32550,350,1.09,17480,566616250
010040,한국내화,3460,3460,0,0.0,180384,627384190
025540,한국단자,33950,33100,-850,-2.5,41901,1402722000
004090,한국석유,97200,97200,0,0.0,4234,409199400
002200,한국수출포장,19600,19550,-50,-0.26,4124,80300950
002960,한국쉘석유,236500,235000,-1500,-0.63,2967,697380000
123890,한국자산신탁,2880,2900,20,0.69,323074,932704020
015760,한국전력,19300,19450,150,0.78,2454982,48089346450
006200,한국전자홀딩스,560,554,-6,-1.07,81801,45099302
002300,한국제지,19150,19300,150,0.78,31113,595459350
009540,한국조선해양,87600,88800,1200,1.37,157275,13907692800
023350,한국종합기술,3850,3910,60,1.56,8600,33346610
025890,한국주강,1320,1405,85,6.44,109025,152017555
000970,한국주철관,8790,8670,-120,-1.37,42607,371956580
104700,한국철강,4500,4480,-20,-0.44,75369,337759630
017960,한국카본,7710,7640,-70,-0.91,424013,3240554780
161890,한국콜마,40400,41000,600,1.49,95691,3901945250
024720,한국콜마홀딩스,20000,19700,-300,-1.5,72614,1440581400
161390,한국타이어앤테크놀로지,24200,24600,400,1.65,178219,4363093300
000240,한국테크놀로지그룹,11200,11150,-50,-0.45,22227270,247960823550
034830,한국토지신탁,1735,1720,-15,-0.86,648467,1121449745
007280,한국특수형강,1365,1380,15,1.1,79859,108751930
168490,한국패러랠,2040,2015,-25,-1.23,10182,20516595
010100,한국프랜지,2920,2745,-175,-5.99,2478075,7120808735
047810,한국항공우주,23900,24000,100,0.42,304047,7287503700
123690,한국화장품,12000,12000,0,0.0,170267,2031446750
003350,한국화장품제조,34800,34950,150,0.43,29543,1027371150
011500,한농화성,4670,4720,50,1.07,17857,83736070
002390,한독,30300,29600,-700,-2.31,160663,4813540550
014790,한라,2820,2825,5,0.18,133807,379472710
060980,한라홀딩스,27800,27700,-100,-0.36,21695,604284650
053690,한미글로벌,6940,6980,40,0.58,14609,101804610
042700,한미반도체,7720,7690,-30,-0.39,205956,1588513010
008930,한미사이언스,34350,35400,1050,3.06,251092,8903681950
128940,한미약품,253000,254000,1000,0.4,45955,11667073500
009240,한샘,84500,88200,3700,4.38,96382,8346306900
020000,한섬,34300,33400,-900,-2.62,141758,4757337700
003680,한성기업,10100,10250,150,1.49,512168,5189644140
105630,한세실업,10700,10650,-50,-0.47,106172,1136575850
069640,한세엠케이,2850,2785,-65,-2.28,15475,43288015
016450,한세예스24홀딩스,4290,4290,0,0.0,25500,108596205
010420,한솔PNS,1390,1370,-20,-1.44,82089,113084105
009180,한솔로지스틱스,1940,1830,-110,-5.67,2148013,4051168870
213500,한솔제지,14400,14350,-50,-0.35,110048,1577162750
014680,한솔케미칼,133000,132000,-1000,-0.75,125916,16964706500
004710,한솔테크닉스,7180,7140,-40,-0.56,157146,1121710250
004150,한솔홀딩스,3070,3020,-50,-1.63,141394,426041560
025750,한솔홈데코,984,1005,21,2.13,538450,536797521
004960,한신공영,12050,11900,-150,-1.24,12825,153183050
011700,한신기계,1285,1290,5,0.39,113201,145627610
001750,한양증권,7050,7050,0,0.0,29391,206342270
001755,한양증권우,10700,10050,-650,-6.07,18269,186894100
018880,한온시스템,9450,9350,-100,-1.06,780883,7302653010
009420,한올바이오파마,30900,30050,-850,-2.75,565786,17077172100
014130,한익스프레스,4380,4360,-20,-0.46,100041,435393550
300720,한일시멘트,81900,81800,-100,-0.12,2557,208174600
002220,한일철강,1640,1630,-10,-0.61,14229,23059000
006390,한일현대시멘트,28150,28150,0,0.0,15999,449851900
003300,한일홀딩스,45800,45850,50,0.11,1603,73660250
051600,한전KPS,29300,29600,300,1.02,74187,2196128950
052690,한전기술,15050,15100,50,0.33,30508,463534850
130660,한전산업,3150,3190,40,1.27,10979,34929705
002320,한진,44250,45600,1350,3.05,104722,4762014750
097230,한진중공업,5950,5880,-70,-1.18,92996,552163900
003480,한진중공업홀딩스,3230,3205,-25,-0.77,24369,78419570
180640,한진칼,81700,83000,1300,1.59,518324,43781585000
18064K,한진칼우,53100,53800,700,1.32,82933,4601347400
005110,한창,2165,2125,-40,-1.85,685809,1469419205
009460,한창제지,1980,1995,15,0.76,601514,1199847705
000880,한화,22350,22000,-350,-1.57,389260,8641239650
00088K,한화3우B,11550,11600,50,0.43,59612,686127350
088350,한화생명,1355,1355,0,0.0,2908164,3945558385
000370,한화손해보험,2575,2620,45,1.75,577155,1528651575
009830,한화솔루션,18950,19750,800,4.22,2034552,39292028850
009835,한화솔루션우,20000,19800,-200,-1.0,152827,3011577850
272210,한화시스템,9180,9170,-10,-0.11,464482,4267012670
012450,한화에어로스페이스,24100,25150,1050,4.36,564237,14079477550
000885,한화우,46200,45400,-800,-1.73,120627,5506420500
003530,한화투자증권,1735,1730,-5,-0.29,683295,1179251460
003535,한화투자증권우,2225,2190,-35,-1.57,331918,724714105
195870,해성디에스,15100,14950,-150,-0.99,84016,1266683900
101530,해태제과식품,9210,8920,-290,-3.15,99566,905654130
143210,핸즈코퍼레이션,5960,6050,90,1.51,11430,68251040
000720,현대건설,33400,33550,150,0.45,695187,23375638050
267270,현대건설기계,21750,21300,-450,-2.07,168352,3604012300
000725,현대건설우,458000,321000,-137000,-29.91,12384,4786220000
005440,현대그린푸드,7780,7680,-100,-1.29,304715,2343766480
086280,현대글로비스,105500,106000,500,0.47,67527,7195377500
064350,현대로템,15550,15300,-250,-1.61,2311672,36094610200
079430,현대리바트,15350,17400,2050,13.36,3659108,62244890550
012330,현대모비스,194000,198500,4500,2.32,295836,58758860000
010620,현대미포조선,32000,32000,0,0.0,166489,5341913850
069960,현대백화점,56300,56500,200,0.36,108886,6141074500
004560,현대비앤지스틸,7020,7050,30,0.43,39703,278653110
004565,현대비앤지스틸우,88000,92800,4800,5.45,45313,4277280000
011760,현대상사,13250,13300,50,0.38,19260,256907450
004310,현대약품,6090,6110,20,0.33,6437151,41084361120
322000,현대에너지솔루션,26250,28300,2050,7.81,502656,13842899900
126560,현대에이치씨엔,4420,4325,-95,-2.15,643682,2840288775
017800,현대엘리베이,67600,67800,200,0.3,244008,16512245000
307950,현대오토에버,38750,38250,-500,-1.29,16509,634847400
011210,현대위아,35150,35650,500,1.42,77878,2769963300
267260,현대일렉트릭,7740,7820,80,1.03,85361,664060600
004020,현대제철,20600,20850,250,1.21,402741,8365031750
267250,현대중공업지주,245500,246500,1000,0.41,23635,5815339500
005380,현대차,99400,100000,600,0.6,670161,67026633300
005387,현대차2우B,59000,58700,-300,-0.51,119960,7072789200
005389,현대차3우B,55100,55400,300,0.54,9024,498688500
005385,현대차우,56200,56400,200,0.36,70691,3987938100
001500,현대차증권,8490,8480,-10,-0.12,32321,274234980
227840,현대코퍼레이션홀딩스,9570,9480,-90,-0.94,21905,208109800
001450,현대해상,24100,23700,-400,-1.66,195632,4661841050
057050,현대홈쇼핑,64500,65400,900,1.4,22685,1475313200
093240,형지엘리트,1030,1030,0,0.0,90932,93269830
003010,혜인,4835,4925,90,1.86,857095,4248982795
111110,호전실업,9660,9470,-190,-1.97,32684,310493470
008770,호텔신라,68500,68700,200,0.29,373427,25663537000
008775,호텔신라우,65300,64100,-1200,-1.84,38771,2490674200
002460,화성산업,9650,9740,90,0.93,11127,107571050
013520,화승알앤에이,1560,1525,-35,-2.24,96788,148789525
241590,화승엔터프라이즈,11550,11550,0,0.0,361623,4189869650
006060,화승인더,7260,7200,-60,-0.83,453687,3262171250
010690,화신,1950,1980,30,1.54,90512,175894170
133820,화인베스틸,2755,2735,-20,-0.73,1517443,4192935675
010660,화천기계,3400,3415,15,0.44,408413,1395512930
000850,화천기공,30750,30950,200,0.65,2750,84231400
016580,환인제약,14850,14800,-50,-0.34,63774,943466200
032560,황금에스티,5700,5670,-30,-0.53,25652,146433660
004800,효성,63100,63700,600,0.95,36414,2324443500
094280,효성ITX,19300,19300,0,0.0,51316,990383450
298040,효성중공업,28100,28300,200,0.71,762031,22302173600
298050,효성첨단소재,123500,112000,-11500,-9.31,344626,39270221500
298020,효성티앤씨,115500,116500,1000,0.87,12781,1488027500
298000,효성화학,106000,105500,-500,-0.47,8386,890733000
093370,후성,8370,8300,-70,-0.84,1300984,10842498950
081660,휠라홀딩스,35000,34700,-300,-0.86,553132,19097375256
005870,휴니드,6250,6540,290,4.64,1777198,11631114310
079980,휴비스,6260,6290,30,0.48,138506,876719320
005010,휴스틸,6600,6560,-40,-0.61,12430,80902350
069260,휴켐스,16800,16350,-450,-2.68,186033,3072275200
000540,흥국화재,2255,2280,25,1.11,15382,35099720
000547,흥국화재2우B,25200,24150,-1050,-4.17,11305,276921900
000545,흥국화재우,5610,5550,-60,-1.07,25086,139963750
003280,흥아해운,258,258,0,0.0,0,0
