티커,종목명,시가,종가,변동폭,등락률,거래량,거래대금
095570,AJ네트웍스,3810,3860,50,1.31,52646,202728155
006840,AK홀딩스,25000,24800,-200,-0.8,33090,820287450
027410,BGF,4785,4735,-50,-1.04,191301,910526295
282330,BGF리테일,161000,157500,-3500,-2.17,47527,7516693500
138930,BNK금융지주,4820,4730,-90,-1.87,1008720,4790228105
001460,BYC,211500,215000,3500,1.65,1151,246117500
001465,BYC우,121000,121000,0,0.0,184,21955500
001040,CJ,84300,86500,2200,2.61,158284,13667046200
079160,CJCGV,23250,23250,0,0.0,296764,6879863950
00104K,CJ4우전환,60000,61400,1400,2.33,21824,1330167700
000120,CJ대한통운,155000,156500,1500,0.97,84190,13079584000
011150,CJ씨푸드,4060,4055,-5,-0.12,1511904,6166907090
011155,CJ씨푸드1우,34100,34050,-50,-0.15,2579,88817900
001045,CJ우,40700,41200,500,1.23,12435,510406150
097950,CJ제일제당,294500,296000,1500,0.51,131278,39122301000
097955,CJ제일제당우,123500,124000,500,0.4,5779,719414000
000590,CS홀딩스,49200,49350,150,0.3,895,44041450
012030,DB,759,778,19,2.5,983340,759873323
016610,DB금융투자,3325,3370,45,1.35,129819,436556235
005830,DB손해보험,48300,47900,-400,-0.83,290909,14141955950
000990,DB하이텍,27800,28350,550,1.98,987217,27809673750
000995,DB하이텍1우,45100,45500,400,0.89,2684,122677200
139130,DGB금융지주,4985,4950,-35,-0.7,599854,2967502840
001530,DI동일,62900,64600,1700,2.7,21338,1360317700
004840,DRB동일,6410,6720,310,4.84,458220,3041286370
155660,DSR,3780,3805,25,0.66,27353,103320405
069730,DSR제강,3605,3650,45,1.25,36920,134244395
017940,E1,37750,38100,350,0.93,6162,232023300
007700,FF,101500,101500,0,0.0,55501,5622581000
114090,GKL,15450,15300,-150,-0.97,205289,3146519600
078930,GS,38450,38000,-450,-1.17,176694,6741760250
006360,GS건설,24950,25100,150,0.6,347034,8684157100
001250,GS글로벌,1705,1700,-5,-0.29,291099,493815350
007070,GS리테일,40900,40900,0,0.0,340409,14006454350
078935,GS우,30050,30150,100,0.33,4626,138882350
012630,HDC,9640,9870,230,2.39,655093,6494159730
039570,HDC아이콘트롤스,8980,8990,10,0.11,22012,196686640
089470,HDC현대EP,4040,4065,25,0.62,268309,1076811025
294870,HDC현대산업개발,20000,21350,1350,6.75,3483217,73620567000
011200,HMM,3800,3795,-5,-0.13,1014561,3842959085
082740,HSD엔진,3185,3365,180,5.65,664286,2198165580
003560,IHQ,1640,1640,0,0.0,895885,1464384550
175330,JB금융지주,4745,4675,-70,-1.48,262175,1222040485
234080,JW생명과학,18200,18400,200,1.1,93900,1717085300
001060,JW중외제약,32900,33750,850,2.58,400388,13443878850
001067,JW중외제약2우B,42200,43000,800,1.9,3068,131922800
001065,JW중외제약우,26900,27250,350,1.3,5903,161671900
096760,JW홀딩스,5230,5330,100,1.91,167324,884295560
105560,KB금융,31950,32050,100,0.31,1529458,48845841650
002380,KCC,149000,150000,1000,0.67,73803,11066207500
009070,KCTC,2340,2385,45,1.92,188919,445032100
009440,KC그린홀딩스,3675,3870,195,5.31,154410,589629925
119650,KC코트렐,5050,5380,330,6.53,551017,2898238875
092220,KEC,819,819,0,0.0,760249,623359597
016380,KG동부제철,12250,12250,0,0.0,67598,833678900
016385,KG동부제철우,66400,65400,-1000,-1.51,143,9268900
001390,KG케미칼,14550,14750,200,1.37,131199,1925721000
001940,KISCO홀딩스,10900,10950,50,0.46,6809,73904450
025000,KPX케미칼,49700,49600,-100,-0.2,1300,64468500
092230,KPX홀딩스,44350,44650,300,0.68,1785,79170300
000040,KR모터스,909,984,75,8.25,2621791,2538546831
044450,KSS해운,7570,7760,190,2.51,81701,630821940
030200,KT,25000,24900,-100,-0.4,876092,21958738100
033780,KTG,78700,78500,-200,-0.25,322093,25336121500
030210,KTB투자증권,2495,2485,-10,-0.4,246255,614338210
058850,KTcs,1845,1845,0,0.0,178966,330637520
058860,KTis,2145,2175,30,1.4,164803,353706025
093050,LF,12850,13200,350,2.72,219819,2901611600
003550,LG,64500,63500,-1000,-1.55,366146,23240627163
034220,LG디스플레이,10650,10550,-100,-0.94,1445262,15218809100
001120,LG상사,14100,13950,-150,-1.06,213303,2984566550
051900,LG생활건강,1417000,1416000,-1000,-0.07,30145,42791987000
051905,LG생활건강우,719000,722000,3000,0.42,2443,1748805000
003555,LG우,44000,43650,-350,-0.8,6314,276039900
032640,LG유플러스,13600,13550,-50,-0.37,2072518,28111587950
011070,LG이노텍,139500,142000,2500,1.79,215537,30575360500
066570,LG전자,58200,58000,-200,-0.34,552137,31810388400
066575,LG전자우,21650,21600,-50,-0.23,40125,863931100
108670,LG하우시스,59500,59000,-500,-0.84,74941,4486497200
108675,LG하우시스우,23300,23500,200,0.86,2253,53026500
037560,LG헬로비전,4435,4515,80,1.8,215413,968068805
051910,LG화학,357000,362500,5500,1.54,358098,128275474500
051915,LG화학우,158500,160000,1500,0.95,25333,4009641000
079550,LIG넥스원,27950,28750,800,2.86,206281,5902187450
006260,LS,36750,37000,250,0.68,69368,2559782200
010120,LSELECTRIC,39150,39000,-150,-0.38,47380,1853254800
000680,LS네트웍스,1895,1915,20,1.06,17125,32669510
229640,LS전선아시아,7170,7140,-30,-0.42,55940,398131220
023150,MH에탄올,8610,8700,90,1.05,185361,1621201980
035420,NAVER,213500,222000,8500,3.98,977544,215443492692
181710,NHN,85200,89400,4200,4.93,287855,25309418700
005940,NH투자증권,9600,9600,0,0.0,877154,8386143620
005945,NH투자증권우,7330,7330,0,0.0,40042,292760580
338100,NH프라임리츠,5010,5050,40,0.8,44582,224288080
034310,NICE,21200,21050,-150,-0.71,28708,607930800
008260,NI스틸,1745,1780,35,2.01,59683,105464820
004250,NPC,3715,3680,-35,-0.94,32202,117926265
004255,NPC우,2120,2160,40,1.89,5581,11850750
010060,OCI,38900,39650,750,1.93,169611,6750911550
005490,POSCO,178000,174500,-3500,-1.97,383809,67862496500
100840,STC,16700,16650,-50,-0.3,13414,222606850
064960,ST모티브,40950,40800,-150,-0.37,38451,1562509300
003570,ST중공업,5460,5480,20,0.37,19245,105567870
036530,ST홀딩스,15100,15250,150,0.99,4048,61248200
010950,S-Oil,72400,70900,-1500,-2.07,502180,35739230100
010955,S-Oil우,39050,39000,-50,-0.13,16087,628093400
034120,SBS,17550,17450,-100,-0.57,87608,1539624100
101060,SBS미디어홀딩스,1875,1875,0,0.0,55659,104545595
004060,SG세계물산,690,690,0,0.0,866833,597742968
001380,SG충방,1275,1305,30,2.35,193687,250946735
002360,SH에너지화학,901,905,4,0.44,1116177,1007292883
009160,SIMPAC,2570,2590,20,0.78,43119,111188120
123700,SJM,2825,2845,20,0.71,15318,43516325
025530,SJM홀딩스,2720,2710,-10,-0.37,14708,39983880
034730,SK,201500,222000,20500,10.17,1317938,284277981500
011790,SKC,53800,54100,300,0.56,256772,13803380800
018670,SK가스,79200,80800,1600,2.02,15002,1208763200
001740,SK네트웍스,5120,5080,-40,-0.78,553828,2840641990
001745,SK네트웍스우,77000,77700,700,0.91,1286,99801500
006120,SK디스커버리,28900,28750,-150,-0.52,247550,7195036150
006125,SK디스커버리우,18200,17800,-400,-2.2,40456,736998750
210980,SK디앤디,24800,24650,-150,-0.6,20572,509541100
068400,SK렌터카,9900,9900,0,0.0,77641,760043000
03473K,SK우,217500,211000,-6500,-2.99,150812,32391361000
096770,SK이노베이션,103500,103500,0,0.0,614306,63351669000
096775,SK이노베이션우,73000,72500,-500,-0.68,9869,717845500
001510,SK증권,654,659,5,0.76,1579147,1034290666
001515,SK증권우,2700,2705,5,0.19,46333,124562710
285130,SK케미칼,94300,93100,-1200,-1.27,716582,67989675800
28513K,SK케미칼우,40800,40550,-250,-0.61,231945,9608054650
017670,SK텔레콤,209000,211500,2500,1.2,246227,52127577000
000660,SK하이닉스,82700,84100,1400,1.69,3924403,327323761395
005610,SPC삼립,73100,74200,1100,1.5,9444,697727900
011810,STX,6790,6830,40,0.59,24491,166331540
077970,STX엔진,6390,6400,10,0.16,20375,130315810
071970,STX중공업,2235,2265,30,1.34,67258,150497345
084870,TBH글로벌,1385,1415,30,2.17,22196,31053730
002710,TCC스틸,1860,1880,20,1.08,32408,60491570
024070,WISCOM,2045,2075,30,1.47,54571,112794680
037270,YGPLUS,1790,1860,70,3.91,1177447,2141159295
000500,가온전선,16600,16450,-150,-0.9,2840,46813200
000860,강남제비스코,15950,15950,0,0.0,35918,574064150
035250,강원랜드,23800,25000,1200,5.04,2267014,56817069450
011420,갤럭시아에스엠,1360,1370,10,0.74,82596,113451290
002100,경농,12050,12350,300,2.49,123457,1504433650
009450,경동나비엔,39600,39250,-350,-0.88,33869,1325048950
267290,경동도시가스,17900,17800,-100,-0.56,2472,44094450
012320,경동인베스트,26850,26900,50,0.19,4158,111232400
000050,경방,10600,10850,250,2.36,87510,938964600
214390,경보제약,8160,8200,40,0.49,32559,264825530
012610,경인양행,7020,7390,370,5.27,2215477,16599575620
009140,경인전자,17050,17050,0,0.0,894,14993800
013580,계룡건설,16000,16600,600,3.75,29374,487507950
012200,계양전기,2835,2840,5,0.18,152503,435159880
012205,계양전기우,7220,7150,-70,-0.97,14557,104067510
004200,고려개발,9000,8840,-160,-1.78,14314,127348670
002140,고려산업,3520,3490,-30,-0.85,1284126,4535439865
010130,고려아연,385000,386000,1000,0.26,28213,10864565500
002240,고려제강,13800,14000,200,1.45,21273,296673450
009290,광동제약,6830,6820,-10,-0.15,245635,1679008630
017040,광명전기,2040,2045,5,0.25,115905,236125900
017900,광전자,1905,1955,50,2.62,124346,242355015
037710,광주신세계,145000,144500,-500,-0.34,278,40059500
030610,교보증권,7010,7020,10,0.14,47272,330873610
007690,국도화학,39700,39900,200,0.5,2526,100888400
005320,국동,3270,3150,-120,-3.67,4506193,14343782375
001140,국보,1665,1725,60,3.6,1013623,1732196975
002720,국제약품,7200,7250,50,0.69,506556,3682780350
083420,그린케미칼,3675,3660,-15,-0.41,35502,130839370
014530,극동유화,3160,3175,15,0.47,188973,597806400
014280,금강공업,3095,3095,0,0.0,96537,301956760
014285,금강공업우,8460,8570,110,1.3,4057,34577520
008870,금비,49800,50000,200,0.4,313,15609900
001570,금양,2525,2580,55,2.18,168885,430002445
002990,금호산업,7190,7240,50,0.7,84606,610957520
002995,금호산업우,28600,27850,-750,-2.62,5194,145870000
011780,금호석유,72500,71900,-600,-0.83,176568,12685723500
011785,금호석유우,28350,28050,-300,-1.06,11827,330390400
214330,금호에이치티,3740,3900,160,4.28,114350,442093245
001210,금호전기,3460,3485,25,0.72,34128,118532010
073240,금호타이어,3015,3005,-10,-0.33,260346,781721030
092440,기신정기,3115,3135,20,0.64,31546,98947555
000270,기아차,31700,30850,-850,-2.68,1969201,60927504500
024110,기업은행,7730,7680,-50,-0.65,1459404,11205991360
013700,까뮤이앤씨,1315,1390,75,5.7,9575969,13399539400
004540,깨끗한나라,4005,4010,5,0.12,519781,2090989585
004545,깨끗한나라우,19300,19650,350,1.81,3602,70494900
001260,남광토건,12100,11950,-150,-1.24,57604,690127200
008350,남선알미늄,5710,6080,370,6.48,83074384,511223583160
008355,남선알미우,32850,33850,1000,3.04,67012,2301742000
004270,남성,2410,2460,50,2.07,1482407,3662873180
003920,남양유업,314500,313500,-1000,-0.32,1883,591422000
003925,남양유업우,106500,106500,0,0.0,450,47680000
002070,남영비비안,1055,1100,45,4.27,3138191,3406489540
025860,남해화학,7700,7710,10,0.13,162074,1256804610
005720,넥센,4420,4420,0,0.0,85074,373164755
005725,넥센우,2605,2645,40,1.54,6780,17729420
002350,넥센타이어,6030,5990,-40,-0.66,212974,1276664550
002355,넥센타이어1우B,2345,2360,15,0.64,5412,12725560
003580,넥스트사이언스,6470,6700,230,3.55,284182,1877058330
251270,넷마블,95700,95600,-100,-0.1,180295,17214723300
090350,노루페인트,7680,7710,30,0.39,961974,7631883970
090355,노루페인트우,11350,11450,100,0.88,66019,780673650
000320,노루홀딩스,9750,9900,150,1.54,8587,84554150
000325,노루홀딩스우,17500,17750,250,1.43,206,3620850
006280,녹십자,150000,149000,-1000,-0.67,78848,11772804500
005250,녹십자홀딩스,23000,22500,-500,-2.17,112112,2539883600
005257,녹십자홀딩스2우,17200,17150,-50,-0.29,296,5077200
004370,농심,313000,311000,-2000,-0.64,51505,16152956500
072710,농심홀딩스,79100,79600,500,0.63,1769,140659100
058730,다스코,5360,5550,190,3.54,48230,264606830
023590,다우기술,19400,19400,0,0.0,730387,14373979450
019680,대교,4635,4665,30,0.65,114099,532514025
019685,대교우B,2750,2800,50,1.82,76264,210576570
006370,대구백화점,5180,5190,10,0.19,1919,9902210
008060,대덕전자,8210,8210,0,0.0,0,0
00806K,대덕전자1우,6500,6500,0,0.0,0,0
000490,대동공업,4870,4875,5,0.1,96225,467882085
008110,대동전자,3995,3985,-10,-0.25,19423,77753100
005750,대림BCo,4000,4065,65,1.63,70648,284856315
000210,대림산업,81600,82000,400,0.49,166775,13717547200
000215,대림산업우,34550,35300,750,2.17,25588,896128350
004440,대림씨엔에스,5850,5890,40,0.68,14756,86678850
006570,대림통상,4140,4135,-5,-0.12,495,2030910
001680,대상,24650,26250,1600,6.49,756340,19521805450
001685,대상우,13450,13650,200,1.49,8426,115102250
084690,대상홀딩스,7360,7520,160,2.17,302524,2266692990
084695,대상홀딩스우,6160,6230,70,1.14,2747,17092220
128820,대성산업,2955,2985,30,1.02,34460,101722680
117580,대성에너지,4790,4780,-10,-0.21,7759,37115390
016710,대성홀딩스,10350,10400,50,0.48,16769,173304850
003540,대신증권,10100,10150,50,0.5,131855,1325194920
003547,대신증권2우B,8000,7990,-10,-0.13,27193,217119030
003545,대신증권우,8510,8470,-40,-0.47,38501,324861800
009190,대양금속,4240,4470,230,5.42,2429550,10677063190
014160,대영포장,1135,1150,15,1.32,1342044,1538613515
047040,대우건설,3515,3560,45,1.28,1035544,3671038500
009320,대우부품,2565,2560,-5,-0.19,2024517,5200364210
042660,대우조선해양,17350,17350,0,0.0,248571,4307312950
003090,대웅,17400,17700,300,1.72,483238,8471489900
069620,대웅제약,104000,103000,-1000,-0.96,56617,5856306500
000430,대원강업,2940,2960,20,0.68,20512,60585495
006340,대원전선,1020,1105,85,8.33,1163263,1237402150
006345,대원전선우,2750,2940,190,6.91,86687,249702790
003220,대원제약,16300,16200,-100,-0.61,101454,1639274700
024890,대원화성,1600,1595,-5,-0.31,145799,231491045
002880,대유에이텍,719,719,0,0.0,248766,178993453
000300,대유플러스,665,668,3,0.45,208782,138884894
012800,대창,1210,1220,10,0.83,8101096,10129484405
015230,대창단조,24000,23950,-50,-0.21,5792,138741000
001070,대한방직,20000,20000,0,0.0,29482,589768450
006650,대한유화,136000,134000,-2000,-1.47,61864,8377980000
001440,대한전선,758,795,37,4.88,8460981,6769657452
084010,대한제강,6560,6660,100,1.52,65942,437037230
001790,대한제당,18900,18900,0,0.0,19218,360415850
001795,대한제당우,12350,12500,150,1.21,2437,30453900
001130,대한제분,137000,137500,500,0.36,6524,891125500
003490,대한항공,19500,19600,100,0.51,1486271,29002822350
003495,대한항공우,17400,17300,-100,-0.57,24202,420439700
005880,대한해운,17750,17800,50,0.28,35238,626581650
003830,대한화섬,83200,84900,1700,2.04,547,46063600
016090,대현,1830,1835,5,0.27,102068,187689045
069460,대호에이엘,2700,2740,40,1.48,298605,810923330
192080,더블유게임즈,62600,65800,3200,5.11,273671,17989583300
012510,더존비즈온,99500,102500,3000,3.02,165822,16827743500
004830,덕성,3455,3560,105,3.04,757675,2693329715
004835,덕성우,8340,8600,260,3.12,147509,1261790700
024900,덕양산업,1025,1015,-10,-0.98,171975,173617240
145720,덴티움,42350,43150,800,1.89,34204,1457607450
002150,도화엔지니어링,8860,9000,140,1.58,232260,2090463550
001230,동국제강,4075,4060,-15,-0.37,372167,1527709405
023450,동남합성,29150,29000,-150,-0.51,608,17687050
004140,동방,2270,2290,20,0.88,2598868,5964049575
007590,동방아그로,6290,6320,30,0.48,8920,56199770
005960,동부건설,9490,9370,-120,-1.26,98184,925686020
005965,동부건설우,21200,20800,-400,-1.89,1755,36489950
083370,동북아12호,5030,5040,10,0.2,4894,24665760
026960,동서,17350,17400,50,0.29,125911,2207542000
002210,동성제약,13250,13450,200,1.51,216895,2897153050
102260,동성코퍼레이션,4345,4360,15,0.35,36166,157118320
005190,동성화학,17850,17400,-450,-2.52,23534,417056900
000640,동아쏘시오홀딩스,88300,89100,800,0.91,8694,774165600
170900,동아에스티,89200,89600,400,0.45,14391,1291690900
028100,동아지질,16350,16400,50,0.31,94498,1548369050
282690,동아타이어,10950,10950,0,0.0,3936,42698900
001520,동양,1560,1595,35,2.24,8243682,13045735005
001527,동양2우B,10150,10200,50,0.49,4326,43522780
001529,동양3우B,29000,29700,700,2.41,645,18983800
084670,동양고속,26500,26600,100,0.38,4766,126579300
002900,동양물산,993,1005,12,1.21,1693462,1696469887
082640,동양생명,3165,3215,50,1.58,151826,486847480
001525,동양우,5100,5140,40,0.78,1867,9486370
008970,동양철관,1070,1085,15,1.4,20616963,23718897835
092780,동양피스톤,3780,3880,100,2.65,70875,270614295
049770,동원FB,208500,209500,1000,0.48,5149,1080627500
018500,동원금속,665,665,0,0.0,412717,271616096
006040,동원산업,242000,242000,0,0.0,3539,853752000
030720,동원수산,9210,9530,320,3.47,332859,3179046580
014820,동원시스템즈,25000,24800,-200,-0.8,15156,377480750
014825,동원시스템즈우,23700,24100,400,1.69,216,5185300
163560,동일고무벨트,8180,8330,150,1.83,176814,1457157290
004890,동일산업,52100,54600,2500,4.8,5928,310616200
002690,동일제강,1895,1900,5,0.26,50196,95561320
000020,동화약품,10050,10050,0,0.0,424923,4272653530
000150,두산,36800,36900,100,0.27,57454,2130864750
000157,두산2우B,50800,49850,-950,-1.87,8944,449729650
241560,두산밥캣,24550,24350,-200,-0.81,428702,10380758400
336370,두산솔루스,33950,35500,1550,4.57,1271124,44464659750
33637K,두산솔루스1우,14400,14800,400,2.78,124244,1823542450
33637L,두산솔루스2우B,42800,43400,600,1.4,98308,4296977250
000155,두산우,27150,27300,150,0.55,18428,500903300
042670,두산인프라코어,5570,5780,210,3.77,6773699,38984896270
034020,두산중공업,4060,3995,-65,-1.6,1332894,5338978435
336260,두산퓨얼셀,10250,11000,750,7.32,6216589,67076788300
33626K,두산퓨얼셀1우,4090,4155,65,1.59,570958,2420009495
33626L,두산퓨얼셀2우B,12500,13350,850,6.8,593954,7861539050
016740,두올,2755,2730,-25,-0.91,906211,2469656035
192650,드림텍,6480,6540,60,0.93,512727,3356154420
024090,디씨엠,10750,10750,0,0.0,17309,185631400
003160,디아이,3430,3550,120,3.5,262978,931175100
092200,디아이씨,1485,1475,-10,-0.67,148779,220711145
013570,디와이,4350,4380,30,0.69,123116,537694685
210540,디와이파워,8850,9170,320,3.62,289741,2585089150
007340,디티알오토모티브,25750,25500,-250,-0.97,7037,180061850
026890,디피씨,10300,10900,600,5.83,12268116,131021528100
115390,락앤락,11150,11650,500,4.48,519178,6096984250
032350,롯데관광개발,13500,13500,0,0.0,364983,4895512800
330590,롯데리츠,5400,5400,0,0.0,371810,1996240140
000400,롯데손해보험,1750,1780,30,1.71,290054,514684380
023530,롯데쇼핑,89200,88500,-700,-0.78,94425,8343729700
004000,롯데정밀화학,36600,38300,1700,4.64,161411,6079408200
286940,롯데정보통신,35650,35300,-350,-0.98,85975,3056491050
280360,롯데제과,136000,136000,0,0.0,4479,605891500
004990,롯데지주,36850,37200,350,0.95,382641,14166567550
00499K,롯데지주우,62200,62100,-100,-0.16,8673,537906500
005300,롯데칠성,107500,110000,2500,2.33,35231,3872396500
005305,롯데칠성우,55000,55800,800,1.45,3018,167757000
011170,롯데케미칼,192000,191500,-500,-0.26,107010,20616161500
002270,롯데푸드,387500,387500,0,0.0,1831,711645000
071840,롯데하이마트,28400,28300,-100,-0.35,86655,2465034900
027740,마니커,914,927,13,1.42,4415243,4072862972
204320,만도,26600,26400,-200,-0.75,732897,19100327450
001080,만호제강,14100,14150,50,0.35,2550,35607200
088980,맥쿼리인프라,11500,11400,-100,-0.87,703304,8032528800
094800,맵스리얼티1,4065,4055,-10,-0.25,9999,40586005
138040,메리츠금융지주,10250,10400,150,1.46,45697,473245050
008560,메리츠증권,3525,3580,55,1.56,1255136,4448059405
000060,메리츠화재,14700,15050,350,2.38,269605,4046537950
090370,메타랩스,1230,1230,0,0.0,1756169,2185471790
017180,명문제약,6340,6360,20,0.32,10076574,66347638270
012690,모나리자,6970,7010,40,0.57,1424640,10024155550
005360,모나미,3300,3335,35,1.06,4443698,15105653645
204210,모두투어리츠,2670,2640,-30,-1.12,18113,48399510
009680,모토닉,7700,7710,10,0.13,7476,57246100
009580,무림PP,3070,3120,50,1.63,174758,541608600
009200,무림페이퍼,2120,2145,25,1.18,88738,190682960
033920,무학,6400,6720,320,5.0,140881,944674320
008420,문배철강,2100,2120,20,0.95,59148,125971905
025560,미래산업,82,81,-1,-1.22,17498562,1418635885
007120,미래아이앤지,379,385,6,1.58,1140710,439009875
006800,미래에셋대우,5650,5650,0,0.0,2206353,12496238450
00680K,미래에셋대우2우B,3080,3085,5,0.16,268482,823863040
006805,미래에셋대우우,3420,3430,10,0.29,20824,71215500
085620,미래에셋생명,3320,3355,35,1.05,113836,380939075
002840,미원상사,71000,71200,200,0.28,3005,216042400
268280,미원에스씨,78500,78800,300,0.38,559,43787300
107590,미원홀딩스,45600,45100,-500,-1.1,1068,48320200
134380,미원화학,48500,49300,800,1.65,713,35125450
003650,미창석유,58500,58200,-300,-0.51,924,53926300
155900,바다로19호,2620,2620,0,0.0,31442,82104950
003610,방림,1780,1800,20,1.12,85057,150472685
001340,백광산업,2735,2760,25,0.91,985946,2713269225
035150,백산,5990,5960,-30,-0.5,253383,1499246010
002410,범양건영,3095,3130,35,1.13,1428882,4494974035
096300,베트남개발1,297,296,-1,-0.34,128848,38127803
007210,벽산,1615,1640,25,1.55,443037,726047275
002760,보락,1940,1990,50,2.58,1350066,2674597470
003850,보령제약,14050,14200,150,1.07,221924,3136372800
000890,보해양조,843,865,22,2.61,9084371,8035485498
003000,부광약품,27000,27050,50,0.19,2713561,74497726250
001270,부국증권,18750,18950,200,1.07,489,9240650
001275,부국증권우,17300,17400,100,0.58,371,6447700
026940,부국철강,3840,3860,20,0.52,706974,2775846910
015350,부산가스,35950,35950,0,0.0,1146,41172650
011390,부산산업,141500,142500,1000,0.71,14456,2048230500
005030,부산주공,354,360,6,1.69,484325,176788049
100220,비상교육,7880,7990,110,1.4,178274,1426370450
030790,비케이탑스,5900,6210,310,5.25,227745,1411950990
101140,비티원,3110,3165,55,1.77,1454487,4778325355
005180,빙그레,66300,67100,800,1.21,78375,5280905100
003960,사조대림,15200,15200,0,0.0,25158,384358700
008040,사조동아원,903,904,1,0.11,488892,440546436
007160,사조산업,29500,29750,250,0.85,12405,368286950
014710,사조씨푸드,3995,4125,130,3.25,159837,649014520
006090,사조오양,8220,8260,40,0.49,109506,904722330
005090,삼광글라스,29250,29950,700,2.39,144975,4466346400
001470,삼부토건,751,758,7,0.93,1058421,800547734
006400,삼성SDI,317500,331000,13500,4.25,614805,199720301500
006405,삼성SDI우,167500,170000,2500,1.49,19308,3264702000
006660,삼성공조,6030,6190,160,2.65,40884,249673660
028260,삼성물산,102000,101500,-500,-0.49,252704,25647765500
02826K,삼성물산우B,73100,73000,-100,-0.14,5009,364403700
207940,삼성바이오로직스,600000,600000,0,0.0,101649,60848526000
032830,삼성생명,46600,45800,-800,-1.72,470216,21617305400
018260,삼성에스디에스,175000,178000,3000,1.71,163022,28897229500
028050,삼성엔지니어링,11650,11600,-50,-0.43,1091966,12634406850
009150,삼성전기,123500,123500,0,0.0,417285,51573512500
009155,삼성전기우,51900,51800,-100,-0.19,19778,1020603000
005930,삼성전자,50300,50000,-300,-0.6,14896899,744469755655
005935,삼성전자우,43200,43300,100,0.23,1906862,82315901450
001360,삼성제약,4155,4105,-50,-1.2,1212865,4997104815
010140,삼성중공업,4250,4255,5,0.12,4429255,18939033230
010145,삼성중공우,51800,51900,100,0.19,338,17594700
016360,삼성증권,28350,28200,-150,-0.53,297121,8381909950
068290,삼성출판사,22400,22600,200,0.89,76136,1725088400
029780,삼성카드,30200,29800,-400,-1.32,169409,5057623450
000810,삼성화재,196000,197000,1000,0.51,108999,21417019750
000815,삼성화재우,134500,133000,-1500,-1.12,9895,1313070000
006110,삼아알미늄,3815,3855,40,1.05,25962,99461100
145990,삼양사,44450,43800,-650,-1.46,68096,3059887100
145995,삼양사우,31100,31800,700,2.25,2664,83596500
003230,삼양식품,124000,126000,2000,1.61,54259,6785547000
002170,삼양통상,54000,54600,600,1.11,4882,260583400
272550,삼양패키징,18100,17950,-150,-0.83,53721,958916350
000070,삼양홀딩스,57700,57100,-600,-1.04,21673,1250018100
000075,삼양홀딩스우,36900,37250,350,0.95,332,12327050
002810,삼영무역,13750,13700,-50,-0.36,44918,612150350
005680,삼영전자,8000,8110,110,1.38,28328,228235320
003720,삼영화학,1240,1235,-5,-0.4,51383,63313155
023000,삼원강재,2145,2170,25,1.17,28818,61656030
004380,삼익THK,11850,11900,50,0.42,30988,367309750
002450,삼익악기,1475,1515,40,2.71,503758,757562385
000520,삼일제약,19100,19150,50,0.26,42790,821975750
009770,삼정펄프,27950,28000,50,0.18,3015,85293600
005500,삼진제약,25800,26250,450,1.74,89106,2332542500
004690,삼천리,69700,70100,400,0.57,3574,251243000
001880,삼호,21400,21450,50,0.23,24720,530882650
010960,삼호개발,4760,4800,40,0.84,148551,710618455
004450,삼화왕관,39000,39150,150,0.38,486,18930800
009470,삼화전기,18100,18200,100,0.55,751216,13540814150
011230,삼화전자,2800,2840,40,1.43,418279,1165729930
001820,삼화콘덴서,54900,56000,1100,2.0,239321,13253710000
000390,삼화페인트,4940,5100,160,3.24,918386,4967396720
001290,상상인증권,1240,1240,0,0.0,26444,32994395
041650,상신브레이크,2580,2650,70,2.71,36254,95224790
075180,새론오토모티브,3600,3670,70,1.94,3137,11385620
007540,샘표,55200,53000,-2200,-3.99,98122,5356740600
248170,샘표식품,44100,44050,-50,-0.11,529684,24129177600
007860,서연,3550,3650,100,2.82,224464,808914435
200880,서연이화,3480,3465,-15,-0.43,25986,90592715
017390,서울가스,78600,78300,-300,-0.38,179,14197200
004410,서울식품,178,178,0,0.0,7377315,1311771580
004415,서울식품우,3460,3460,0,0.0,75182,260680695
021050,서원,3275,3195,-80,-2.44,7177625,23822498220
008490,서흥,50400,51300,900,1.79,60835,3093252700
007610,선도전기,2715,2715,0,0.0,19757,53557045
136490,선진,9280,9600,320,3.45,146289,1394751110
002820,선창산업,3695,3745,50,1.35,16929,62322280
014910,성문전자,1555,1570,15,0.96,107460,168622105
014915,성문전자우,9480,9590,110,1.16,7016,66799300
003080,성보화학,4220,4235,15,0.36,8726,36919770
004980,성신양회,7340,7370,30,0.41,127942,940976210
004985,성신양회우,8340,8340,0,0.0,4204,35077240
011300,성안,450,452,2,0.44,399391,177312625
000180,성창기업지주,1495,1495,0,0.0,46999,69769415
002420,세기상사,49950,49600,-350,-0.7,741,36665200
004360,세방,10300,10400,100,0.97,17110,176451300
004365,세방우,5350,5400,50,0.93,27,143920
004490,세방전지,29900,29650,-250,-0.84,22069,655667500
001430,세아베스틸,9880,9700,-180,-1.82,78369,762637050
306200,세아제강,46700,46450,-250,-0.54,17529,826727250
003030,세아제강지주,32600,32450,-150,-0.46,6841,222729750
019440,세아특수강,10900,10900,0,0.0,5798,63339050
058650,세아홀딩스,69700,70000,300,0.43,164,11471300
013000,세우글로벌,1905,1955,50,2.62,1274954,2463755715
091090,세원셀론텍,3110,3080,-30,-0.96,279120,866165000
021820,세원정공,8090,8090,0,0.0,0,0
067830,세이브존IC,2430,2435,5,0.21,6612,16115325
033530,세종공업,4375,4620,245,5.6,467408,2165947685
075580,세진중공업,3190,3220,30,0.94,68488,219042995
027970,세하,2185,2200,15,0.69,60502,132192090
145210,세화아이엠씨,2990,2990,0,0.0,0,0
308170,센트랄모텍,33900,34900,1000,2.95,522887,18030891650
068270,셀트리온,213000,218500,5500,2.58,661979,143396020000
004430,송원산업,15000,14800,-200,-1.33,162850,2420569300
017550,수산중공업,1565,1560,-5,-0.32,984434,1539801630
002200,수출포장,18950,18750,-200,-1.06,21425,403126900
053210,스카이라이프,8790,8880,90,1.02,155767,1376714730
134790,시디즈,42500,43400,900,2.12,3582,154450600
016590,신대양제지,57900,58200,300,0.52,15220,886389100
029530,신도리코,26300,26500,200,0.76,20398,540639500
004970,신라교역,10150,10200,50,0.49,5411,55092150
011930,신성이엔지,902,907,5,0.55,624097,563410540
005390,신성통상,1130,1210,80,7.08,29900159,36779081200
004170,신세계,255500,249500,-6000,-2.35,82703,20614610500
035510,신세계IC,119500,119500,0,0.0,6503,768122500
034300,신세계건설,23500,23750,250,1.06,4403,103987800
031430,신세계인터내셔날,207000,207000,0,0.0,29699,6152561500
031440,신세계푸드,61600,62000,400,0.65,18686,1153342200
006880,신송홀딩스,3985,4090,105,2.63,74285,300317400
005800,신영와코루,86700,92000,5300,6.11,671,60290500
001720,신영증권,45000,44950,-50,-0.11,888,39861850
001725,신영증권우,44100,44050,-50,-0.11,352,15479650
009270,신원,1670,1700,30,1.8,2020028,3447794910
009275,신원우,37950,38850,900,2.37,1537,59155300
002700,신일전자,2380,2320,-60,-2.52,40251472,98062892870
019170,신풍제약,20150,20100,-50,-0.25,2252712,45165050850
019175,신풍제약우,39450,40100,650,1.65,108186,4300670400
002870,신풍제지,1425,1420,-5,-0.35,56306,79258500
005450,신한,4945,4945,0,0.0,0,0
293940,신한알파리츠,6510,6520,10,0.15,174231,1132555660
055550,신한지주,30450,29850,-600,-1.97,1626202,48828639100
001770,신화실업,19300,19250,-50,-0.26,756,14558300
004080,신흥,9290,9270,-20,-0.22,3849,35638660
102280,쌍방울,928,937,9,0.97,1351165,1262104300
003410,쌍용양회,5110,5060,-50,-0.98,1121538,5705382340
003415,쌍용양회우,9320,9220,-100,-1.07,17723,162319480
003620,쌍용차,1420,1490,70,4.93,5404718,8167898780
004770,써니전자,3300,3375,75,2.27,2155304,7290136880
015540,쎌마테라퓨틱스,5860,5800,-60,-1.02,122053,703646290
004920,씨아이테크,1150,1140,-10,-0.87,122112,137879020
112610,씨에스윈드,35200,35750,550,1.56,34218,1228769450
008700,아남전자,1730,1725,-5,-0.29,476437,822012320
002790,아모레G,57800,56900,-900,-1.56,150425,8605309500
00279K,아모레G3우전환,36100,36000,-100,-0.28,9847,354130650
002795,아모레G우,20950,20650,-300,-1.43,11917,246772550
090430,아모레퍼시픽,177000,175000,-2000,-1.13,211116,37087047500
090435,아모레퍼시픽우,61000,60700,-300,-0.49,19027,1151324600
002030,아세아,80200,79800,-400,-0.5,5274,420722600
183190,아세아시멘트,63000,62900,-100,-0.16,6846,431011600
002310,아세아제지,32250,32100,-150,-0.47,50380,1612541950
267850,아시아나IDT,14900,15100,200,1.34,261744,3975477550
020560,아시아나항공,3930,3900,-30,-0.76,2733824,10607057885
122900,아이마켓코리아,10450,10450,0,0.0,22574,237092750
010780,아이에스동서,26400,26900,500,1.89,68322,1836888550
033660,아주캐피탈,12950,13300,350,2.7,13324,176024000
001780,알루코,2000,2035,35,1.75,242181,492606460
018250,애경산업,26600,26450,-150,-0.56,104312,2749515500
161000,애경유화,7010,7000,-10,-0.14,80297,561731450
011090,에넥스,1045,1075,30,2.87,2876625,3125765085
005850,에스엘,14250,13800,-450,-3.16,278858,3860654800
012750,에스원,92300,89900,-2400,-2.6,34692,3170057000
023960,에쓰씨엔지니어링,1350,1380,30,2.22,30130,41403315
298690,에어부산,3600,3630,30,0.83,245438,879006090
140910,에이리츠,6420,6430,10,0.16,9896,63940270
078520,에이블씨엔씨,9840,10100,260,2.64,146808,1467553780
015260,에이엔피,257,258,1,0.39,119626,30900116
007460,에이프로젠KIC,3195,3210,15,0.47,7217650,23287912340
003060,에이프로젠제약,2105,2095,-10,-0.48,5738175,12038531490
036570,엔씨소프트,732000,750000,18000,2.46,89022,66403871000
138250,엔에스쇼핑,8780,8840,60,0.68,13281,117031060
085310,엔케이,892,916,24,2.69,540074,491653239
009810,엔케이물산,687,691,4,0.58,529661,367226124
900140,엘브이엠씨홀딩스,4905,5000,95,1.94,301166,1501124735
014440,영보화학,2780,2780,0,0.0,29641,82869175
111770,영원무역,26300,26300,0,0.0,143149,3765093650
009970,영원무역홀딩스,41500,41150,-350,-0.84,2510,103205350
003520,영진약품,5470,5470,0,0.0,1115607,6122953000
000670,영풍,528000,524000,-4000,-0.76,1284,675920000
006740,영풍제지,3490,3535,45,1.29,131982,471392955
012280,영화금속,1640,1625,-15,-0.91,721531,1177368055
012160,영흥,1130,1140,10,0.88,241002,273187525
015360,예스코홀딩스,34250,35000,750,2.19,2180,75668650
007310,오뚜기,577000,575000,-2000,-0.35,6271,3620576000
002630,오리엔트바이오,738,737,-1,-0.14,466691,344678413
271560,오리온,128500,131000,2500,1.95,141671,18625576000
001800,오리온홀딩스,14650,14400,-250,-1.71,225354,3269317200
070960,용평리조트,4640,4715,75,1.62,68161,318279835
316140,우리금융지주,8150,8070,-80,-0.98,1647548,13346756030
004720,우리들제약,6650,6610,-40,-0.6,200723,1329304410
118000,우리들휴브레인,2835,2800,-35,-1.23,588230,1656794155
010050,우리종금,568,574,6,1.06,1232730,704263943
006980,우성사료,3160,3240,80,2.53,483740,1545348175
017370,우신시스템,3220,3320,100,3.11,58359,191444330
105840,우진,3470,3580,110,3.17,182643,644688740
010400,우진아이엔에스,6540,6700,160,2.45,15570,103895620
049800,우진플라임,3035,3220,185,6.1,53032,168472565
016880,웅진,1160,1200,40,3.45,609222,723862270
095720,웅진씽크빅,2580,2590,10,0.39,766898,1976697630
103130,웅진에너지,914,914,0,0.0,0,0
005820,원림,17250,17250,0,0.0,769,13192950
010600,웰바이오텍,2525,2500,-25,-0.99,402838,998907315
008600,윌비스,1435,1485,50,3.48,5864745,8822715835
033270,유나이티드제약,18750,19350,600,3.2,915138,18007579050
014830,유니드,41650,41400,-250,-0.6,17911,746041700
000910,유니온,6600,6310,-290,-4.39,3481322,22140305390
047400,유니온머티리얼,2675,2580,-95,-3.55,2972098,7864560110
011330,유니켐,1545,1545,0,0.0,301069,462457005
077500,유니퀘스트,6350,6540,190,2.99,172719,1117658870
002920,유성기업,2550,2600,50,1.96,42250,108011090
000700,유수홀딩스,5770,5750,-20,-0.35,23452,133490360
003470,유안타증권,2685,2745,60,2.23,557628,1525190390
003475,유안타증권우,2070,2070,0,0.0,21506,44294185
011690,유양디앤유,1220,1220,0,0.0,0,0
072130,유엔젤,3520,3620,100,2.84,106978,384650925
000220,유유제약,11950,12050,100,0.84,61461,741043750
000225,유유제약1우,8270,8460,190,2.3,28754,243185180
000227,유유제약2우B,20700,22000,1300,6.28,6321,137524200
001200,유진투자증권,3005,3050,45,1.5,669224,2013926620
000100,유한양행,52200,51900,-300,-0.57,576266,30139369900
000105,유한양행우,52800,52500,-300,-0.57,13209,692593200
003460,유화증권,2295,2290,-5,-0.22,15646,35758590
003465,유화증권우,2510,2510,0,0.0,1613,3968425
008730,율촌화학,14600,14650,50,0.34,45058,662635500
008250,이건산업,5980,6150,170,2.84,66523,407112710
025820,이구산업,1420,1430,10,0.7,208894,296815800
214320,이노션,58000,56500,-1500,-2.59,42829,2443158600
088260,이리츠코크렙,5310,5350,40,0.75,39101,209115000
139480,이마트,112500,112500,0,0.0,117155,13248608500
007660,이수페타시스,3655,3690,35,0.96,546108,1987512700
005950,이수화학,10850,11200,350,3.23,228356,2539853100
015020,이스타코,668,678,10,1.5,63617,42871567
093230,이아이디,216,228,12,5.56,19309887,4302691049
074610,이엔플러스,5700,5790,90,1.58,771892,4472761780
102460,이연제약,13950,13800,-150,-1.08,44978,624323550
084680,이월드,4400,4385,-15,-0.34,7119667,32058166535
000760,이화산업,13750,13650,-100,-0.73,1803,24406450
014990,인디에프,2015,2055,40,1.99,757505,1538565800
006490,인스코비,2585,2650,65,2.51,857649,2231573310
023800,인지컨트롤스,3880,3940,60,1.55,50126,196601755
034590,인천도시가스,24450,24300,-150,-0.61,2104,51295050
129260,인터지스,1675,1675,0,0.0,88642,146915900
023810,인팩,3165,3130,-35,-1.11,14762,46489090
249420,일동제약,13350,13650,300,2.25,60151,817541650
000230,일동홀딩스,8770,8850,80,0.91,4706,41431200
013360,일성건설,1065,1075,10,0.94,199328,213003545
003120,일성신약,88200,88500,300,0.34,4462,397627500
003200,일신방직,58100,59500,1400,2.41,1209,70820100
007110,일신석재,2430,2450,20,0.82,1396263,3411161155
007570,일양약품,32850,32750,-100,-0.3,135607,4452955350
007575,일양약품우,18750,18700,-50,-0.27,2993,55993250
008500,일정실업,10800,11150,350,3.24,1973,21402800
081000,일진다이아,26850,26950,100,0.37,234382,6356853300
020760,일진디스플,2920,3000,80,2.74,147047,438087325
020150,일진머티리얼즈,44250,46900,2650,5.99,813567,37178904250
103590,일진전기,2495,2525,30,1.2,98010,246512365
015860,일진홀딩스,4090,4120,30,0.73,272816,1105230520
226320,잇츠한불,15400,16000,600,3.9,122881,1979527050
317400,자이에스앤디,5100,5400,300,5.88,380643,2019121200
033240,자화전자,7040,7310,270,3.84,203191,1471235010
000950,전방,12600,12850,250,1.98,219,2773250
194370,제이에스코퍼레이션,7530,7490,-40,-0.53,40205,303773290
025620,제이준코스메틱,3125,3170,45,1.44,694326,2158227030
036420,제이콘텐트리,32150,32200,50,0.16,114904,3679925000
030000,제일기획,17550,17450,-100,-0.57,487334,8517142700
271980,제일약품,38600,37250,-1350,-3.5,774988,30209479450
001560,제일연마,5970,6000,30,0.5,6798,40768960
002620,제일파마홀딩스,19700,19400,-300,-1.52,231776,4560133100
006220,제주은행,3175,3180,5,0.16,14704,46605305
089590,제주항공,19350,19200,-150,-0.78,293292,5628762500
004910,조광페인트,5380,5700,320,5.95,450466,2739922780
004700,조광피혁,42550,42650,100,0.24,875,37186850
001550,조비,16300,16450,150,0.92,60004,999458300
000480,조선내화,74300,74300,0,0.0,616,45672000
120030,조선선재,75900,76500,600,0.79,431,32862100
018470,조일알미늄,584,586,2,0.34,60528,35032108
002600,조흥,147000,150500,3500,2.38,127,18846000
185750,종근당,99500,99600,100,0.1,33674,3356901200
063160,종근당바이오,33000,32700,-300,-0.91,61855,2037426850
001630,종근당홀딩스,122500,121000,-1500,-1.22,38996,4733949000
044380,주연테크,1410,1415,5,0.35,3296275,4636501060
013890,지누스,82000,84500,2500,3.05,120664,10074712200
013870,지엠비코리아,4300,4285,-15,-0.35,68467,294368680
071320,지역난방공사,42000,42350,350,0.83,6364,268951150
010580,지코,306,306,0,0.0,0,0
035000,지투알,5580,5600,20,0.36,13123,73112640
088790,진도,2415,2460,45,1.86,26373,63937380
003780,진양산업,3285,3350,65,1.98,1091386,3705067035
010640,진양폴리,2685,2765,80,2.98,1554399,4462698045
100250,진양홀딩스,2330,2365,35,1.5,257145,614213970
051630,진양화학,2685,2960,275,10.24,5867919,17965485075
272450,진에어,10600,10500,-100,-0.94,253396,2630296950
011000,진원생명과학,9130,9930,800,8.76,3912685,39065566360
002780,진흥기업,2075,2100,25,1.2,65653,136435465
002787,진흥기업2우B,13800,14450,650,4.71,10045,144037350
002785,진흥기업우B,5160,5200,40,0.78,14086,73250770
009310,참엔지니어링,1280,1285,5,0.39,199433,252461210
000650,천일고속,57800,58100,300,0.52,356,20545700
012600,청호컴넷,3175,3045,-130,-4.09,209405,634956165
033250,체시스,2290,2340,50,2.18,304555,707124205
035720,카카오,220000,231500,11500,5.23,1773960,405953786500
006380,카프로,3015,3095,80,2.65,254228,784287460
109070,컨버즈,4100,4100,0,0.0,0,0
001620,케이비아이동국실업,594,584,-10,-1.68,152853,89795227
029460,케이씨,19700,20800,1100,5.58,390005,7894260900
344820,케이씨씨글라스,30050,29700,-350,-1.16,102638,3075010000
281820,케이씨텍,19150,20750,1600,8.36,583612,11821487100
145270,케이탑리츠,767,773,6,0.78,93211,71657848
007815,코리아써우,3050,3140,90,2.95,7194,22258455
007810,코리아써키트,9410,9800,390,4.14,1048818,10176668860
00781K,코리아써키트2우B,4645,4735,90,1.94,54,259910
152330,코리아오토글라스,13350,13100,-250,-1.87,57382,750816800
003690,코리안리,8190,8360,170,2.08,340341,2842909710
192820,코스맥스,96200,95300,-900,-0.94,90529,8653461100
044820,코스맥스비티아이,17250,17050,-200,-1.16,7827,133437850
005070,코스모신소재,11300,11500,200,1.77,1516311,17219983600
005420,코스모화학,8990,8980,-10,-0.11,853525,7641227460
071950,코아스,1130,1135,5,0.44,89112,100533625
002020,코오롱,18050,18500,450,2.49,65372,1198431500
003070,코오롱글로벌,8720,8730,10,0.11,73504,643083740
003075,코오롱글로벌우,17750,17750,0,0.0,1919,34080200
144620,코오롱머티리얼,1685,1680,-5,-0.3,224811,376627185
002025,코오롱우,9650,9800,150,1.55,8030,78324350
120110,코오롱인더,31250,31300,50,0.16,189428,5948152150
120115,코오롱인더우,15750,15900,150,0.95,27235,430587100
138490,코오롱플라스틱,3430,3505,75,2.19,118686,412493315
021240,코웨이,62700,62700,0,0.0,196563,12349062300
031820,콤텍시스템,1360,1415,55,4.04,2641394,3703968095
192400,쿠쿠홀딩스,90700,89900,-800,-0.88,2466,223011500
284740,쿠쿠홈시스,37700,38250,550,1.46,47941,1822338850
015590,큐로,1045,1135,90,8.61,5718767,6357222435
264900,크라운제과,9620,9890,270,2.81,76225,756580990
26490K,크라운제과우,7110,7290,180,2.53,10084,72484500
005740,크라운해태홀딩스,9140,9360,220,2.41,38846,361893280
005745,크라운해태홀딩스우,11150,10900,-250,-2.24,13205,145423900
020120,키다리스튜디오,6660,6680,20,0.3,152269,1009600790
039490,키움증권,83200,85000,1800,2.16,59682,5029219300
012170,키위미디어그룹,150,150,0,0.0,0,0
014580,태경비케이,3685,3695,10,0.27,215237,794514690
015890,태경산업,4845,4870,25,0.52,30328,147004555
006890,태경케미컬,6030,6000,-30,-0.5,177010,1070748790
003240,태광산업,780000,775000,-5000,-0.64,655,508436000
011280,태림포장,3675,3705,30,0.82,461321,1704253750
004100,태양금속,1210,1205,-5,-0.41,425610,509186245
004105,태양금속우,2770,2785,15,0.54,31463,86925525
009410,태영건설,15000,15400,400,2.67,878244,13609977700
009415,태영건설우,8170,8490,320,3.92,39624,331901260
001420,태원물산,3380,3420,40,1.18,24656,83917795
007980,태평양물산,2210,2270,60,2.71,1310086,2951372925
055490,테이팩스,19150,19050,-100,-0.52,24289,465402100
078000,텔코웨어,13300,13450,150,1.13,20590,277883500
214420,토니모리,11600,11950,350,3.02,421538,4959197650
019180,티에이치엔,2615,2565,-50,-1.91,318959,819204335
091810,티웨이항공,3740,3695,-45,-1.2,229032,843957890
004870,티웨이홀딩스,1340,1335,-5,-0.37,394717,524225015
005690,파미셀,21600,21700,100,0.46,11378096,242206952450
036580,팜스코,6180,6630,450,7.28,1676766,11269454800
028670,팬오션,3505,3530,25,0.71,1934170,6776690650
010820,퍼스텍,1970,1975,5,0.25,369535,727323130
016800,퍼시스,28800,28750,-50,-0.17,2726,78472850
001020,페이퍼코리아,1365,1355,-10,-0.73,51283,69367470
090080,평화산업,1310,1310,0,0.0,360816,472561250
010770,평화홀딩스,3210,3260,50,1.56,14138,45706415
058430,포스코강판,11550,11550,0,0.0,14092,162262350
047050,포스코인터내셔널,14850,14900,50,0.34,174777,2604036400
003670,포스코케미칼,55900,57200,1300,2.33,411461,23177949900
007630,폴루스바이오팜,1225,1225,0,0.0,0,0
017810,풀무원,14350,14300,-50,-0.35,137916,1987828200
103140,풍산,20600,21100,500,2.43,358953,7594787950
005810,풍산홀딩스,27500,27550,50,0.18,2044,56400150
033180,필룩스,4995,4940,-55,-1.1,2094305,10308128405
086790,하나금융지주,26100,26050,-50,-0.19,1626263,42325157500
099340,하나니켈1호,388,386,-2,-0.52,2339944,909016320
099350,하나니켈2호,1545,1510,-35,-2.27,154040,235816050
293480,하나제약,22950,22950,0,0.0,66671,1544402400
039130,하나투어,41750,41500,-250,-0.6,155783,6435209750
172580,하이골드12호,2295,2290,-5,-0.22,1787,4084415
153360,하이골드3호,1355,1335,-20,-1.48,42660,57481680
071090,하이스틸,16750,16800,50,0.3,5679,95810400
019490,하이트론,3030,3000,-30,-0.99,22132,67162785
000080,하이트진로,35400,36200,800,2.26,547478,19880159950
000087,하이트진로2우B,17600,17950,350,1.99,5933,106518550
000140,하이트진로홀딩스,16250,16500,250,1.54,75512,1257757300
000145,하이트진로홀딩스우,13800,13950,150,1.09,3576,50121350
152550,한국ANKOR유전,1785,1785,0,0.0,54756,95676100
036460,한국가스공사,27500,27700,200,0.73,144808,3999075250
005430,한국공항,43300,43850,550,1.27,36205,1579911800
071050,한국금융지주,49950,49550,-400,-0.8,212857,10546477200
071055,한국금융지주우,32100,31700,-400,-1.25,31874,1008003900
010040,한국내화,3435,3455,20,0.58,78322,268513445
025540,한국단자,38600,38000,-600,-1.55,147951,5750303550
004090,한국석유,99400,99600,200,0.2,2812,280248000
002960,한국쉘석유,261000,261000,0,0.0,1627,424305500
123890,한국자산신탁,2440,2565,125,5.12,551966,1389646595
015760,한국전력,21800,21550,-250,-1.15,2443659,52993306850
006200,한국전자홀딩스,615,607,-8,-1.3,177022,107083137
002300,한국제지,17650,18100,450,2.55,80051,1433505450
009540,한국조선해양,81400,80300,-1100,-1.35,219398,17738884000
023350,한국종합기술,4000,4325,325,8.13,577545,2485140325
025890,한국주강,1425,1445,20,1.4,15811,22633115
000970,한국주철관,9590,10300,710,7.4,4419313,49903595600
104700,한국철강,4240,4325,85,2.0,48538,208536465
017960,한국카본,7050,7430,380,5.39,1576836,11576113180
161890,한국콜마,43050,43400,350,0.81,147860,6417242350
024720,한국콜마홀딩스,22350,22600,250,1.12,58088,1308428150
161390,한국타이어앤테크놀로지,22000,22400,400,1.82,1013451,22650554300
000240,한국테크놀로지그룹,10250,10150,-100,-0.98,83823,859299450
034830,한국토지신탁,1845,1860,15,0.81,374501,695440265
007280,한국특수형강,1355,1335,-20,-1.48,146057,194339040
168490,한국패러랠,2010,2020,10,0.5,7252,14632035
010100,한국프랜지,2310,2335,25,1.08,2706159,6383710395
047810,한국항공우주,23850,23800,-50,-0.21,343833,8200148750
123690,한국화장품,16350,16800,450,2.75,1355484,22383923650
003350,한국화장품제조,42150,45150,3000,7.12,574695,25037703850
011500,한농화성,4695,4680,-15,-0.32,34673,162467895
002390,한독,23450,23800,350,1.49,33105,780721900
014790,한라,3210,3220,10,0.31,94294,301912830
060980,한라홀딩스,31850,30900,-950,-2.98,59732,1851476750
053690,한미글로벌,8020,8200,180,2.24,43506,356507610
042700,한미반도체,8580,9600,1020,11.89,4665545,45058161110
008930,한미사이언스,27800,27800,0,0.0,86191,2391162500
128940,한미약품,244000,244000,0,0.0,51622,12582058500
009240,한샘,84500,85500,1000,1.18,93640,7974153200
020000,한섬,30550,30700,150,0.49,120419,3729255200
003680,한성기업,4955,4960,5,0.1,27111,134362785
105630,한세실업,11700,12800,1100,9.4,485640,6040562100
069640,한세엠케이,2925,3055,130,4.44,29952,89784225
016450,한세예스24홀딩스,4960,5050,90,1.81,70607,352291715
010420,한솔PNS,1505,1520,15,1.0,145023,219791890
009180,한솔로지스틱스,1500,1495,-5,-0.33,824705,1253274235
213500,한솔제지,15500,15300,-200,-1.29,148261,2264114850
014680,한솔케미칼,99000,97600,-1400,-1.41,47767,4717891100
004710,한솔테크닉스,7480,7840,360,4.81,864913,6682833610
004150,한솔홀딩스,3000,3000,0,0.0,0,0
025750,한솔홈데코,946,959,13,1.37,520096,498004148
004960,한신공영,12900,13150,250,1.94,17805,234308000
011700,한신기계,1440,1440,0,0.0,103143,148028895
001750,한양증권,6830,6880,50,0.73,115982,796997440
001755,한양증권우,8320,8170,-150,-1.8,12578,104051220
018880,한온시스템,8910,9010,100,1.12,1707636,15527185240
009420,한올바이오파마,24300,24850,550,2.26,313858,7727256350
014130,한익스프레스,4750,4810,60,1.26,183102,871272965
300720,한일시멘트,85100,85500,400,0.47,4923,419133800
002220,한일철강,1610,1610,0,0.0,12721,20292180
006390,한일현대시멘트,29800,30000,200,0.67,17361,519536900
003300,한일홀딩스,46400,46700,300,0.65,4689,218181950
051600,한전KPS,31750,31900,150,0.47,77140,2455244950
052690,한전기술,16700,16900,200,1.2,69806,1174636800
130660,한전산업,3255,3285,30,0.92,45552,149301750
002320,한진,55700,55000,-700,-1.26,148703,8237062200
097230,한진중공업,5780,5800,20,0.35,107582,622690920
003480,한진중공업홀딩스,3540,3570,30,0.85,69572,249436850
180640,한진칼,77000,79000,2000,2.6,493436,38651732500
18064K,한진칼우,45750,46300,550,1.2,10566,485339400
005110,한창,2510,2580,70,2.79,2906359,7508113650
009460,한창제지,2250,2285,35,1.56,3980114,9139433040
000880,한화,19400,19300,-100,-0.52,152981,2968911850
00088K,한화3우B,11100,11150,50,0.45,35775,396072400
088350,한화생명,1645,1670,25,1.52,6568719,10922988880
000370,한화손해보험,2485,2515,30,1.21,416115,1049288950
009830,한화솔루션,15750,15750,0,0.0,1688259,26866155750
009835,한화솔루션우,10750,10800,50,0.47,50896,552574350
272210,한화시스템,8390,8350,-40,-0.48,272026,2277366200
012450,한화에어로스페이스,23750,23800,50,0.21,242377,5746586000
000885,한화우,23300,23400,100,0.43,9767,227833300
003530,한화투자증권,1825,1815,-10,-0.55,765898,1383939295
003535,한화투자증권우,1780,1765,-15,-0.84,38811,68070145
195870,해성디에스,16150,16650,500,3.1,184747,3052197650
101530,해태제과식품,8000,7980,-20,-0.25,76601,614801660
143210,핸즈코퍼레이션,6050,6170,120,1.98,25772,157400960
000720,현대건설,33550,33100,-450,-1.34,466112,15479452250
267270,현대건설기계,19850,20400,550,2.77,400396,8053204550
000725,현대건설우,111500,110500,-1000,-0.9,707,78106500
005440,현대그린푸드,9070,8910,-160,-1.76,697299,6263177270
086280,현대글로비스,107500,106000,-1500,-1.4,127063,13486413500
064350,현대로템,16250,16800,550,3.38,906948,14993680700
079430,현대리바트,16350,15650,-700,-4.28,354133,5630217200
012330,현대모비스,186500,185000,-1500,-0.8,251354,46393142000
010620,현대미포조선,30100,29850,-250,-0.83,119987,3592233700
069960,현대백화점,69500,68900,-600,-0.86,53086,3672567200
004560,현대비앤지스틸,7330,7320,-10,-0.14,23907,174748960
004565,현대비앤지스틸우,53700,53200,-500,-0.93,1208,63625600
011760,현대상사,14800,14650,-150,-1.01,60001,883971850
004310,현대약품,4780,4820,40,0.84,298452,1442967610
322000,현대에너지솔루션,22950,25350,2400,10.46,413640,10046204350
126560,현대에이치씨엔,4535,4650,115,2.54,716546,3366552550
017800,현대엘리베이,62700,63200,500,0.8,124286,7827956900
307950,현대오토에버,42650,42950,300,0.7,30914,1314580800
011210,현대위아,36900,36750,-150,-0.41,356767,13109478700
267260,현대일렉트릭,8180,8210,30,0.37,230386,1882346890
004020,현대제철,20050,19900,-150,-0.75,493521,9893190600
267250,현대중공업지주,245000,243500,-1500,-0.61,35027,8568854500
005380,현대차,99100,97300,-1800,-1.82,1828158,177696912600
005387,현대차2우B,60800,59400,-1400,-2.3,142419,8498365400
005389,현대차3우B,56400,55600,-800,-1.42,9771,543157400
005385,현대차우,57500,56600,-900,-1.57,78507,4445424700
001500,현대차증권,8880,8840,-40,-0.45,70894,628524760
227840,현대코퍼레이션홀딩스,10000,10050,50,0.5,55891,561430260
001450,현대해상,24950,25000,50,0.2,233303,5866232550
057050,현대홈쇼핑,68400,69000,600,0.88,29297,2018250000
093240,형지엘리트,1255,1250,-5,-0.4,216566,269688895
003010,혜인,4545,4490,-55,-1.21,180406,812968715
111110,호전실업,11200,11150,-50,-0.45,8079,89733750
008770,호텔신라,83700,82700,-1000,-1.19,532736,43912898900
008775,호텔신라우,60800,61000,200,0.33,15583,948750100
002460,화성산업,9930,10300,370,3.73,96847,998913470
013520,화승알앤에이,1530,1520,-10,-0.65,136541,207635415
241590,화승엔터프라이즈,13050,13050,0,0.0,449034,5885771500
006060,화승인더,8310,8360,50,0.6,1144935,9618285020
010690,화신,2100,2120,20,0.95,104960,221237525
133820,화인베스틸,2020,2025,5,0.25,119870,242134415
010660,화천기계,3610,3740,130,3.6,3143177,11652055770
000850,화천기공,30800,30900,100,0.32,3475,107384050
016580,환인제약,14350,14500,150,1.05,23042,331152150
032560,황금에스티,6040,6020,-20,-0.33,55388,335066750
004800,효성,66700,67600,900,1.35,46127,3117829800
094280,효성ITX,18000,18200,200,1.11,99607,1819564200
298040,효성중공업,15900,16000,100,0.63,85167,1370325750
298050,효성첨단소재,85100,85700,600,0.71,17442,1483992000
298020,효성티앤씨,135500,138500,3000,2.21,18750,2596256000
298000,효성화학,112500,113000,500,0.44,14962,1681571500
093370,후성,7050,7440,390,5.53,4542446,33593627200
081660,휠라홀딩스,33950,36500,2550,7.51,1531949,54885836600
005870,휴니드,5630,5770,140,2.49,180945,1035305550
079980,휴비스,5590,5570,-20,-0.36,142287,792432010
005010,휴스틸,6630,6770,140,2.11,16937,114468550
069260,휴켐스,16950,17150,200,1.18,75964,1300102150
000540,흥국화재,2400,2600,200,8.33,3639894,10479521675
000547,흥국화재2우B,21400,21900,500,2.34,198251,4822999450
000545,흥국화재우,4780,5020,240,5.02,1128471,6413026190
003280,흥아해운,258,258,0,0.0,0,0
