티커,종목명,시가,종가,변동폭,등락률,거래량,거래대금
095570,AJ네트웍스,2895,3155,260,8.98,6199159,21283853610
006840,AK홀딩스,19100,19100,0,0.0,77029,1461661450
027410,BGF,4360,4365,5,0.11,59994,260353160
282330,BGF리테일,138000,142500,4500,3.26,37091,5226774148
138930,BNK금융지주,5150,5150,0,0.0,422143,2168659770
001460,BYC,210000,210500,500,0.24,342,71831000
001465,BYC우,120000,117000,-3000,-2.5,390,45909000
001040,CJ,90600,90500,-100,-0.11,48696,4419872600
079160,CJCGV,21300,20900,-400,-1.88,249455,5161570700
00104K,CJ4우전환,61900,61800,-100,-0.16,7334,450499900
000120,CJ대한통운,160500,161500,1000,0.62,29672,4766360500
011150,CJ씨푸드,3840,3825,-15,-0.39,730573,2810586545
011155,CJ씨푸드1우,50000,47050,-2950,-5.9,17802,856895250
001045,CJ우,45100,45350,250,0.55,7428,336494300
097950,CJ제일제당,356500,357000,500,0.14,49630,17673467500
097955,CJ제일제당우,145500,144000,-1500,-1.03,6302,916839000
000590,CS홀딩스,58400,57700,-700,-1.2,2966,171199200
012030,DB,685,691,6,0.88,411730,283949508
016610,DB금융투자,3215,3230,15,0.47,63040,202057380
005830,DB손해보험,45450,45300,-150,-0.33,70257,3185033900
000990,DB하이텍,28650,28600,-50,-0.17,378400,10793558900
000995,DB하이텍1우,81500,76900,-4600,-5.64,5775,455290200
139130,DGB금융지주,5180,5170,-10,-0.19,352442,1823819430
001530,DI동일,66500,67300,800,1.2,5953,396787800
004840,DRB동일,6490,6410,-80,-1.23,172136,1115607880
155660,DSR,3785,3825,40,1.06,23282,88490585
069730,DSR제강,3835,3865,30,0.78,30504,117544205
017940,E1,34100,34050,-50,-0.15,4888,166067450
007700,FF,90600,92500,1900,2.1,75538,6959703300
114090,GKL,12900,12700,-200,-1.55,543002,6895092550
078930,GS,37200,36950,-250,-0.67,180077,6646982650
006360,GS건설,25600,26050,450,1.76,490920,12787423050
001250,GS글로벌,1645,1650,5,0.3,156682,258686545
007070,GS리테일,36900,37000,100,0.27,155180,5717570550
078935,GS우,29700,29600,-100,-0.34,8075,238620500
012630,HDC,8530,8640,110,1.29,178808,1527872630
039570,HDC아이콘트롤스,7830,7900,70,0.89,4636,36541360
089470,HDC현대EP,3790,3885,95,2.51,81015,307035245
294870,HDC현대산업개발,20850,20750,-100,-0.48,473687,9900498300
011200,HMM,4760,4925,165,3.47,2515313,12248114740
082740,HSD엔진,4850,4945,95,1.96,583710,2865911450
003560,IHQ,1515,1590,75,4.95,2339411,3709962495
175330,JB금융지주,4745,4740,-5,-0.11,106970,506864240
234080,JW생명과학,19550,19550,0,0.0,87432,1703875200
001060,JW중외제약,35550,36100,550,1.55,101261,3628900700
001067,JW중외제약2우B,52500,52700,200,0.38,8473,444557300
001065,JW중외제약우,46150,47100,950,2.06,37885,1763422150
096760,JW홀딩스,5280,5380,100,1.89,131244,706501030
105560,KB금융,34450,34800,350,1.02,1032764,35822287650
002380,KCC,133500,134500,1000,0.75,29179,3932418000
009070,KCTC,2115,2100,-15,-0.71,75697,158955145
009440,KC그린홀딩스,3860,3915,55,1.42,43024,167627355
119650,KC코트렐,5530,5570,40,0.72,131526,729349450
092220,KEC,814,820,6,0.74,496587,405526072
016380,KG동부제철,11950,13000,1050,8.79,270032,3468947350
016385,KG동부제철우,143000,138500,-4500,-3.15,14636,2193260500
001390,KG케미칼,12900,12950,50,0.39,52833,686053450
001940,KISCO홀딩스,11750,11500,-250,-2.13,3014,34574400
025000,KPX케미칼,47150,47600,450,0.95,2167,103013900
092230,KPX홀딩스,42450,42200,-250,-0.59,1820,76859200
000040,KR모터스,661,685,24,3.63,855700,581518670
044450,KSS해운,8050,8150,100,1.24,55821,452957480
030200,KT,24100,24200,100,0.41,957977,23317133750
033780,KTG,79300,79800,500,0.63,279821,22342570600
030210,KTB투자증권,2305,2320,15,0.65,170485,392829075
058850,KTcs,1715,1730,15,0.87,54091,93324575
058860,KTis,2030,2050,20,0.99,57292,117997415
093050,LF,12250,12400,150,1.22,30394,373645850
003550,LG,72200,71800,-400,-0.55,240876,17246951046
034220,LG디스플레이,11750,11650,-100,-0.85,1239187,14567667100
001120,LG상사,15600,15600,0,0.0,100678,1567858350
051900,LG생활건강,1379000,1380000,1000,0.07,41681,57438913768
051905,LG생활건강우,733000,732000,-1000,-0.14,1625,1187750000
003555,LG우,47150,47400,250,0.53,4464,211364750
032640,LG유플러스,12450,12300,-150,-1.2,1405154,17376932050
011070,LG이노텍,173000,176000,3000,1.73,109482,19177213000
066570,LG전자,64600,65000,400,0.62,494161,31977848600
066575,LG전자우,25300,25150,-150,-0.59,35721,900078750
108670,LG하우시스,63500,66700,3200,5.04,110815,7294604700
108675,LG하우시스우,28400,28900,500,1.76,19218,553117250
037560,LG헬로비전,3995,3990,-5,-0.13,61640,245439545
051910,LG화학,496000,507000,11000,2.22,443404,225077283000
051915,LG화학우,245000,252500,7500,3.06,57068,14373585000
079550,LIG넥스원,30000,30000,0,0.0,46927,1409483300
006260,LS,36350,35850,-500,-1.38,60995,2181598100
010120,LSELECTRIC,48150,47750,-400,-0.83,41880,1995646400
000680,LS네트웍스,2090,2165,75,3.59,98108,211307890
229640,LS전선아시아,6520,6510,-10,-0.15,72197,471065330
023150,MH에탄올,6840,7050,210,3.07,120907,844303440
035420,NAVER,277000,277500,500,0.18,971940,270001585250
181710,NHN,82700,82100,-600,-0.73,69908,5736364900
005940,NH투자증권,8370,8370,0,0.0,1458044,12106565160
005945,NH투자증권우,7430,7400,-30,-0.4,103099,760068770
338100,NH프라임리츠,4525,4510,-15,-0.33,40319,182333245
034310,NICE,21500,21800,300,1.4,78624,1715993450
008260,NI스틸,1945,1975,30,1.54,76271,150621540
004250,NPC,3545,3485,-60,-1.69,29690,103564100
004255,NPC우,2395,2380,-15,-0.63,3931,9337510
010060,OCI,39700,40450,750,1.89,365999,14930022200
005490,POSCO,181000,181500,500,0.28,189200,34347329000
100840,STC,15400,15700,300,1.95,31972,494723100
064960,ST모티브,39300,39650,350,0.89,23598,935399150
003570,ST중공업,5020,4930,-90,-1.79,208749,1032044350
036530,ST홀딩스,15150,15000,-150,-0.99,10949,164253150
010950,S-Oil,64000,64000,0,0.0,311065,19934547200
010955,S-Oil우,37150,36900,-250,-0.67,11596,427460200
034120,SBS,16750,16850,100,0.6,76174,1288415350
101060,SBS미디어홀딩스,1885,1910,25,1.33,127256,241111285
004060,SG세계물산,592,690,98,16.55,86903458,61938609328
001380,SG충방,1150,1495,345,30.0,23921061,34950176275
002360,SH에너지화학,783,791,8,1.02,406186,320510576
009160,SIMPAC,2410,2415,5,0.21,21474,51595060
123700,SJM,2655,2685,30,1.13,4639,12391680
025530,SJM홀딩스,2510,2510,0,0.0,13991,35082610
034730,SK,278500,272000,-6500,-2.33,1221250,332801690500
011790,SKC,62300,61700,-600,-0.96,326376,20312953800
018670,SK가스,73800,73400,-400,-0.54,2601,190754400
001740,SK네트웍스,4875,4995,120,2.46,612809,3027661520
001745,SK네트웍스우,225000,167000,-58000,-25.78,123714,21934789500
006120,SK디스커버리,39950,37700,-2250,-5.63,1955276,75315480350
006125,SK디스커버리우,30500,26750,-3750,-12.3,232654,6304390600
210980,SK디앤디,27600,27200,-400,-1.45,32032,873660150
068400,SK렌터카,9270,9290,20,0.22,53499,494570380
326030,SK바이오팜,127000,165000,38000,29.92,711921,117466927000
03473K,SK우,332000,273000,-59000,-17.77,297612,83623819500
096770,SK이노베이션,131500,132000,500,0.38,600270,79652329500
096775,SK이노베이션우,93100,92600,-500,-0.54,31045,2894198400
001510,SK증권,1020,912,-108,-10.59,132050334,125297248071
001515,SK증권우,9780,7820,-1960,-20.04,4532752,39652766270
285130,SK케미칼,122500,126500,4000,3.27,898826,112693050000
28513K,SK케미칼우,71200,70700,-500,-0.7,321977,22683854700
017670,SK텔레콤,225000,221000,-4000,-1.78,283845,63405982000
000660,SK하이닉스,84400,85400,1000,1.18,2195897,186505562700
005610,SPC삼립,61400,62400,1000,1.63,5855,362344500
011810,STX,5110,5100,-10,-0.2,10576,53710680
077970,STX엔진,5910,5940,30,0.51,8903,52044220
071970,STX중공업,2200,2190,-10,-0.45,53607,116694450
084870,TBH글로벌,1730,1730,0,0.0,39409,67494355
002710,TCC스틸,1815,1835,20,1.1,16198,29708865
024070,WISCOM,2220,2215,-5,-0.23,9065,20034700
037270,YGPLUS,3845,3900,55,1.43,66519638,267481262825
000500,가온전선,16100,16250,150,0.93,1627,26340400
000860,강남제비스코,13950,14100,150,1.08,2873,40289200
035250,강원랜드,22500,22000,-500,-2.22,648399,14288293550
011420,갤럭시아에스엠,1320,1275,-45,-3.41,130223,165332525
002100,경농,12450,12850,400,3.21,1067742,13684768200
009450,경동나비엔,45150,45100,-50,-0.11,139290,6323239600
267290,경동도시가스,16550,16500,-50,-0.3,5012,82749300
012320,경동인베스트,27550,27450,-100,-0.36,4811,130868900
000050,경방,12100,11700,-400,-3.31,36304,431762400
214390,경보제약,8670,8710,40,0.46,31579,273135250
012610,경인양행,9830,9610,-220,-2.24,2029469,19726685980
009140,경인전자,18250,18350,100,0.55,780,14183150
013580,계룡건설,15550,15700,150,0.96,9922,155723450
012200,계양전기,2670,2695,25,0.94,140059,376612855
012205,계양전기우,8360,8230,-130,-1.56,49883,410839520
004200,고려개발,11000,11000,0,0.0,0,0
002140,고려산업,4220,4095,-125,-2.96,6620716,28449393915
010130,고려아연,360500,364000,3500,0.97,33955,12322471500
002240,고려제강,15650,15600,-50,-0.32,30995,479448750
009290,광동제약,6990,7100,110,1.57,173370,1219664420
017040,광명전기,1905,1950,45,2.36,238442,459030710
017900,광전자,1740,1735,-5,-0.29,201059,346101250
037710,광주신세계,137500,140000,2500,1.82,272,37864500
030610,교보증권,6260,6350,90,1.44,51468,324342670
007690,국도화학,34450,34800,350,1.02,7276,251832550
005320,국동,2630,2650,20,0.76,799207,2108159505
001140,국보,1965,1965,0,0.0,1560226,3121467345
002720,국제약품,7320,7430,110,1.5,239263,1746233390
083420,그린케미칼,3515,3505,-10,-0.28,17508,61306640
014530,극동유화,3040,3070,30,0.99,117429,359538835
014280,금강공업,3415,3410,-5,-0.15,45659,155803830
014285,금강공업우,12400,11600,-800,-6.45,91191,1087673200
008870,금비,57900,57800,-100,-0.17,3614,207874500
001570,금양,3845,3885,40,1.04,1055798,4131803310
002990,금호산업,6680,6800,120,1.8,102539,694505730
002995,금호산업우,39050,38100,-950,-2.43,13165,505308200
011780,금호석유,74600,74400,-200,-0.27,71703,5312792300
011785,금호석유우,30250,30150,-100,-0.33,6698,202802050
214330,금호에이치티,4850,5200,350,7.22,607924,3092995090
001210,금호전기,3425,3500,75,2.19,81096,282531085
073240,금호타이어,3030,3030,0,0.0,199217,601209870
092440,기신정기,2950,2985,35,1.19,56116,166327770
000270,기아차,32200,32150,-50,-0.16,916274,29505441550
024110,기업은행,8150,8170,20,0.25,967410,7898694360
013700,까뮤이앤씨,1195,1205,10,0.84,293866,351396340
004540,깨끗한나라,3600,3705,105,2.92,266544,976334150
004545,깨끗한나라우,23650,23950,300,1.27,75418,1903971600
001260,남광토건,10450,11000,550,5.26,59048,632340550
008350,남선알미늄,6560,6240,-320,-4.88,32434493,208820800020
008355,남선알미우,101000,104000,3000,2.97,191438,20043752700
004270,남성,2870,2850,-20,-0.7,717858,2053628675
003920,남양유업,287000,284000,-3000,-1.05,7052,1907592880
003925,남양유업우,140500,135500,-5000,-3.56,3373,459077500
002070,남영비비안,1220,1200,-20,-1.64,2402425,2861769130
025860,남해화학,7600,7810,210,2.76,383739,2973833220
005720,넥센,4095,4105,10,0.24,35910,146935060
005725,넥센우,3590,3410,-180,-5.01,96077,330769145
002350,넥센타이어,5300,5260,-40,-0.75,189236,994943660
002355,넥센타이어1우B,2315,2305,-10,-0.43,10602,24406535
003580,넥스트사이언스,5800,5850,50,0.86,127472,742314310
251270,넷마블,106000,106500,500,0.47,563824,59913082500
090350,노루페인트,7130,7130,0,0.0,24700,176645690
090355,노루페인트우,14700,14100,-600,-4.08,37626,532014700
000320,노루홀딩스,9400,9260,-140,-1.49,9608,88698830
000325,노루홀딩스우,19100,18750,-350,-1.83,627,11705700
006280,녹십자,152000,151000,-1000,-0.66,61043,9178127000
005250,녹십자홀딩스,24200,24050,-150,-0.62,56512,1359031900
005257,녹십자홀딩스2우,24900,24200,-700,-2.81,13641,330757900
004370,농심,367000,366000,-1000,-0.27,33602,12334487500
072710,농심홀딩스,83100,82800,-300,-0.36,1130,93770400
058730,다스코,4845,4910,65,1.34,25653,125059085
023590,다우기술,20050,20750,700,3.49,325136,6731969850
019680,대교,4215,4240,25,0.59,48811,205894010
019685,대교우B,2575,2620,45,1.75,48576,125691185
006370,대구백화점,4630,4645,15,0.32,3992,18613290
008060,대덕,5980,5930,-50,-0.84,153657,912061170
00806K,대덕1우,5890,5790,-100,-1.7,13589,78425970
353200,대덕전자,7980,7890,-90,-1.13,369974,2924960650
35320K,대덕전자1우,6450,6370,-80,-1.24,29619,188835540
000490,대동공업,6050,6160,110,1.82,141650,871220070
008110,대동전자,3965,4030,65,1.64,14062,56181410
005750,대림BCo,4640,4790,150,3.23,71223,339515745
000210,대림산업,84700,84600,-100,-0.12,76508,6450840700
000215,대림산업우,37650,37850,200,0.53,7031,264173750
004440,대림씨엔에스,5930,6010,80,1.35,69591,416081690
006570,대림통상,4180,4170,-10,-0.24,9270,38304440
001680,대상,26350,26850,500,1.9,138310,3675331500
001685,대상우,14000,14250,250,1.79,10726,152433350
084690,대상홀딩스,8300,8300,0,0.0,84343,697705870
084695,대상홀딩스우,6360,6280,-80,-1.26,4250,26757970
128820,대성산업,2850,3505,655,22.98,9625017,33499109305
117580,대성에너지,4760,4985,225,4.73,2804874,14538242785
016710,대성홀딩스,13200,13150,-50,-0.38,153907,2098447350
003540,대신증권,9710,9820,110,1.13,83141,812869680
003547,대신증권2우B,8320,8320,0,0.0,12213,101690430
003545,대신증권우,8620,8690,70,0.81,31521,274102320
009190,대양금속,4385,4410,25,0.57,2517969,11327287825
014160,대영포장,1025,1010,-15,-1.46,478124,486133425
047040,대우건설,3465,3500,35,1.01,922311,3208073500
009320,대우부품,2495,2465,-30,-1.2,1243956,3062103485
042660,대우조선해양,24550,24650,100,0.41,300459,7335639050
003090,대웅,26600,25100,-1500,-5.64,964941,24298643500
069620,대웅제약,126000,125500,-500,-0.4,96872,12098593500
000430,대원강업,2995,2975,-20,-0.67,26944,79986560
006340,대원전선,1020,1025,5,0.49,284363,289570965
006345,대원전선우,5110,4900,-210,-4.11,496818,2452310855
003220,대원제약,17150,17650,500,2.92,328771,5728855450
024890,대원화성,1665,1650,-15,-0.9,63601,105279890
002880,대유에이텍,668,661,-7,-1.05,149792,98906206
000300,대유플러스,633,623,-10,-1.58,660867,413616114
012800,대창,1175,1190,15,1.28,909343,1073710310
015230,대창단조,26450,26150,-300,-1.13,16197,418266750
001070,대한방직,23200,23300,100,0.43,9018,210679550
006650,대한유화,111000,111000,0,0.0,18186,2018264500
001440,대한전선,654,658,4,0.61,593432,388781122
084010,대한제강,6800,6830,30,0.44,17801,120704780
001790,대한제당,19450,19350,-100,-0.51,5702,109359300
001795,대한제당우,13900,13300,-600,-4.32,3566,47786700
001130,대한제분,162000,165000,3000,1.85,7723,1268264500
003490,대한항공,17750,17800,50,0.28,711322,12664463450
003495,대한항공우,18450,18550,100,0.54,37517,693985550
005880,대한해운,17100,17300,200,1.17,26142,450123000
003830,대한화섬,86300,86300,0,0.0,370,31873700
016090,대현,1650,1765,115,6.97,1485982,2653754525
069460,대호에이엘,2100,2265,165,7.86,527095,1158139285
192080,더블유게임즈,72700,72200,-500,-0.69,303504,21815112500
012510,더존비즈온,101000,105000,4000,3.96,132024,13748415500
004830,덕성,4960,4870,-90,-1.81,4323672,21886055285
004835,덕성우,12700,12400,-300,-2.36,867768,11112062050
024900,덕양산업,1245,1260,15,1.2,1780500,2283188525
145720,덴티움,37250,38850,1600,4.3,51490,1990692100
002150,도화엔지니어링,7890,8080,190,2.41,100856,806248550
001230,동국제강,5400,5490,90,1.67,801433,4332893830
023450,동남합성,29150,29400,250,0.86,2494,72995450
004140,동방,1865,1865,0,0.0,309014,575198190
007590,동방아그로,6270,6280,10,0.16,5545,34639120
005960,동부건설,9030,9490,460,5.09,82239,772674220
005965,동부건설우,35900,34300,-1600,-4.46,7932,271760000
026960,동서,16050,16200,150,0.93,44465,715674250
002210,동성제약,12000,12150,150,1.25,118311,1423896850
102260,동성코퍼레이션,3840,3845,5,0.13,41220,157792210
005190,동성화학,16300,16550,250,1.53,9811,159724000
000640,동아쏘시오홀딩스,95700,96600,900,0.94,9349,897314600
170900,동아에스티,89600,89400,-200,-0.22,10210,911580600
028100,동아지질,14200,14750,550,3.87,117211,1695576150
282690,동아타이어,11350,11150,-200,-1.76,3994,44773150
001520,동양,1210,1230,20,1.65,674040,821343575
001527,동양2우B,11400,11300,-100,-0.88,350,3956050
001529,동양3우B,30500,30350,-150,-0.49,1289,38931050
084670,동양고속,26650,26550,-100,-0.38,9206,244694300
002900,동양물산,971,977,6,0.62,547715,533739093
082640,동양생명,2905,2960,55,1.89,65054,190705810
001525,동양우,6060,5900,-160,-2.64,13648,81100230
008970,동양철관,1020,1025,5,0.49,472667,482295760
092780,동양피스톤,4945,4915,-30,-0.61,101499,499542445
049770,동원FB,183500,185000,1500,0.82,2249,413422500
018500,동원금속,696,698,2,0.29,100391,69918208
006040,동원산업,202500,202500,0,0.0,826,167155000
030720,동원수산,9220,9300,80,0.87,69965,648652640
014820,동원시스템즈,21850,21600,-250,-1.14,26026,559616000
014825,동원시스템즈우,31950,31300,-650,-2.03,925,28955900
163560,동일고무벨트,8240,8130,-110,-1.33,114281,926592580
004890,동일산업,57900,59400,1500,2.59,2389,138953700
002690,동일제강,1970,1965,-5,-0.25,33511,65724590
000020,동화약품,15150,15050,-100,-0.66,536560,8051619950
000150,두산,37750,38350,600,1.59,44127,1681378150
000157,두산2우B,75800,72600,-3200,-4.22,10577,776346600
241560,두산밥캣,26300,26000,-300,-1.14,218333,5712799400
336370,두산솔루스,37900,34900,-3000,-7.92,894777,31741614400
33637K,두산솔루스1우,22650,19050,-3600,-15.89,613829,12400781150
33637L,두산솔루스2우B,43350,37800,-5550,-12.8,227241,9000570550
000155,두산우,36250,36250,0,0.0,20337,736132150
042670,두산인프라코어,6860,6660,-200,-2.92,4486427,30123225260
034020,두산중공업,4775,4765,-10,-0.21,715352,3395445055
336260,두산퓨얼셀,30600,30000,-600,-1.96,603785,18059593300
33626K,두산퓨얼셀1우,12450,12050,-400,-3.21,455775,5488704050
33626L,두산퓨얼셀2우B,22500,20600,-1900,-8.44,187518,3898213300
016740,두올,2850,2880,30,1.05,273784,787688495
192650,드림텍,8700,8740,40,0.46,1045579,9175014360
024090,디씨엠,10450,10550,100,0.96,2274,23873450
003160,디아이,3810,3915,105,2.76,126473,491896645
092200,디아이씨,1520,1535,15,0.99,53136,80933375
013570,디와이,3960,3955,-5,-0.13,89574,353467975
210540,디와이파워,10400,10300,-100,-0.96,86371,888422200
007340,디티알오토모티브,24450,24250,-200,-0.82,9447,229073700
026890,디피씨,11250,11550,300,2.67,5478965,62598579550
115390,락앤락,10900,10750,-150,-1.38,148524,1593245200
032350,롯데관광개발,13350,13600,250,1.87,222829,2998139400
330590,롯데리츠,5510,5480,-30,-0.54,406722,2234011280
000400,롯데손해보험,1675,1680,5,0.3,153925,258585975
023530,롯데쇼핑,82600,81700,-900,-1.09,65883,5421682600
004000,롯데정밀화학,34600,34400,-200,-0.58,91624,3165107750
286940,롯데정보통신,35950,36300,350,0.97,15016,542680650
280360,롯데제과,105000,105000,0,0.0,4960,517996000
004990,롯데지주,31600,31850,250,0.79,156392,4982615200
00499K,롯데지주우,66900,65800,-1100,-1.64,21157,1395923500
005300,롯데칠성,102500,103000,500,0.49,16317,1675567500
005305,롯데칠성우,58500,58600,100,0.17,2860,166414300
011170,롯데케미칼,168500,172000,3500,2.08,118528,20264160000
002270,롯데푸드,349500,350000,500,0.14,1225,429088500
071840,롯데하이마트,36550,35750,-800,-2.19,147088,5280068450
027740,마니커,921,932,11,1.19,20376998,19478895370
204320,만도,22500,22550,50,0.22,328840,7422301900
001080,만호제강,13700,13850,150,1.09,1353,18595950
088980,맥쿼리인프라,11350,11450,100,0.88,423297,4824984750
094800,맵스리얼티1,4060,4035,-25,-0.62,40230,162311985
138040,메리츠금융지주,9300,9260,-40,-0.43,35540,329193150
008560,메리츠증권,3060,3060,0,0.0,1136600,3468047845
000060,메리츠화재,12900,12950,50,0.39,83491,1086782550
090370,메타랩스,1210,1240,30,2.48,497966,619705265
017180,명문제약,5680,5730,50,0.88,721063,4102747470
012690,모나리자,5780,6000,220,3.81,1289916,7675914120
005360,모나미,5190,5140,-50,-0.96,1147609,5927950540
204210,모두투어리츠,2715,2710,-5,-0.18,3397,9121475
009680,모토닉,7750,7730,-20,-0.26,12841,99276860
009580,무림PP,2880,2905,25,0.87,73115,212011815
009200,무림페이퍼,1985,2000,15,0.76,49329,98512915
033920,무학,5580,5610,30,0.54,13659,76280010
008420,문배철강,2615,2610,-5,-0.19,415026,1095873070
025560,미래산업,3700,3690,-10,-0.27,804405,2911964350
007120,미래아이앤지,393,395,2,0.51,894152,350822585
006800,미래에셋대우,6770,6800,30,0.44,1294379,8810384580
00680K,미래에셋대우2우B,3560,3570,10,0.28,149837,534901435
006805,미래에셋대우우,4000,3985,-15,-0.38,35273,140098835
085620,미래에셋생명,2820,2845,25,0.89,92776,262694285
002840,미원상사,75000,75300,300,0.4,1640,123442200
268280,미원에스씨,80700,81900,1200,1.49,3014,245427900
107590,미원홀딩스,45300,45800,500,1.1,5286,239984650
134380,미원화학,52700,53100,400,0.76,968,51695700
003650,미창석유,57000,56900,-100,-0.18,441,25104600
155900,바다로19호,2610,2620,10,0.38,629,1645375
003610,방림,1670,1660,-10,-0.6,46214,76644125
001340,백광산업,2630,2655,25,0.95,498203,1313058130
035150,백산,5090,5150,60,1.18,98036,501241350
002410,범양건영,4860,5190,330,6.79,3228624,16278183445
096300,베트남개발1,285,285,0,0.0,190390,54357050
007210,벽산,1720,1740,20,1.16,476244,825215050
002760,보락,1810,1825,15,0.83,285218,519156240
003850,보령제약,16800,16850,50,0.3,522259,8728346100
000890,보해양조,770,812,42,5.45,4595261,3733122673
003000,부광약품,33250,34050,800,2.41,1978880,66559170650
001270,부국증권,18650,18750,100,0.54,667,12449450
001275,부국증권우,17250,17250,0,0.0,1306,22399300
026940,부국철강,5150,5340,190,3.69,2296483,11873069100
015350,부산가스,36300,36700,400,1.1,1206,44046750
011390,부산산업,132500,144000,11500,8.68,103734,14458260000
005030,부산주공,340,349,9,2.65,133048,46004559
100220,비상교육,7050,7070,20,0.28,29333,207835410
030790,비케이탑스,6950,6840,-110,-1.58,309134,2090231380
101140,비티원,3735,3955,220,5.89,478470,1866971660
005180,빙그레,59900,62000,2100,3.51,36145,2219922800
003960,사조대림,14250,14200,-50,-0.35,13985,199119200
008040,사조동아원,866,883,17,1.96,351668,305941478
007160,사조산업,26150,26300,150,0.57,7535,197714950
014710,사조씨푸드,3705,3730,25,0.67,54411,203034310
006090,사조오양,8100,8200,100,1.23,62572,510547660
005090,삼광글라스,28800,29050,250,0.87,3255,93422550
001470,삼부토건,643,669,26,4.04,988701,651404617
006400,삼성SDI,371500,381000,9500,2.56,540737,206022591000
006405,삼성SDI우,221000,225000,4000,1.81,23165,5229958000
006660,삼성공조,6300,6280,-20,-0.32,1473,9233940
028260,삼성물산,115000,112000,-3000,-2.61,711497,79700364500
02826K,삼성물산우B,89800,88600,-1200,-1.34,20653,1836096600
207940,삼성바이오로직스,786000,771000,-15000,-1.91,225308,173659483000
032830,삼성생명,45300,45300,0,0.0,163250,7404292150
018260,삼성에스디에스,176500,177500,1000,0.57,91334,16170852000
028050,삼성엔지니어링,12100,12100,0,0.0,846954,10280932600
009150,삼성전기,127500,127000,-500,-0.39,366332,46503096000
009155,삼성전기우,57500,57900,400,0.7,22871,1326725500
005930,삼성전자,52900,53600,700,1.32,11887868,633333112600
005935,삼성전자우,46650,46900,250,0.54,1457760,68213159365
001360,삼성제약,3730,3700,-30,-0.8,433960,1604493525
010140,삼성중공업,5890,5880,-10,-0.17,2874348,16819039150
010145,삼성중공우,316500,313500,-3000,-0.95,38713,12197797000
016360,삼성증권,26650,26750,100,0.38,313899,8368557200
068290,삼성출판사,21250,21400,150,0.71,60168,1294215100
029780,삼성카드,28700,28700,0,0.0,65172,1872609350
000810,삼성화재,181000,183000,2000,1.1,40387,7358651500
000815,삼성화재우,129000,129500,500,0.39,5071,654989000
006110,삼아알미늄,3710,3870,160,4.31,38373,146089380
145990,삼양사,40800,40900,100,0.25,7209,294176350
145995,삼양사우,32250,32250,0,0.0,2242,71716050
003230,삼양식품,125500,125500,0,0.0,46115,5852608000
002170,삼양통상,54200,54400,200,0.37,3616,195692200
272550,삼양패키징,17900,18000,100,0.56,20635,372255150
000070,삼양홀딩스,56400,57100,700,1.24,10137,579092500
000075,삼양홀딩스우,42050,42400,350,0.83,1642,69226500
002810,삼영무역,13800,13650,-150,-1.09,28495,388090500
005680,삼영전자,7230,7290,60,0.83,5098,36976680
003720,삼영화학,1195,1205,10,0.84,22947,27428475
023000,삼원강재,1955,1970,15,0.77,8256,16220350
004380,삼익THK,10650,10700,50,0.47,21843,232646550
002450,삼익악기,1415,1430,15,1.06,412163,585271070
000520,삼일제약,18400,18650,250,1.36,41398,765699000
009770,삼정펄프,25400,25300,-100,-0.39,636,15839750
005500,삼진제약,27300,27400,100,0.37,46456,1266818750
004690,삼천리,69600,71500,1900,2.73,37293,2656505400
001880,삼호,25000,25350,350,1.4,40380,1017022150
010960,삼호개발,4250,4325,75,1.76,102315,438235530
004450,삼화왕관,42300,42350,50,0.12,392,16539850
009470,삼화전기,17700,17900,200,1.13,48730,872966550
011230,삼화전자,2665,2670,5,0.19,31533,84029380
001820,삼화콘덴서,53100,53000,-100,-0.19,79387,4215703900
000390,삼화페인트,4720,4800,80,1.69,10585,50595810
001290,상상인증권,1040,1040,0,0.0,43815,46312385
041650,상신브레이크,2225,2250,25,1.12,51105,114204785
075180,새론오토모티브,3460,3495,35,1.01,911,3173410
007540,샘표,57100,56800,-300,-0.53,29863,1705058000
248170,샘표식품,45400,44850,-550,-1.21,57490,2579918900
007860,서연,7430,7660,230,3.1,12371968,99879686750
200880,서연이화,3380,3500,120,3.55,156305,540862910
017390,서울가스,68400,69300,900,1.32,70,4830300
004410,서울식품,160,159,-1,-0.63,1657188,264091579
004415,서울식품우,4240,4130,-110,-2.59,138094,574734210
021050,서원,4425,4380,-45,-1.02,5310034,23190794060
008490,서흥,54200,54000,-200,-0.37,68671,3705219300
007610,선도전기,2490,2570,80,3.21,120779,305080800
136490,선진,9840,9740,-100,-1.02,71739,702025300
002820,선창산업,3395,3470,75,2.21,5660,20106225
014910,성문전자,1425,1440,15,1.05,71508,103329010
014915,성문전자우,10150,10300,150,1.48,10746,109589450
003080,성보화학,4525,4495,-30,-0.66,9300,41776095
004980,성신양회,6290,6490,200,3.18,145683,930316700
004985,성신양회우,10850,11250,400,3.69,56197,614604800
011300,성안,444,444,0,0.0,141263,62234241
000180,성창기업지주,1450,1485,35,2.41,212551,314425110
002420,세기상사,58400,56900,-1500,-2.57,7831,449396200
004360,세방,10650,10500,-150,-1.41,12097,127655500
004365,세방우,5980,5990,10,0.17,14161,84572190
004490,세방전지,30000,30050,50,0.17,12257,368105600
001430,세아베스틸,10150,10100,-50,-0.49,81704,824615150
306200,세아제강,48250,48750,500,1.04,3635,176482550
003030,세아제강지주,34700,34950,250,0.72,3396,118265500
019440,세아특수강,10200,10250,50,0.49,15577,157730600
058650,세아홀딩스,73800,74200,400,0.54,81,5985000
013000,세우글로벌,1760,1760,0,0.0,574161,1014245485
091090,세원셀론텍,2865,2850,-15,-0.52,200393,568483460
021820,세원정공,8090,8090,0,0.0,0,0
067830,세이브존IC,2180,2180,0,0.0,23940,51917350
033530,세종공업,5190,5180,-10,-0.19,166085,853588840
075580,세진중공업,6000,6300,300,5.0,760456,4761417110
027970,세하,1740,1730,-10,-0.57,61939,106492450
145210,세화아이엠씨,1305,1320,15,1.15,655373,868736455
308170,센트랄모텍,30350,30750,400,1.32,178802,5586483750
068270,셀트리온,308500,309500,1000,0.32,760954,233165927500
004430,송원산업,12900,12900,0,0.0,51858,666777950
017550,수산중공업,1670,1700,30,1.8,1099529,1870551470
053210,스카이라이프,7700,7650,-50,-0.65,33777,257460850
134790,시디즈,47250,47650,400,0.85,3686,174868550
016590,신대양제지,53500,53000,-500,-0.93,14301,758267100
029530,신도리코,24000,23950,-50,-0.21,12057,287793650
004970,신라교역,9650,9750,100,1.04,5609,54917330
011930,신성이엔지,1300,1300,0,0.0,3366191,4336250730
005390,신성통상,1665,1675,10,0.6,2859628,4748970165
004170,신세계,215500,221500,6000,2.78,98113,21636798500
035510,신세계IC,120000,122500,2500,2.08,1736,211569000
034300,신세계건설,20050,20150,100,0.5,4373,87805400
031430,신세계인터내셔날,151000,159500,8500,5.63,106125,16734060500
031440,신세계푸드,53000,54700,1700,3.21,17340,953163600
006880,신송홀딩스,3745,3750,5,0.13,9899,36940620
005800,신영와코루,89000,88400,-600,-0.67,315,27780300
001720,신영증권,43000,43100,100,0.23,2504,108243800
001725,신영증권우,42700,43100,400,0.94,2027,86852250
009270,신원,1625,1700,75,4.62,2103851,3521874480
009275,신원우,59500,57500,-2000,-3.36,32106,1826393200
002700,신일전자,1975,1980,5,0.25,1518402,2998029145
019170,신풍제약,29300,29550,250,0.85,3505959,105319944250
019175,신풍제약우,45350,45750,400,0.88,239049,11376652000
002870,신풍제지,1245,1250,5,0.4,35776,44490020
293940,신한알파리츠,6670,6600,-70,-1.05,89017,589493470
055550,신한지주,29900,30050,150,0.5,1038768,31131246200
001770,신화실업,21700,21500,-200,-0.92,4464,95541950
004080,신흥,9010,9020,10,0.11,1178,10609890
102280,쌍방울,762,820,58,7.61,11445796,9681562135
003410,쌍용양회,5110,5130,20,0.39,868934,4447473520
003415,쌍용양회우,15650,15450,-200,-1.28,38899,618892650
003620,쌍용차,3305,3325,20,0.61,4037031,13425679055
004770,써니전자,3230,3310,80,2.48,2260036,7346738670
015540,쎌마테라퓨틱스,6920,6970,50,0.72,145741,1021674720
004920,씨아이테크,1040,1040,0,0.0,307882,331889175
112610,씨에스윈드,42000,44500,2500,5.95,347933,15338956300
008700,아남전자,1670,1695,25,1.5,649790,1101324795
002790,아모레G,52000,53300,1300,2.5,277439,14686264700
00279K,아모레G3우전환,34600,34200,-400,-1.16,57858,1984069700
002795,아모레G우,24800,26000,1200,4.84,1459340,39138540900
090430,아모레퍼시픽,168000,167000,-1000,-0.6,386468,64880153000
090435,아모레퍼시픽우,63000,63600,600,0.95,152423,9777874500
002030,아세아,70500,71400,900,1.28,4138,292876900
183190,아세아시멘트,52600,54000,1400,2.66,11222,601556300
002310,아세아제지,29350,29200,-150,-0.51,33016,962429750
267850,아시아나IDT,15350,15950,600,3.91,270997,4281228500
020560,아시아나항공,3820,3950,130,3.4,2591718,10131487900
122900,아이마켓코리아,8850,8610,-240,-2.71,112818,986281760
010780,아이에스동서,29400,32750,3350,11.39,379384,12065934700
033660,아주캐피탈,11650,11450,-200,-1.72,32751,378858400
001780,알루코,1800,1820,20,1.11,247957,449998670
018250,애경산업,23550,23500,-50,-0.21,78283,1847573000
161000,애경유화,6430,6430,0,0.0,70799,453696950
011090,에넥스,1110,1115,5,0.45,2062735,2337441180
005850,에스엘,13800,13800,0,0.0,0,0
012750,에스원,89200,89100,-100,-0.11,27567,2452785700
023960,에쓰씨엔지니어링,1245,1250,5,0.4,18436,23500075
298690,에어부산,3860,3890,30,0.78,220778,853293985
140910,에이리츠,6290,6250,-40,-0.64,4258,26757480
078520,에이블씨엔씨,8620,8870,250,2.9,511826,4589151570
015260,에이엔피,202,202,0,0.0,287905,57940294
007460,에이프로젠KIC,2970,2990,20,0.67,5562492,16587883890
003060,에이프로젠제약,1850,1845,-5,-0.27,4874333,9035322925
036570,엔씨소프트,964000,944000,-20000,-2.07,81378,77120455000
138250,엔에스쇼핑,13550,13600,50,0.37,230153,3090120150
085310,엔케이,1115,1105,-10,-0.9,396900,440774355
009810,엔케이물산,552,600,48,8.7,1970216,1162766284
900140,엘브이엠씨홀딩스,3805,4050,245,6.44,401123,1601831335
014440,영보화학,2700,2725,25,0.93,9441,25594850
111770,영원무역,26350,26000,-350,-1.33,79800,2077613100
009970,영원무역홀딩스,36350,37000,650,1.79,7445,273274800
003520,영진약품,5450,5580,130,2.39,748849,4126641510
000670,영풍,485500,485000,-500,-0.1,1118,542572000
006740,영풍제지,3115,3155,40,1.28,7711,24047815
012280,영화금속,1890,1815,-75,-3.97,2600481,4798920225
012160,영흥,1190,1180,-10,-0.84,348825,410051195
015360,예스코홀딩스,35200,34500,-700,-1.99,201,6991200
007310,오뚜기,566000,573000,7000,1.24,4379,2502958000
002630,오리엔트바이오,573,602,29,5.06,2576361,1592494294
271560,오리온,138000,140000,2000,1.45,91866,12794246500
001800,오리온홀딩스,13300,13400,100,0.75,53576,715247450
070960,용평리조트,4110,4395,285,6.93,230916,985273800
316140,우리금융지주,8920,8950,30,0.34,682717,6104920120
004720,우리들제약,6510,6500,-10,-0.15,136756,886492610
118000,우리들휴브레인,3145,3270,125,3.97,1841865,5876137255
010050,우리종금,579,580,1,0.17,628074,362698343
006980,우성사료,3120,3120,0,0.0,622790,1937286575
017370,우신시스템,2685,2710,25,0.93,55309,149445915
105840,우진,3360,3385,25,0.74,97028,324308660
010400,우진아이엔에스,6340,6390,50,0.79,10279,65494970
049800,우진플라임,3155,3155,0,0.0,19170,60894630
016880,웅진,1080,1080,0,0.0,71907,77476715
095720,웅진씽크빅,2395,2460,65,2.71,338740,824552540
005820,원림,16400,16750,350,2.13,751,12437800
010600,웰바이오텍,2420,2595,175,7.23,2890553,7435637775
008600,윌비스,1240,1260,20,1.61,676803,842348800
033270,유나이티드제약,25950,28000,2050,7.9,627141,17133458250
014830,유니드,41300,41350,50,0.12,8015,330805450
000910,유니온,5200,5210,10,0.19,581545,3031140960
047400,유니온머티리얼,3815,4000,185,4.85,9145407,36011787035
011330,유니켐,1365,1350,-15,-1.1,171407,230492505
077500,유니퀘스트,12500,12250,-250,-2.0,1138769,14079359700
002920,유성기업,2390,2435,45,1.88,11865,28549970
000700,유수홀딩스,6130,6150,20,0.33,21307,131715920
003470,유안타증권,2630,2690,60,2.28,207884,556159125
003475,유안타증권우,2020,2010,-10,-0.5,88253,176983630
011690,유양디앤유,1220,1220,0,0.0,0,0
072130,유엔젤,2900,2985,85,2.93,37197,109390425
000220,유유제약,12900,13150,250,1.94,52903,686400650
000225,유유제약1우,10000,9730,-270,-2.7,45189,439241870
000227,유유제약2우B,22800,22150,-650,-2.85,1297,28874850
001200,유진투자증권,2885,2855,-30,-1.04,202720,579496835
000100,유한양행,52200,52300,100,0.19,807638,43117814600
000105,유한양행우,54300,56200,1900,3.5,134975,7928530300
003460,유화증권,2165,2175,10,0.46,906,1959320
003465,유화증권우,2560,2545,-15,-0.59,4456,11423305
008730,율촌화학,14650,14600,-50,-0.34,54240,788030050
008250,이건산업,7660,7750,90,1.17,71495,546550900
025820,이구산업,1520,1520,0,0.0,511308,786066500
214320,이노션,45200,46300,1100,2.43,77014,3545366250
088260,이리츠코크렙,5680,5650,-30,-0.53,25599,144871270
139480,이마트,107500,107500,0,0.0,115808,12410732500
007660,이수페타시스,3510,3530,20,0.57,115436,404925125
005950,이수화학,8690,8660,-30,-0.35,151996,1322508700
015020,이스타코,714,721,7,0.98,175203,124648007
093230,이아이디,222,223,1,0.45,1805862,401986363
074610,이엔플러스,6060,6170,110,1.82,850067,5154921320
102460,이연제약,15300,15400,100,0.65,66725,1009599800
084680,이월드,4435,4365,-70,-1.58,2412264,10691504820
000760,이화산업,14300,14150,-150,-1.05,3202,45184050
014990,인디에프,2130,2240,110,5.16,3186509,6989707735
006490,인스코비,2045,2040,-5,-0.24,237784,484238615
023800,인지컨트롤스,4725,5210,485,10.26,1074559,5399128630
034590,인천도시가스,24000,24150,150,0.63,1888,45332500
129260,인터지스,1600,1635,35,2.19,414790,689381480
023810,인팩,4725,4770,45,0.95,30118,146272055
249420,일동제약,14700,14850,150,1.02,46684,687528500
000230,일동홀딩스,9000,8990,-10,-0.11,4711,42188210
013360,일성건설,969,999,30,3.1,307971,301720423
003120,일성신약,77100,77400,300,0.39,3115,240499900
003200,일신방직,60200,61700,1500,2.49,2869,173905200
007110,일신석재,2370,2485,115,4.85,3550293,8637766340
007570,일양약품,63700,69500,5800,9.11,4356176,299158492700
007575,일양약품우,76000,90000,14000,18.42,116305,10295212100
008500,일정실업,12750,13250,500,3.92,4837,63470900
081000,일진다이아,41300,40850,-450,-1.09,304547,12427565950
020760,일진디스플,2900,2855,-45,-1.55,97095,277699615
020150,일진머티리얼즈,49700,51300,1600,3.22,897335,46147123600
103590,일진전기,2550,2625,75,2.94,70174,180439630
015860,일진홀딩스,4510,4485,-25,-0.55,173391,778589125
226320,잇츠한불,14750,17900,3150,21.36,4158332,75765280150
317400,자이에스앤디,6030,6100,70,1.16,99097,602249600
033240,자화전자,6490,6490,0,0.0,39199,254453360
000950,전방,18600,20300,1700,9.14,25140,486548000
194370,제이에스코퍼레이션,6810,6790,-20,-0.29,32024,216998270
025620,제이준코스메틱,2540,2640,100,3.94,1019166,2715704140
036420,제이콘텐트리,32400,32650,250,0.77,236872,7757248200
030000,제일기획,17600,17900,300,1.7,495011,8794471750
271980,제일약품,45050,44700,-350,-0.78,155743,6900592600
001560,제일연마,6140,6090,-50,-0.81,6007,36510520
002620,제일파마홀딩스,18900,19000,100,0.53,19066,362706150
006220,제주은행,3060,3065,5,0.16,9549,29377770
089590,제주항공,16950,16650,-300,-1.77,168747,2803329500
004910,조광페인트,5550,5560,10,0.18,1883,10427440
004700,조광피혁,59500,58400,-1100,-1.85,6152,365563800
001550,조비,17900,19000,1100,6.15,823533,15548836150
000480,조선내화,72300,71700,-600,-0.83,724,51997000
120030,조선선재,105000,104500,-500,-0.48,15577,1618004000
018470,조일알미늄,535,542,7,1.31,38678,20771656
002600,조흥,151000,152500,1500,0.99,440,67017500
185750,종근당,114500,113000,-1500,-1.31,65993,7525333500
063160,종근당바이오,39300,38950,-350,-0.89,51313,1993370600
001630,종근당홀딩스,118000,116000,-2000,-1.69,19928,2320751000
044380,주연테크,1470,1430,-40,-2.72,1217011,1734404755
013890,지누스,87600,92000,4400,5.02,338939,30887233600
013870,지엠비코리아,4900,4860,-40,-0.82,112213,544633465
071320,지역난방공사,32350,33450,1100,3.4,19062,634626100
010580,지코,306,306,0,0.0,0,0
035000,지투알,4995,5060,65,1.3,7858,39458940
088790,진도,2620,2700,80,3.05,63713,169539770
003780,진양산업,3310,3410,100,3.02,275000,926338310
010640,진양폴리,2935,3005,70,2.39,153042,458500880
100250,진양홀딩스,2340,2355,15,0.64,15022,35146915
051630,진양화학,3195,3200,5,0.16,209613,667749020
272450,진에어,10300,10350,50,0.49,44433,457926500
011000,진원생명과학,9320,9330,10,0.11,2172470,20435544430
002780,진흥기업,1930,1950,20,1.04,24014,46327850
002787,진흥기업2우B,15600,15800,200,1.28,6305,98237750
002785,진흥기업우B,5570,5610,40,0.72,8578,47311560
009310,참엔지니어링,1315,1330,15,1.14,50991,67392680
000650,천일고속,61200,59800,-1400,-2.29,3228,193260200
012600,청호컴넷,2940,2980,40,1.36,14284,42001180
033250,체시스,3160,3045,-115,-3.64,7660937,23144541155
035720,카카오,285500,294000,8500,2.98,1604493,469241494000
006380,카프로,2565,2575,10,0.39,219670,570938880
109070,컨버즈,4100,4100,0,0.0,0,0
001620,케이비아이동국실업,514,519,5,0.97,42806,22148300
029460,케이씨,19950,20900,950,4.76,195365,3988835400
344820,케이씨씨글라스,31950,32150,200,0.63,97811,3112644400
281820,케이씨텍,22900,22950,50,0.22,283561,6494238700
145270,케이탑리츠,759,758,-1,-0.13,21239,16063639
007815,코리아써우,4860,4860,0,0.0,1698,8095825
007810,코리아써키트,12700,12150,-550,-4.33,579127,7066602550
00781K,코리아써키트2우B,6120,6080,-40,-0.65,1109,6918340
152330,코리아오토글라스,13450,13700,250,1.86,24966,339649900
003690,코리안리,7440,7630,190,2.55,173100,1319813940
192820,코스맥스,97700,101500,3800,3.89,129768,13006314800
044820,코스맥스비티아이,16800,18450,1650,9.82,105664,1875836050
005070,코스모신소재,12250,12500,250,2.04,1774523,22534046300
005420,코스모화학,7890,8030,140,1.77,301557,2444748900
071950,코아스,1095,1115,20,1.83,332732,369555705
002020,코오롱,18450,18450,0,0.0,58539,1074859600
003070,코오롱글로벌,8700,8680,-20,-0.23,51278,448410050
003075,코오롱글로벌우,23200,22600,-600,-2.59,37461,847997350
144620,코오롱머티리얼,1760,1780,20,1.14,183211,319003825
002025,코오롱우,11800,11550,-250,-2.12,24170,279736250
120110,코오롱인더,32700,32550,-150,-0.46,98335,3215139800
120115,코오롱인더우,17700,18100,400,2.26,54240,976896050
138490,코오롱플라스틱,3880,3870,-10,-0.26,60934,235687200
021240,코웨이,74000,76500,2500,3.38,212854,16053252516
031820,콤텍시스템,1260,1265,5,0.4,484073,610705290
192400,쿠쿠홀딩스,80100,80900,800,1.0,5035,405625900
284740,쿠쿠홈시스,33900,33600,-300,-0.88,31373,1057258550
015590,큐로,782,813,31,3.96,3374690,2772169254
264900,크라운제과,8790,8810,20,0.23,11177,98504170
26490K,크라운제과우,8330,8150,-180,-2.16,27609,226369720
005740,크라운해태홀딩스,8360,8420,60,0.72,4929,41311480
005745,크라운해태홀딩스우,12250,12200,-50,-0.41,14590,176069500
020120,키다리스튜디오,6980,7100,120,1.72,391450,2809861330
039490,키움증권,85200,85500,300,0.35,44175,3776594000
012170,키위미디어그룹,150,150,0,0.0,0,0
014580,태경비케이,3565,3580,15,0.42,189619,674937205
015890,태경산업,4835,4815,-20,-0.41,12943,62252305
006890,태경케미컬,6130,6130,0,0.0,58779,361787340
003240,태광산업,701000,703000,2000,0.29,327,229231000
011280,태림포장,3380,3395,15,0.44,126030,425981275
004100,태양금속,1080,1090,10,0.93,137261,149135785
004105,태양금속우,3715,3625,-90,-2.42,231974,842396290
009410,태영건설,16150,16150,0,0.0,277088,4440057400
009415,태영건설우,9490,9550,60,0.63,39312,374569600
001420,태원물산,3425,3455,30,0.88,7513,25839010
007980,태평양물산,1940,2005,65,3.35,540589,1079052500
055490,테이팩스,23000,23700,700,3.04,41941,981107600
078000,텔코웨어,12450,12350,-100,-0.8,11247,138502750
214420,토니모리,10400,11150,750,7.21,3830833,43294637150
019180,티에이치엔,2640,2600,-40,-1.52,102088,267050760
091810,티웨이항공,3115,3115,0,0.0,54578,169619010
004870,티웨이홀딩스,1120,1145,25,2.23,163867,185542895
005690,파미셀,19200,19500,300,1.56,4027829,79291684250
036580,팜스코,6150,6200,50,0.81,173225,1066900260
028670,팬오션,3835,3860,25,0.65,972888,3753977250
010820,퍼스텍,2275,2310,35,1.54,1213829,2771915550
016800,퍼시스,28400,28450,50,0.18,31255,887672750
001020,페이퍼코리아,1215,1190,-25,-2.06,41736,50204615
090080,평화산업,1190,1205,15,1.26,131972,158260165
010770,평화홀딩스,2930,2920,-10,-0.34,14790,43457075
058430,포스코강판,12700,13250,550,4.33,68450,891041800
047050,포스코인터내셔널,14400,14250,-150,-1.04,101623,1453909450
003670,포스코케미칼,76700,77400,700,0.91,542891,42281930300
007630,폴루스바이오팜,1225,1225,0,0.0,0,0
017810,풀무원,18350,18000,-350,-1.91,123245,2239134200
103140,풍산,23400,23200,-200,-0.85,285969,6693613600
005810,풍산홀딩스,27450,27300,-150,-0.55,2703,74101250
033180,필룩스,4295,4345,50,1.16,1319731,5722377510
086790,하나금융지주,27250,27250,0,0.0,793889,21673521050
293480,하나제약,23350,23450,100,0.43,340577,8123659500
039130,하나투어,38200,38000,-200,-0.52,35645,1347576600
172580,하이골드12호,2275,2275,0,0.0,3106,7055325
153360,하이골드3호,1375,1360,-15,-1.09,3081,4201405
071090,하이스틸,16500,16850,350,2.12,7086,118091750
019490,하이트론,3005,3005,0,0.0,8039,24275245
000080,하이트진로,43250,43000,-250,-0.58,295567,12793662200
000087,하이트진로2우B,21800,22400,600,2.75,12618,282332650
000140,하이트진로홀딩스,21750,21850,100,0.46,36407,791774200
000145,하이트진로홀딩스우,17750,17800,50,0.28,3048,53850600
152550,한국ANKOR유전,1725,1725,0,0.0,14486,24988455
036460,한국가스공사,26200,26250,50,0.19,93509,2455868900
005430,한국공항,33900,34800,900,2.65,12345,428892150
071050,한국금융지주,45650,45650,0,0.0,200589,9149752050
071055,한국금융지주우,32250,32750,500,1.55,14680,480087900
010040,한국내화,3395,3435,40,1.18,167261,565908980
025540,한국단자,33500,33700,200,0.6,12336,417246100
004090,한국석유,94900,95300,400,0.42,1933,184022300
002200,한국수출포장,19150,19150,0,0.0,4234,80715200
002960,한국쉘석유,233000,235500,2500,1.07,925,218136000
123890,한국자산신탁,2845,2875,30,1.05,151947,433450645
015760,한국전력,19350,19400,50,0.26,2959162,57724265700
006200,한국전자홀딩스,556,569,13,2.34,157699,89583358
002300,한국제지,19300,19300,0,0.0,0,0
009540,한국조선해양,88300,88500,200,0.23,138087,12191474600
023350,한국종합기술,3950,3935,-15,-0.38,32779,129537080
025890,한국주강,1395,1430,35,2.51,14007,19496700
000970,한국주철관,8540,8550,10,0.12,69805,597419070
104700,한국철강,4445,4430,-15,-0.34,24523,108987010
017960,한국카본,7530,7580,50,0.66,213444,1611140000
161890,한국콜마,42350,43550,1200,2.83,386696,16788759200
024720,한국콜마홀딩스,20700,21550,850,4.11,186852,3981673150
161390,한국타이어앤테크놀로지,25300,24900,-400,-1.58,329127,8180326950
000240,한국테크놀로지그룹,13000,12700,-300,-2.31,805738,10328704500
034830,한국토지신탁,1750,1745,-5,-0.29,163527,284803370
007280,한국특수형강,1410,1420,10,0.71,28834,40294095
168490,한국패러랠,2015,2010,-5,-0.25,28447,56923890
010100,한국프랜지,2320,2235,-85,-3.66,2045172,4748135610
047810,한국항공우주,23900,24100,200,0.84,173368,4154330050
123690,한국화장품,13550,14100,550,4.06,5395040,78456986650
003350,한국화장품제조,41750,42250,500,1.2,1770612,77380127350
011500,한농화성,4795,4760,-35,-0.73,30615,146251865
002390,한독,30150,30000,-150,-0.5,109652,3262229800
014790,한라,2900,2965,65,2.24,67850,198203860
060980,한라홀딩스,27000,27100,100,0.37,22257,600018450
053690,한미글로벌,6770,6840,70,1.03,16499,112037470
042700,한미반도체,7360,7880,520,7.07,675714,5198580310
008930,한미사이언스,33100,34100,1000,3.02,94849,3198854050
128940,한미약품,245500,248500,3000,1.22,30467,7506929000
009240,한샘,90300,95700,5400,5.98,338005,32101810000
020000,한섬,35750,35350,-400,-1.12,47423,1686942600
003680,한성기업,9840,10200,360,3.66,633208,6433625470
105630,한세실업,10900,10850,-50,-0.46,116757,1282516400
069640,한세엠케이,2875,2850,-25,-0.87,14048,39597530
016450,한세예스24홀딩스,4200,4105,-95,-2.26,2510179,11366874500
010420,한솔PNS,1360,1370,10,0.74,60911,83135015
009180,한솔로지스틱스,1765,1765,0,0.0,644824,1137593965
213500,한솔제지,13900,14000,100,0.72,34963,489376500
014680,한솔케미칼,131500,134500,3000,2.28,54614,7282606000
004710,한솔테크닉스,7000,7040,40,0.57,88565,621685000
004150,한솔홀딩스,3025,3030,5,0.17,28388,85769545
025750,한솔홈데코,967,985,18,1.86,396879,388387226
004960,한신공영,11800,12400,600,5.08,41641,510068000
011700,한신기계,1230,1270,40,3.25,280912,352637610
001750,한양증권,7110,7280,170,2.39,32828,237377110
001755,한양증권우,10050,10050,0,0.0,11054,111875500
018880,한온시스템,9230,9240,10,0.11,371816,3430314730
009420,한올바이오파마,28900,29800,900,3.11,366866,10725396450
014130,한익스프레스,4330,4350,20,0.46,50033,216388555
300720,한일시멘트,81100,81200,100,0.12,2035,165557100
002220,한일철강,1635,1655,20,1.22,37856,62743740
006390,한일현대시멘트,28400,29750,1350,4.75,43811,1273208050
003300,한일홀딩스,46850,47150,300,0.64,5829,276348800
051600,한전KPS,29600,29900,300,1.01,40297,1202125350
052690,한전기술,15300,15450,150,0.98,31197,480745150
130660,한전산업,3190,3195,5,0.16,12545,40090190
002320,한진,44650,44100,-550,-1.23,64835,2858938150
097230,한진중공업,5920,6070,150,2.53,109367,653514220
003480,한진중공업홀딩스,3180,3240,60,1.89,36790,118085295
180640,한진칼,86500,85500,-1000,-1.16,197714,16953853600
18064K,한진칼우,53700,53000,-700,-1.3,26982,1437515200
005110,한창,2255,2350,95,4.21,1530289,3526655935
009460,한창제지,1995,2035,40,2.01,2536490,5173511185
000880,한화,22550,22500,-50,-0.22,212680,4754064250
00088K,한화3우B,11500,11600,100,0.87,30340,348957700
088350,한화생명,1380,1395,15,1.09,2439408,3379536610
000370,한화손해보험,2745,2745,0,0.0,477462,1310304830
009830,한화솔루션,18950,18850,-100,-0.53,962122,18068247850
009835,한화솔루션우,18250,17850,-400,-2.19,93884,1661057800
272210,한화시스템,8940,8920,-20,-0.22,213080,1903559690
012450,한화에어로스페이스,24650,24450,-200,-0.81,285011,6941340950
000885,한화우,40150,39700,-450,-1.12,52390,2057982150
003530,한화투자증권,1685,1680,-5,-0.3,319742,537791610
003535,한화투자증권우,2165,2085,-80,-3.7,279357,590666480
195870,해성디에스,15200,15800,600,3.95,179817,2843185000
101530,해태제과식품,8510,8450,-60,-0.71,34459,292956020
143210,핸즈코퍼레이션,6240,6330,90,1.44,19287,121110630
000720,현대건설,33800,34500,700,2.07,696058,23815665800
267270,현대건설기계,21450,21500,50,0.23,59890,1279432150
000725,현대건설우,228500,207500,-21000,-9.19,32319,6787937500
005440,현대그린푸드,7890,7920,30,0.38,86260,681741740
086280,현대글로비스,104000,105000,1000,0.96,116692,12388673500
064350,현대로템,16100,16750,650,4.04,2586105,42559254600
079430,현대리바트,19600,19550,-50,-0.26,1442200,29021960450
012330,현대모비스,194500,195500,1000,0.51,165056,32370137356
010620,현대미포조선,31050,31500,450,1.45,147878,4645677600
069960,현대백화점,59300,61100,1800,3.04,140712,8512128700
004560,현대비앤지스틸,7090,7160,70,0.99,48370,346502250
004565,현대비앤지스틸우,87100,84200,-2900,-3.33,21374,1833855800
011760,현대상사,13550,13900,350,2.58,36801,505859600
004310,현대약품,5620,5780,160,2.85,755960,4299430770
322000,현대에너지솔루션,26250,25600,-650,-2.48,102952,2641409200
126560,현대에이치씨엔,4300,4375,75,1.74,661179,2907419130
017800,현대엘리베이,48350,51400,3050,6.31,457887,22696805250
307950,현대오토에버,38150,38300,150,0.39,9348,356658550
011210,현대위아,34600,34600,0,0.0,49017,1699000400
267260,현대일렉트릭,7800,7780,-20,-0.26,59937,465314290
004020,현대제철,20700,21050,350,1.69,396561,8324090750
267250,현대중공업지주,249000,247000,-2000,-0.8,19425,4807692000
005380,현대차,99000,99200,200,0.2,569575,56539440000
005387,현대차2우B,57400,57700,300,0.52,53047,3049040200
005389,현대차3우B,54400,54600,200,0.37,7552,411422900
005385,현대차우,55400,55500,100,0.18,66884,3703405700
001500,현대차증권,8400,8440,40,0.48,32464,272314070
227840,현대코퍼레이션홀딩스,9560,9580,20,0.21,22207,211912670
001450,현대해상,23350,23600,250,1.07,123535,2898348000
057050,현대홈쇼핑,64500,64600,100,0.16,19164,1237336800
093240,형지엘리트,1035,1055,20,1.93,85050,88768930
003010,혜인,4810,4855,45,0.94,202921,982419290
111110,호전실업,9540,9440,-100,-1.05,12694,120035540
008770,호텔신라,71100,70900,-200,-0.28,327098,23225351700
008775,호텔신라우,63600,63600,0,0.0,33706,2164550800
002460,화성산업,9700,10400,700,7.22,96117,977163050
013520,화승알앤에이,1475,1495,20,1.36,42391,62914595
241590,화승엔터프라이즈,11700,11750,50,0.43,129252,1516338650
006060,화승인더,6970,6930,-40,-0.57,325886,2269360790
010690,화신,1965,1975,10,0.51,37201,72490655
133820,화인베스틸,2900,2740,-160,-5.52,6222045,17387175720
010660,화천기계,3605,3580,-25,-0.69,1233704,4427183405
000850,화천기공,30500,30800,300,0.98,3056,94001800
016580,환인제약,14400,14400,0,0.0,77196,1107378750
032560,황금에스티,5730,6000,270,4.71,109285,651853770
004800,효성,63200,63300,100,0.16,47980,3037765900
094280,효성ITX,19350,19400,50,0.26,26054,504510450
298040,효성중공업,28700,27950,-750,-2.61,164362,4615497400
298050,효성첨단소재,112000,110500,-1500,-1.34,74004,8247837500
298020,효성티앤씨,128500,127500,-1000,-0.78,11388,1439035500
298000,효성화학,104000,103500,-500,-0.48,8176,844713500
093370,후성,8060,8030,-30,-0.37,621697,5005432830
081660,휠라홀딩스,35400,35400,0,0.0,157295,5552408400
005870,휴니드,7010,7220,210,3.0,681601,4868927350
079980,휴비스,6140,6120,-20,-0.33,162744,995757300
005010,휴스틸,6500,6500,0,0.0,4717,30494160
069260,휴켐스,16150,16300,150,0.93,40971,666255800
000540,흥국화재,2275,2275,0,0.0,10558,23921025
000547,흥국화재2우B,24000,23950,-50,-0.21,2140,51102350
000545,흥국화재우,5760,5570,-190,-3.3,18083,101959570
003280,흥아해운,258,258,0,0.0,0,0
