티커,종목명,시가,종가,변동폭,등락률,거래량,거래대금
095570,AJ네트웍스,3595,3735,140,3.89,392432,1500374990
006840,AK홀딩스,25950,25300,-650,-2.5,51565,1317108750
027410,BGF,4765,4825,60,1.26,228827,1096263945
282330,BGF리테일,159000,158000,-1000,-0.63,21517,3435480000
138930,BNK금융지주,4970,5050,80,1.61,1992763,10052787145
001460,BYC,191500,193000,1500,0.78,581,111849000
001465,BYC우,104500,105000,500,0.48,239,24603500
001040,CJ,81500,81000,-500,-0.61,77611,6345206300
079160,CJCGV,26900,26700,-200,-0.74,400532,10747606100
00104K,CJ4우전환,56900,57400,500,0.88,14776,842545100
000120,CJ대한통운,146500,148000,1500,1.02,55060,8144575000
011150,CJ씨푸드,4125,4065,-60,-1.45,11886426,49712833340
011155,CJ씨푸드1우,34100,34300,200,0.59,34407,1217924050
001045,CJ우,40000,40050,50,0.13,3637,146236350
097950,CJ제일제당,269500,272500,3000,1.11,72019,19573993500
097955,CJ제일제당우,112000,111500,-500,-0.45,4977,554936500
000590,CS홀딩스,47150,47050,-100,-0.21,590,27551450
012030,DB,741,748,7,0.94,659930,494858955
016610,DB금융투자,3190,3530,340,10.66,1815854,6058299550
005830,DB손해보험,44900,44150,-750,-1.67,279516,12461243925
000990,DB하이텍,26050,26750,700,2.69,1067239,28514525500
000995,DB하이텍1우,42250,42850,600,1.42,1897,80206100
139130,DGB금융지주,5150,5270,120,2.33,1834773,9686211890
001530,DI동일,60500,61000,500,0.83,4335,265000500
004840,DRB동일,5400,5830,430,7.96,3557291,21237638210
155660,DSR,3780,3820,40,1.06,45765,172894495
069730,DSR제강,3635,3640,5,0.14,45953,168953825
017940,E1,34000,34700,700,2.06,14816,510280800
007700,FF,109500,107000,-2500,-2.28,78952,8506746000
114090,GKL,16200,15850,-350,-2.16,349748,5564397400
078930,GS,37800,38550,750,1.98,445543,17243553100
006360,GS건설,25300,25300,0,0.0,527881,13406214000
001250,GS글로벌,1710,1780,70,4.09,962876,1682159750
007070,GS리테일,37950,37950,0,0.0,708007,26950961450
078935,GS우,29650,30000,350,1.18,9497,284405300
012630,HDC,8990,9370,380,4.23,614213,5842990520
039570,HDC아이콘트롤스,8500,8630,130,1.53,55689,490852460
089470,HDC현대EP,3785,3780,-5,-0.13,81117,309506890
294870,HDC현대산업개발,17600,18850,1250,7.1,1808606,34246354150
011200,HMM,3600,3610,10,0.28,1024170,3699948200
082740,HSD엔진,3420,3410,-10,-0.29,414058,1411445815
003560,IHQ,1600,1565,-35,-2.19,1212570,1916893655
175330,JB금융지주,4690,4835,145,3.09,1084646,5334416955
234080,JW생명과학,15650,15600,-50,-0.32,110222,1718255650
001060,JW중외제약,29150,29250,100,0.34,128101,3747952800
001067,JW중외제약2우B,40600,41350,750,1.85,408,16816800
001065,JW중외제약우,25400,25600,200,0.79,3754,95508450
096760,JW홀딩스,5000,4975,-25,-0.5,104085,519855055
105560,KB금융,34150,34750,600,1.76,2470683,85742255850
002380,KCC,166000,165000,-1000,-0.6,40914,6823034500
009070,KCTC,2270,2295,25,1.1,704198,1645078930
009440,KC그린홀딩스,3590,3620,30,0.84,43751,158620760
119650,KC코트렐,4420,4410,-10,-0.23,127015,565648225
092220,KEC,751,764,13,1.73,821645,625863144
016380,KG동부제철,11250,11500,250,2.22,311741,3608790550
016385,KG동부제철우,65400,65900,500,0.76,159,10444900
001390,KG케미칼,14000,13850,-150,-1.07,155535,2172975650
001940,KISCO홀딩스,10250,10500,250,2.44,10802,112107200
025000,KPX케미칼,50100,48800,-1300,-2.59,6159,304728100
092230,KPX홀딩스,43700,44150,450,1.03,581,25510050
000040,KR모터스,792,800,8,1.01,307276,246216430
044450,KSS해운,7180,7300,120,1.67,95435,692203170
030200,KT,23550,23850,300,1.27,850555,20352446450
033780,KTG,80300,81100,800,1.0,485768,39371792400
030210,KTB투자증권,2320,2570,250,10.78,2484532,6256077980
058850,KTcs,1735,1765,30,1.73,2442884,4351097725
058860,KTis,1875,1900,25,1.33,249884,475325555
093050,LF,13050,13150,100,0.77,159922,2095308050
003550,LG,62500,62000,-500,-0.8,304604,19044749000
034220,LG디스플레이,11100,11050,-50,-0.45,2339489,26101426050
001120,LG상사,13000,13200,200,1.54,236664,3087502950
051900,LG생활건강,1371000,1386000,15000,1.09,38211,52977627000
051905,LG생활건강우,738000,726000,-12000,-1.63,5092,3746038000
003555,LG우,43350,43700,350,0.81,8105,353405100
032640,LG유플러스,13050,13350,300,2.3,1690838,22412552750
011070,LG이노텍,136500,132000,-4500,-3.3,382840,50978060500
066570,LG전자,53600,54900,1300,2.43,1017067,55621978200
066575,LG전자우,20650,21200,550,2.66,83194,1749649550
108670,LG하우시스,51100,51400,300,0.59,63487,3226541300
108675,LG하우시스우,22250,22150,-100,-0.45,2940,64949250
037560,LG헬로비전,4490,4485,-5,-0.11,183294,818626665
051910,LG화학,362500,376500,14000,3.86,566265,210528899000
051915,LG화학우,168000,172500,4500,2.68,42714,7312250500
079550,LIG넥스원,26000,26100,100,0.38,216315,5626671550
006260,LS,36400,37650,1250,3.43,168440,6347865150
010120,LSELECTRIC,38700,39100,400,1.03,95596,3733486700
000680,LS네트웍스,2035,1985,-50,-2.46,77874,155738315
229640,LS전선아시아,6900,6970,70,1.01,60394,419531590
023150,MH에탄올,9460,9570,110,1.16,11959648,126188586130
035420,NAVER,198000,197500,-500,-0.25,676743,134316105500
181710,NHN,76200,76400,200,0.26,88759,6717318800
005940,NH투자증권,9050,9690,640,7.07,3947641,37829309030
005945,NH투자증권우,7260,7480,220,3.03,156055,1155505720
338100,NH프라임리츠,4890,4915,25,0.51,24031,117783215
034310,NICE,19900,19900,0,0.0,36383,722136350
008260,NI스틸,1785,1795,10,0.56,48816,87695505
004250,NPC,3675,3670,-5,-0.14,44266,161827060
004255,NPC우,2320,2325,5,0.22,2112,4903500
010060,OCI,39300,39950,650,1.65,194403,7864042650
005490,POSCO,177500,184500,7000,3.94,614504,112086476000
100840,STC,15700,16050,350,2.23,22073,349835750
064960,ST모티브,34750,35900,1150,3.31,54231,1928015850
003570,ST중공업,5470,5440,-30,-0.55,40787,221868060
036530,ST홀딩스,14450,14250,-200,-1.38,6928,98809900
010950,S-Oil,68700,70000,1300,1.89,833372,58092628600
010955,S-Oil우,38650,39050,400,1.03,25554,996513350
034120,SBS,18250,18200,-50,-0.27,101528,1848146650
101060,SBS미디어홀딩스,1900,1910,10,0.53,49126,92911170
004060,SG세계물산,655,669,14,2.14,1177929,786286625
001380,SG충방,1200,1200,0,0.0,212624,257617745
002360,SH에너지화학,866,889,23,2.66,3351625,2970922007
009160,SIMPAC,2325,2320,-5,-0.22,84458,196286805
123700,SJM,2525,2580,55,2.18,22400,57176985
025530,SJM홀딩스,2575,2585,10,0.39,10468,26851510
034730,SK,183000,182000,-1000,-0.55,141362,25770485000
011790,SKC,49600,49550,-50,-0.1,311220,15453574000
018670,SK가스,76400,76400,0,0.0,16905,1293061800
001740,SK네트웍스,5520,5400,-120,-2.17,2353048,12827784050
001745,SK네트웍스우,76900,77400,500,0.65,1427,110451800
006120,SK디스커버리,24650,25200,550,2.23,156364,3915148850
006125,SK디스커버리우,15750,16000,250,1.59,6439,102463100
210980,SK디앤디,23000,24450,1450,6.3,80890,1933850600
068400,SK렌터카,8600,9240,640,7.44,710289,6684400730
03473K,SK우,150500,157500,7000,4.65,23017,3575725000
096770,SK이노베이션,96500,98300,1800,1.87,889335,88247645000
096775,SK이노베이션우,70700,72100,1400,1.98,10423,750181800
001510,SK증권,600,647,47,7.83,40573160,26776244703
001515,SK증권우,2425,2550,125,5.15,558725,1475671295
285130,SK케미칼,78600,77700,-900,-1.15,143629,11192346300
28513K,SK케미칼우,29000,29000,0,0.0,19136,554585850
017670,SK텔레콤,213000,211500,-1500,-0.7,285877,60839270000
000660,SK하이닉스,83400,83700,300,0.36,3750568,315313111200
005610,SPC삼립,71200,71100,-100,-0.14,10632,755337200
011810,STX,6520,6430,-90,-1.38,114734,747431040
077970,STX엔진,6480,6370,-110,-1.7,712296,4875028940
071970,STX중공업,2345,2250,-95,-4.05,819716,1917577885
084870,TBH글로벌,1455,1470,15,1.03,42469,61512365
002710,TCC스틸,1730,1760,30,1.73,36851,64199080
024070,WISCOM,2130,2115,-15,-0.7,17840,37788430
037270,YGPLUS,1850,1850,0,0.0,852475,1567280525
000500,가온전선,15150,15500,350,2.31,3786,58311350
000860,강남제비스코,17350,17450,100,0.58,11183,196102800
035250,강원랜드,25200,25050,-150,-0.6,733928,18577460300
011420,갤럭시아에스엠,1295,1280,-15,-1.16,80162,103496640
002100,경농,12100,12050,-50,-0.41,151757,1844730700
009450,경동나비엔,35750,35900,150,0.42,29931,1075013800
267290,경동도시가스,17550,17750,200,1.14,5537,97936950
012320,경동인베스트,27500,28150,650,2.36,1615,45138550
000050,경방,10450,10000,-450,-4.31,113749,1147344180
214390,경보제약,7700,7710,10,0.13,37736,289525600
012610,경인양행,6960,6950,-10,-0.14,265902,1857440210
009140,경인전자,16750,16850,100,0.6,901,15070950
013580,계룡건설,16150,16000,-150,-0.93,16246,261859250
012200,계양전기,2765,2740,-25,-0.9,320084,881253220
012205,계양전기우,7650,7290,-360,-4.71,101586,743517370
004200,고려개발,9070,9130,60,0.66,29204,269774070
002140,고려산업,3500,3360,-140,-4.0,9880048,34481263830
010130,고려아연,386500,386000,-500,-0.13,50073,19335124500
002240,고려제강,14250,14350,100,0.7,20020,286479500
009290,광동제약,6070,6060,-10,-0.16,113678,689150850
017040,광명전기,2055,2060,5,0.24,238679,491596405
017900,광전자,1840,1840,0,0.0,44682,82326385
037710,광주신세계,142500,146500,4000,2.81,842,123139000
030610,교보증권,6860,7250,390,5.69,325701,2345995480
007690,국도화학,42150,41750,-400,-0.95,10089,418601000
005320,국동,2315,2485,170,7.34,14637515,38418295480
001140,국보,2050,2185,135,6.59,4429067,9824221465
002720,국제약품,7230,7150,-80,-1.11,599791,4293995560
083420,그린케미칼,3700,3670,-30,-0.81,93994,343360705
014530,극동유화,3065,3250,185,6.04,2539303,8131289145
014280,금강공업,3140,3150,10,0.32,253885,799089705
014285,금강공업우,8850,8850,0,0.0,69869,626979900
008870,금비,49750,50800,1050,2.11,437,22158400
001570,금양,2300,2315,15,0.65,94874,217419705
002990,금호산업,7870,8100,230,2.92,191175,1555163780
002995,금호산업우,29800,30500,700,2.35,2770,84359100
011780,금호석유,76400,76400,0,0.0,348137,27183053400
011785,금호석유우,29850,29450,-400,-1.34,55482,1659012100
214330,금호에이치티,3795,3790,-5,-0.13,67063,255093560
001210,금호전기,3350,3495,145,4.33,290900,1033377325
073240,금호타이어,3080,3060,-20,-0.65,473839,1464556830
092440,기신정기,3070,3085,15,0.49,42507,132164350
000270,기아차,29250,29650,400,1.37,1875521,55196642000
024110,기업은행,7720,7900,180,2.33,4387448,34719166060
013700,까뮤이앤씨,1305,1300,-5,-0.38,1735151,2276607695
004540,깨끗한나라,3665,3675,10,0.27,545575,2007722420
004545,깨끗한나라우,19050,19150,100,0.52,4994,96039050
001260,남광토건,12450,13050,600,4.82,291617,3731282050
008350,남선알미늄,4875,4880,5,0.1,28030319,140135294015
008355,남선알미우,30950,31600,650,2.1,25169,800620300
004270,남성,2240,2245,5,0.22,309756,697236540
003920,남양유업,319000,321000,2000,0.63,1321,421889500
003925,남양유업우,103000,105000,2000,1.94,828,85900000
002070,남영비비안,1035,1020,-15,-1.45,1446430,1495003785
025860,남해화학,7750,7790,40,0.52,109564,847700280
005720,넥센,4525,4710,185,4.09,111390,510172385
005725,넥센우,2705,2730,25,0.92,1006,2646035
002350,넥센타이어,5700,5730,30,0.53,377330,2165129500
002355,넥센타이어1우B,2255,2280,25,1.11,6080,13838805
003580,넥스트사이언스,6900,6960,60,0.87,277333,1917686150
251270,넷마블,95300,95500,200,0.21,425067,40854790800
090350,노루페인트,7780,7720,-60,-0.77,186048,1439183710
090355,노루페인트우,12100,11800,-300,-2.48,19351,229113250
000320,노루홀딩스,9200,9370,170,1.85,5968,55360140
000325,노루홀딩스우,18100,17950,-150,-0.83,1048,18712000
006280,녹십자,148000,148500,500,0.34,67816,10065732500
005250,녹십자홀딩스,21050,21050,0,0.0,77293,1629364700
005257,녹십자홀딩스2우,16700,16700,0,0.0,899,14772000
004370,농심,301500,295500,-6000,-1.99,38181,11330911500
072710,농심홀딩스,75100,74500,-600,-0.8,9854,739110000
058730,다스코,5570,5580,10,0.18,42037,234258370
023590,다우기술,15850,16400,550,3.47,251641,4117454850
019680,대교,4795,4765,-30,-0.63,193330,925645925
019685,대교우B,2620,2710,90,3.44,239238,638233885
006370,대구백화점,5260,5230,-30,-0.57,9938,52580540
008060,대덕전자,8210,8210,0,0.0,0,0
00806K,대덕전자1우,6500,6500,0,0.0,0,0
000490,대동공업,4495,4520,25,0.56,80867,365635305
008110,대동전자,3705,3715,10,0.27,8225,30287800
005750,대림BCo,3600,3520,-80,-2.22,62929,220798655
000210,대림산업,87400,88100,700,0.8,624286,54907385900
000215,대림산업우,35500,35300,-200,-0.56,22939,816176250
004440,대림씨엔에스,6230,6300,70,1.12,27303,171280420
006570,대림통상,4160,4140,-20,-0.48,6514,27238545
001680,대상,22400,21900,-500,-2.23,191542,4233588250
001685,대상우,12900,12750,-150,-1.16,4537,58260500
084690,대상홀딩스,6330,6370,40,0.63,88938,564003440
084695,대상홀딩스우,5420,5450,30,0.55,285,1552080
128820,대성산업,3105,3120,15,0.48,78361,244083740
117580,대성에너지,4740,4730,-10,-0.21,26727,126634095
016710,대성홀딩스,9670,9670,0,0.0,24819,239244110
003540,대신증권,9270,9950,680,7.34,450365,4364874500
003547,대신증권2우B,7800,7970,170,2.18,46740,370905850
003545,대신증권우,8360,8550,190,2.27,117813,1000539480
009190,대양금속,2415,2370,-45,-1.86,643066,1529108560
014160,대영포장,1170,1165,-5,-0.43,3082569,3575854965
047040,대우건설,3465,3560,95,2.74,2270387,8118205730
009320,대우부품,2370,2375,5,0.21,1364533,3275514130
042660,대우조선해양,16950,17150,200,1.18,601394,10437714800
003090,대웅,18850,17400,-1450,-7.69,1702827,30304635250
069620,대웅제약,109500,107000,-2500,-2.28,142591,15348224500
000430,대원강업,2895,2900,5,0.17,18364,53476355
006340,대원전선,1005,1005,0,0.0,379962,382569350
006345,대원전선우,2995,2870,-125,-4.17,45129,131706130
003220,대원제약,14650,14750,100,0.68,53013,774851050
024890,대원화성,1245,1240,-5,-0.4,335336,412099425
002880,대유에이텍,707,719,12,1.7,143136,102614853
000300,대유플러스,633,650,17,2.69,452905,291433835
012800,대창,1120,1120,0,0.0,5383901,6202087480
015230,대창단조,21500,22000,500,2.33,8884,194033150
001070,대한방직,19350,19550,200,1.03,13508,266499350
006650,대한유화,144500,140500,-4000,-2.77,146756,20830327500
001440,대한전선,639,645,6,0.94,963489,618854697
084010,대한제강,6290,6310,20,0.32,90980,580961280
001790,대한제당,17250,18000,750,4.35,29194,520491150
001795,대한제당우,11950,12150,200,1.67,328,3946800
001130,대한제분,126500,130500,4000,3.16,9299,1214695500
003490,대한항공,19700,19800,100,0.51,1195736,23748198800
003495,대한항공우,18300,18400,100,0.55,27211,498395400
005880,대한해운,18300,18150,-150,-0.82,59156,1077412150
003830,대한화섬,80200,80600,400,0.5,175,14176100
016090,대현,1805,1850,45,2.49,249522,452748165
069460,대호에이엘,3000,2915,-85,-2.83,1168141,3455170600
192080,더블유게임즈,58000,58000,0,0.0,190526,11010320000
012510,더존비즈온,87200,87900,700,0.8,195680,17340806000
004830,덕성,3560,3530,-30,-0.84,12527783,45699259780
004835,덕성우,9030,8510,-520,-5.76,1711856,15877105190
024900,덕양산업,896,905,9,1.0,81135,73857393
145720,덴티움,36950,37400,450,1.22,59457,2218338400
002150,도화엔지니어링,8960,9020,60,0.67,161850,1467616790
001230,동국제강,4055,4245,190,4.69,525036,2216760585
023450,동남합성,29900,29350,-550,-1.84,5642,165293850
004140,동방,2130,2175,45,2.11,13434094,30020379870
007590,동방아그로,6150,6130,-20,-0.33,8828,53978640
005960,동부건설,8340,8460,120,1.44,80786,679265400
005965,동부건설우,20500,20300,-200,-0.98,1383,28349950
083370,동북아12호,5020,5020,0,0.0,0,0
083380,동북아13호,5030,5030,0,0.0,0,0
026960,동서,17250,17300,50,0.29,138266,2410879800
002210,동성제약,11150,13500,2350,21.08,8572049,117569275750
102260,동성코퍼레이션,3985,4110,125,3.14,96522,393416520
005190,동성화학,15750,15650,-100,-0.63,37419,591209500
000640,동아쏘시오홀딩스,87000,87400,400,0.46,10393,904197600
170900,동아에스티,88800,91300,2500,2.82,66564,6025575600
028100,동아지질,17400,17350,-50,-0.29,521008,9274722950
282690,동아타이어,10950,11100,150,1.37,1652,18004750
001520,동양,1270,1260,-10,-0.79,1261252,1593891230
001527,동양2우B,8600,8810,210,2.44,2814,24462390
001529,동양3우B,28750,29300,550,1.91,78,2289450
084670,동양고속,27250,27350,100,0.37,6524,178189250
002900,동양물산,1000,1010,10,1.0,1005248,1011388905
082640,동양생명,2970,2955,-15,-0.51,167055,499924630
001525,동양우,4890,4905,15,0.31,4555,22180935
008970,동양철관,1030,1030,0,0.0,1064872,1100597815
092780,동양피스톤,3615,3675,60,1.66,46827,170941385
049770,동원FB,200500,197000,-3500,-1.75,9742,1929072000
018500,동원금속,575,581,6,1.04,200447,116627538
006040,동원산업,227000,226000,-1000,-0.44,2267,512453000
030720,동원수산,8720,8700,-20,-0.23,168710,1477977660
014820,동원시스템즈,21850,22100,250,1.14,34369,762720350
014825,동원시스템즈우,24100,24500,400,1.66,781,18872750
163560,동일고무벨트,7520,8010,490,6.52,574593,4600401780
004890,동일산업,49700,50800,1100,2.21,1739,86984600
002690,동일제강,1900,1890,-10,-0.53,41518,78171950
000020,동화약품,11900,11250,-650,-5.46,1007942,11349809500
000150,두산,40650,40350,-300,-0.74,107610,4308538800
000157,두산2우B,32800,32500,-300,-0.91,393,12749500
241560,두산밥캣,22950,23500,550,2.4,669451,15534031950
336370,두산솔루스,32700,32900,200,0.61,712355,23418562700
33637K,두산솔루스1우,14050,14100,50,0.36,82714,1158407800
33637L,두산솔루스2우B,27600,27600,0,0.0,15787,433739200
000155,두산우,29900,29900,0,0.0,33187,993829400
042670,두산인프라코어,4250,4295,45,1.06,1929462,8285748575
034020,두산중공업,3935,3995,60,1.52,1919724,7606603725
336260,두산퓨얼셀,7500,7420,-80,-1.07,466688,3487988440
33626K,두산퓨얼셀1우,3245,3250,5,0.15,24459,79044750
33626L,두산퓨얼셀2우B,8430,8470,40,0.47,12311,103473350
016740,두올,2590,2620,30,1.16,222828,582219355
192650,드림텍,6710,6760,50,0.75,1556596,10617930180
024090,디씨엠,10350,10500,150,1.45,33614,353388100
003160,디아이,3300,3250,-50,-1.52,55899,182174355
092200,디아이씨,1405,1370,-35,-2.49,127543,177200790
013570,디와이,3900,3940,40,1.03,76449,299983815
210540,디와이파워,7900,7830,-70,-0.89,33737,265479820
007340,디티알오토모티브,24650,25300,650,2.64,12227,306703300
026890,디피씨,11300,10200,-1100,-9.73,44462693,488970236120
115390,락앤락,11100,11050,-50,-0.45,149270,1656671400
032350,롯데관광개발,11600,11450,-150,-1.29,274725,3151198100
330590,롯데리츠,5370,5300,-70,-1.3,552237,2924353120
000400,롯데손해보험,1545,1630,85,5.5,1412311,2264121635
023530,롯데쇼핑,104000,99800,-4200,-4.04,327951,33237539700
004000,롯데정밀화학,36950,39000,2050,5.55,318543,12248316950
286940,롯데정보통신,35800,36300,500,1.4,168613,6250943800
280360,롯데제과,124000,128000,4000,3.23,11941,1510307000
004990,롯데지주,37300,40100,2800,7.51,20172140,867094761850
00499K,롯데지주우,64200,73200,9000,14.02,800627,61386151300
005300,롯데칠성,108000,109000,1000,0.93,55566,6017579500
005305,롯데칠성우,65300,60300,-5000,-7.66,182132,11905948400
011170,롯데케미칼,222000,215500,-6500,-2.93,256073,56609230500
002270,롯데푸드,385000,382500,-2500,-0.65,4441,1705249000
071840,롯데하이마트,23900,27000,3100,12.97,707440,18610536900
027740,마니커,829,839,10,1.21,5182536,4323874229
204320,만도,23200,23650,450,1.94,560473,13317297450
001080,만호제강,12750,13800,1050,8.24,18921,256412900
088980,맥쿼리인프라,11350,11450,100,0.88,588863,6716359600
094800,맵스리얼티1,4075,4090,15,0.37,116865,474801115
138040,메리츠금융지주,9800,9930,130,1.33,57416,576414410
008560,메리츠증권,3080,3270,190,6.17,6622479,21414447540
000060,메리츠화재,13900,13850,-50,-0.36,196759,2755735450
090370,메타랩스,880,883,3,0.34,202965,178745050
017180,명문제약,4960,4930,-30,-0.6,604980,3015313215
012690,모나리자,7110,7140,30,0.42,3114206,22255118390
005360,모나미,3165,3260,95,3.0,4509791,14669621945
204210,모두투어리츠,2725,2715,-10,-0.37,2087,5578340
009680,모토닉,7290,7200,-90,-1.23,22077,159136930
009580,무림PP,3250,3385,135,4.15,474368,1577710410
009200,무림페이퍼,2160,2200,40,1.85,199418,441024545
033920,무학,6120,6370,250,4.08,474463,3058218650
008420,문배철강,2130,2150,20,0.94,129082,277588500
025560,미래산업,74,80,6,8.11,815620606,71902545836
007120,미래아이앤지,391,439,48,12.28,15949952,6680201983
006800,미래에셋대우,5350,5610,260,4.86,8511707,47642122570
00680K,미래에셋대우2우B,2895,3075,180,6.22,1095850,3326075285
006805,미래에셋대우우,3280,3455,175,5.34,374663,1362695645
085620,미래에셋생명,3650,3610,-40,-1.1,119862,432682070
002840,미원상사,61500,61700,200,0.33,2500,154508800
268280,미원에스씨,75600,76200,600,0.79,2659,201882900
107590,미원홀딩스,42050,41650,-400,-0.95,489,20390250
134380,미원화학,46000,45550,-450,-0.98,378,17366800
003650,미창석유,59600,60000,400,0.67,2267,133956000
155900,바다로19호,2590,2570,-20,-0.77,34271,88105600
003610,방림,1715,1730,15,0.87,13940,23917550
001340,백광산업,2750,2775,25,0.91,7873920,22229832075
035150,백산,5650,5600,-50,-0.88,392530,2208088810
002410,범양건영,3000,2940,-60,-2.0,954338,2853843085
096300,베트남개발1,294,295,1,0.34,99376,29149852
007210,벽산,1570,1590,20,1.27,542785,858369215
002760,보락,1780,1815,35,1.97,1374806,2503187430
003850,보령제약,12950,13000,50,0.39,371061,4773043200
000890,보해양조,864,880,16,1.85,5368509,4760532945
003000,부광약품,27100,26100,-1000,-3.69,2398388,63931042950
001270,부국증권,17350,18400,1050,6.05,8235,147635050
001275,부국증권우,15950,16200,250,1.57,3673,58791200
026940,부국철강,3730,3705,-25,-0.67,289089,1086510620
015350,부산가스,36000,35950,-50,-0.14,4218,151053250
011390,부산산업,149000,149500,500,0.34,67520,10184541500
005030,부산주공,355,360,5,1.41,277900,99304272
100220,비상교육,7440,7630,190,2.55,1715959,14439066500
030790,비케이탑스,6410,5980,-430,-6.71,478856,2872824000
101140,비티원,3110,2915,-195,-6.27,838578,2469727440
005180,빙그레,63400,63600,200,0.32,59530,3760826500
003960,사조대림,14300,14350,50,0.35,27554,392406300
008040,사조동아원,909,904,-5,-0.55,562512,508502226
007160,사조산업,32600,31900,-700,-2.15,19583,628375450
014710,사조씨푸드,4070,4140,70,1.72,449997,1858220980
006090,사조오양,8110,7980,-130,-1.6,152484,1215040320
005090,삼광글라스,28450,29400,950,3.34,34846,1005328850
001470,삼부토건,783,780,-3,-0.38,1424496,1119813791
006400,삼성SDI,279500,286000,6500,2.33,634295,180134504000
006405,삼성SDI우,150000,152000,2000,1.33,12898,1946357000
006660,삼성공조,6050,6080,30,0.5,16563,100098500
028260,삼성물산,102500,106000,3500,3.41,589970,62377718500
02826K,삼성물산우B,73400,75200,1800,2.45,11235,839103000
207940,삼성바이오로직스,588000,581000,-7000,-1.19,157790,92033626000
032830,삼성생명,49400,49100,-300,-0.61,750608,36935709600
018260,삼성에스디에스,158500,162500,4000,2.52,171119,27659771500
028050,삼성엔지니어링,11050,11500,450,4.07,3139442,35888732800
009150,삼성전기,110000,113500,3500,3.18,1285765,145031139500
009155,삼성전기우,50800,51100,300,0.59,20303,1042727400
005930,삼성전자,50100,50000,-100,-0.2,15604533,780706354100
005935,삼성전자우,42400,42250,-150,-0.35,1833554,77829170767
001360,삼성제약,4045,4005,-40,-0.99,1458624,5912457345
010140,삼성중공업,4090,4285,195,4.77,10054461,42794570390
010145,삼성중공우,54800,55700,900,1.64,1062,59049100
016360,삼성증권,28400,30100,1700,5.99,1420001,42497216300
068290,삼성출판사,25200,24350,-850,-3.37,6420366,166998031300
029780,삼성카드,28550,30000,1450,5.08,365982,10841812000
000810,삼성화재,191000,190500,-500,-0.26,98142,18856088500
000815,삼성화재우,130500,130500,0,0.0,9059,1182688000
006110,삼아알미늄,3635,3665,30,0.83,14944,54719460
145990,삼양사,39150,39200,50,0.13,22007,856570900
145995,삼양사우,26950,27250,300,1.11,906,24518800
003230,삼양식품,102500,101000,-1500,-1.46,35327,3591621000
002170,삼양통상,53900,54000,100,0.19,5877,323138400
272550,삼양패키징,16400,16500,100,0.61,20148,330976550
000070,삼양홀딩스,50200,49900,-300,-0.6,18965,951560700
000075,삼양홀딩스우,35100,35000,-100,-0.28,264,9309350
002810,삼영무역,13550,13500,-50,-0.37,24837,333480850
005680,삼영전자,7140,7290,150,2.1,43464,315605290
003720,삼영화학,1220,1205,-15,-1.23,129797,157202260
023000,삼원강재,2050,2100,50,2.44,30694,63502660
004380,삼익THK,11650,11550,-100,-0.86,32813,381947700
002450,삼익악기,1445,1460,15,1.04,477264,696429905
000520,삼일제약,17750,17850,100,0.56,36802,652958950
009770,삼정펄프,23300,23500,200,0.86,2269,53244400
005500,삼진제약,25050,25350,300,1.2,100019,2502313050
004690,삼천리,71300,74200,2900,4.07,12745,931473800
001880,삼호,22350,22400,50,0.22,67348,1504317300
010960,삼호개발,4980,5060,80,1.61,574120,2909541345
004450,삼화왕관,39350,39100,-250,-0.64,538,21084100
009470,삼화전기,14650,14550,-100,-0.68,53543,786983100
011230,삼화전자,2545,2570,25,0.98,31319,80330890
001820,삼화콘덴서,47300,48600,1300,2.75,206413,9997335750
000390,삼화페인트,5110,5050,-60,-1.17,24827,125460900
001290,상상인증권,1120,1160,40,3.57,448739,526059295
041650,상신브레이크,2685,2760,75,2.79,26631,72298240
075180,새론오토모티브,3475,3430,-45,-1.29,21477,73945345
007540,샘표,37500,37600,100,0.27,20337,762703050
248170,샘표식품,29200,28800,-400,-1.37,15089,437462850
007860,서연,3610,3745,135,3.74,2326761,8868877260
200880,서연이화,3455,3485,30,0.87,122106,424224225
017390,서울가스,69000,69600,600,0.87,64,4408500
004410,서울식품,172,174,2,1.16,137694972,25082900614
004415,서울식품우,3250,3415,165,5.08,2568403,9574455350
021050,서원,2930,2985,55,1.88,8414490,25011734875
008490,서흥,44650,44200,-450,-1.01,57398,2517431650
007610,선도전기,2780,2790,10,0.36,106480,298129205
136490,선진,8400,8490,90,1.07,127701,1085367720
002820,선창산업,3800,4000,200,5.26,38030,149212455
014910,성문전자,1570,1575,5,0.32,128926,203664730
014915,성문전자우,9690,9680,-10,-0.1,11761,112889400
003080,성보화학,4005,4025,20,0.5,12000,48302070
004980,성신양회,7800,7830,30,0.38,421175,3317061510
004985,성신양회우,8490,8590,100,1.18,16187,138597850
011300,성안,432,434,2,0.46,90309,39221136
000180,성창기업지주,1500,1535,35,2.33,516892,799530925
002420,세기상사,50400,50700,300,0.6,679,34589400
004360,세방,9180,9360,180,1.96,66888,624227930
004365,세방우,5600,5610,10,0.18,1035,5815030
004490,세방전지,28450,28900,450,1.58,34728,1000822250
001430,세아베스틸,9000,9290,290,3.22,179503,1673257470
306200,세아제강,39000,39750,750,1.92,5351,211955050
003030,세아제강지주,28300,28900,600,2.12,8132,233575000
019440,세아특수강,11100,11250,150,1.35,5575,62555400
058650,세아홀딩스,67400,67600,200,0.3,701,46883800
013000,세우글로벌,1890,1965,75,3.97,53167483,114978245665
091090,세원셀론텍,2580,2595,15,0.58,198039,509757645
021820,세원정공,8090,8090,0,0.0,0,0
067830,세이브존IC,2310,2300,-10,-0.43,35773,82694515
033530,세종공업,4085,4200,115,2.82,204427,846379870
075580,세진중공업,2900,3015,115,3.97,241032,723143270
027970,세하,2035,2045,10,0.49,67980,139216485
145210,세화아이엠씨,2990,2990,0,0.0,0,0
308170,센트랄모텍,30100,31100,1000,3.32,428085,13149322300
068270,셀트리온,209000,210500,1500,0.72,654481,136992542500
004430,송원산업,15250,14400,-850,-5.57,581696,8555310700
017550,수산중공업,1460,1465,5,0.34,1012411,1496188490
002200,수출포장,18000,18550,550,3.06,12864,235129400
053210,스카이라이프,7990,7950,-40,-0.5,87495,696690720
134790,시디즈,37100,37900,800,2.16,2677,101312100
016590,신대양제지,58300,61000,2700,4.63,77637,4723144700
029530,신도리코,27700,27550,-150,-0.54,15358,419076700
004970,신라교역,9950,10200,250,2.51,17090,172529160
011930,신성이엔지,880,878,-2,-0.23,343325,303039872
005390,신성통상,1105,1115,10,0.9,3117821,3529115270
004170,신세계,263500,265000,1500,0.57,153789,41284686500
035510,신세계IC,115000,113000,-2000,-1.74,7733,868676000
034300,신세계건설,24650,24450,-200,-0.81,10610,259899350
031430,신세계인터내셔날,218500,218000,-500,-0.23,65291,14119263500
031440,신세계푸드,61300,60700,-600,-0.98,15237,929369200
006880,신송홀딩스,3705,3770,65,1.75,47321,178386165
005800,신영와코루,78500,78800,300,0.38,918,72147600
001720,신영증권,44700,46000,1300,2.91,14108,638853900
001725,신영증권우,45450,45450,0,0.0,2248,101624650
009270,신원,1645,1650,5,0.3,911044,1501229950
009275,신원우,38050,38800,750,1.97,900,34820350
002700,신일전자,1850,1950,100,5.41,26003337,51326869405
019170,신풍제약,17050,16700,-350,-2.05,2146847,35716942800
019175,신풍제약우,32750,32150,-600,-1.83,134495,4285499550
002870,신풍제지,1360,1365,5,0.37,187313,255072025
005450,신한,4945,4945,0,0.0,0,0
293940,신한알파리츠,6370,6570,200,3.14,103099,666309860
055550,신한지주,30100,30550,450,1.5,2223561,67905500450
001770,신화실업,18900,18900,0,0.0,1413,26723500
004080,신흥,9410,9410,0,0.0,23806,224075910
102280,쌍방울,932,946,14,1.5,2092794,1976012096
003410,쌍용양회,5100,5120,20,0.39,1313824,6734498080
003415,쌍용양회우,9510,9460,-50,-0.53,7184,68436120
003620,쌍용차,1555,1560,5,0.32,1794156,2825837010
004770,써니전자,3130,3210,80,2.56,2909802,9265489595
015540,쎌마테라퓨틱스,6630,6810,180,2.71,271260,1840432440
004920,씨아이테크,1030,1035,5,0.49,73990,76307455
112610,씨에스윈드,31100,32050,950,3.05,83977,2717418300
008700,아남전자,1615,1700,85,5.26,2104103,3568607495
002790,아모레G,58300,58100,-200,-0.34,225842,13162094100
00279K,아모레G3우전환,38200,38550,350,0.92,8891,339929200
002795,아모레G우,22000,22000,0,0.0,9097,199155700
090430,아모레퍼시픽,176000,177000,1000,0.57,445182,78533708000
090435,아모레퍼시픽우,64000,62600,-1400,-2.19,55876,3515498600
002030,아세아,81900,83400,1500,1.83,2604,216737300
183190,아세아시멘트,65500,67900,2400,3.66,12448,827054400
002310,아세아제지,30250,32850,2600,8.6,237803,7601849700
267850,아시아나IDT,16000,15900,-100,-0.63,168840,2715030550
020560,아시아나항공,4210,4170,-40,-0.95,1990073,8336970625
122900,아이마켓코리아,10000,10150,150,1.5,75974,764796170
010780,아이에스동서,24850,25500,650,2.62,89444,2280645150
033660,아주캐피탈,12150,12250,100,0.82,28564,348046650
001780,알루코,1895,1900,5,0.26,154488,294628770
018250,애경산업,28600,28600,0,0.0,134580,3854369650
161000,애경유화,7080,7120,40,0.56,69151,491182210
011090,에넥스,970,967,-3,-0.31,410314,400556070
005850,에스엘,13050,13250,200,1.53,91332,1200037400
012750,에스원,85900,86500,600,0.7,62138,5344746500
023960,에쓰씨엔지니어링,1295,1320,25,1.93,47677,62546935
298690,에어부산,3955,3980,25,0.63,408509,1631307050
140910,에이리츠,5590,5620,30,0.54,5982,33511180
078520,에이블씨엔씨,10200,10150,-50,-0.49,142596,1452650400
015260,에이엔피,253,254,1,0.4,374620,94984632
007460,에이프로젠KIC,3595,3560,-35,-0.97,40755530,147864504745
003060,에이프로젠제약,2065,2100,35,1.69,49908890,105942282645
036570,엔씨소프트,648000,643000,-5000,-0.77,89309,57402251000
138250,엔에스쇼핑,7790,7750,-40,-0.51,39076,304533080
085310,엔케이,864,869,5,0.58,434794,382963871
009810,엔케이물산,677,694,17,2.51,1026759,703857817
900140,엘브이엠씨홀딩스,4995,4970,-25,-0.5,202169,1010089145
014440,영보화학,2635,2640,5,0.19,34826,91778355
111770,영원무역,27300,27150,-150,-0.55,148917,4041427450
009970,영원무역홀딩스,40600,41050,450,1.11,2787,113488350
003520,영진약품,4985,4995,10,0.2,549345,2751814670
000670,영풍,512000,521000,9000,1.76,2275,1186809000
006740,영풍제지,3260,3260,0,0.0,74209,241732570
012280,영화금속,1400,1530,130,9.29,34105001,57927803375
012160,영흥,990,1030,40,4.04,15071666,17397976280
015360,예스코홀딩스,35100,34300,-800,-2.28,3376,115701000
007310,오뚜기,548000,545000,-3000,-0.55,4260,2332802000
002630,오리엔트바이오,727,727,0,0.0,849378,622182077
271560,오리온,123000,124000,1000,0.81,95109,11751212500
001800,오리온홀딩스,13900,14100,200,1.44,129210,1815144700
070960,용평리조트,4690,4690,0,0.0,169304,792791875
316140,우리금융지주,8430,8440,10,0.12,2538326,21568031530
004720,우리들제약,6530,6680,150,2.3,355353,2351165820
118000,우리들휴브레인,2720,2765,45,1.65,2023398,5564617565
010050,우리종금,556,581,25,4.5,12224345,7210345148
006980,우성사료,3045,3165,120,3.94,5027641,16077887945
017370,우신시스템,3215,3295,80,2.49,76153,249416670
105840,우진,3480,3485,5,0.14,97133,337194695
010400,우진아이엔에스,6510,6670,160,2.46,26149,174320510
049800,우진플라임,2915,2920,5,0.17,13128,38158745
016880,웅진,1130,1135,5,0.44,300468,339775060
095720,웅진씽크빅,2690,2690,0,0.0,0,0
103130,웅진에너지,914,914,0,0.0,0,0
005820,원림,16450,16500,50,0.3,287,4701350
010600,웰바이오텍,1960,1960,0,0.0,310109,605698280
008600,윌비스,1515,1490,-25,-1.65,9012843,13803078740
033270,유나이티드제약,17500,17650,150,0.86,135962,2401990350
014830,유니드,41850,43200,1350,3.23,41227,1734689050
000910,유니온,3015,3000,-15,-0.5,116895,350309355
047400,유니온머티리얼,1870,1860,-10,-0.53,242020,453485960
011330,유니켐,1445,1580,135,9.34,6471440,10331439305
077500,유니퀘스트,6260,6250,-10,-0.16,133362,830395480
002920,유성기업,2570,2525,-45,-1.75,43951,112223225
000700,유수홀딩스,6050,5970,-80,-1.32,65719,399440470
003470,유안타증권,2400,2570,170,7.08,4309070,11244635680
003475,유안타증권우,1875,1940,65,3.47,287903,576955395
011690,유양디앤유,1220,1220,0,0.0,0,0
072130,유엔젤,3835,3790,-45,-1.17,187794,717899630
000220,유유제약,11100,11050,-50,-0.45,89313,997692300
000225,유유제약1우,7860,7950,90,1.15,8925,70823810
000227,유유제약2우B,18400,18850,450,2.45,5451,102379950
001200,유진투자증권,2180,2830,650,29.82,16628392,45030866410
000100,유한양행,46600,47150,550,1.18,320172,14994327450
000105,유한양행우,46300,46400,100,0.22,1597,73970650
003460,유화증권,2270,2300,30,1.32,12288,28258945
003465,유화증권우,2740,2740,0,0.0,25726,70146000
008730,율촌화학,14650,15050,400,2.73,199075,2959152600
008250,이건산업,5800,5850,50,0.86,43925,256097920
025820,이구산업,1275,1275,0,0.0,78680,100697555
214320,이노션,58300,58300,0,0.0,29236,1702358900
088260,이리츠코크렙,5280,5300,20,0.38,22254,117427630
139480,이마트,120500,120000,-500,-0.41,246161,29726673000
007660,이수페타시스,3315,3350,35,1.06,560117,1875737030
005950,이수화학,12450,11700,-750,-6.02,1724984,21637341500
015020,이스타코,659,661,2,0.3,65711,43780298
093230,이아이디,207,215,8,3.86,8782146,1858409952
074610,이엔플러스,5340,5340,0,0.0,570857,3057719150
102460,이연제약,15300,13900,-1400,-9.15,429081,6177312500
084680,이월드,4570,4450,-120,-2.63,4421505,20136924475
000760,이화산업,12600,12950,350,2.78,1178,15095050
014990,인디에프,2050,2055,5,0.24,1185222,2436159095
006490,인스코비,2790,2840,50,1.79,706861,1978237700
023800,인지컨트롤스,3875,3880,5,0.13,34121,134067220
034590,인천도시가스,24200,24300,100,0.41,4711,113989250
129260,인터지스,1655,1660,5,0.3,530487,886789935
023810,인팩,2990,3010,20,0.67,7277,21768820
249420,일동제약,13000,12950,-50,-0.38,79625,1021050200
000230,일동홀딩스,8380,8330,-50,-0.6,4351,36695340
013360,일성건설,1100,1100,0,0.0,359569,394228540
003120,일성신약,89000,90500,1500,1.69,3092,279776700
003200,일신방직,55400,56000,600,1.08,754,41952300
007110,일신석재,2470,2485,15,0.61,3417181,8508224640
007570,일양약품,32800,32800,0,0.0,238205,7849508700
007575,일양약품우,18750,18850,100,0.53,2134,39924600
008500,일정실업,9800,9760,-40,-0.41,264,2579480
081000,일진다이아,23500,23400,-100,-0.43,100488,2359972750
020760,일진디스플,2880,2870,-10,-0.35,132260,380677575
020150,일진머티리얼즈,39450,39850,400,1.01,341009,13605905450
103590,일진전기,2380,2405,25,1.05,131337,315404065
015860,일진홀딩스,3710,3715,5,0.13,125848,468251795
226320,잇츠한불,14900,14900,0,0.0,56073,832201450
317400,자이에스앤디,4800,4700,-100,-2.08,198686,960189305
033240,자화전자,7190,7300,110,1.53,125929,917787920
000950,전방,12650,12750,100,0.79,934,11675950
194370,제이에스코퍼레이션,7730,7580,-150,-1.94,134915,1073921360
025620,제이준코스메틱,2935,2935,0,0.0,482342,1410297085
036420,제이콘텐트리,35450,35050,-400,-1.13,109284,3847485850
030000,제일기획,17600,17700,100,0.57,749332,13271004900
271980,제일약품,26450,26350,-100,-0.38,30747,815637800
001560,제일연마,5790,5900,110,1.9,12917,76023590
002620,제일파마홀딩스,14900,14100,-800,-5.37,90377,1303208250
006220,제주은행,3340,3345,5,0.15,98812,328934130
089590,제주항공,20200,20450,250,1.24,189580,3861238300
004910,조광페인트,5740,5880,140,2.44,56224,329481670
004700,조광피혁,41250,40100,-1150,-2.79,1558,63180600
001550,조비,16450,16300,-150,-0.91,59608,977745650
000480,조선내화,75000,75100,100,0.13,1747,130179000
120030,조선선재,78300,78900,600,0.77,853,66904500
018470,조일알미늄,560,563,3,0.54,115140,64989318
002600,조흥,146000,148000,2000,1.37,135,19871500
185750,종근당,93300,96500,3200,3.43,81084,7764177400
063160,종근당바이오,30800,30200,-600,-1.95,68177,2069171350
001630,종근당홀딩스,114000,114000,0,0.0,53800,6089546500
044380,주연테크,537,537,0,0.0,0,0
013890,지누스,86200,84900,-1300,-1.51,145709,12315805100
013870,지엠비코리아,4410,4410,0,0.0,70427,312461145
071320,지역난방공사,37050,38600,1550,4.18,13152,502516050
010580,지코,306,306,0,0.0,0,0
035000,지투알,5380,5290,-90,-1.67,248092,1395623210
088790,진도,2450,2470,20,0.82,31497,77390305
003780,진양산업,3000,3065,65,2.17,386294,1173463585
010640,진양폴리,2720,2730,10,0.37,243925,669105055
100250,진양홀딩스,2305,2310,5,0.22,75106,173106005
051630,진양화학,2710,2710,0,0.0,153636,416059670
272450,진에어,10650,10850,200,1.88,265308,2845214400
011000,진원생명과학,11800,9300,-2500,-21.19,14974849,153610308390
002780,진흥기업,2195,2195,0,0.0,352362,785611215
002787,진흥기업2우B,14250,14100,-150,-1.05,7787,110045100
002785,진흥기업우B,5060,5110,50,0.99,47671,243422360
009310,참엔지니어링,1270,1305,35,2.76,425527,555642390
000650,천일고속,55500,56700,1200,2.16,1320,74481400
012600,청호컴넷,2335,2370,35,1.5,43471,102914740
033250,체시스,2330,2300,-30,-1.29,471902,1084883625
035720,카카오,185000,184000,-1000,-0.54,659512,121158445000
006380,카프로,3160,3210,50,1.58,402061,1298923910
109070,컨버즈,4100,4100,0,0.0,0,0
001620,케이비아이동국실업,596,604,8,1.34,182331,110223679
029460,케이씨,13450,13750,300,2.23,140927,1945015450
344820,케이씨씨글라스,29400,28900,-500,-1.7,393936,11488388300
281820,케이씨텍,17600,18050,450,2.56,406564,7458901550
145270,케이탑리츠,788,790,2,0.25,382167,299389615
007815,코리아써우,2950,2950,0,0.0,3016,8889395
007810,코리아써키트,7980,7900,-80,-1.0,291085,2311318740
00781K,코리아써키트2우B,4395,4415,20,0.46,46,202740
152330,코리아오토글라스,13000,13300,300,2.31,48180,637902300
003690,코리안리,8360,8400,40,0.48,250321,2098532820
192820,코스맥스,88700,89000,300,0.34,100477,8958970500
044820,코스맥스비티아이,15000,15650,650,4.33,43179,660849700
005070,코스모신소재,8810,8800,-10,-0.11,229305,2022745140
005420,코스모화학,7730,7690,-40,-0.52,210453,1623121800
071950,코아스,1140,1150,10,0.88,252464,287505700
002020,코오롱,17800,17400,-400,-2.25,80390,1410063600
003070,코오롱글로벌,7650,7850,200,2.61,131672,1020269320
003075,코오롱글로벌우,16850,17000,150,0.89,4841,82912000
144620,코오롱머티리얼,1590,1585,-5,-0.31,312732,497226255
002025,코오롱우,9390,9390,0,0.0,10716,100707410
120110,코오롱인더,29900,30850,950,3.18,272294,8319817150
120115,코오롱인더우,15250,15350,100,0.66,33175,509761950
138490,코오롱플라스틱,3330,3440,110,3.3,183668,623110910
021240,코웨이,59800,61400,1600,2.68,415569,25423430900
031820,콤텍시스템,1405,1385,-20,-1.42,1651443,2315336450
192400,쿠쿠홀딩스,88100,89600,1500,1.7,4145,369627300
284740,쿠쿠홈시스,35050,35100,50,0.14,28361,992796650
015590,큐로,844,864,20,2.37,1478945,1282217423
264900,크라운제과,7910,7970,60,0.76,38537,307762090
26490K,크라운제과우,6420,6540,120,1.87,5827,37978580
005740,크라운해태홀딩스,8790,8750,-40,-0.46,57656,506768850
005745,크라운해태홀딩스우,10500,10650,150,1.43,10326,110404150
020120,키다리스튜디오,5550,6730,1180,21.26,2573054,16866127470
039490,키움증권,72700,75000,2300,3.16,149296,11211780800
012170,키위미디어그룹,150,150,0,0.0,0,0
014580,태경비케이,3655,3635,-20,-0.55,313031,1139147125
015890,태경산업,4480,4600,120,2.68,46988,214311425
006890,태경케미컬,4990,5000,10,0.2,397301,2015134350
003240,태광산업,766000,800000,34000,4.44,3814,3104492000
011280,태림포장,3660,3925,265,7.24,4735076,18831234805
004100,태양금속,1245,1220,-25,-2.01,3475916,4264770100
004105,태양금속우,2880,2790,-90,-3.13,370926,1034412225
009410,태영건설,14600,14400,-200,-1.37,222259,3190007250
009415,태영건설우,7780,7770,-10,-0.13,17260,133515630
001420,태원물산,3410,3415,5,0.15,8662,29519750
007980,태평양물산,2285,2200,-85,-3.72,7456713,16960924100
055490,테이팩스,18000,17800,-200,-1.11,15083,270782300
078000,텔코웨어,13700,13600,-100,-0.73,41464,561476800
214420,토니모리,11800,11650,-150,-1.27,410344,4836646800
019180,티에이치엔,2420,2590,170,7.02,316197,798350715
091810,티웨이항공,3920,3885,-35,-0.89,621264,2444207395
004870,티웨이홀딩스,1375,1390,15,1.09,4435742,6229366870
005690,파미셀,19250,19000,-250,-1.3,4060759,75876202750
036580,팜스코,4450,4490,40,0.9,165222,745470615
028670,팬오션,3400,3445,45,1.32,1563557,5398010930
010820,퍼스텍,2390,2170,-220,-9.21,2153504,4847115170
016800,퍼시스,27900,27650,-250,-0.9,30044,833545950
001020,페이퍼코리아,1240,1410,170,13.71,1515978,2137372505
090080,평화산업,1285,1290,5,0.39,398078,517432675
010770,평화홀딩스,3430,3340,-90,-2.62,35367,118727630
058430,포스코강판,11550,11750,200,1.73,26849,313336950
047050,포스코인터내셔널,13900,14200,300,2.16,434982,6166052850
003670,포스코케미칼,51500,51800,300,0.58,221931,11454148700
007630,폴루스바이오팜,1225,1225,0,0.0,0,0
017810,풀무원,12200,12100,-100,-0.82,146250,1765457750
103140,풍산,21600,21150,-450,-2.08,416228,8891372450
005810,풍산홀딩스,28800,28750,-50,-0.17,10739,306517400
033180,필룩스,5380,5130,-250,-4.65,6440981,32978954060
086790,하나금융지주,27350,27600,250,0.91,2342476,65644814900
099340,하나니켈1호,452,422,-30,-6.64,27559607,12618148371
099350,하나니켈2호,1780,1690,-90,-5.06,1292942,2303892355
293480,하나제약,22400,22250,-150,-0.67,48164,1077057100
039130,하나투어,42700,42400,-300,-0.7,165477,6946719700
172580,하이골드12호,2290,2290,0,0.0,16760,38165115
153360,하이골드3호,1275,1275,0,0.0,20718,26415440
071090,하이스틸,17150,17200,50,0.29,2562,43889750
019490,하이트론,2590,2675,85,3.28,13612,36463880
000080,하이트진로,31800,32450,650,2.04,475846,15340337450
000087,하이트진로2우B,15950,16050,100,0.63,3015,48141550
000140,하이트진로홀딩스,13300,13550,250,1.88,24302,327865550
000145,하이트진로홀딩스우,12850,13100,250,1.95,2906,37932650
152550,한국ANKOR유전,1725,1725,0,0.0,1343,2316870
036460,한국가스공사,26750,26950,200,0.75,303201,8162820200
005430,한국공항,41800,41300,-500,-1.2,42218,1760521350
071050,한국금융지주,47450,50100,2650,5.58,648728,32512713800
071055,한국금융지주우,30800,32000,1200,3.9,46576,1490540700
010040,한국내화,3540,3545,5,0.14,359370,1287168250
025540,한국단자,28550,28550,0,0.0,38296,1095239900
004090,한국석유,97200,98500,1300,1.34,4910,481500200
002960,한국쉘석유,261000,262500,1500,0.57,2223,581932500
123890,한국자산신탁,2345,2415,70,2.99,542189,1294036155
015760,한국전력,23800,23850,50,0.21,3157780,75079611700
006200,한국전자홀딩스,537,539,2,0.37,62739,34033136
002300,한국제지,13900,14350,450,3.24,76298,1074858450
009540,한국조선해양,77400,82700,5300,6.85,1107897,91530337200
023350,한국종합기술,4060,4065,5,0.12,15676,64013995
025890,한국주강,1275,1260,-15,-1.18,21163,26499550
000970,한국주철관,9000,9300,300,3.33,142304,1322011000
104700,한국철강,3840,3930,90,2.34,77113,302111025
017960,한국카본,6570,6890,320,4.87,885731,6053400950
161890,한국콜마,42200,42700,500,1.18,156559,6659911250
024720,한국콜마홀딩스,21500,21850,350,1.63,58596,1271248000
161390,한국타이어앤테크놀로지,21200,21250,50,0.24,423057,9064889750
000240,한국테크놀로지그룹,9860,10100,240,2.43,91506,918603310
034830,한국토지신탁,1790,1880,90,5.03,1179910,2174588185
007280,한국특수형강,1460,1450,-10,-0.68,56478,82937550
168490,한국패러랠,1965,1965,0,0.0,1658,3256370
010100,한국프랜지,1840,2020,180,9.78,18889229,39227281155
047810,한국항공우주,25500,25650,150,0.59,1134153,29056887000
123690,한국화장품,15000,15250,250,1.67,1372167,20971783450
003350,한국화장품제조,37600,38050,450,1.2,570244,22150088150
011500,한농화성,4725,4770,45,0.95,44246,209941830
002390,한독,22800,22400,-400,-1.75,50596,1136139650
014790,한라,3110,3145,35,1.13,201735,631349205
060980,한라홀딩스,29100,30100,1000,3.44,41098,1218130250
053690,한미글로벌,7710,7730,20,0.26,43032,335040920
042700,한미반도체,7810,7830,20,0.26,310411,2442313990
008930,한미사이언스,28100,28600,500,1.78,112311,3205573000
128940,한미약품,255500,259000,3500,1.37,45453,11777563000
009240,한샘,72900,72800,-100,-0.14,54968,3989137900
020000,한섬,24500,24400,-100,-0.41,101651,2460146050
003680,한성기업,4700,4790,90,1.91,102388,493707240
105630,한세실업,12450,11950,-500,-4.02,189000,2300656100
069640,한세엠케이,3000,2970,-30,-1.0,14156,42217830
016450,한세예스24홀딩스,5220,5250,30,0.57,19623,101713140
010420,한솔PNS,1390,1420,30,2.16,185267,265139060
009180,한솔로지스틱스,1370,1470,100,7.3,1699274,2450699065
213500,한솔제지,14100,15700,1600,11.35,1118230,17222221400
014680,한솔케미칼,81900,85800,3900,4.76,108071,9156497746
004710,한솔테크닉스,5980,6040,60,1.0,402070,2440776270
004150,한솔홀딩스,3000,3000,0,0.0,0,0
025750,한솔홈데코,879,895,16,1.82,502317,448102223
004960,한신공영,12950,13200,250,1.93,19885,260804150
011700,한신기계,1395,1395,0,0.0,186113,260046055
001750,한양증권,6140,6310,170,2.77,162940,1040627560
001755,한양증권우,7380,7530,150,2.03,5534,41651000
018880,한온시스템,9110,9130,20,0.22,831407,7575356720
009420,한올바이오파마,24000,24300,300,1.25,175543,4246818750
014130,한익스프레스,4810,4855,45,0.94,464564,2251525055
300720,한일시멘트,84800,85900,1100,1.3,13764,1174591600
002220,한일철강,1530,1550,20,1.31,14434,22229255
006390,한일현대시멘트,31750,31650,-100,-0.31,48642,1545070450
003300,한일홀딩스,40600,42500,1900,4.68,4711,195581900
051600,한전KPS,32000,32450,450,1.41,112919,3644883600
052690,한전기술,16900,17000,100,0.59,96270,1636270050
130660,한전산업,3235,3290,55,1.7,49859,163597075
002320,한진,47400,46150,-1250,-2.64,213829,9883078400
097230,한진중공업,6530,6350,-180,-2.76,416976,2684624090
003480,한진중공업홀딩스,3095,3120,25,0.81,138843,433212835
180640,한진칼,88200,87000,-1200,-1.36,1561621,136389598400
18064K,한진칼우,47800,47350,-450,-0.94,21192,1008370750
005110,한창,2475,2440,-35,-1.41,1581184,3863795830
009460,한창제지,2210,2180,-30,-1.36,1951275,4258419740
000880,한화,19400,20700,1300,6.7,576971,11554485600
00088K,한화3우B,10950,11400,450,4.11,69025,777523750
088350,한화생명,1765,1800,35,1.98,9149125,16377438120
000370,한화손해보험,2130,2190,60,2.82,556216,1217455765
009830,한화솔루션,14250,14550,300,2.11,825078,11981025650
009835,한화솔루션우,9470,9500,30,0.32,7265,69048840
272210,한화시스템,8770,8720,-50,-0.57,974538,8554204150
012450,한화에어로스페이스,27400,26900,-500,-1.82,803064,21830300850
000885,한화우,28250,26600,-1650,-5.84,162563,4567530000
003530,한화투자증권,1600,1780,180,11.25,8706426,15706396370
003535,한화투자증권우,1580,1720,140,8.86,470968,825994940
195870,해성디에스,14650,14800,150,1.02,151495,2258813250
101530,해태제과식품,6990,7070,80,1.14,53563,376537690
143210,핸즈코퍼레이션,5950,5950,0,0.0,20105,119023980
000720,현대건설,34300,35050,750,2.19,1030144,35929497400
267270,현대건설기계,17550,18450,900,5.13,233936,4231999650
000725,현대건설우,117500,116000,-1500,-1.28,1678,196259500
005440,현대그린푸드,8170,8190,20,0.24,447746,3678965300
086280,현대글로비스,99400,101500,2100,2.11,162702,16541030400
064350,현대로템,18150,18000,-150,-0.83,2706912,48946155150
079430,현대리바트,11950,11650,-300,-2.51,203832,2381529400
012330,현대모비스,167500,172000,4500,2.69,330932,56388824500
010620,현대미포조선,28850,30750,1900,6.59,690246,21037128500
069960,현대백화점,75200,72700,-2500,-3.32,173732,12860553800
004560,현대비앤지스틸,7120,7210,90,1.26,33372,239879600
004565,현대비앤지스틸우,53900,53900,0,0.0,266,14382300
011760,현대상사,14150,14650,500,3.53,118178,1699603700
004310,현대약품,4700,4640,-60,-1.28,801553,3743772990
322000,현대에너지솔루션,20200,19650,-550,-2.72,267076,5284398400
126560,현대에이치씨엔,4050,4095,45,1.11,233543,951025320
017800,현대엘리베이,62400,61900,-500,-0.8,250410,15524848600
307950,현대오토에버,39150,39450,300,0.77,37349,1463469350
011210,현대위아,32100,32850,750,2.34,148591,4842173850
267260,현대일렉트릭,8140,8250,110,1.35,250562,2056145690
004020,현대제철,19750,21600,1850,9.37,2376088,49871858750
267250,현대중공업지주,231000,243000,12000,5.19,94372,23177314500
005380,현대차,93200,93600,400,0.43,1193284,111461267700
005387,현대차2우B,58900,58600,-300,-0.51,116553,6850773144
005389,현대차3우B,56900,57000,100,0.18,6904,391455200
005385,현대차우,56700,56900,200,0.35,99355,5636418900
001500,현대차증권,8490,8800,310,3.65,220986,1948355710
227840,현대코퍼레이션홀딩스,9550,9660,110,1.15,26338,254711590
001450,현대해상,26450,26100,-350,-1.32,275525,7263935650
057050,현대홈쇼핑,71300,72000,700,0.98,31181,2238127700
093240,형지엘리트,1235,1340,105,8.5,1524773,1973864405
003010,혜인,4365,4355,-10,-0.23,223193,980718315
111110,호전실업,11150,11100,-50,-0.45,4952,54536100
008770,호텔신라,82000,85200,3200,3.9,2042454,172514703300
008775,호텔신라우,54600,56300,1700,3.11,30921,1737988900
002460,화성산업,8740,9100,360,4.12,58445,523334520
013520,화승알앤에이,1615,1625,10,0.62,66742,108968370
241590,화승엔터프라이즈,11700,12550,850,7.26,1232360,15264234750
006060,화승인더,7910,8230,320,4.05,2178975,17638249980
010690,화신,2280,2290,10,0.44,170322,386478865
133820,화인베스틸,1775,2020,245,13.8,4790496,9765209260
010660,화천기계,2865,2870,5,0.17,1564332,4536864915
000850,화천기공,30500,30900,400,1.31,7206,224663350
016580,환인제약,14500,14800,300,2.07,21336,310638250
032560,황금에스티,5790,5900,110,1.9,80796,479671190
004800,효성,71900,69800,-2100,-2.92,126452,9062479100
094280,효성ITX,16400,16350,-50,-0.3,59103,971416550
298040,효성중공업,18000,18000,0,0.0,124471,2288378200
298050,효성첨단소재,78300,81500,3200,4.09,51465,4192403400
298020,효성티앤씨,125000,130500,5500,4.4,16996,2188379000
298000,효성화학,119000,115000,-4000,-3.36,58671,6893072500
093370,후성,6700,6710,10,0.15,1018319,6919548260
081660,휠라홀딩스,35050,34800,-250,-0.71,556958,19304506000
005870,휴니드,7240,6660,-580,-8.01,2807972,20378012540
079980,휴비스,5270,5440,170,3.23,315886,1699400500
005010,휴스틸,6700,6700,0,0.0,15208,101767650
069260,휴켐스,16950,17500,550,3.24,123956,2134836900
000540,흥국화재,2440,2475,35,1.43,148187,363943695
000547,흥국화재2우B,22000,21250,-750,-3.41,15380,331055150
000545,흥국화재우,4845,4715,-130,-2.68,63928,308097305
003280,흥아해운,258,258,0,0.0,0,0
