티커,종목명,시가,종가,변동폭,등락률,거래량,거래대금
095570,AJ네트웍스,3030,3060,30,0.99,49641,151933505
006840,AK홀딩스,16950,17300,350,2.06,22876,394187050
027410,BGF,4145,4150,5,0.12,115943,481614105
282330,BGF리테일,126000,126000,0,0.0,25095,3142034500
138930,BNK금융지주,5120,5290,170,3.32,1286540,6721901260
001460,BYC,235000,238500,3500,1.49,958,229644500
001465,BYC우,130000,131000,1000,0.77,310,40423500
001040,CJ,81200,84600,3400,4.19,83910,6989546100
079160,CJCGV,20600,21650,1050,5.1,766841,16349427850
00104K,CJ4우전환,57400,58800,1400,2.44,10922,635586300
000120,CJ대한통운,146000,149000,3000,2.05,51829,7693241500
011150,CJ씨푸드,4045,4365,320,7.91,5449035,22892225970
011155,CJ씨푸드1우,47350,49100,1750,3.7,20256,973712750
001045,CJ우,46050,47750,1700,3.69,10294,488049200
097950,CJ제일제당,406000,416500,10500,2.59,87109,35901039500
097955,CJ제일제당우,168500,171000,2500,1.48,10099,1717546500
000590,CS홀딩스,51000,53000,2000,3.92,4920,256778900
012030,DB,690,692,2,0.29,1278378,874927124
016610,DB금융투자,3600,3760,160,4.44,104933,389549725
005830,DB손해보험,44850,45700,850,1.9,135809,6165273000
000990,DB하이텍,36250,36100,-150,-0.41,1311546,47101138150
000995,DB하이텍1우,66800,68200,1400,2.1,1298,87921100
139130,DGB금융지주,5230,5350,120,2.29,702250,3735776490
001530,DI동일,91500,93300,1800,1.97,18918,1762614000
004840,DRB동일,7610,7860,250,3.29,174919,1373288510
155660,DSR,3810,4000,190,4.99,338538,1367732180
069730,DSR제강,4050,4200,150,3.7,2639384,11812871800
017940,E1,40400,41300,900,2.23,40640,1676260400
007700,FF,98600,98000,-600,-0.61,53970,5292726100
114090,GKL,12100,12400,300,2.48,251922,3103656800
078930,GS,32500,33200,700,2.15,411729,13587180250
006360,GS건설,24800,25600,800,3.23,375296,9530670950
001250,GS글로벌,1630,1655,25,1.53,340297,563936995
007070,GS리테일,32300,33000,700,2.17,164683,5396329550
078935,GS우,28800,29150,350,1.22,4481,129941600
012630,HDC,9720,9900,180,1.85,326217,3227091830
039570,HDC아이콘트롤스,8210,8260,50,0.61,29716,244268440
089470,HDC현대EP,4630,4860,230,4.97,162424,780531310
294870,HDC현대산업개발,20150,20700,550,2.73,439416,9042974800
011200,HMM,5550,5700,150,2.7,3784098,21526297430
082740,HSD엔진,4595,4820,225,4.9,704058,3369461095
003560,IHQ,1410,1420,10,0.71,391023,553311155
175330,JB금융지주,4310,4365,55,1.28,276289,1203724255
234080,JW생명과학,19100,19500,400,2.09,106422,2051688850
001060,JW중외제약,38400,39050,650,1.69,297094,11512857400
001067,JW중외제약2우B,111000,115000,4000,3.6,13009,1493524000
001065,JW중외제약우,85000,85300,300,0.35,37436,3206676800
096760,JW홀딩스,5140,5180,40,0.78,149260,771661120
105560,KB금융,36950,37950,1000,2.71,1577837,59644096850
002380,KCC,140000,145000,5000,3.57,53372,7693928500
009070,KCTC,2130,2160,30,1.41,95509,205993430
009440,KC그린홀딩스,3515,3605,90,2.56,106977,383245505
119650,KC코트렐,5120,5380,260,5.08,224433,1197291310
092220,KEC,750,770,20,2.67,331488,254090863
016380,KG동부제철,12450,12350,-100,-0.8,69823,861747750
016385,KG동부제철우,112000,118000,6000,5.36,5274,612050000
001390,KG케미칼,22400,23350,950,4.24,558788,12745088850
001940,KISCO홀딩스,11250,11350,100,0.89,7159,81781100
025000,KPX케미칼,45400,46600,1200,2.64,3177,146374250
092230,KPX홀딩스,41300,41650,350,0.85,6167,256018850
000040,KR모터스,679,705,26,3.83,668651,469182888
044450,KSS해운,8350,8370,20,0.24,18625,155163840
030200,KT,23900,24300,400,1.67,1018821,24712230350
033780,KTG,85100,85400,300,0.35,335795,28644932700
030210,KTB투자증권,2575,2710,135,5.24,288310,770401150
058850,KTcs,2060,2055,-5,-0.24,1986356,4067169590
058860,KTis,2640,2580,-60,-2.27,2336037,5968623685
093050,LF,12750,13200,450,3.53,120466,1577809500
003550,LG,85400,87800,2400,2.81,289524,25306161888
034220,LG디스플레이,15100,15150,50,0.33,6737779,101515143150
001120,LG상사,14750,14850,100,0.68,186391,2759452350
051900,LG생활건강,1543000,1539000,-4000,-0.26,19954,30797675000
051905,LG생활건강우,735000,734000,-1000,-0.14,1822,1338593000
003555,LG우,54400,56100,1700,3.13,16723,938557600
032640,LG유플러스,12000,12400,400,3.33,3878741,48078967750
011070,LG이노텍,155000,152000,-3000,-1.94,267834,40422564500
066570,LG전자,90600,90300,-300,-0.33,1161120,105414135300
066575,LG전자우,35000,34900,-100,-0.29,134182,4703940000
108670,LG하우시스,56500,58500,2000,3.54,62534,3631313000
108675,LG하우시스우,26100,26750,650,2.49,3253,86181000
037560,LG헬로비전,3895,3960,65,1.67,86199,340585495
051910,LG화학,702000,713000,11000,1.57,450237,319308888000
051915,LG화학우,371500,373000,1500,0.4,68611,25570014000
079550,LIG넥스원,33650,33700,50,0.15,99500,3358508000
006260,LS,39550,41200,1650,4.17,134798,5491407200
010120,LSELECTRIC,51300,53500,2200,4.29,90711,4816208400
000680,LS네트웍스,2035,2070,35,1.72,83965,172405320
229640,LS전선아시아,6680,6830,150,2.25,86200,582191770
023150,MH에탄올,10000,9470,-530,-5.3,891477,8574303030
035420,NAVER,320000,325000,5000,1.56,897649,288283649500
181710,NHN,73400,74800,1400,1.91,105913,7819758000
005940,NH투자증권,8980,9390,410,4.57,1480656,13685833320
005945,NH투자증권우,7560,7710,150,1.98,100856,773496220
338100,NH프라임리츠,4350,4360,10,0.23,33628,146675490
034310,NICE,19400,19300,-100,-0.52,33729,650366800
008260,NI스틸,2100,2130,30,1.43,157393,335697440
004250,NPC,3040,3060,20,0.66,81677,249311410
004255,NPC우,2240,2235,-5,-0.22,9250,20917140
010060,OCI,68300,68200,-100,-0.15,994317,68349293000
005490,POSCO,199000,200500,1500,0.75,223434,44747082500
100840,STC,15300,15300,0,0.0,47383,727105350
064960,ST모티브,54700,57000,2300,4.2,77082,4336671800
003570,ST중공업,4910,4975,65,1.32,56828,282311890
036530,ST홀딩스,15150,15350,200,1.32,17383,265819150
010950,S-Oil,57900,59700,1800,3.11,439178,26243234900
010955,S-Oil우,32850,34000,1150,3.5,16315,551884300
034120,SBS,15050,15600,550,3.65,88946,1364962150
101060,SBS미디어홀딩스,1855,1865,10,0.54,36448,67684035
004060,SG세계물산,570,592,22,3.86,1666095,979041968
001380,SG충방,1790,1925,135,7.54,1718690,3225631065
002360,SH에너지화학,737,762,25,3.39,439795,332376626
009160,SIMPAC,2310,2340,30,1.3,37988,88342535
123700,SJM,2415,2455,40,1.66,7217,17557080
025530,SJM홀딩스,2460,2465,5,0.2,10819,26674845
034730,SK,212000,222000,10000,4.72,237042,51857197500
011790,SKC,94900,94800,-100,-0.11,545603,51544176200
018670,SK가스,89100,90400,1300,1.46,8922,800798200
001740,SK네트웍스,5140,5170,30,0.58,507246,2622293040
001745,SK네트웍스우,161000,165000,4000,2.48,4370,725343500
006120,SK디스커버리,72000,72900,900,1.25,349388,25490060400
006125,SK디스커버리우,70000,70200,200,0.29,122659,8658787500
210980,SK디앤디,35300,36400,1100,3.12,145264,5244456500
068400,SK렌터카,8570,8660,90,1.05,40877,353944940
326030,SK바이오팜,168000,172000,4000,2.38,245620,42054349000
03473K,SK우,206500,216500,10000,4.84,13686,2919891000
096770,SK이노베이션,152500,163500,11000,7.21,1600600,256190985500
096775,SK이노베이션우,134500,139000,4500,3.35,74399,10322948500
001510,SK증권,748,780,32,4.28,6648873,5127884556
001515,SK증권우,5170,5500,330,6.38,552919,3097012210
285130,SK케미칼,400000,416500,16500,4.13,669755,280733213000
28513K,SK케미칼우,190500,198500,8000,4.2,104379,20755259500
017670,SK텔레콤,242000,247500,5500,2.27,632697,156872292000
000660,SK하이닉스,75500,77000,1500,1.99,3473488,266311133590
005610,SPC삼립,60900,61500,600,0.99,7746,475755100
011810,STX,4940,5080,140,2.83,29211,147047190
077970,STX엔진,5400,5490,90,1.67,24293,132238940
071970,STX중공업,2210,2225,15,0.68,37887,84669255
084870,TBH글로벌,1450,1500,50,3.45,41483,62003835
002710,TCC스틸,3020,3535,515,17.05,10926212,38983204710
024070,WISCOM,2220,2240,20,0.9,13295,29830415
037270,YGPLUS,4025,4210,185,4.6,2800117,11697084365
000500,가온전선,17900,18400,500,2.79,14112,257299050
000860,강남제비스코,14650,14850,200,1.37,78449,1145692450
035250,강원랜드,20650,21350,700,3.39,639655,13589221600
011420,갤럭시아에스엠,1345,1395,50,3.72,204713,278722695
002100,경농,15650,16450,800,5.11,766380,12212843800
009450,경동나비엔,52000,52500,500,0.96,66834,3473975900
267290,경동도시가스,16500,16600,100,0.61,14380,238077900
012320,경동인베스트,25950,26350,400,1.54,3679,96672950
000050,경방,10800,10900,100,0.93,8861,96232750
214390,경보제약,10700,11400,700,6.54,246437,2775257350
012610,경인양행,7750,8150,400,5.16,1595433,12835964190
009140,경인전자,19300,19350,50,0.26,1650,31839550
013580,계룡건설,22650,23550,900,3.97,215646,5087608050
012200,계양전기,3030,3130,100,3.3,258391,804887515
012205,계양전기우,7880,8000,120,1.52,43697,349067090
002140,고려산업,4460,4430,-30,-0.67,4518164,20506042340
010130,고려아연,403500,410000,6500,1.61,33957,13851443500
002240,고려제강,14450,14850,400,2.77,30643,448836250
009290,광동제약,10800,10350,-450,-4.17,7630802,78582909450
017040,광명전기,1670,1725,55,3.29,137850,236379725
017900,광전자,1970,2060,90,4.57,224122,456233250
037710,광주신세계,144000,145000,1000,0.69,724,105466500
030610,교보증권,6790,6970,180,2.65,116631,807274050
007690,국도화학,37200,38550,1350,3.63,13799,526955250
005320,국동,3100,3060,-40,-1.29,1453007,4505260600
001140,국보,2500,2470,-30,-1.2,1847053,4609856970
002720,국제약품,12350,12750,400,3.24,6588521,84687892700
083420,그린케미칼,3610,3635,25,0.69,78975,286310035
014530,극동유화,3050,3070,20,0.66,90915,278059630
014280,금강공업,3545,3590,45,1.27,55081,198722020
014285,금강공업우,11200,11600,400,3.57,24796,284177850
008870,금비,52600,54000,1400,2.66,1402,75256400
001570,금양,4010,4180,170,4.24,143048,588992320
002990,금호산업,6920,7030,110,1.59,115907,817808030
002995,금호산업우,38600,39150,550,1.42,3567,139430500
011780,금호석유,104500,105500,1000,0.96,180966,19313192500
011785,금호석유우,40000,40500,500,1.25,25249,1028624500
214330,금호에이치티,2705,2710,5,0.18,3477795,9485079030
001210,금호전기,3200,3205,5,0.16,58335,187664625
073240,금호타이어,3200,3200,0,0.0,503646,1608174545
092440,기신정기,3025,3100,75,2.48,12609,38891505
000270,기아차,41550,43000,1450,3.49,2755909,120056409250
024110,기업은행,8280,8420,140,1.69,1392604,11680482860
013700,까뮤이앤씨,1140,1165,25,2.19,289577,334656790
004540,깨끗한나라,4410,4360,-50,-1.13,792612,3450787385
004545,깨끗한나라우,30700,30900,200,0.65,27123,825803450
001260,남광토건,10100,10350,250,2.48,53654,547346150
008350,남선알미늄,5250,5250,0,0.0,4012661,21128582520
008355,남선알미우,79800,80600,800,1.0,25293,2029464700
004270,남성,2460,2460,0,0.0,232257,573241900
003920,남양유업,268500,271500,3000,1.12,2902,786789000
003925,남양유업우,168500,174500,6000,3.56,3320,579838000
025860,남해화학,8160,8410,250,3.06,250878,2068466520
005720,넥센,3670,3715,45,1.23,86315,318289975
005725,넥센우,2825,2900,75,2.65,33814,98379050
002350,넥센타이어,5250,5270,20,0.38,401155,2110978140
002355,넥센타이어1우B,2290,2280,-10,-0.44,21175,48206265
003580,넥스트사이언스,5070,5170,100,1.97,147913,758357020
251270,넷마블,152000,151000,-1000,-0.66,318266,48006030500
090350,노루페인트,7030,7140,110,1.56,86882,620255390
090355,노루페인트우,13500,13500,0,0.0,7761,105571700
000320,노루홀딩스,9130,9110,-20,-0.22,9421,85907600
000325,노루홀딩스우,17350,18200,850,4.9,1397,24502050
006280,녹십자,279000,276500,-2500,-0.9,260265,72301221500
005250,녹십자홀딩스,27550,27600,50,0.18,269832,7425404050
005257,녹십자홀딩스2우,223000,193000,-30000,-13.45,47438,9246227000
004370,농심,361000,361500,500,0.14,25105,9060425500
072710,농심홀딩스,79600,79600,0,0.0,5613,446748500
058730,다스코,4455,4700,245,5.5,45281,208857270
023590,다우기술,19950,20000,50,0.25,179623,3584271600
019680,대교,3930,3980,50,1.27,78220,309873130
019685,대교우B,2515,2535,20,0.8,38096,95849445
006370,대구백화점,5660,5840,180,3.18,5875,33810110
008060,대덕,6070,6200,130,2.14,243903,1502846710
00806K,대덕1우,6030,6050,20,0.33,4220,25477530
353200,대덕전자,11000,11700,700,6.36,1451908,16636386400
35320K,대덕전자1우,7010,7130,120,1.71,28125,200059010
000490,대동공업,6260,6570,310,4.95,241915,1568374320
008110,대동전자,4490,4360,-130,-2.9,37508,164187365
005750,대림BCo,4830,4830,0,0.0,9217,44460350
001880,대림건설,24500,25700,1200,4.9,107995,2702823450
000210,대림산업,78500,81400,2900,3.69,202841,16426097400
000215,대림산업우,37700,38400,700,1.86,9937,380552950
004440,대림씨엔에스,7740,7960,220,2.84,60254,481938340
006570,대림통상,4345,4330,-15,-0.35,447,1925955
001680,대상,27800,28300,500,1.8,417738,11861726350
001685,대상우,18200,18150,-50,-0.27,14881,271972350
084690,대상홀딩스,11100,11800,700,6.31,739450,8579423300
084695,대상홀딩스우,7400,7750,350,4.73,29438,224000910
128820,대성산업,3395,3475,80,2.36,254646,882696205
117580,대성에너지,4930,5010,80,1.62,38816,193774240
016710,대성홀딩스,15250,15400,150,0.98,42843,655930400
003540,대신증권,10350,10500,150,1.45,120757,1266599750
003547,대신증권2우B,9150,9230,80,0.87,24342,223826660
003545,대신증권우,9330,9480,150,1.61,99248,935759280
009190,대양금속,3925,3995,70,1.78,916276,3654860605
014160,대영포장,985,1005,20,2.03,922569,921527807
047040,대우건설,3205,3210,5,0.16,1828063,5874410985
009320,대우부품,2310,2420,110,4.76,960165,2297545045
042660,대우조선해양,22300,23000,700,3.14,276845,6365718450
003090,대웅,34800,38250,3450,9.91,4673079,176351686000
069620,대웅제약,120500,119000,-1500,-1.24,357886,42986159500
000430,대원강업,3040,3120,80,2.63,26938,83364455
006340,대원전선,950,962,12,1.26,366338,350378329
006345,대원전선우,3085,3120,35,1.13,30915,96022705
003220,대원제약,20050,21500,1450,7.23,1486523,31536438850
024890,대원화성,1700,1860,160,9.41,377699,680847395
002880,대유에이텍,639,654,15,2.35,175925,114522781
000300,대유플러스,579,588,9,1.55,346466,202608095
012800,대창,1085,1105,20,1.84,657921,723888855
015230,대창단조,25700,25800,100,0.39,7301,187917850
001070,대한방직,33850,33900,50,0.15,6933,233716550
006650,대한유화,113500,118000,4500,3.96,54907,6481235000
001440,대한전선,682,706,24,3.52,4368721,3088364756
084010,대한제강,6330,6400,70,1.11,53425,342547930
001790,대한제당,18500,19000,500,2.7,45535,852882500
001795,대한제당우,13600,13600,0,0.0,460,6215300
001130,대한제분,167000,169000,2000,1.2,6649,1131507500
003490,대한항공,17750,18200,450,2.54,1366044,24944098550
003495,대한항공우,21950,23000,1050,4.78,86535,1988775700
005880,대한해운,15400,15700,300,1.95,71840,1126772450
003830,대한화섬,83700,84800,1100,1.31,153,12882700
016090,대현,1700,1725,25,1.47,203599,348226220
069460,대호에이엘,1890,1930,40,2.12,140583,270374700
192080,더블유게임즈,72400,72600,200,0.28,148519,10688131000
012510,더존비즈온,100500,101000,500,0.5,64856,6506223400
004830,덕성,4945,4920,-25,-0.51,632398,3138908335
004835,덕성우,9300,9440,140,1.51,53089,501596210
024900,덕양산업,1815,1900,85,4.68,2359684,4455173310
145720,덴티움,38300,38900,600,1.57,28600,1111070750
002150,도화엔지니어링,7430,7520,90,1.21,60900,457341340
001230,동국제강,6310,6670,360,5.71,1657026,10876294370
023450,동남합성,34000,34550,550,1.62,513,17769050
004140,동방,1910,1960,50,2.62,3840487,7268307915
007590,동방아그로,6320,6380,60,0.95,28837,183946420
005960,동부건설,10200,10500,300,2.94,39480,410350200
005965,동부건설우,31300,32400,1100,3.51,3376,108404250
026960,동서,24450,24300,-150,-0.61,142837,3479465700
002210,동성제약,12350,12800,450,3.64,340350,4317597750
102260,동성코퍼레이션,3820,3850,30,0.79,115691,440246885
005190,동성화학,16350,15900,-450,-2.75,42368,679529900
000640,동아쏘시오홀딩스,98000,99800,1800,1.84,21900,2159480500
170900,동아에스티,92100,95400,3300,3.58,34098,3222264600
028100,동아지질,14600,14900,300,2.05,83137,1231163700
282690,동아타이어,10100,10100,0,0.0,23788,238161860
001520,동양,1125,1150,25,2.22,1296917,1467904195
001527,동양2우B,13500,13700,200,1.48,1582,21302450
001529,동양3우B,28050,28150,100,0.36,852,23899450
084670,동양고속,26000,26200,200,0.77,6203,161771000
002900,동양물산,1140,1290,150,13.16,14814748,18238666310
082640,동양생명,2960,3010,50,1.69,119032,358220090
001525,동양우,6690,6800,110,1.64,142,966210
008970,동양철관,983,1005,22,2.24,942302,940261118
092780,동양피스톤,4660,4715,55,1.18,81015,380944375
049770,동원FB,178500,179500,1000,0.56,4349,779701500
018500,동원금속,688,689,1,0.15,154967,107342300
006040,동원산업,223500,222500,-1000,-0.45,8148,1800292500
030720,동원수산,8590,8720,130,1.51,38274,332857300
014820,동원시스템즈,21550,21750,200,0.93,27221,590261150
014825,동원시스템즈우,31850,31900,50,0.16,317,10093450
163560,동일고무벨트,11000,11200,200,1.82,400229,4494259400
004890,동일산업,69300,69500,200,0.29,3180,219733800
002690,동일제강,1935,1960,25,1.29,73124,142785660
000020,동화약품,23100,23250,150,0.65,1096492,25419099300
000150,두산,42000,43100,1100,2.62,55610,2372407350
000157,두산2우B,76700,78000,1300,1.69,5558,429938400
241560,두산밥캣,27050,27800,750,2.77,323401,8859521350
336370,두산솔루스,40250,40300,50,0.12,355291,14338479600
33637K,두산솔루스1우,16200,16400,200,1.23,24065,395892550
33637L,두산솔루스2우B,33050,33500,450,1.36,5502,184907500
000155,두산우,35200,36350,1150,3.27,13371,476429300
042670,두산인프라코어,7680,7900,220,2.86,6327961,49470046830
034020,두산중공업,9780,10150,370,3.78,8881237,88570950400
336260,두산퓨얼셀,39600,40200,600,1.52,774814,30892202800
33626K,두산퓨얼셀1우,10750,11100,350,3.26,70097,770815700
33626L,두산퓨얼셀2우B,18550,18750,200,1.08,13208,246224350
016740,두올,3535,3535,0,0.0,356621,1273373430
192650,드림텍,13250,14250,1000,7.55,10765552,153314390950
024090,디씨엠,10550,10650,100,0.95,2372,25173400
003160,디아이,3895,3950,55,1.41,176603,695965450
092200,디아이씨,1610,1630,20,1.24,272308,447839900
013570,디와이,3895,4030,135,3.47,77396,308322925
210540,디와이파워,9810,10200,390,3.98,75652,767599630
007340,디티알오토모티브,22450,22450,0,0.0,22183,495002600
026890,디피씨,17700,17800,100,0.56,1625595,28997390050
115390,락앤락,10900,11050,150,1.38,113761,1242719500
032350,롯데관광개발,18900,18900,0,0.0,0,0
330590,롯데리츠,5050,5090,40,0.79,222765,1132627560
000400,롯데손해보험,1610,1620,10,0.62,252362,407730980
023530,롯데쇼핑,76000,77800,1800,2.37,72955,5643759400
004000,롯데정밀화학,45050,46250,1200,2.66,172523,7906037850
286940,롯데정보통신,32600,33500,900,2.76,21444,716455150
280360,롯데제과,101500,103000,1500,1.48,12342,1260898000
004990,롯데지주,29950,30700,750,2.5,139676,4257562300
00499K,롯데지주우,65500,66500,1000,1.53,5520,365764900
005300,롯데칠성,95000,95300,300,0.32,22170,2110857200
005305,롯데칠성우,58900,59800,900,1.53,1667,99113900
011170,롯데케미칼,171000,175500,4500,2.63,176596,31152632500
002270,롯데푸드,310000,316000,6000,1.94,2474,776543500
071840,롯데하이마트,29350,30850,1500,5.11,112712,3443818950
027740,마니커,700,716,16,2.29,2643536,1889239321
204320,만도,28700,29700,1000,3.48,4568387,143417688800
001080,만호제강,15700,15700,0,0.0,5714,88961000
088980,맥쿼리인프라,11050,11100,50,0.45,585334,6473646250
094800,맵스리얼티1,3845,3905,60,1.56,56896,220879670
138040,메리츠금융지주,9140,9220,80,0.88,67272,617887520
008560,메리츠증권,3285,3390,105,3.2,2656094,8936213985
000060,메리츠화재,12550,12900,350,2.79,208578,2669268050
090370,메타랩스,1250,1235,-15,-1.2,332446,411767775
017180,명문제약,5770,6140,370,6.41,5181390,31791942610
012690,모나리자,6770,6740,-30,-0.44,2520816,16858528320
005360,모나미,6700,6840,140,2.09,1248174,8476247540
204210,모두투어리츠,2735,2770,35,1.28,4466,12293300
009680,모토닉,9560,9780,220,2.3,444580,4310311470
009580,무림PP,2955,3005,50,1.69,57118,170158455
009200,무림페이퍼,2055,2100,45,2.19,88664,184425415
033920,무학,5440,5560,120,2.21,39222,214291870
008420,문배철강,2550,2625,75,2.94,172717,452238785
025560,미래산업,2870,3140,270,9.41,727984,2259259900
007120,미래아이앤지,343,351,8,2.33,320802,111868431
006800,미래에셋대우,9320,9690,370,3.97,5129682,49402602930
00680K,미래에셋대우2우B,4430,4610,180,4.06,870312,3973198790
006805,미래에셋대우우,5000,5220,220,4.4,70539,366212750
357250,미래에셋맵스리츠,4750,4760,10,0.21,69237,329258570
085620,미래에셋생명,3930,3905,-25,-0.64,156111,613010295
002840,미원상사,91000,94800,3800,4.18,4937,466972000
268280,미원에스씨,83900,83600,-300,-0.36,2929,246899100
107590,미원홀딩스,50500,52400,1900,3.76,3878,198782300
134380,미원화학,52000,52500,500,0.96,98,5138500
003650,미창석유,59200,59200,0,0.0,668,39605000
155900,바다로19호,2605,2600,-5,-0.19,10336,26856260
003610,방림,1925,1920,-5,-0.26,1548168,3034482485
001340,백광산업,3485,3600,115,3.3,1738479,6154081155
035150,백산,4245,4300,55,1.3,186764,797048720
002410,범양건영,7580,7350,-230,-3.03,1888741,14009320960
096300,베트남개발1,285,285,0,0.0,47058,13388250
007210,벽산,1785,1850,65,3.64,589324,1088134950
002760,보락,2080,2020,-60,-2.88,4376757,8828011930
003850,보령제약,15900,16150,250,1.57,393114,6285347950
000890,보해양조,801,833,32,4.0,1465333,1217015151
003000,부광약품,36900,38100,1200,3.25,3917585,147759529850
001270,부국증권,19800,20050,250,1.26,5026,99850950
001275,부국증권우,18600,18900,300,1.61,63,1189500
026940,부국철강,5500,5540,40,0.73,527964,2974712280
015350,부산가스,49650,49300,-350,-0.7,13999,688454200
011390,부산산업,118500,119500,1000,0.84,7676,918640000
005030,부산주공,319,329,10,3.13,545318,177785565
002070,비비안,3955,3890,-65,-1.64,363354,1415798320
100220,비상교육,7600,7710,110,1.45,655035,5060694710
030790,비케이탑스,5410,5550,140,2.59,347297,1973074330
101140,비티원,3500,3530,30,0.86,255896,910441755
005180,빙그레,57400,58000,600,1.05,27292,1580131400
003960,사조대림,14050,14250,200,1.42,40222,570884050
008040,사조동아원,802,821,19,2.37,465631,378501848
007160,사조산업,29950,30400,450,1.5,20822,634102800
014710,사조씨푸드,3500,3575,75,2.14,69952,247991500
006090,사조오양,8130,8260,130,1.6,41814,341914840
005090,삼광글라스,34900,34900,0,0.0,15733,547942200
001470,삼부토건,917,900,-17,-1.85,2526141,2292455535
006400,삼성SDI,438000,444000,6000,1.37,410725,180815501500
006405,삼성SDI우,259500,265000,5500,2.12,28029,7394456500
006660,삼성공조,6270,6350,80,1.28,4776,30259470
028260,삼성물산,117000,118000,1000,0.85,589944,69418580000
02826K,삼성물산우B,102500,103000,500,0.49,24842,2550191000
207940,삼성바이오로직스,820000,815000,-5000,-0.61,104240,84935677000
032830,삼성생명,60100,61300,1200,2.0,969593,59612788500
018260,삼성에스디에스,159500,161500,2000,1.25,134536,21562119000
028050,삼성엔지니어링,11850,12000,150,1.27,1091891,13086885900
009150,삼성전기,129000,130500,1500,1.16,389216,51029625500
009155,삼성전기우,60000,61200,1200,2.0,18308,1116229900
005930,삼성전자,56100,56400,300,0.53,14021705,790968401812
005935,삼성전자우,48600,48750,150,0.31,1305053,63686812250
001360,삼성제약,3695,3830,135,3.65,1657328,6305958455
010140,삼성중공업,5170,5390,220,4.26,5981996,32234730470
010145,삼성중공우,374500,486500,112000,29.91,93053,42118268000
016360,삼성증권,29750,31450,1700,5.71,735176,22622507100
068290,삼성출판사,18900,19700,800,4.23,89758,1742905900
029780,삼성카드,29350,29750,400,1.36,146647,4345287700
000810,삼성화재,178500,184500,6000,3.36,130220,23842141500
000815,삼성화재우,130000,132500,2500,1.92,11218,1482643000
006110,삼아알미늄,5530,5870,340,6.15,187999,1074064760
145990,삼양사,68500,70000,1500,2.19,41536,2880873800
145995,삼양사우,47150,47900,750,1.59,7782,367544900
003230,삼양식품,110500,112500,2000,1.81,53887,6034144500
002170,삼양통상,61800,62000,200,0.32,5598,344826800
272550,삼양패키징,17700,17950,250,1.41,21961,392214200
000070,삼양홀딩스,65300,66700,1400,2.14,13523,898949700
000075,삼양홀딩스우,49900,50000,100,0.2,565,28168450
002810,삼영무역,13950,13850,-100,-0.72,106575,1469069100
005680,삼영전자,8060,8460,400,4.96,123333,1034011340
003720,삼영화학,1700,1730,30,1.76,215664,378070745
023000,삼원강재,2050,2110,60,2.93,33215,69006790
004380,삼익THK,9850,10050,200,2.03,63915,638409750
002450,삼익악기,1335,1360,25,1.87,475004,643364915
000520,삼일제약,20050,21000,950,4.74,153910,3168621750
009770,삼정펄프,27750,28600,850,3.06,423,12022300
005500,삼진제약,29450,29150,-300,-1.02,119756,3484838500
004690,삼천리,75800,75500,-300,-0.4,4311,327154300
010960,삼호개발,3980,4080,100,2.51,89534,362735915
004450,삼화왕관,39200,39900,700,1.79,174,6945700
009470,삼화전기,18150,18500,350,1.93,64849,1201321800
011230,삼화전자,2715,2800,85,3.13,80903,223523305
001820,삼화콘덴서,55000,56300,1300,2.36,134174,7544560200
000390,삼화페인트,4850,4945,95,1.96,22695,111211985
001290,상상인증권,1015,1030,15,1.48,129358,132753730
041650,상신브레이크,2355,2405,50,2.12,27617,66638875
075180,새론오토모티브,4170,4140,-30,-0.72,3195,13200090
007540,샘표,51300,52900,1600,3.12,24394,1276566500
248170,샘표식품,48350,48300,-50,-0.1,34401,1662260850
007860,서연,9120,9040,-80,-0.88,1351399,12315861310
200880,서연이화,3770,3895,125,3.32,184145,715599445
017390,서울가스,68000,67900,-100,-0.15,290,19612900
004410,서울식품,150,153,3,2.0,1997013,302544876
004415,서울식품우,5180,5300,120,2.32,90892,474171890
021050,서원,3675,3655,-20,-0.54,5133421,19043350790
008490,서흥,57600,58400,800,1.39,43290,2529398300
007610,선도전기,2590,2590,0,0.0,100276,262386640
136490,선진,9950,9920,-30,-0.3,132842,1321495020
002820,선창산업,3420,3615,195,5.7,56991,202998590
014910,성문전자,1525,1545,20,1.31,81832,125614205
014915,성문전자우,10400,10500,100,0.96,7503,78273200
003080,성보화학,4210,4310,100,2.38,28068,120379630
004980,성신양회,6930,7110,180,2.6,165095,1168273390
004985,성신양회우,14750,15050,300,2.03,51224,766414200
011300,성안,392,398,6,1.53,52264,20653340
000180,성창기업지주,1570,1615,45,2.87,77858,124179105
002420,세기상사,61600,61600,0,0.0,0,0
004360,세방,9780,9830,50,0.51,24102,236196050
004365,세방우,5970,6070,100,1.68,403,2407570
004490,세방전지,27900,28450,550,1.97,26749,755828650
001430,세아베스틸,9710,10000,290,2.99,139327,1391794850
306200,세아제강,74700,78100,3400,4.55,18973,1475247700
003030,세아제강지주,45000,45750,750,1.67,20766,950567500
019440,세아특수강,10500,10750,250,2.38,8466,90669050
058650,세아홀딩스,72000,72800,800,1.11,809,58384100
013000,세우글로벌,1815,1915,100,5.51,1218098,2325791500
091090,세원셀론텍,2670,2915,245,9.18,3270711,9574609545
021820,세원정공,8090,8090,0,0.0,0,0
067830,세이브존IC,2485,2585,100,4.02,196275,494210230
033530,세종공업,7390,7470,80,1.08,1395423,10595937390
075580,세진중공업,5250,5410,160,3.05,488107,2652933710
027970,세하,1350,1380,30,2.22,874286,1206744115
145210,세화아이엠씨,1160,1225,65,5.6,5524714,7078322640
308170,센트랄모텍,24650,25500,850,3.45,82831,2094238200
068270,셀트리온,310000,306500,-3500,-1.13,600050,184032652500
004430,송원산업,11600,12200,600,5.17,175103,2096721250
017550,수산중공업,1615,1645,30,1.86,576349,941556865
053210,스카이라이프,9010,9210,200,2.22,131089,1202732150
134790,시디즈,62000,65600,3600,5.81,17665,1159180400
016590,신대양제지,54000,54100,100,0.19,15574,842826300
029530,신도리코,22000,22400,400,1.82,23605,523919100
004970,신라교역,9700,9680,-20,-0.21,90248,866744640
011930,신성이엔지,1390,1445,55,3.96,52519694,75503204585
005390,신성통상,1700,1745,45,2.65,3330336,5777200305
004170,신세계,205500,207000,1500,0.73,45738,9487553000
035510,신세계IC,118500,120000,1500,1.27,3575,426842000
034300,신세계건설,22200,22950,750,3.38,12166,275073300
031430,신세계인터내셔날,143000,145500,2500,1.75,39951,5762868500
031440,신세계푸드,51900,52700,800,1.54,6301,329307000
006880,신송홀딩스,3675,3745,70,1.9,20980,78039425
005800,신영와코루,96000,95800,-200,-0.21,188,17966000
001720,신영증권,45250,45950,700,1.55,21403,980111700
001725,신영증권우,44900,45800,900,2.0,781,35630000
009270,신원,1455,1490,35,2.41,442150,654251360
009275,신원우,44200,45300,1100,2.49,1970,88690900
002700,신일전자,1635,1645,10,0.61,1458649,2405176020
019170,신풍제약,100500,114000,13500,13.43,8298145,928011435900
019175,신풍제약우,171000,173000,2000,1.17,581921,104461690500
002870,신풍제지,1340,1395,55,4.1,169742,232218595
293940,신한알파리츠,6570,6660,90,1.37,102853,684100990
055550,신한지주,30700,31400,700,2.28,1377196,42971808100
001770,신화실업,19300,19450,150,0.78,2516,48607700
004080,신흥,9100,9110,10,0.11,3090,28039060
102280,쌍방울,775,778,3,0.39,2390162,1858459044
003410,쌍용양회,5730,5780,50,0.87,1547291,8885474660
003415,쌍용양회우,14200,14350,150,1.06,1807,25641050
003620,쌍용차,3750,3740,-10,-0.27,4184523,15926006335
004770,써니전자,3815,3815,0,0.0,1908922,7351263390
015540,쎌마테라퓨틱스,9430,9300,-130,-1.38,1250626,11828864600
004920,씨아이테크,998,1010,12,1.2,118005,119074321
112610,씨에스윈드,82700,85000,2300,2.78,275296,23076539100
008700,아남전자,1500,1530,30,2.0,251910,382170535
002790,아모레G,53200,55000,1800,3.38,84127,4579450500
00279K,아모레G3우전환,34200,34700,500,1.46,7930,275057150
002795,아모레G우,22100,22400,300,1.36,32471,723728150
090430,아모레퍼시픽,176000,178000,2000,1.14,278665,49362563000
090435,아모레퍼시픽우,60200,60700,500,0.83,59635,3612601000
002030,아세아,75500,76400,900,1.19,5281,402386300
183190,아세아시멘트,54700,55600,900,1.65,3633,200922700
002310,아세아제지,25100,25500,400,1.59,37970,967945500
267850,아시아나IDT,20400,21150,750,3.68,329142,7010717250
020560,아시아나항공,4115,4115,0,0.0,1693076,7014863355
122900,아이마켓코리아,7690,7840,150,1.95,101812,794651410
010780,아이에스동서,41850,43200,1350,3.23,84456,3613214750
033660,아주캐피탈,11450,12050,600,5.24,56468,666077050
001780,알루코,3540,3655,115,3.25,12958634,46489273235
018250,애경산업,22150,22350,200,0.9,110920,2473762000
161000,애경유화,6840,6980,140,2.05,57497,398691780
011090,에넥스,980,1005,25,2.55,460048,461842438
005850,에스엘,12100,12450,350,2.89,167243,2076619700
012750,에스원,95300,94900,-400,-0.42,42798,4062200600
023960,에쓰씨엔지니어링,1190,1205,15,1.26,147581,178903370
298690,에어부산,3515,3510,-5,-0.14,240017,846623350
140910,에이리츠,6690,6700,10,0.15,6157,41204890
078520,에이블씨엔씨,7850,7980,130,1.66,27863,221450380
015260,에이엔피,160,182,22,13.75,13245167,2507511790
007460,에이프로젠KIC,2935,2970,35,1.19,30773704,93252898375
003060,에이프로젠제약,1440,1495,55,3.82,9805256,14486252760
036570,엔씨소프트,841000,826000,-15000,-1.78,101156,83375416000
138250,엔에스쇼핑,11400,11650,250,2.19,123875,1419037550
085310,엔케이,899,918,19,2.11,552416,507325303
009810,엔케이물산,356,356,0,0.0,3379070,1221880701
900140,엘브이엠씨홀딩스,3500,3555,55,1.57,74782,265934975
014440,영보화학,3925,4070,145,3.69,160821,645387225
111770,영원무역,30000,29850,-150,-0.5,210500,6295697750
009970,영원무역홀딩스,34650,35100,450,1.3,8062,283363850
003520,영진약품,6270,6520,250,3.99,2382881,15263124730
000670,영풍,480500,485500,5000,1.04,1643,798173500
006740,영풍제지,3220,3265,45,1.4,21092,68543030
012280,영화금속,1745,1760,15,0.86,1518177,2671650090
012160,영흥,1125,1160,35,3.11,186807,215267530
015360,예스코홀딩스,34550,34450,-100,-0.29,1672,57727650
007310,오뚜기,595000,598000,3000,0.5,4922,2929807000
002630,오리엔트바이오,1440,1870,430,29.86,11228523,18510287860
271560,오리온,150000,147500,-2500,-1.67,64183,9479782000
001800,오리온홀딩스,13600,13700,100,0.74,95283,1306583300
070960,용평리조트,3935,3990,55,1.4,52102,208071425
316140,우리금융지주,8680,8810,130,1.5,1499954,13146593290
004720,우리들제약,21750,21700,-50,-0.23,8721092,189321523250
118000,우리들휴브레인,3950,5130,1180,29.87,46244433,218236210825
010050,우리종금,549,560,11,2.0,1033832,577043953
006980,우성사료,3020,3120,100,3.31,300663,927373685
017370,우신시스템,2630,2800,170,6.46,1505866,4449426150
105840,우진,3545,3575,30,0.85,66319,237413550
010400,우진아이엔에스,7580,7720,140,1.85,67990,526335110
049800,우진플라임,3300,3355,55,1.67,19017,63446220
016880,웅진,1015,1040,25,2.46,263019,270540385
095720,웅진씽크빅,2500,2575,75,3.0,802339,2065225665
005820,원림,17100,17650,550,3.22,1679,28908400
010600,웰바이오텍,2395,2825,430,17.95,2069098,5594899780
008600,윌비스,1140,1180,40,3.51,620677,723430670
033270,유나이티드제약,51800,47450,-4350,-8.4,3826377,183020025600
014830,유니드,46400,48100,1700,3.66,39877,1875231700
000910,유니온,8580,9110,530,6.18,2996126,27271243630
047400,유니온머티리얼,4215,4180,-35,-0.83,4348192,18602444955
011330,유니켐,1345,1365,20,1.49,291668,398263045
077500,유니퀘스트,8960,9360,400,4.46,228229,2117006840
002920,유성기업,2370,2415,45,1.9,19154,45951925
000700,유수홀딩스,5200,5290,90,1.73,42945,221406760
003470,유안타증권,2950,3075,125,4.24,570551,1735417295
003475,유안타증권우,2130,2175,45,2.11,62860,135625295
011690,유양디앤유,1220,1220,0,0.0,0,0
072130,유엔젤,2810,3110,300,10.68,3250229,10805149010
000220,유유제약,17650,17950,300,1.7,555579,9941212650
000225,유유제약1우,17750,17700,-50,-0.28,67807,1197837200
000227,유유제약2우B,53000,52900,-100,-0.19,13636,710028800
001200,유진투자증권,3500,3720,220,6.29,1300325,4821803095
000100,유한양행,65500,67600,2100,3.21,936800,62193456300
000105,유한양행우,68000,69000,1000,1.47,26375,1800896600
003460,유화증권,2155,2200,45,2.09,1448,3156970
003465,유화증권우,2530,2595,65,2.57,1881,4866885
008730,율촌화학,15300,15700,400,2.61,146458,2305375500
008250,이건산업,7430,7750,320,4.31,143916,1115431860
025820,이구산업,1405,1460,55,3.91,136759,197376450
214320,이노션,53300,54300,1000,1.88,76137,4114793600
088260,이리츠코크렙,5220,5280,60,1.15,17818,93746170
139480,이마트,115500,119500,4000,3.46,363862,43024716500
007660,이수페타시스,5130,5070,-60,-1.17,1352150,6834969435
005950,이수화학,8540,8560,20,0.23,569779,4916505230
015020,이스타코,677,680,3,0.44,79328,53903811
093230,이아이디,213,218,5,2.35,6023423,1305000163
074610,이엔플러스,4715,4890,175,3.71,569396,2761274820
102460,이연제약,17400,19900,2500,14.37,740409,14238632200
084680,이월드,3415,3480,65,1.9,442281,1525128090
350520,이지스레지던스리츠,4670,4660,-10,-0.21,55281,257655390
334890,이지스밸류리츠,4575,4580,5,0.11,106323,486527860
000760,이화산업,14050,14150,100,0.71,1458,20411200
014990,인디에프,1700,1760,60,3.53,251682,437728530
006490,인스코비,2020,2130,110,5.45,1240875,2603943165
023800,인지컨트롤스,8340,8330,-10,-0.12,926042,7634301570
034590,인천도시가스,24600,24650,50,0.2,1586,39071350
129260,인터지스,3140,3270,130,4.14,733187,2382664770
023810,인팩,4420,4520,100,2.26,475800,2363060450
249420,일동제약,16250,16750,500,3.08,200084,3301986600
000230,일동홀딩스,9620,9600,-20,-0.21,39342,379317810
013360,일성건설,861,880,19,2.21,109006,95258146
003120,일성신약,80500,81800,1300,1.61,6819,556288900
003200,일신방직,66700,66800,100,0.15,13779,919975500
007110,일신석재,2045,2100,55,2.69,1010190,2104939260
007570,일양약품,79000,78900,-100,-0.13,634589,50324265600
007575,일양약품우,95000,95100,100,0.11,16476,1561418400
008500,일정실업,11150,11150,0,0.0,1166,13153900
081000,일진다이아,55400,56800,1400,2.53,332356,18890245800
020760,일진디스플,2875,2900,25,0.87,84700,246011400
020150,일진머티리얼즈,51900,52100,200,0.39,309582,16059575400
103590,일진전기,2600,2650,50,1.92,57104,149932300
015860,일진홀딩스,5600,5640,40,0.71,649790,3667689140
226320,잇츠한불,30350,30000,-350,-1.15,437526,13236277500
317400,자이에스앤디,7050,7410,360,5.11,333618,2470958160
033240,자화전자,12450,12650,200,1.61,590613,7482797800
000950,전방,26800,27650,850,3.17,11755,318611700
348950,제이알글로벌리츠,4960,4945,-15,-0.3,308928,1525790335
194370,제이에스코퍼레이션,7450,8020,570,7.65,490485,3835214460
025620,제이준코스메틱,2770,2815,45,1.62,254211,717454200
036420,제이콘텐트리,26500,28350,1850,6.98,226096,6354364050
030000,제일기획,17100,17700,600,3.51,645847,11301607750
271980,제일약품,52400,54000,1600,3.05,204144,10945096400
001560,제일연마,6240,6240,0,0.0,12397,76961500
002620,제일파마홀딩스,23100,24100,1000,4.33,60645,1445005950
006220,제주은행,2975,3015,40,1.34,10862,32685165
089590,제주항공,14150,14150,0,0.0,136100,1937208450
004910,조광페인트,5080,5290,210,4.13,10472,54502770
004700,조광피혁,49650,49950,300,0.6,2548,128131750
001550,조비,22550,24000,1450,6.43,235834,5513399600
000480,조선내화,71000,71200,200,0.28,1104,78661200
120030,조선선재,97600,102000,4400,4.51,9568,963305100
018470,조일알미늄,599,615,16,2.67,135030,82294884
002600,조흥,152500,151500,-1000,-0.66,135,20516000
185750,종근당,188000,194500,6500,3.46,362706,68555738500
063160,종근당바이오,49550,55000,5450,11.0,654857,34962887300
001630,종근당홀딩스,119500,122500,3000,2.51,24806,2993890000
044380,주연테크,1065,1095,30,2.82,503409,542251445
013890,지누스,83500,85900,2400,2.87,76845,6603180200
013870,지엠비코리아,4980,5090,110,2.21,218488,1107405470
071320,지역난방공사,33450,34000,550,1.64,8061,271190150
010580,지코,306,306,0,0.0,0,0
035000,지투알,4785,4840,55,1.15,14982,72239825
088790,진도,2855,2855,0,0.0,118184,336402885
003780,진양산업,3500,3585,85,2.43,131090,470127605
010640,진양폴리,2705,2760,55,2.03,24194,66136075
100250,진양홀딩스,2445,2450,5,0.2,147810,362169070
051630,진양화학,3280,3400,120,3.66,59027,200681525
272450,진에어,8860,9080,220,2.48,59672,541135640
011000,진원생명과학,18300,23750,5450,29.78,37601559,852858992000
002780,진흥기업,2080,2125,45,2.16,46775,98594050
002787,진흥기업2우B,13950,14400,450,3.23,1753,24907350
002785,진흥기업우B,5410,5510,100,1.85,7571,41281740
009310,참엔지니어링,1275,1285,10,0.78,231667,296269630
000650,천일고속,61400,61200,-200,-0.33,1736,105730200
012600,청호컴넷,8250,8420,170,2.06,67178,567188410
033250,체시스,2715,2795,80,2.95,834745,2327634255
035720,카카오,380000,381000,1000,0.26,887733,337656443500
006380,카프로,2460,2500,40,1.63,87404,217965845
109070,컨버즈,4100,4100,0,0.0,0,0
001620,케이비아이동국실업,585,594,9,1.54,128562,75870936
029460,케이씨,20800,20900,100,0.48,98993,2066896900
344820,케이씨씨글라스,26500,28350,1850,6.98,76454,2129222750
281820,케이씨텍,19900,20150,250,1.26,54213,1089000750
145270,케이탑리츠,743,749,6,0.81,77511,57786372
007815,코리아써우,5060,5310,250,4.94,6986,37185580
007810,코리아써키트,12750,13450,700,5.49,613429,8247175850
00781K,코리아써키트2우B,6130,6320,190,3.1,7325,46335760
152330,코리아오토글라스,14350,14750,400,2.79,65290,955703750
003690,코리안리,7050,7310,260,3.69,910735,6594348690
192820,코스맥스,106500,108000,1500,1.41,126514,13511336000
044820,코스맥스비티아이,21700,21600,-100,-0.46,75874,1618453100
005070,코스모신소재,15350,15900,550,3.58,2508035,40124839150
005420,코스모화학,11050,11150,100,0.9,802473,8865695700
071950,코아스,1050,1050,0,0.0,158962,167165460
002020,코오롱,20600,20900,300,1.46,93197,1942535500
003070,코오롱글로벌,13400,13200,-200,-1.49,170636,2276895500
003075,코오롱글로벌우,29100,28550,-550,-1.89,159541,4487508450
144620,코오롱머티리얼,3110,3115,5,0.16,1242976,3924166310
002025,코오롱우,13550,13800,250,1.85,8720,120405950
120110,코오롱인더,32200,33050,850,2.64,150107,4923290450
120115,코오롱인더우,18050,18550,500,2.77,11892,218024150
138490,코오롱플라스틱,4115,4300,185,4.5,163830,690754280
021240,코웨이,84100,86500,2400,2.85,161554,13801742600
031820,콤텍시스템,1130,1175,45,3.98,1888734,2178240615
192400,쿠쿠홀딩스,93000,93800,800,0.86,9860,916925800
284740,쿠쿠홈시스,44900,44550,-350,-0.78,104464,4581126150
015590,큐로,544,576,32,5.88,1621583,919163117
264900,크라운제과,8180,8250,70,0.86,14345,117800460
26490K,크라운제과우,8150,8430,280,3.44,23353,193899350
005740,크라운해태홀딩스,8520,8500,-20,-0.23,26580,224361050
005745,크라운해태홀딩스우,11300,11600,300,2.65,6993,80013450
020120,키다리스튜디오,8290,8700,410,4.95,483376,4144767960
039490,키움증권,105000,111500,6500,6.19,129447,14268290000
012170,키위미디어그룹,150,150,0,0.0,0,0
014580,태경비케이,3540,3640,100,2.82,185710,670077355
015890,태경산업,4800,4895,95,1.98,47534,232063230
006890,태경케미컬,8600,8640,40,0.47,503356,4371686600
003240,태광산업,663000,668000,5000,0.75,1189,793690000
011280,태림포장,3160,3220,60,1.9,138332,444391965
004100,태양금속,978,1000,22,2.25,109181,109082262
004105,태양금속우,3255,3355,100,3.07,77858,259559965
009410,태영건설,19650,19700,50,0.25,1381551,27083120900
009415,태영건설우,24250,25200,950,3.92,153023,3722601050
001420,태원물산,3325,3340,15,0.45,8797,29504905
007980,태평양물산,1730,1735,5,0.29,1167382,2011776790
055490,테이팩스,23000,23950,950,4.13,53648,1262570500
078000,텔코웨어,11850,12150,300,2.53,10200,121451950
214420,토니모리,10050,10150,100,1.0,106938,1082087200
019180,티에이치엔,2340,2450,110,4.7,94037,225888425
091810,티웨이항공,2595,2680,85,3.28,95642,253354890
004870,티웨이홀딩스,952,1000,48,5.04,375885,370411325
005690,파미셀,21600,22350,750,3.47,3771563,83469871300
036580,팜스코,5220,5320,100,1.92,132391,696419010
028670,팬오션,3455,3575,120,3.47,1102575,3913416360
010820,퍼스텍,2050,2115,65,3.17,686316,1434230005
016800,퍼시스,28350,28450,100,0.35,2274,64666900
001020,페이퍼코리아,1420,1450,30,2.11,85478,121637255
090080,평화산업,1060,1100,40,3.77,157363,171627900
010770,평화홀딩스,2885,2920,35,1.21,25284,73378265
058430,포스코강판,12350,12750,400,3.24,65632,829141300
047050,포스코인터내셔널,14050,14250,200,1.42,216947,3086894950
003670,포스코케미칼,90300,90700,400,0.44,435676,39301786000
007630,폴루스바이오팜,1225,1225,0,0.0,0,0
017810,풀무원,18900,19100,200,1.06,172595,3290513950
103140,풍산,23650,23950,300,1.27,299891,7162522000
005810,풍산홀딩스,24950,25350,400,1.6,15291,383843650
033180,필룩스,3165,3355,190,6.0,11258668,39471902415
086790,하나금융지주,28450,29350,900,3.16,1188982,34694476977
293480,하나제약,24750,25500,750,3.03,323931,8176558300
039130,하나투어,37000,38300,1300,3.51,147333,5635949200
172580,하이골드12호,2015,2015,0,0.0,10109,20337350
153360,하이골드3호,1315,1360,45,3.42,2962,3891480
071090,하이스틸,15700,16450,750,4.78,4085,65765150
019490,하이트론,2960,2845,-115,-3.89,38738,112490095
000080,하이트진로,38900,39000,100,0.26,458368,17745995650
000087,하이트진로2우B,21250,21650,400,1.88,2236,48055900
000140,하이트진로홀딩스,19200,19000,-200,-1.04,33435,632645700
000145,하이트진로홀딩스우,16950,16800,-150,-0.88,2643,44426150
152550,한국ANKOR유전,1685,1685,0,0.0,25034,42064045
036460,한국가스공사,24150,24600,450,1.86,220431,5403992000
005430,한국공항,30750,30800,50,0.16,9061,279278850
071050,한국금융지주,58800,63400,4600,7.82,602646,37386839700
071055,한국금융지주우,45400,48300,2900,6.39,75386,3582844950
010040,한국내화,3105,3145,40,1.29,61618,193953070
025540,한국단자,45350,45000,-350,-0.77,414090,18629744950
004090,한국석유,96200,99100,2900,3.01,4503,441934000
002200,한국수출포장,17300,17450,150,0.87,9227,160586300
002960,한국쉘석유,240000,240500,500,0.21,2932,704686500
123890,한국자산신탁,3345,3500,155,4.63,1293517,4489749270
015760,한국전력,19950,21000,1050,5.26,6875039,143559738800
006200,한국전자홀딩스,529,540,11,2.08,45908,24580415
009540,한국조선해양,87500,90500,3000,3.43,512590,46414966600
023350,한국종합기술,3810,3835,25,0.66,21251,81361705
025890,한국주강,1320,1380,60,4.55,19166,25824235
000970,한국주철관,8630,8800,170,1.97,104954,918387280
104700,한국철강,4435,4495,60,1.35,80306,360927515
017960,한국카본,8430,9250,820,9.73,7414165,67171499860
161890,한국콜마,47050,47900,850,1.81,205275,9849944750
024720,한국콜마홀딩스,29950,30800,850,2.84,166323,5118706500
161390,한국타이어앤테크놀로지,28750,31550,2800,9.74,4053153,131276455050
000240,한국테크놀로지그룹,13550,17600,4050,29.89,16022141,264139739400
034830,한국토지신탁,1675,1700,25,1.49,1408142,2373356230
007280,한국특수형강,1415,1415,0,0.0,97050,138405460
168490,한국패러랠,1930,1940,10,0.52,61420,118560295
010100,한국프랜지,2280,2290,10,0.44,789428,1821190680
047810,한국항공우주,22750,23100,350,1.54,303141,6986770850
123690,한국화장품,13350,13450,100,0.75,301633,4040341850
003350,한국화장품제조,40650,40900,250,0.62,108970,4462259750
011500,한농화성,5470,5600,130,2.38,99359,556426180
002390,한독,36500,36550,50,0.14,297353,10997621200
014790,한라,3365,3475,110,3.27,92031,317792660
060980,한라홀딩스,27550,28250,700,2.54,220356,6485954050
053690,한미글로벌,7720,8080,360,4.66,90912,714887450
042700,한미반도체,10000,10300,300,3.0,435813,4437793140
008930,한미사이언스,57400,61700,4300,7.49,907095,54686746000
128940,한미약품,294000,307000,13000,4.42,139237,41815536500
009240,한샘,97100,98000,900,0.93,67194,6579249600
020000,한섬,30700,31600,900,2.93,108520,3384467850
003680,한성기업,14500,14450,-50,-0.34,252859,3703640950
105630,한세실업,15500,15400,-100,-0.65,312028,4845088500
069640,한세엠케이,2740,2770,30,1.09,19837,55152025
016450,한세예스24홀딩스,4230,4420,190,4.49,186503,830489085
010420,한솔PNS,1405,1440,35,2.49,106579,152456855
009180,한솔로지스틱스,2025,2055,30,1.48,361006,738650675
213500,한솔제지,13050,13350,300,2.3,105199,1400475900
014680,한솔케미칼,154500,154000,-500,-0.32,121955,18730596500
004710,한솔테크닉스,8320,8660,340,4.09,388480,3351198860
004150,한솔홀딩스,3380,3540,160,4.73,243271,850408110
025750,한솔홈데코,1080,1120,40,3.7,1436127,1600173995
004960,한신공영,13500,13950,450,3.33,31724,442158950
011700,한신기계,1310,1375,65,4.96,456663,616922445
001750,한양증권,8710,9000,290,3.33,89700,798200200
001755,한양증권우,11950,12400,450,3.77,9152,111692500
018880,한온시스템,12900,13050,150,1.16,2087129,27537614850
009420,한올바이오파마,34000,34600,600,1.76,1707707,59070998950
014130,한익스프레스,4515,4640,125,2.77,134585,617627280
300720,한일시멘트,79200,79600,400,0.51,2387,190013500
002220,한일철강,1705,1700,-5,-0.29,36452,62582140
006390,한일현대시멘트,27200,27750,550,2.02,13562,374114650
003300,한일홀딩스,44650,45500,850,1.9,2287,103068750
051600,한전KPS,28100,28800,700,2.49,156386,4483290150
052690,한전기술,15900,16300,400,2.52,67860,1100255500
130660,한전산업,3290,3330,40,1.22,64294,212101970
002320,한진,43800,44200,400,0.91,66042,2908850700
097230,한진중공업,6180,6270,90,1.46,61505,382256560
003480,한진중공업홀딩스,3225,3245,20,0.62,50918,164560350
180640,한진칼,74700,76300,1600,2.14,193795,14741193100
18064K,한진칼우,49900,50300,400,0.8,8359,424070100
005110,한창,1310,1285,-25,-1.91,696635,892831660
009460,한창제지,1840,1875,35,1.9,617598,1155781390
000880,한화,25350,26650,1300,5.13,724885,19060664450
00088K,한화3우B,12450,12900,450,3.61,133787,1701755150
088350,한화생명,1475,1585,110,7.46,8991797,13975367230
000370,한화손해보험,2740,2790,50,1.82,225251,626497405
009830,한화솔루션,31700,35350,3650,11.51,8467820,287996364300
009835,한화솔루션우,28600,30400,1800,6.29,335410,10054402150
272210,한화시스템,9950,10200,250,2.51,551413,5557438800
012450,한화에어로스페이스,25600,26300,700,2.73,384050,10058795850
000885,한화우,55500,56800,1300,2.34,53597,3033194100
003530,한화투자증권,1750,1830,80,4.57,729912,1322018240
003535,한화투자증권우,3080,3200,120,3.9,496564,1564954650
195870,해성디에스,18600,19450,850,4.57,336947,6470674250
101530,해태제과식품,8130,8130,0,0.0,25938,210373920
143210,핸즈코퍼레이션,6430,6550,120,1.87,17516,113871060
000720,현대건설,32400,33000,600,1.85,652921,21497688650
267270,현대건설기계,22000,22700,700,3.18,72230,1634125900
000725,현대건설우,210000,230000,20000,9.52,62871,14876901000
005440,현대그린푸드,7280,7460,180,2.47,338719,2510828470
086280,현대글로비스,122500,127000,4500,3.67,153745,19395676000
064350,현대로템,15150,15450,300,1.98,1618028,24928806600
079430,현대리바트,16550,16750,200,1.21,245955,4146994550
012330,현대모비스,217000,219500,2500,1.15,377235,83819593000
010620,현대미포조선,30950,31800,850,2.75,197829,6300126150
069960,현대백화점,56500,57400,900,1.59,170652,9798790700
004560,현대비앤지스틸,7270,7500,230,3.16,41390,306413900
004565,현대비앤지스틸우,71800,76100,4300,5.99,7115,533906600
011760,현대상사,13550,13900,350,2.58,34730,477595250
004310,현대약품,6150,6310,160,2.6,1459815,9145126230
322000,현대에너지솔루션,28100,29300,1200,4.27,192699,5572111950
126560,현대에이치씨엔,3750,3840,90,2.4,265225,1012495000
017800,현대엘리베이,42050,42600,550,1.31,175579,7459081400
307950,현대오토에버,39200,41100,1900,4.85,73596,2991779150
011210,현대위아,40100,41450,1350,3.37,355586,14880533050
267260,현대일렉트릭,11050,12050,1000,9.05,729324,8661428400
004020,현대제철,26650,27000,350,1.31,960072,25981703750
267250,현대중공업지주,233500,242000,8500,3.64,54858,13147749500
005380,현대차,161500,166000,4500,2.79,3304089,555524533500
005387,현대차2우B,82000,85600,3600,4.39,108829,9289024400
005389,현대차3우B,71700,73700,2000,2.79,70930,5261790900
005385,현대차우,81300,84000,2700,3.32,146104,12341120500
001500,현대차증권,9550,9830,280,2.93,71355,696492580
227840,현대코퍼레이션홀딩스,9940,10100,160,1.61,18346,183624650
001450,현대해상,22650,22900,250,1.1,224822,5141234700
057050,현대홈쇼핑,58800,60000,1200,2.04,26631,1587312500
093240,형지엘리트,2070,2140,70,3.38,1385926,2915761140
003010,혜인,4725,4785,60,1.27,110743,530845165
111110,호전실업,8130,8180,50,0.62,15378,125630500
008770,호텔신라,70700,71600,900,1.27,304747,21800170300
008775,호텔신라우,59800,60500,700,1.17,8409,507362500
002460,화성산업,11400,12250,850,7.46,203732,2473498150
013520,화승알앤에이,1585,1635,50,3.15,42945,70013405
241590,화승엔터프라이즈,11300,11600,300,2.65,365493,4180600650
006060,화승인더,6650,6890,240,3.61,225742,1540136440
010690,화신,2235,2320,85,3.8,132811,304760410
133820,화인베스틸,2235,2345,110,4.92,229472,532720620
010660,화천기계,3000,3280,280,9.33,947697,3011001540
000850,화천기공,30600,31100,500,1.63,7349,227922750
016580,환인제약,15600,15700,100,0.64,150618,2345810200
032560,황금에스티,6740,6730,-10,-0.15,138719,935529420
004800,효성,65700,67700,2000,3.04,64955,4356656500
094280,효성ITX,26750,27000,250,0.93,33135,883744900
298040,효성중공업,40250,41800,1550,3.85,170147,7032173500
298050,효성첨단소재,137000,139500,2500,1.82,129668,17979710500
298020,효성티앤씨,99900,100500,600,0.6,46461,4662275100
298000,효성화학,97600,100000,2400,2.46,18658,1878699600
093370,후성,7860,8040,180,2.29,1251166,10017811850
081660,휠라홀딩스,35050,36200,1150,3.28,699266,25011208600
005870,휴니드,6060,6070,10,0.17,403873,2465095210
079980,휴비스,7390,7570,180,2.44,670769,5042904990
005010,휴스틸,6670,6710,40,0.6,6874,45933240
069260,휴켐스,15550,18500,2950,18.97,2531867,46080182100
000540,흥국화재,2185,2220,35,1.6,18077,39924600
000547,흥국화재2우B,23000,22500,-500,-2.17,10335,231766550
000545,흥국화재우,5610,5620,10,0.18,5939,33518170
003280,흥아해운,258,258,0,0.0,0,0
