티커,종목명,시가,종가,변동폭,등락률,거래량,거래대금
095570,AJ네트웍스,6150,6100,-50,-0.81,90639,548706320
006840,AK홀딩스,25600,25850,250,0.98,17146,441758500
027410,BGF,6100,6230,130,2.13,142505,881557980
282330,BGF리테일,173000,163500,-9500,-5.49,69302,11524097500
138930,BNK금융지주,7730,7750,20,0.26,894614,6907677300
001460,BYC,408500,405000,-3500,-0.86,385,155853000
001465,BYC우,176500,177000,500,0.28,182,31956000
001040,CJ,97100,99800,2700,2.78,77107,7663248500
079160,CJCGV,27550,28500,950,3.45,241973,6805475000
00104K,CJ4우전환,82200,83900,1700,2.07,6479,539515200
000120,CJ대한통운,166000,168500,2500,1.51,31617,5327029500
011150,CJ씨푸드,4270,4270,0,0.0,180759,769311575
011155,CJ씨푸드1우,38500,38300,-200,-0.52,299,11460950
001045,CJ우,62600,63900,1300,2.08,1130,70998000
097950,CJ제일제당,442000,447500,5500,1.24,48684,21611532500
097955,CJ제일제당우,201000,204000,3000,1.49,3888,790383500
000590,CS홀딩스,63500,63700,200,0.31,1905,119906800
012030,DB,1060,1080,20,1.89,2044943,2180405755
016610,DB금융투자,6790,6810,20,0.29,208501,1413475520
005830,DB손해보험,62700,60600,-2100,-3.35,213956,13060805200
000990,DB하이텍,60600,60000,-600,-0.99,1106591,65984904500
000995,DB하이텍1우,121000,118000,-3000,-2.48,1335,157713500
139130,DGB금융지주,9220,9270,50,0.54,353865,3267057730
001530,DI동일,343500,379000,35500,10.33,79888,28989256500
000210,DL,71800,72400,600,0.84,78279,5651125400
001880,DL건설,31000,31500,500,1.61,29607,920340200
000215,DL우,42350,42950,600,1.42,2898,124299500
375500,DL이앤씨,133000,134000,1000,0.75,75287,10063118000
37550K,DL이앤씨우,77000,77200,200,0.26,7063,544258000
004840,DRB동일,7130,6970,-160,-2.24,18361,128186730
155660,DSR,6020,5980,-40,-0.66,85598,513388030
069730,DSR제강,5870,5620,-250,-4.26,149671,857344810
017940,E1,55700,56200,500,0.9,19367,1084840300
365550,ESR켄달스퀘어리츠,6730,6750,20,0.3,691589,4568816572
383220,FF,685000,725000,40000,5.84,97101,69317543000
007700,FF홀딩스,35300,37250,1950,5.52,108827,3973102050
114090,GKL,15150,15400,250,1.65,306482,4677820700
078930,GS,41600,41450,-150,-0.36,197219,8181466650
006360,GS건설,40400,40950,550,1.36,354696,14444610900
001250,GS글로벌,2715,2725,10,0.37,306980,832138670
007070,GS리테일,33350,33100,-250,-0.75,515341,17172464650
078935,GS우,35600,35750,150,0.42,3692,131344700
012630,HDC,11350,11450,100,0.88,255722,2916261000
039570,HDC아이콘트롤스,12650,12500,-150,-1.19,30229,378196950
089470,HDC현대EP,5420,5460,40,0.74,62039,337410290
294870,HDC현대산업개발,28600,29250,650,2.27,313056,9129380750
011200,HMM,38550,40850,2300,5.97,7791614,314556730300
082740,HSD엔진,7470,7560,90,1.2,229975,1731105240
003560,IHQ,1585,1630,45,2.84,1848185,2968473230
175330,JB금융지주,7840,7850,10,0.13,344810,2701780240
234080,JW생명과학,17550,17800,250,1.42,61290,1079523700
001060,JW중외제약,27550,29150,1600,5.81,787395,23096182500
001067,JW중외제약2우B,59200,62800,3600,6.08,1821,110278200
001065,JW중외제약우,38600,41400,2800,7.25,2654,105922150
096760,JW홀딩스,4130,4180,50,1.21,99370,409906875
105560,KB금융,53200,53000,-200,-0.38,917398,48701655500
002380,KCC,310000,311000,1000,0.32,31636,9824024500
344820,KCC글라스,64500,66300,1800,2.79,140125,9237091000
009070,KCTC,7200,7260,60,0.83,271165,1965690940
009440,KC그린홀딩스,5750,5970,220,3.83,160012,934409630
119650,KC코트렐,7670,7820,150,1.96,207918,1618513040
092220,KEC,2140,2155,15,0.7,937849,2022506695
016380,KG동부제철,15150,15200,50,0.33,225965,3424256650
016385,KG동부제철우,115000,118000,3000,2.61,236,27731500
001390,KG케미칼,36200,35750,-450,-1.24,184902,6665246350
033180,KH필룩스,3105,3115,10,0.32,1410442,4463132905
001940,KISCO홀딩스,19650,20950,1300,6.62,106608,2208807500
025000,KPX케미칼,63800,62400,-1400,-2.19,9695,608417700
092230,KPX홀딩스,65500,65700,200,0.31,1500,97751500
000040,KR모터스,1105,1135,30,2.71,638442,713381965
044450,KSS해운,10900,10900,0,0.0,69388,751732050
030200,KT,33650,34300,650,1.93,1322869,44002096800
033780,KTG,82200,81900,-300,-0.36,261851,21465153900
030210,KTB투자증권,7850,7740,-110,-1.4,454208,3557745950
058850,KTcs,2945,2960,15,0.51,272724,808184610
058860,KTis,2705,2720,15,0.55,110355,300076090
093050,LF,16750,18600,1850,11.04,455068,8233547600
003550,LG,95300,97600,2300,2.41,328522,31841172600
034220,LG디스플레이,20650,21450,800,3.87,3803343,80908138050
051900,LG생활건강,1459000,1447000,-12000,-0.82,19842,28765310000
051905,LG생활건강우,670000,669000,-1000,-0.15,2008,1342154000
003555,LG우,71600,72500,900,1.26,6537,471841300
032640,LG유플러스,14050,14350,300,2.14,1216394,17395066600
011070,LG이노텍,204000,210000,6000,2.94,199086,41540618500
066570,LG전자,151000,153500,2500,1.66,652995,99585946500
066575,LG전자우,70100,70900,800,1.14,54286,3818884600
037560,LG헬로비전,8000,7970,-30,-0.38,1693086,13571885250
051910,LG화학,893000,896000,3000,0.34,166366,148748187824
051915,LG화학우,398500,399000,500,0.13,12091,4798971000
079550,LIG넥스원,47650,48500,850,1.78,393136,18951303550
006260,LS,66900,68000,1100,1.64,114837,7796401100
010120,LSELECTRIC,62800,63800,1000,1.59,97955,6229258000
000680,LS네트웍스,3780,3830,50,1.32,86801,331948530
229640,LS전선아시아,8500,8490,-10,-0.12,120743,1023447620
001120,LX인터내셔널,27900,28000,100,0.36,116375,3257691800
108670,LX하우시스,86300,88600,2300,2.67,53926,4723544800
108675,LX하우시스우,38100,38900,800,2.1,2400,92368700
383800,LX홀딩스,10200,10100,-100,-0.98,666621,6689707300
38380K,LX홀딩스1우,16650,16400,-250,-1.5,13529,221948150
023150,MH에탄올,9680,10100,420,4.34,82785,822018290
035420,NAVER,428500,429000,500,0.12,496576,212803777302
181710,NHN,68700,70200,1500,2.18,80694,5581955700
005940,NH투자증권,12750,12850,100,0.78,723656,9316130200
005945,NH투자증권우,11650,11700,50,0.43,112247,1298879100
338100,NH프라임리츠,4920,4910,-10,-0.2,33134,162749890
034310,NICE,18450,18450,0,0.0,35572,652891000
008260,NI스틸,4445,4500,55,1.24,120245,540323960
004250,NPC,5250,5400,150,2.86,400050,2155152030
004255,NPC우,3110,3115,5,0.16,18482,57662510
010060,OCI,103500,107500,4000,3.86,270595,28816466000
178920,PI첨단소재,61200,60900,-300,-0.49,401509,24325730300
005490,POSCO,329500,329000,-500,-0.15,339135,111349721000
010950,S-Oil,92000,92800,800,0.87,271138,24935120800
010955,S-Oil우,52600,53800,1200,2.28,9198,488535600
034120,SBS,54100,53900,-200,-0.37,380465,19905582300
101060,SBS미디어홀딩스,2155,2160,5,0.23,249360,536761630
005090,SGC에너지,45000,45500,500,1.11,37446,1701713000
001380,SG글로벌,2770,2770,0,0.0,159249,436060935
004060,SG세계물산,762,773,11,1.44,599015,459383319
001770,SHD,27850,29400,1550,5.57,22051,637363950
002360,SH에너지화학,975,983,8,0.82,632980,617775341
009160,SIMPAC,5920,5920,0,0.0,190857,1142601330
123700,SJM,4890,4995,105,2.15,165214,807013315
025530,SJM홀딩스,4020,4075,55,1.37,93072,372890380
034730,SK,259000,267000,8000,3.09,142200,37552449000
011790,SKC,153500,160000,6500,4.23,295007,46200050500
018670,SK가스,114500,114500,0,0.0,9965,1135717500
001740,SK네트웍스,5500,5580,80,1.45,420850,2344384700
001745,SK네트웍스우,108500,108000,-500,-0.46,183,19621000
006120,SK디스커버리,52100,52800,700,1.34,238637,12516374300
006125,SK디스커버리우,43150,46450,3300,7.65,593186,28371241550
210980,SK디앤디,37750,39100,1350,3.58,164279,6335817650
068400,SK렌터카,12600,12900,300,2.38,124319,1589655750
302440,SK바이오사이언스,319000,321000,2000,0.63,3678678,1209121580500
326030,SK바이오팜,119500,119500,0,0.0,283807,33626500500
361610,SK아이이테크놀로지,208500,214500,6000,2.88,448588,95886395000
03473K,SK우,241000,244000,3000,1.24,3465,838110000
096770,SK이노베이션,240000,240500,500,0.21,513505,123017533500
096775,SK이노베이션우,158000,157500,-500,-0.32,7762,1216950000
001510,SK증권,901,909,8,0.89,3231934,2921575624
001515,SK증권우,4365,4380,15,0.34,13325,58344935
285130,SK케미칼,299500,288000,-11500,-3.84,460755,135902732000
28513K,SK케미칼우,168000,165500,-2500,-1.49,162032,27540756000
017670,SK텔레콤,292500,294500,2000,0.68,299225,88740310500
000660,SK하이닉스,101500,104000,2500,2.46,8047599,833497118168
064960,SNT모티브,55900,56100,200,0.36,39021,2198481600
100840,SNT에너지,19700,20100,400,2.03,11221,223378000
003570,SNT중공업,9890,9970,80,0.81,54548,541173000
036530,SNT홀딩스,19000,19300,300,1.58,6920,132851600
005610,SPC삼립,79900,80100,200,0.25,7685,612443500
011810,STX,6400,5260,-1140,-17.81,1537406,8132063140
077970,STX엔진,10900,11100,200,1.83,35963,395147700
071970,STX중공업,5870,5980,110,1.87,327111,1934672580
002820,SUNL,6330,6330,0,0.0,17265,107878060
084870,TBH글로벌,2840,2925,85,2.99,516910,1508083015
002710,TCC스틸,7370,7430,60,0.81,944268,6956613390
002900,TYM,2235,2270,35,1.57,4750445,10732587110
024070,WISCOM,4025,4110,85,2.11,70067,284689820
037270,YGPLUS,7060,7150,90,1.27,1676364,11915139070
000500,가온전선,30350,30250,-100,-0.33,36708,1096663100
000860,강남제비스코,29000,27500,-1500,-5.17,69141,1923594550
035250,강원랜드,26050,26400,350,1.34,461834,12110349250
011420,갤럭시아에스엠,2535,2580,45,1.78,2177219,5576506040
002100,경농,14600,14700,100,0.68,118439,1737556650
009450,경동나비엔,71000,70500,-500,-0.7,74475,5210763000
267290,경동도시가스,22500,22550,50,0.22,13349,298820450
012320,경동인베스트,38100,37800,-300,-0.79,5107,193523800
000050,경방,13550,13350,-200,-1.48,55741,746481350
214390,경보제약,12500,12700,200,1.6,174098,2179406050
012610,경인양행,6700,6710,10,0.15,122335,821399370
009140,경인전자,27050,28450,1400,5.18,12670,349731950
013580,계룡건설,31500,33400,1900,6.03,219976,7357611150
012200,계양전기,4760,4755,-5,-0.11,313603,1483024640
012205,계양전기우,7930,8030,100,1.26,4251,33599920
002140,고려산업,3740,3790,50,1.34,108032,405536500
010130,고려아연,517000,513000,-4000,-0.77,39645,20330486000
002240,고려제강,25950,25950,0,0.0,70654,1822645500
009290,광동제약,8240,8270,30,0.36,50349,416758440
017040,광명전기,2785,2920,135,4.85,952441,2751238320
017900,광전자,2675,2690,15,0.56,201341,541708260
037710,광주신세계,201500,202000,500,0.25,4056,817272500
030610,교보증권,8300,8410,110,1.33,42879,358808950
339770,교촌에프앤비,18600,18600,0,0.0,75850,1405740150
007690,국도화학,85400,85400,0,0.0,42644,3644656100
005320,국동,3470,2665,-805,-23.2,30734678,81110431300
001140,국보,1215,1200,-15,-1.23,1011673,1214065595
002720,국제약품,6820,6810,-10,-0.15,70772,481099940
083420,그린케미칼,11250,11400,150,1.33,172395,1909599450
014530,극동유화,4085,4205,120,2.94,176025,728587985
014280,금강공업,7740,8040,300,3.88,171518,1376233020
014285,금강공업우,14500,15900,1400,9.66,86453,1421068250
008870,금비,73500,72100,-1400,-1.9,1713,123390400
001570,금양,5070,5080,10,0.2,265382,1357168420
002990,금호건설,11650,12400,750,6.44,315041,3853337450
002995,금호건설우,31950,32400,450,1.41,2096,66790900
011780,금호석유,191500,190000,-1500,-0.78,255540,48563782000
011785,금호석유우,115000,115000,0,0.0,30049,3429754000
214330,금호에이치티,2260,2240,-20,-0.88,1541220,3431567260
001210,금호전기,2935,2885,-50,-1.7,114383,325671235
073240,금호타이어,6140,6160,20,0.33,678853,4175033740
092440,기신정기,4450,4575,125,2.81,61968,279144660
000270,기아,83200,83200,0,0.0,1208550,100827571500
024110,기업은행,10250,10250,0,0.0,799776,8187193450
013700,까뮤이앤씨,2505,2495,-10,-0.4,594734,1476501390
004540,깨끗한나라,5350,5470,120,2.24,214750,1156096280
004545,깨끗한나라우,27000,26450,-550,-2.04,2295,60516650
001260,남광토건,14500,14600,100,0.69,39268,570924400
008350,남선알미늄,3725,3750,25,0.67,1516675,5677259815
008355,남선알미우,43000,44800,1800,4.19,1776,78838000
004270,남성,3165,3200,35,1.11,119058,377314070
003920,남양유업,611000,588000,-23000,-3.76,6088,3614202000
003925,남양유업우,338000,330500,-7500,-2.22,531,175357500
025860,남해화학,10400,10550,150,1.44,683561,7326936050
005720,넥센,4850,4980,130,2.68,29538,145906295
005725,넥센우,3615,3700,85,2.35,2689,9820495
002350,넥센타이어,8820,8680,-140,-1.59,326887,2847023350
002355,넥센타이어1우B,3795,3800,5,0.13,1731,6559540
003580,넥스트사이언스,31100,26500,-4600,-14.79,13635288,356533466250
251270,넷마블,125000,129500,4500,3.6,200426,25740607000
090350,노루페인트,10550,10850,300,2.84,293303,3181061500
090355,노루페인트우,24300,24250,-50,-0.21,6118,149870650
000320,노루홀딩스,13150,12950,-200,-1.52,43748,567500700
000325,노루홀딩스우,57000,57300,300,0.53,9227,533649800
006280,녹십자,312000,311500,-500,-0.16,44905,14046914000
005250,녹십자홀딩스,31200,30900,-300,-0.96,123289,3801116650
005257,녹십자홀딩스2우,71000,70900,-100,-0.14,558,39212400
004370,농심,299500,304000,4500,1.5,38515,11661245000
072710,농심홀딩스,75900,75600,-300,-0.4,8580,649644200
058730,다스코,5960,5890,-70,-1.17,91355,544479720
023590,다우기술,26100,26300,200,0.77,103432,2722086700
145210,다이나믹디자인,623,629,6,0.96,1269483,799255797
019680,대교,4360,4360,0,0.0,96681,420302700
019685,대교우B,3160,3190,30,0.95,158322,496735140
006370,대구백화점,10150,11050,900,8.87,373567,4461429250
008060,대덕,7160,7280,120,1.68,309074,2219853410
00806K,대덕1우,11200,11250,50,0.45,6675,75176600
353200,대덕전자,16250,16700,450,2.77,1450136,24042715500
35320K,대덕전자1우,14800,15100,300,2.03,23700,355194600
000490,대동,11400,11450,50,0.44,607985,6998200300
008110,대동전자,6380,6410,30,0.47,26219,166986490
005750,대림BCo,7700,7750,50,0.65,55578,430562440
006570,대림통상,3990,4010,20,0.5,18506,73736815
001680,대상,25850,25800,-50,-0.19,261303,6696476650
001685,대상우,19800,19550,-250,-1.26,4712,92086100
084690,대상홀딩스,10400,10550,150,1.44,204371,2107444550
084695,대상홀딩스우,11850,12100,250,2.11,4021,48233600
128820,대성산업,4430,4460,30,0.68,107238,478627590
117580,대성에너지,6190,6240,50,0.81,38217,234808450
016710,대성홀딩스,38600,38400,-200,-0.52,52696,2018234400
003540,대신증권,18550,18500,-50,-0.27,166589,3080579350
003547,대신증권2우B,16150,16150,0,0.0,50635,810246400
003545,대신증권우,16650,16750,100,0.6,127888,2126373050
009190,대양금속,5480,5370,-110,-2.01,430576,2344493830
014160,대영포장,2880,2885,5,0.17,1882579,5455275250
047040,대우건설,6750,6870,120,1.78,1382751,9430358390
009320,대우부품,2375,2430,55,2.32,186854,446128435
042660,대우조선해양,28900,28400,-500,-1.73,637269,18190659600
003090,대웅,35400,35650,250,0.71,185715,6572643150
069620,대웅제약,171000,172000,1000,0.58,67207,11439603000
000430,대원강업,4180,4285,105,2.51,357220,1530204660
006340,대원전선,2195,2250,55,2.51,2226135,5003000495
006345,대원전선우,3875,3910,35,0.9,24210,95726215
003220,대원제약,17900,21750,3850,21.51,22327749,468326647700
024890,대원화성,2705,2730,25,0.92,274302,742443445
002880,대유에이텍,1260,1265,5,0.4,696611,878616315
000300,대유플러스,1280,1335,55,4.3,1162479,1513688350
012800,대창,2250,2215,-35,-1.56,2180823,4884045985
015230,대창단조,8180,8130,-50,-0.61,149222,1209209480
001070,대한방직,43700,43550,-150,-0.34,2028,88398450
006650,대한유화,221500,224000,2500,1.13,60748,13565926000
001440,대한전선,2480,2525,45,1.81,11536604,28775935010
084010,대한제강,20300,21450,1150,5.67,295543,6250707200
001790,대한제당,2975,2980,5,0.17,250071,747480850
001795,대한제당우,3320,3330,10,0.3,57678,191378055
001130,대한제분,160500,166500,6000,3.74,5666,943179000
003490,대한항공,28700,29200,500,1.74,1473161,42869447600
003495,대한항공우,38600,38700,100,0.26,4920,189531050
005880,대한해운,2920,2955,35,1.2,2569550,7563272585
003830,대한화섬,131500,130500,-1000,-0.76,1198,156559000
016090,대현,2510,2560,50,1.99,229319,581113840
069460,대호에이엘,3820,3840,20,0.52,263883,1017941760
192080,더블유게임즈,58600,58700,100,0.17,63354,3720902800
012510,더존비즈온,80900,81700,800,0.99,96211,7808971900
004830,덕성,17250,17450,200,1.16,576623,10171520100
004835,덕성우,25300,26050,750,2.96,75545,1994710100
024900,덕양산업,3080,3150,70,2.27,291555,923173135
145720,덴티움,88400,87300,-1100,-1.24,165228,14283654500
002150,도화엔지니어링,8410,8520,110,1.31,34486,292781710
001230,동국제강,18850,19450,600,3.18,1314047,25201476000
023450,동남합성,65800,65700,-100,-0.15,526,34226100
004140,동방,5490,5520,30,0.55,514459,2844490290
007590,동방아그로,7510,7660,150,2.0,64174,490670640
005960,동부건설,13300,13550,250,1.88,68321,919950600
005965,동부건설우,39300,39150,-150,-0.38,2945,116235500
026960,동서,29450,29650,200,0.68,92929,2766486800
002210,동성제약,9820,9810,-10,-0.1,100569,980662700
102260,동성케미컬,6110,5990,-120,-1.96,287398,1716691960
000640,동아쏘시오홀딩스,119000,118500,-500,-0.42,19656,2308824000
170900,동아에스티,79000,78800,-200,-0.25,44805,3532191700
028100,동아지질,21400,21100,-300,-1.4,67555,1437221800
282690,동아타이어,12350,12350,0,0.0,10253,126846500
001520,동양,1685,1770,85,5.04,1887462,3269938305
001527,동양2우B,15900,17000,1100,6.92,9059,154588750
001529,동양3우B,45000,45300,300,0.67,8161,378302400
084670,동양고속,22350,22500,150,0.67,3205,71738650
082640,동양생명,5430,5430,0,0.0,315519,1704584440
001525,동양우,8190,8600,410,5.01,7201,61714810
008970,동양철관,1535,1530,-5,-0.33,2324328,3540187650
092780,동양피스톤,6020,6170,150,2.49,93619,575426690
049770,동원FB,203500,204000,500,0.25,6548,1325180500
018500,동원금속,943,991,48,5.09,410660,401346340
006040,동원산업,232000,233000,1000,0.43,4426,1032257500
030720,동원수산,8860,9140,280,3.16,55595,501869590
014820,동원시스템즈,41750,41750,0,0.0,17325,733006050
014825,동원시스템즈우,33150,34950,1800,5.43,921,31360000
163560,동일고무벨트,8990,9030,40,0.44,35961,320219090
004890,동일산업,109500,113000,3500,3.2,4516,505314500
002690,동일제강,3850,4100,250,6.49,162288,645696965
000020,동화약품,14400,15150,750,5.21,862804,13037147550
000150,두산,88900,88900,0,0.0,58775,5229176500
000157,두산2우B,125500,127000,1500,1.2,2165,270172000
241560,두산밥캣,42000,43050,1050,2.5,249206,10654521950
000155,두산우,63500,63000,-500,-0.79,8474,534660800
042670,두산인프라코어,16000,15950,-50,-0.31,1036521,16470367300
034020,두산중공업,20650,20900,250,1.21,5178993,107616015800
336260,두산퓨얼셀,46200,47100,900,1.95,403516,18916945150
33626K,두산퓨얼셀1우,14400,14850,450,3.13,23113,339963300
33626L,두산퓨얼셀2우B,20250,20400,150,0.74,9324,189831800
016740,두올,4725,4945,220,4.66,740878,3614066335
192650,드림텍,11350,11400,50,0.44,428163,4917216900
024090,디씨엠,19400,19400,0,0.0,92240,1789821750
003160,디아이,10000,9980,-20,-0.2,448646,4468636720
092200,디아이씨,6340,6320,-20,-0.32,356669,2243697130
013570,디와이,5410,5760,350,6.47,185591,1038877530
210540,디와이파워,15650,15800,150,0.96,166573,2597340600
007340,디티알오토모티브,45700,44900,-800,-1.75,48963,2201769700
026890,디피씨,13500,13350,-150,-1.11,390563,5255605450
115390,락앤락,11950,12250,300,2.51,61257,749076900
032350,롯데관광개발,18300,18300,0,0.0,304790,5586505750
330590,롯데리츠,5730,5840,110,1.92,651941,3758604060
000400,롯데손해보험,1780,1800,20,1.12,312736,560103700
023530,롯데쇼핑,105500,105500,0,0.0,61059,6425939000
004000,롯데정밀화학,66200,66900,700,1.06,101649,6788919100
286940,롯데정보통신,39100,39000,-100,-0.26,41245,1605461250
280360,롯데제과,134500,133000,-1500,-1.12,6036,804042500
004990,롯데지주,35100,36000,900,2.56,162302,5764561100
00499K,롯데지주우,56100,55900,-200,-0.36,745,41600800
005300,롯데칠성,129000,133000,4000,3.1,19572,2587216500
005305,롯데칠성우,74500,74600,100,0.13,905,67041500
011170,롯데케미칼,240500,245000,4500,1.87,127158,30958398000
002270,롯데푸드,433500,434000,500,0.12,631,274509500
071840,롯데하이마트,32650,32250,-400,-1.23,46243,1508793800
027740,마니커,615,623,8,1.3,1311740,810737887
204320,만도,63300,62600,-700,-1.11,304997,19113283500
001080,만호제강,22200,22100,-100,-0.45,3022,66276700
088980,맥쿼리인프라,12250,12250,0,0.0,537414,6594819800
094800,맵스리얼티1,4635,4665,30,0.65,67780,314167375
138040,메리츠금융지주,24850,24600,-250,-1.01,97755,2417845550
008560,메리츠증권,5110,5110,0,0.0,1310060,6739658470
000060,메리츠화재,25350,25250,-100,-0.39,196308,4955879000
090370,메타랩스,1250,1190,-60,-4.8,1089783,1311558670
017180,명문제약,5350,5550,200,3.74,3976981,22664264980
009900,명신산업,34000,34550,550,1.62,1093678,36547196600
012690,모나리자,4535,4700,165,3.64,148380,684820525
005360,모나미,4905,5270,365,7.44,327409,1652518430
204210,모두투어리츠,4060,4090,30,0.74,10219,41457525
009680,모토닉,10300,10550,250,2.43,27426,288050200
009580,무림PP,4665,4755,90,1.93,227229,1060196990
009200,무림페이퍼,2855,2950,95,3.33,170432,497523900
033920,무학,7450,7550,100,1.34,21617,162464930
008420,문배철강,4625,4775,150,3.24,317914,1494328615
025560,미래산업,13450,14400,950,7.06,123918,1741214050
007120,미래아이앤지,588,593,5,0.85,1016255,601138937
357250,미래에셋맵스리츠,5000,5000,0,0.0,52286,261388960
085620,미래에셋생명,4300,4340,40,0.93,178876,775641090
006800,미래에셋증권,8590,8730,140,1.63,971992,8471680920
00680K,미래에셋증권2우B,4620,4650,30,0.65,199089,921052850
006805,미래에셋증권우,6050,6100,50,0.83,24829,151184390
002840,미원상사,209500,209000,-500,-0.24,1583,331297000
268280,미원에스씨,193000,190500,-2500,-1.3,2016,385689000
107590,미원홀딩스,130500,130500,0,0.0,1666,215746500
134380,미원화학,81900,80400,-1500,-1.83,757,60915600
003650,미창석유,81000,80600,-400,-0.49,1467,118911100
155900,바다로19호,2750,2755,5,0.18,12514,34414655
003610,방림,2300,2335,35,1.52,81465,189412690
001340,백광산업,5810,5940,130,2.24,776916,4590284300
035150,백산,9260,9370,110,1.19,292706,2754835850
002410,범양건영,8900,8560,-340,-3.82,1954639,17228699930
096300,베트남개발1,234,233,-1,-0.43,67818,15787876
007210,벽산,3700,3775,75,2.03,609048,2277101455
002760,보락,2330,2345,15,0.64,1071449,2522965885
003850,보령제약,17750,17750,0,0.0,289197,5147821400
000890,보해양조,1015,1035,20,1.97,1136612,1165588850
003000,부광약품,19450,19600,150,0.77,698930,13678733200
001270,부국증권,23900,24250,350,1.46,6275,152066450
001275,부국증권우,22500,22650,150,0.67,1493,33596400
026940,부국철강,5800,5920,120,2.07,524664,3111842280
015350,부산가스,59700,60100,400,0.67,1594,95751900
011390,부산산업,136000,137000,1000,0.74,3086,420539500
005030,부산주공,540,540,0,0.0,206383,111668742
002070,비비안,3320,3405,85,2.56,183340,618901600
100220,비상교육,10450,10200,-250,-2.39,236504,2385445970
030790,비케이탑스,7770,7140,-630,-8.11,416780,2987197640
005180,빙그레,57100,57800,700,1.23,33180,1896566200
003960,사조대림,30150,29100,-1050,-3.48,182006,5322599600
008040,사조동아원,1400,1400,0,0.0,1599172,2249029990
007160,사조산업,64000,63200,-800,-1.25,25993,1642681500
014710,사조씨푸드,5820,5810,-10,-0.17,76997,446299320
006090,사조오양,10850,10900,50,0.46,55722,600858550
001470,삼부토건,2830,2860,30,1.06,2120798,6116007435
006400,삼성SDI,794000,794000,0,0.0,217653,172280631000
006405,삼성SDI우,435500,437000,1500,0.34,7047,3066701000
006660,삼성공조,20000,19500,-500,-2.5,103397,2027555700
028260,삼성물산,133500,134000,500,0.37,405136,54350116750
02826K,삼성물산우B,132500,133500,1000,0.75,9719,1290452000
207940,삼성바이오로직스,1012000,993000,-19000,-1.88,237435,238184437000
032830,삼성생명,75200,74400,-800,-1.06,459463,34153779100
018260,삼성에스디에스,174500,174500,0,0.0,71556,12522067000
028050,삼성엔지니어링,22200,23050,850,3.83,2425575,54540721900
009150,삼성전기,177000,179500,2500,1.41,352675,63268588500
009155,삼성전기우,100000,100500,500,0.5,13546,1352724500
005930,삼성전자,74200,73900,-300,-0.4,29192631,2156728137400
005935,삼성전자우,69100,69500,400,0.58,2135361,147286057201
001360,삼성제약,6870,6930,60,0.87,1439347,10150031390
010140,삼성중공업,5930,6040,110,1.85,3444264,20704393730
010145,삼성중공우,306500,269000,-37500,-12.23,19240,5788990500
016360,삼성증권,46350,46550,200,0.43,358293,16661012350
068290,삼성출판사,50500,45200,-5300,-10.5,1659045,78059147650
029780,삼성카드,33900,33950,50,0.15,93146,3158968400
000810,삼성화재,229500,227000,-2500,-1.09,186904,42775186500
000815,삼성화재우,167500,168000,500,0.3,10932,1834566500
006110,삼아알미늄,15150,15600,450,2.97,257946,3978775700
145990,삼양사,62700,63100,400,0.64,21612,1368780800
145995,삼양사우,45450,44800,-650,-1.43,395,17780750
003230,삼양식품,86300,86000,-300,-0.35,26062,2234500200
002170,삼양통상,71500,70600,-900,-1.26,15130,1059231800
272550,삼양패키징,30750,31500,750,2.44,53252,1671267400
000070,삼양홀딩스,113500,110000,-3500,-3.08,76789,8563260000
000075,삼양홀딩스우,71900,72300,400,0.56,384,27472300
002810,삼영무역,16000,16150,150,0.94,4945,79278450
005680,삼영전자,12650,12700,50,0.4,39025,497052500
003720,삼영화학,2985,3070,85,2.85,302557,921128035
023000,삼원강재,3315,3330,15,0.45,43735,144426205
004380,삼익THK,12300,12500,200,1.63,73197,889272050
002450,삼익악기,1920,1925,5,0.26,666259,1277197815
004440,삼일씨엔에스,12150,12400,250,2.06,54406,665426950
000520,삼일제약,9270,9570,300,3.24,296684,2816957690
009770,삼정펄프,34000,32700,-1300,-3.82,7681,254225100
005500,삼진제약,27000,27050,50,0.19,43723,1179926400
004690,삼천리,86500,86600,100,0.12,4669,402618500
010960,삼호개발,5530,5670,140,2.53,116816,648095090
004450,삼화왕관,43500,43900,400,0.92,1450,62970700
009470,삼화전기,32300,32200,-100,-0.31,41882,1346229800
011230,삼화전자,3650,3650,0,0.0,47128,169758170
001820,삼화콘덴서,58900,59600,700,1.19,42115,2484978800
000390,삼화페인트,10150,10350,200,1.97,56308,572628500
001290,상상인증권,1200,1220,20,1.67,321920,384713410
041650,상신브레이크,4240,4325,85,2.0,96463,412083045
075180,새론오토모티브,6560,6570,10,0.15,37449,246189770
007540,샘표,47950,48000,50,0.1,13995,667363300
248170,샘표식품,49150,48800,-350,-0.71,28305,1388462400
007860,서연,12850,13150,300,2.33,179850,2352040800
200880,서연이화,6970,7250,280,4.02,185669,1343851730
017390,서울가스,140000,141000,1000,0.71,3822,535697000
004410,서울식품,370,378,8,2.16,6966396,2599664385
004415,서울식품우,4940,4975,35,0.71,4209,21082440
021050,서원,2725,2725,0,0.0,451854,1232898790
008490,서흥,53500,54300,800,1.5,33509,1812855600
007610,선도전기,3770,3785,15,0.4,169552,640819870
136490,선진,15200,14900,-300,-1.97,288140,4275851800
014910,성문전자,2195,2370,175,7.97,315938,724297125
014915,성문전자우,9060,9500,440,4.86,3351,31400180
003080,성보화학,4240,4280,40,0.94,60850,258457340
004980,성신양회,10400,10050,-350,-3.37,550051,5515719850
004985,성신양회우,14600,15250,650,4.45,18231,269586900
011300,성안,787,787,0,0.0,0,0
000180,성창기업지주,2720,2720,0,0.0,278513,759417780
002420,세기상사,6160,6160,0,0.0,0,0
004360,세방,13150,13250,100,0.76,87324,1158159750
004365,세방우,8040,8040,0,0.0,1427,11444910
004490,세방전지,84200,83100,-1100,-1.31,66482,5532909300
001430,세아베스틸,28900,28800,-100,-0.35,84837,2444596750
306200,세아제강,100000,106000,6000,6.0,39800,4165510400
003030,세아제강지주,95900,96300,400,0.42,55186,5126180500
019440,세아특수강,15850,16100,250,1.58,14713,236751800
058650,세아홀딩스,100500,103000,2500,2.49,2479,257052500
013000,세우글로벌,2470,2470,0,0.0,0,0
091090,세원이앤씨,891,901,10,1.12,1132541,1026416498
021820,세원정공,8090,8090,0,0.0,0,0
067830,세이브존IC,3370,3370,0,0.0,92524,310757550
033530,세종공업,10100,10200,100,0.99,517260,5195908740
075580,세진중공업,5970,5990,20,0.34,282127,1685758210
027970,세하,1945,1940,-5,-0.26,310249,595656655
308170,센트랄모텍,23900,24350,450,1.88,34681,836343250
012600,센트럴인사이트,2490,2490,0,0.0,0,0
068270,셀트리온,274000,274000,0,0.0,420737,115373338000
336370,솔루스첨단소재,62600,64600,2000,3.19,557983,35878839300
33637K,솔루스첨단소재1우,18050,18650,600,3.32,48339,894494250
33637L,솔루스첨단소재2우B,31100,32150,1050,3.38,4045,128490850
248070,솔루엠,26300,26000,-300,-1.14,1008817,25951309400
004430,송원산업,17450,18000,550,3.15,176718,3163001450
017550,수산중공업,3290,3335,45,1.37,820331,2730889980
053210,스카이라이프,10100,10250,150,1.49,65382,666027150
134790,시디즈,74000,73000,-1000,-1.35,8752,636701000
016590,신대양제지,95000,98300,3300,3.47,10639,1032744900
029530,신도리코,31000,31400,400,1.29,21011,661813350
004970,신라교역,12200,12350,150,1.23,7192,87783200
011930,신성이엔지,2325,2330,5,0.22,1143636,2661039650
005390,신성통상,3575,3835,260,7.27,2199706,8106601445
004170,신세계,261000,261500,500,0.19,57864,15178569000
035510,신세계IC,242000,235000,-7000,-2.89,66052,16164357500
034300,신세계건설,42350,42650,300,0.71,16456,698388000
031430,신세계인터내셔날,197500,198000,500,0.25,19950,3957614500
031440,신세계푸드,98000,101500,3500,3.57,36692,3688279700
006880,신송홀딩스,5340,5370,30,0.56,38061,202185450
005800,신영와코루,112500,119000,6500,5.78,1338,153320000
001720,신영증권,63700,64000,300,0.47,1127,72000400
001725,신영증권우,65000,64900,-100,-0.15,1525,98984200
009270,신원,2155,2270,115,5.34,10696585,24235518655
009275,신원우,45050,48100,3050,6.77,1708,81086850
002700,신일전자,1845,1840,-5,-0.27,3400990,6256406720
019170,신풍제약,67300,68500,1200,1.78,2391198,162841063200
019175,신풍제약우,95500,96800,1300,1.36,135687,13155588500
002870,신풍제지,2775,2825,50,1.8,269256,748517195
293940,신한알파리츠,8170,8150,-20,-0.24,127264,1033155950
055550,신한지주,38850,39000,150,0.39,836600,32506269300
004080,신흥,15450,15500,50,0.32,11952,183199500
102280,쌍방울,711,719,8,1.13,4854166,3485456149
003410,쌍용CE,7930,7950,20,0.25,556117,4423310500
003620,쌍용차,2770,2770,0,0.0,0,0
004770,써니전자,3410,3410,0,0.0,330169,1124439530
015540,쎌마테라퓨틱스,6410,6410,0,0.0,0,0
004920,씨아이테크,995,1015,20,2.01,637606,640937764
112610,씨에스윈드,75600,76600,1000,1.32,375401,28500849200
008700,아남전자,2705,2720,15,0.55,1673956,4579041420
002790,아모레G,55100,57000,1900,3.45,125150,7050536600
00279K,아모레G3우전환,40200,40000,-200,-0.5,9635,384919750
002795,아모레G우,20800,21100,300,1.44,13528,285246150
090430,아모레퍼시픽,217000,222500,5500,2.53,128393,28433092500
090435,아모레퍼시픽우,79000,79700,700,0.89,26379,2097137600
002030,아세아,128500,131000,2500,1.95,6660,867999500
183190,아세아시멘트,123500,128500,5000,4.05,25186,3177957500
002310,아세아제지,47150,48900,1750,3.71,96329,4654415850
012170,아센디오,2290,2215,-75,-3.28,108747,239985565
267850,아시아나IDT,19150,19200,50,0.26,18801,359145950
020560,아시아나항공,18100,18300,200,1.1,597554,10926507050
122900,아이마켓코리아,11250,11300,50,0.44,221482,2501213650
010780,아이에스동서,49050,50400,1350,2.75,70832,3515890050
001780,알루코,4305,4295,-10,-0.23,763281,3248235635
018250,애경산업,24550,24950,400,1.63,39278,967691500
161000,애경유화,12400,12350,-50,-0.4,253125,3103834000
011090,에넥스,2595,2630,35,1.35,1119714,2958099360
137310,에스디바이오센서,56000,56200,200,0.36,1691499,95999556300
005850,에스엘,28850,28200,-650,-2.25,291150,8229435750
012750,에스원,80000,80300,300,0.38,51916,4169394200
023960,에쓰씨엔지니어링,5800,5540,-260,-4.48,389631,2173093720
298690,에어부산,2740,2770,30,1.09,275628,765435020
140910,에이리츠,10850,11000,150,1.38,42009,454164150
078520,에이블씨엔씨,7980,8080,100,1.25,59615,475818490
015260,에이엔피,2660,2640,-20,-0.75,697707,1851341660
007460,에이프로젠MED,1990,2000,10,0.5,1361959,2727300595
003060,에이프로젠제약,1125,1125,0,0.0,1127293,1266522740
244920,에이플러스에셋,10500,10550,50,0.48,281833,2977398450
036570,엔씨소프트,771000,788000,17000,2.2,97227,75972086000
138250,엔에스쇼핑,12850,13350,500,3.89,197699,2707637000
380440,엔에이치스팩19호,2205,2210,5,0.23,331028,729603655
085310,엔케이,1070,1125,55,5.14,362704,401611060
009810,엔케이물산,753,805,52,6.91,2279502,1812249939
900140,엘브이엠씨홀딩스,3295,3325,30,0.91,255698,842527470
097520,엠씨넥스,45800,46350,550,1.2,111519,5114588850
014440,영보화학,4535,4590,55,1.21,89465,402249415
111770,영원무역,41700,41250,-450,-1.08,140442,5813550550
009970,영원무역홀딩스,45000,45800,800,1.78,20225,921874600
003520,영진약품,5290,5450,160,3.02,3930323,21916277990
000670,영풍,670000,676000,6000,0.9,1255,840325000
006740,영풍제지,7070,7180,110,1.56,146564,1042456380
012280,영화금속,1860,1885,25,1.34,836491,1573062020
012160,영흥,1100,1115,15,1.36,563032,622802430
015360,예스코홀딩스,38800,38200,-600,-1.55,3289,125436550
007310,오뚜기,523000,524000,1000,0.19,3957,2069529000
002630,오리엔트바이오,1110,1195,85,7.66,2895440,3448605955
271560,오리온,116000,117500,1500,1.29,55176,6464599000
001800,오리온홀딩스,15850,15850,0,0.0,79444,1257286550
011690,와이투솔루션,2440,2440,0,0.0,0,0
070960,용평리조트,5200,5340,140,2.69,115107,609449000
316140,우리금융지주,11050,11050,0,0.0,2032249,22471301900
033660,우리금융캐피탈,11500,11500,0,0.0,0,0
118000,우리들휴브레인,1570,1590,20,1.27,647510,1020683750
010050,우리종금,919,943,24,2.61,5634963,5252664647
006980,우성사료,32250,32450,200,0.62,15699,507615050
017370,우신시스템,4815,4570,-245,-5.09,236021,1056316190
105840,우진,7400,7590,190,2.57,369133,2793331090
010400,우진아이엔에스,8250,8250,0,0.0,16020,131527560
049800,우진플라임,4635,4745,110,2.37,362281,1700079085
016880,웅진,2425,2500,75,3.09,2633651,6623192960
095720,웅진씽크빅,3530,3600,70,1.98,517567,1838265545
005820,원림,22750,21700,-1050,-4.62,13101,285618500
010600,웰바이오텍,2275,2210,-65,-2.86,652376,1469415450
008600,윌비스,2050,2075,25,1.22,741665,1526502825
033270,유나이티드제약,51000,51000,0,0.0,132866,6785581200
014830,유니드,116500,117000,500,0.43,153744,18046896500
000910,유니온,6820,6830,10,0.15,128589,873338070
047400,유니온머티리얼,3440,3510,70,2.03,259383,890454270
011330,유니켐,1555,1580,25,1.61,182193,286380530
077500,유니퀘스트,10900,11100,200,1.83,129440,1412366400
002920,유성기업,3400,3455,55,1.62,86622,295643675
000700,유수홀딩스,5980,5980,0,0.0,54010,321521840
003470,유안타증권,4275,4325,50,1.17,466648,2015820200
003475,유안타증권우,4440,4470,30,0.68,50567,224614290
072130,유엔젤,4370,4410,40,0.92,246128,1091019925
000220,유유제약,8780,8810,30,0.34,206310,1827932850
000225,유유제약1우,11150,11100,-50,-0.45,13285,148202400
000227,유유제약2우B,24050,23600,-450,-1.87,1006,23661800
001200,유진투자증권,3860,3955,95,2.46,258604,1013455005
000100,유한양행,60900,60900,0,0.0,102846,6252905900
000105,유한양행우,58700,58600,-100,-0.17,1096,63939600
003460,유화증권,2670,2690,20,0.75,111909,300397490
003465,유화증권우,2765,2785,20,0.72,4379,12002835
008730,율촌화학,20000,20350,350,1.75,29586,592737250
008250,이건산업,14350,14350,0,0.0,257872,3660959350
025820,이구산업,3900,3925,25,0.64,525116,2053517190
214320,이노션,59200,59100,-100,-0.17,49531,2940219900
088260,이리츠코크렙,5840,5860,20,0.34,102324,599947930
139480,이마트,176500,177500,1000,0.57,162458,28651580000
007660,이수페타시스,3720,3635,-85,-2.28,3212384,11138145640
005950,이수화학,12800,12750,-50,-0.39,316013,4026439700
015020,이스타코,4035,4265,230,5.7,12995175,55721780770
093230,이아이디,498,499,1,0.2,15395403,7707389607
074610,이엔플러스,3965,4260,295,7.44,2380786,10056228185
102460,이연제약,63400,60700,-2700,-4.26,1291648,81120547200
084680,이월드,2890,2950,60,2.08,591369,1739442300
350520,이지스레지던스리츠,5060,5070,10,0.2,52548,266049020
334890,이지스밸류리츠,5620,5610,-10,-0.18,47409,265668330
000760,이화산업,18600,18300,-300,-1.61,6866,122176050
014990,인디에프,1490,1580,90,6.04,664498,1017697030
101140,인바이오젠,4695,4495,-200,-4.26,3562238,16011293015
006490,인스코비,4000,4165,165,4.13,5779803,23609293665
023800,인지컨트롤스,14350,14600,250,1.74,92687,1333809800
034590,인천도시가스,27900,28000,100,0.36,2618,72877900
129260,인터지스,3480,3480,0,0.0,189142,655609195
023810,인팩,12150,12700,550,4.53,89293,1110128350
249420,일동제약,14700,14800,100,0.68,42484,621109500
000230,일동홀딩스,13050,13300,250,1.92,13503,173953800
013360,일성건설,3550,3490,-60,-1.69,1802089,6424378485
003120,일성신약,80100,80900,800,1.0,2664,214222700
003200,일신방직,104000,107000,3000,2.88,14032,1502124000
007110,일신석재,2450,2485,35,1.43,2664248,6661388265
007570,일양약품,33200,33250,50,0.15,96339,3190726000
007575,일양약품우,32500,32850,350,1.08,4710,153738450
008500,일정실업,17800,18500,700,3.93,5136,92131450
081000,일진다이아,49700,49900,200,0.4,234814,11610532250
020760,일진디스플,4280,4355,75,1.75,4547403,21004699450
020150,일진머티리얼즈,75300,77300,2000,2.66,350468,26805776100
103590,일진전기,5380,5500,120,2.23,431882,2373095410
015860,일진홀딩스,5670,5680,10,0.18,133951,761817090
226320,잇츠한불,23000,22850,-150,-0.65,26945,614824750
317400,자이에스앤디,9950,10050,100,1.01,162243,1622254430
033240,자화전자,17350,17550,200,1.15,159639,2757224100
000950,전방,38200,38300,100,0.26,4070,155102500
348950,제이알글로벌리츠,5270,5290,20,0.38,374077,1972092860
194370,제이에스코퍼레이션,20350,20400,50,0.25,74262,1504419850
025620,제이준코스메틱,1510,1470,-40,-2.65,960021,1414397730
036420,제이콘텐트리,40350,40450,100,0.25,95888,3868131400
030000,제일기획,22950,23150,200,0.87,285263,6602387750
271980,제일약품,38500,38800,300,0.78,32485,1249495600
001560,제일연마,8000,8060,60,0.75,8088,64637210
002620,제일파마홀딩스,19750,20050,300,1.52,11509,228273450
006220,제주은행,6800,6780,-20,-0.29,97492,655815070
089590,제주항공,21400,21550,150,0.7,122776,2597515800
004910,조광페인트,7300,7370,70,0.96,49977,360993520
004700,조광피혁,54100,54700,600,1.11,3023,165246400
001550,조비,25950,26550,600,2.31,179106,4750958350
000480,조선내화,87500,87300,-200,-0.23,870,76352800
120030,조선선재,111000,112000,1000,0.9,2633,291933500
018470,조일알미늄,1265,1290,25,1.98,1523807,1971982795
002600,조흥,198000,199500,1500,0.76,729,145675000
185750,종근당,128500,127500,-1000,-0.78,40837,5204632000
063160,종근당바이오,53100,52100,-1000,-1.88,46613,2424538100
001630,종근당홀딩스,97600,97300,-300,-0.31,19382,1872368300
044380,주연테크,1425,1450,25,1.75,1262182,1815117805
013890,지누스,77000,83100,6100,7.92,395057,31811374600
013870,지엠비코리아,6260,6270,10,0.16,50431,313613210
071320,지역난방공사,40350,40200,-150,-0.37,7372,294742750
010580,지코,306,306,0,0.0,0,0
035000,지투알,6380,6480,100,1.57,23985,153593450
088790,진도,3850,3925,75,1.95,132924,508683295
003780,진양산업,5650,5740,90,1.59,230793,1321016280
010640,진양폴리,3600,3690,90,2.5,93462,339630770
100250,진양홀딩스,3115,3110,-5,-0.16,43038,133915305
051630,진양화학,3870,3950,80,2.07,46722,181289400
272450,진에어,19450,19650,200,1.03,141809,2755606100
011000,진원생명과학,38900,37050,-1850,-4.76,4627064,169106280100
002780,진흥기업,2235,2240,5,0.22,1766320,3938042555
002787,진흥기업2우B,14750,14800,50,0.34,930,13711700
002785,진흥기업우B,6000,6100,100,1.67,5563,33423950
009310,참엔지니어링,1490,1475,-15,-1.01,365173,536710430
000650,천일고속,69800,70600,800,1.15,583,40856000
033250,체시스,1530,1545,15,0.98,219062,333561710
035720,카카오,142000,145500,3500,2.46,2720552,392334948000
323410,카카오뱅크,87400,84500,-2900,-3.32,21008684,1902924333900
006380,카프로,4000,4070,70,1.75,379563,1499507255
109070,컨버즈,4100,4100,0,0.0,0,0
001620,케이비아이동국실업,1265,1240,-25,-1.98,976787,1211194675
029460,케이씨,24050,24050,0,0.0,38580,921003800
281820,케이씨텍,27600,26600,-1000,-3.62,357163,9361241900
145270,케이탑리츠,1345,1385,40,2.97,481804,654924600
357120,코람코에너지리츠,6010,6020,10,0.17,114902,690383410
007815,코리아써우,7530,7590,60,0.8,3851,28974230
007810,코리아써키트,14750,14750,0,0.0,487547,7067136950
00781K,코리아써키트2우B,8990,8970,-20,-0.22,183,1657580
003690,코리안리,9300,9350,50,0.54,93525,868344110
192820,코스맥스,122500,123500,1000,0.82,76068,9334416500
044820,코스맥스비티아이,18400,17950,-450,-2.45,10317,186953350
005070,코스모신소재,46500,48000,1500,3.23,1467381,70199469250
005420,코스모화학,16950,19650,2700,15.93,20696733,404352233850
071950,코아스,1310,1355,45,3.44,380503,502455715
002020,코오롱,29000,31550,2550,8.79,142312,4395737200
003070,코오롱글로벌,21800,22200,400,1.83,52547,1157775650
003075,코오롱글로벌우,32300,32750,450,1.39,670,21876050
144620,코오롱머티리얼,3075,3075,0,0.0,0,0
002025,코오롱우,19200,20600,1400,7.29,40836,827470050
120110,코오롱인더,78100,78000,-100,-0.13,167330,13012527600
120115,코오롱인더우,32950,33000,50,0.15,17203,567214400
138490,코오롱플라스틱,7230,7370,140,1.94,234298,1741809080
021240,코웨이,75800,74100,-1700,-2.24,189840,14180088900
031820,콤텍시스템,1085,1090,5,0.46,1173163,1279232560
192400,쿠쿠홀딩스,131000,132500,1500,1.15,7025,924063000
284740,쿠쿠홈시스,41050,42350,1300,3.17,43702,1850117100
015590,큐로,542,543,1,0.18,634678,346251945
264900,크라운제과,10600,10850,250,2.36,68593,734117300
26490K,크라운제과우,14650,15450,800,5.46,129043,2071113100
005740,크라운해태홀딩스,9900,9940,40,0.4,40078,398583320
005745,크라운해태홀딩스우,15650,15900,250,1.6,2586,40574750
259960,크래프톤,451500,469000,17500,3.88,1168167,541536914000
020120,키다리스튜디오,14700,15000,300,2.04,207332,3124661050
039490,키움증권,116500,116500,0,0.0,52226,6089753500
014580,태경비케이,5970,6040,70,1.17,545870,3277242220
015890,태경산업,6190,6250,60,0.97,173654,1081868660
006890,태경케미컬,15800,15900,100,0.63,141777,2254020350
003240,태광산업,1096000,1101000,5000,0.46,756,834587000
011280,태림포장,4710,4770,60,1.27,176761,839327300
004100,태양금속,1625,1860,235,14.46,22111649,40431575845
004105,태양금속우,3545,3600,55,1.55,218959,802910910
009410,태영건설,11650,11750,100,0.86,111320,1298457300
009415,태영건설우,13900,14200,300,2.16,5323,74700050
001420,태원물산,4615,4695,80,1.73,87371,406096780
007980,태평양물산,2135,2225,90,4.22,266146,581817095
055490,테이팩스,70600,74000,3400,4.82,133350,9676930800
078000,텔코웨어,11500,11600,100,0.87,10078,115571900
214420,토니모리,7690,7730,40,0.52,22649,173417270
019180,티에이치엔,3435,3590,155,4.51,6513644,24786286360
363280,티와이홀딩스,30700,30700,0,0.0,90709,2771259700
36328K,티와이홀딩스우,25750,25900,150,0.58,5738,147755500
091810,티웨이항공,3480,3585,105,3.02,402093,1429060450
004870,티웨이홀딩스,1195,1195,0,0.0,269448,317756590
005690,파미셀,17800,17350,-450,-2.53,682922,11822138500
036580,팜스코,6690,6660,-30,-0.45,201643,1331496880
004720,팜젠사이언스,11000,9820,-1180,-10.73,991286,9751330700
028670,팬오션,7690,8100,410,5.33,15342743,122045317000
010820,퍼스텍,2375,2390,15,0.63,194730,463037905
016800,퍼시스,33850,37200,3350,9.9,62828,2348540350
001020,페이퍼코리아,2060,2050,-10,-0.49,31083,63280795
090080,평화산업,1485,1560,75,5.05,295979,454010610
010770,평화홀딩스,4315,4445,130,3.01,90616,383690715
058430,포스코강판,62200,64500,2300,3.7,117020,7377674500
047050,포스코인터내셔널,22550,22500,-50,-0.22,851481,19223158050
003670,포스코케미칼,147000,150000,3000,2.04,277783,41029224000
007630,폴루스바이오팜,1225,1225,0,0.0,0,0
017810,풀무원,17400,17500,100,0.57,123066,2145705700
103140,풍산,35450,35750,300,0.85,174347,6165359000
005810,풍산홀딩스,26350,27300,950,3.61,44658,1198885300
950210,프레스티지바이오파마,30850,30100,-750,-2.43,390448,11861618700
086790,하나금융지주,44500,44550,50,0.11,740907,32958989300
293480,하나제약,22000,22150,150,0.68,43670,961613950
039130,하나투어,72600,72800,200,0.28,92004,6681914100
172580,하이골드12호,2615,2615,0,0.0,0,0
153360,하이골드3호,1990,2000,10,0.5,66961,133879295
352820,하이브,291500,293000,1500,0.51,174415,50555318500
071090,하이스틸,3290,3370,80,2.43,408512,1449469815
019490,하이트론,4075,4075,0,0.0,0,0
000080,하이트진로,31600,31900,300,0.95,258394,8240520550
000087,하이트진로2우B,20150,20350,200,0.99,1870,38101650
000140,하이트진로홀딩스,14300,14500,200,1.4,23120,332197850
000145,하이트진로홀딩스우,18100,18800,700,3.87,6876,123031350
152550,한국ANKOR유전,1565,1565,0,0.0,22542,35330730
036460,한국가스공사,35100,35900,800,2.28,365329,13038695950
005430,한국공항,48400,49650,1250,2.58,53481,2630382350
071050,한국금융지주,93900,95400,1500,1.6,244384,23231317900
071055,한국금융지주우,71800,72400,600,0.84,33410,2423206500
010040,한국내화,4290,4395,105,2.45,104488,449879275
025540,한국단자,82400,83900,1500,1.82,53686,4445954000
004090,한국석유,13100,13450,350,2.67,87934,1167184600
002200,한국수출포장,26150,26800,650,2.49,26119,691422800
002960,한국쉘석유,279000,273000,-6000,-2.15,3238,889732000
000240,한국앤컴퍼니,17700,18000,300,1.69,139876,2507504700
123890,한국자산신탁,4260,4460,200,4.69,391098,1723718125
015760,한국전력,24250,24400,150,0.62,1432293,34909403750
006200,한국전자홀딩스,1340,1315,-25,-1.87,429994,572781305
009540,한국조선해양,115500,116500,1000,0.87,257123,30058983500
023350,한국종합기술,8060,8130,70,0.87,56516,459964610
025890,한국주강,2540,2745,205,8.07,348324,892670535
000970,한국주철관,9680,9810,130,1.34,111094,1088288750
104700,한국철강,8690,9370,680,7.83,298237,2742028250
017960,한국카본,10350,10550,200,1.93,215381,2261055100
161890,한국콜마,49500,49300,-200,-0.4,131603,6472733900
024720,한국콜마홀딩스,25200,25050,-150,-0.6,79626,1989357200
161390,한국타이어앤테크놀로지,47450,47200,-250,-0.53,189987,9047738200
034830,한국토지신탁,2170,2245,75,3.46,832512,1849982625
007280,한국특강,3680,3740,60,1.63,259835,981542945
168490,한국패러랠,2025,2030,5,0.25,14622,29612085
010100,한국프랜지,3120,3170,50,1.6,172805,540869465
047810,한국항공우주,31600,32150,550,1.74,295931,9448988150
123690,한국화장품,9910,10000,90,0.91,32313,323102720
003350,한국화장품제조,29950,30350,400,1.34,13135,393179850
011500,한농화성,14450,14550,100,0.69,218516,3156020150
002390,한독,25950,25950,0,0.0,33395,865901650
014790,한라,4960,5070,110,2.22,108737,546667850
060980,한라홀딩스,44750,44350,-400,-0.89,37618,1673825950
053690,한미글로벌,10950,11200,250,2.28,53464,588400700
042700,한미반도체,33300,33700,400,1.2,470150,15655303100
008930,한미사이언스,74200,74300,100,0.13,163757,12177970400
128940,한미약품,310000,310500,500,0.16,17774,5520442500
009240,한샘,109500,112500,3000,2.74,69035,7745229500
020000,한섬,37700,38200,500,1.33,70084,2673897750
003680,한성기업,7410,7400,-10,-0.13,58026,416568640
105630,한세실업,19850,19900,50,0.25,390332,7770061800
069640,한세엠케이,7550,7600,50,0.66,350387,2719460350
016450,한세예스24홀딩스,9420,9410,-10,-0.11,4795211,50792254070
010420,한솔PNS,2360,2305,-55,-2.33,831623,1910989195
009180,한솔로지스틱스,4950,4765,-185,-3.74,2948952,14043302810
213500,한솔제지,17400,17500,100,0.57,251647,4382704750
014680,한솔케미칼,287000,286000,-1000,-0.35,75694,21659452000
004710,한솔테크닉스,7470,7550,80,1.07,165373,1241649080
004150,한솔홀딩스,4120,4130,10,0.24,153359,631181465
025750,한솔홈데코,1960,1970,10,0.51,1402366,2748455160
004960,한신공영,21150,21550,400,1.89,75307,1579846400
011700,한신기계,3120,3135,15,0.48,1147536,3590693085
001750,한양증권,16750,17450,700,4.18,325644,5761147700
001755,한양증권우,22350,22800,450,2.01,20457,470965700
018880,한온시스템,16100,16150,50,0.31,915674,14842023700
009420,한올바이오파마,25450,24800,-650,-2.55,1459636,36519790750
014130,한익스프레스,6500,6850,350,5.38,288187,1965847700
300720,한일시멘트,214500,218500,4000,1.86,23631,5183165500
002220,한일철강,2745,2930,185,6.74,310878,893378170
006390,한일현대시멘트,33650,34000,350,1.04,20888,707437750
003300,한일홀딩스,13300,13300,0,0.0,23129,306783950
051600,한전KPS,39200,38300,-900,-2.3,271464,10377739800
052690,한전기술,45300,46100,800,1.77,283444,13017182850
130660,한전산업,11500,12100,600,5.22,1010876,11998607150
002320,한진,39600,39600,0,0.0,46577,1832935800
097230,한진중공업,7690,7630,-60,-0.78,94482,719257450
003480,한진중공업홀딩스,5270,5170,-100,-1.9,121722,635550760
180640,한진칼,63100,63400,300,0.48,103796,6596864400
18064K,한진칼우,40450,40950,500,1.24,5422,222414300
005110,한창,1425,1455,30,2.11,794177,1137732385
009460,한창제지,2240,2260,20,0.89,505727,1141470955
372910,한컴라이프케어,12800,13350,550,4.3,8180963,109729486200
000880,한화,30450,31100,650,2.13,363529,11218929000
00088K,한화3우B,15100,15400,300,1.99,59575,911263150
088350,한화생명,3385,3370,-15,-0.44,2681414,8939358085
000370,한화손해보험,4425,4460,35,0.79,353515,1568589325
009830,한화솔루션,37350,38700,1350,3.61,1045275,39703390450
009835,한화솔루션우,46550,46600,50,0.11,11516,529662950
272210,한화시스템,18150,19450,1300,7.16,8762274,167908270250
012450,한화에어로스페이스,50000,50400,400,0.8,364130,18350321250
000885,한화우,42550,42900,350,0.82,863,36763100
003530,한화투자증권,4205,4220,15,0.36,1120275,4702978130
003535,한화투자증권우,12250,12150,-100,-0.82,49128,590959050
195870,해성디에스,39100,40750,1650,4.22,226762,9044304500
101530,해태제과식품,8850,9040,190,2.15,34465,308479120
143210,핸즈코퍼레이션,5760,5740,-20,-0.35,26120,149879390
000720,현대건설,50400,51400,1000,1.98,438479,22332264350
267270,현대건설기계,51000,52400,1400,2.75,75174,3903568000
000725,현대건설우,189000,188500,-500,-0.26,1132,213073000
005440,현대그린푸드,9410,9740,330,3.51,262229,2524346770
086280,현대글로비스,186500,186000,-500,-0.27,91777,17083927500
064350,현대로템,23650,23850,200,0.85,915065,21867002500
079430,현대리바트,17700,17650,-50,-0.28,169809,2990213000
012330,현대모비스,266000,267000,1000,0.38,164228,43903874500
010620,현대미포조선,72300,73900,1600,2.21,346238,25227511400
069960,현대백화점,80100,80200,100,0.12,76227,6099699600
004560,현대비앤지스틸,18950,19650,700,3.69,171977,3303042600
004565,현대비앤지스틸우,87100,88800,1700,1.95,435,37634800
004310,현대약품,6180,6250,70,1.13,128322,794877070
322000,현대에너지솔루션,27150,27150,0,0.0,37247,1007612750
017800,현대엘리베이,49600,50000,400,0.81,244369,12206996000
307950,현대오토에버,114000,116500,2500,2.19,66474,7692377500
011210,현대위아,87000,87800,800,0.92,213751,18604839200
267260,현대일렉트릭,24700,24800,100,0.4,684746,16712302750
004020,현대제철,49050,49350,300,0.61,690791,34011583100
267250,현대중공업지주,66300,66600,300,0.45,100577,6699504500
005380,현대차,213000,212500,-500,-0.23,671920,142323688500
005387,현대차2우B,98600,98900,300,0.3,94525,9370180700
005389,현대차3우B,95600,96300,700,0.73,16399,1571349800
005385,현대차우,100500,100500,0,0.0,33665,3382667700
001500,현대차증권,12200,12450,250,2.05,66433,818394100
011760,현대코퍼레이션,17700,18100,400,2.26,40956,731236150
227840,현대코퍼레이션홀딩스,14300,14450,150,1.05,75675,1085713600
126560,현대퓨처넷,4425,4470,45,1.02,219476,972384645
001450,현대해상,27150,26900,-250,-0.92,721361,19378318250
057050,현대홈쇼핑,78100,77600,-500,-0.64,22335,1734409600
093240,형지엘리트,4465,4420,-45,-1.01,193464,854042920
003010,혜인,5840,5900,60,1.03,85708,502870840
111110,호전실업,12000,12050,50,0.42,49730,595477050
008770,호텔신라,86900,88500,1600,1.84,332404,29320210100
008775,호텔신라우,96500,96400,-100,-0.1,16910,1632356200
002460,화성산업,12700,12500,-200,-1.57,43113,535882350
378850,화승알앤에이,6370,6330,-40,-0.63,152189,949671580
241590,화승엔터프라이즈,15200,15200,0,0.0,154096,2349786950
006060,화승인더,6780,6970,190,2.8,261473,1791626220
013520,화승코퍼레이션,2800,2790,-10,-0.36,447242,1240474805
010690,화신,8270,8570,300,3.63,831004,6931066900
133820,화인베스틸,2680,2730,50,1.87,177885,478375715
010660,화천기계,2590,2745,155,5.98,216667,569886090
000850,화천기공,35850,36900,1050,2.93,6620,240290400
016580,환인제약,20100,20750,650,3.23,174976,3604256150
032560,황금에스티,9640,9570,-70,-0.73,280527,2697430070
004800,효성,110000,115500,5500,5.0,80299,9178210500
094280,효성ITX,21900,21750,-150,-0.68,18408,401620800
298040,효성중공업,69000,69700,700,1.01,49934,3480001100
298050,효성첨단소재,550000,554000,4000,0.73,47328,26049482000
298020,효성티앤씨,775000,772000,-3000,-0.39,26441,20440208000
298000,효성화학,336500,338000,1500,0.45,21175,7167457000
093370,후성,13600,14650,1050,7.72,12347115,179437860700
081660,휠라홀딩스,46400,46250,-150,-0.32,661411,30632344850
005870,휴니드,7860,7780,-80,-1.02,138076,1083483000
079980,휴비스,10750,10800,50,0.47,140622,1508311100
005010,휴스틸,13650,14500,850,6.23,254690,3613489200
069260,휴켐스,24450,24400,-50,-0.2,199078,4879441750
000540,흥국화재,3935,3975,40,1.02,111280,435940190
000547,흥국화재2우B,25200,25900,700,2.78,903,23140000
000545,흥국화재우,9780,9970,190,1.94,1774,17639060
003280,흥아해운,1035,1035,0,0.0,0,0
