티커,종목명,시가,종가,변동폭,등락률,거래량,거래대금
095570,AJ네트웍스,5780,5710,-70,-1.21,117191,678367680
006840,AK홀딩스,34000,34000,0,0.0,50167,1695213950
027410,BGF,6830,6800,-30,-0.44,366588,2500958900
282330,BGF리테일,184500,184000,-500,-0.27,17957,3307989500
138930,BNK금융지주,7580,7730,150,1.98,1895445,14677678320
001460,BYC,445500,443000,-2500,-0.56,217,96358500
001465,BYC우,190500,190500,0,0.0,215,40605500
001040,CJ,108500,109000,500,0.46,55250,6013219500
079160,CJCGV,32050,32100,50,0.16,244418,7840184250
00104K,CJ4우전환,88700,89100,400,0.45,6182,548646800
000120,CJ대한통운,166000,175000,9000,5.42,217574,37483134500
011150,CJ씨푸드,4740,4860,120,2.53,974921,4724046850
011155,CJ씨푸드1우,42750,43350,600,1.4,624,27018000
001045,CJ우,65600,66300,700,1.07,2602,171700800
097950,CJ제일제당,450500,452000,1500,0.33,46088,20876668000
097955,CJ제일제당우,209500,209500,0,0.0,4362,913743500
000590,CS홀딩스,72500,71900,-600,-0.83,4079,292790000
012030,DB,1070,1085,15,1.4,2196560,2392115335
016610,DB금융투자,7530,7600,70,0.93,279630,2139610160
005830,DB손해보험,49500,49950,450,0.91,136613,6836335000
000990,DB하이텍,55500,56700,1200,2.16,872408,49313736200
000995,DB하이텍1우,126000,127000,1000,0.79,1255,158639000
139130,DGB금융지주,9100,9360,260,2.86,984112,9247132090
001530,DI동일,180000,180000,0,0.0,3903,703956500
000210,DL,81400,81400,0,0.0,118551,9638983100
001880,DL건설,37450,37300,-150,-0.4,53451,1987482150
000215,DL우,46250,46300,50,0.11,3355,155591700
375500,DL이앤씨,138000,138000,0,0.0,60672,8366467000
37550K,DL이앤씨우,79900,79700,-200,-0.25,3965,316265200
004840,DRB동일,8000,8090,90,1.13,46875,376705820
155660,DSR,7290,7290,0,0.0,120646,881475910
069730,DSR제강,6630,6570,-60,-0.9,67426,444183100
017940,E1,56800,56900,100,0.18,17184,982168800
365550,ESR켄달스퀘어리츠,7470,7530,60,0.8,461749,3466348460
383220,FF,516000,503000,-13000,-2.52,42610,21474291000
007700,FF홀딩스,37700,38150,450,1.19,116572,4453313800
114090,GKL,17750,17650,-100,-0.56,302295,5337417400
078930,GS,47000,47600,600,1.28,367429,17553592200
006360,GS건설,42500,42500,0,0.0,591699,25201054850
001250,GS글로벌,3110,3100,-10,-0.32,470136,1467255740
007070,GS리테일,37950,37750,-200,-0.53,259321,9827902150
078935,GS우,38650,38850,200,0.52,3730,145283950
012630,HDC,13350,13250,-100,-0.75,580647,7691238850
039570,HDC아이콘트롤스,14950,14900,-50,-0.33,124106,1867936450
089470,HDC현대EP,6050,6080,30,0.5,87019,530122370
294870,HDC현대산업개발,29300,29650,350,1.19,748574,22292791500
011200,HMM,44550,45050,500,1.12,7245350,329765546550
082740,HSD엔진,9120,9280,160,1.75,2507983,23410995520
003560,IHQ,2045,1995,-50,-2.44,3749626,7552433485
175330,JB금융지주,7450,7590,140,1.88,498254,3784233060
234080,JW생명과학,18750,18950,200,1.07,50088,948283100
001060,JW중외제약,29150,29150,0,0.0,38639,1126149600
001067,JW중외제약2우B,70800,72200,1400,1.98,1072,78028100
001065,JW중외제약우,47550,47850,300,0.63,1725,82067150
096760,JW홀딩스,4670,4650,-20,-0.43,122626,571173555
105560,KB금융,55900,56900,1000,1.79,1172338,66680752900
002380,KCC,309000,307500,-1500,-0.49,35520,10972081500
009070,KCTC,8010,8340,330,4.12,8513797,71998538600
009440,KC그린홀딩스,5250,5310,60,1.14,110053,582425780
119650,KC코트렐,7430,7420,-10,-0.13,59947,444229580
092220,KEC,2585,2525,-60,-2.32,2078981,5271073790
016380,KG동부제철,19550,19800,250,1.28,249328,4914746150
016385,KG동부제철우,140500,143500,3000,2.14,452,64759000
001390,KG케미칼,32000,32000,0,0.0,317169,10122017900
033180,KH필룩스,3235,3260,25,0.77,806750,2611775280
001940,KISCO홀딩스,20800,20800,0,0.0,37358,773747450
025000,KPX케미칼,65300,65900,600,0.92,7758,512769900
092230,KPX홀딩스,73000,73100,100,0.14,6267,458874000
000040,KR모터스,1290,1290,0,0.0,1241537,1591809025
044450,KSS해운,12400,12450,50,0.4,144656,1793916850
030200,KT,32750,32350,-400,-1.22,1644157,53428522005
033780,KTG,85100,85200,100,0.12,370734,31551020200
030210,KTB투자증권,8390,8040,-350,-4.17,2172506,17757284010
058850,KTcs,3420,3390,-30,-0.88,474481,1608159650
058860,KTis,3285,3315,30,0.91,192942,638540705
093050,LF,20650,20350,-300,-1.45,80781,1641359850
003550,LG,99100,102000,2900,2.93,434819,43905337100
034220,LG디스플레이,22700,22700,0,0.0,2460216,55954222000
001120,LG상사,30300,30250,-50,-0.17,191278,5800480150
051900,LG생활건강,1570000,1675000,105000,6.69,129392,212953989000
051905,LG생활건강우,706000,738000,32000,4.53,12857,9361918000
003555,LG우,73300,73700,400,0.55,10422,767557700
032640,LG유플러스,15600,15500,-100,-0.64,1305609,20338025300
011070,LG이노텍,224000,220500,-3500,-1.56,150799,33419932500
066570,LG전자,158500,157500,-1000,-0.63,674520,106370554500
066575,LG전자우,76700,76300,-400,-0.52,50942,3898553800
108670,LG하우시스,94500,95300,800,0.85,45656,4345764900
108675,LG하우시스우,43200,43250,50,0.12,2506,108711500
037560,LG헬로비전,7980,7950,-30,-0.38,18192302,148241393790
051910,LG화학,820000,808000,-12000,-1.46,297754,241149771000
051915,LG화학우,379000,375000,-4000,-1.06,21544,8094431000
079550,LIG넥스원,42450,43400,950,2.24,118788,5116249250
006260,LS,69800,69900,100,0.14,131608,9172752800
010120,LSELECTRIC,57900,57900,0,0.0,73245,4236886200
000680,LS네트웍스,3780,3825,45,1.19,133455,509781170
229640,LS전선아시아,9260,9240,-20,-0.22,964314,8964705600
383800,LX홀딩스,11600,11550,-50,-0.43,1455907,16956025900
38380K,LX홀딩스1우,21400,21300,-100,-0.47,64338,1372999300
023150,MH에탄올,10200,10350,150,1.47,28173,289293150
035420,NAVER,387000,391000,4000,1.03,836281,325825888000
181710,NHN,78400,79000,600,0.77,113985,9014056400
005940,NH투자증권,12800,12950,150,1.17,649210,8336185050
005945,NH투자증권우,11150,11250,100,0.9,67849,757789350
338100,NH프라임리츠,4920,4855,-65,-1.32,164660,800255885
034310,NICE,18900,19100,200,1.06,58568,1110998500
008260,NI스틸,5710,5770,60,1.05,993248,5706449500
004250,NPC,4330,4330,0,0.0,117255,506749820
004255,NPC우,2900,2910,10,0.34,8588,24991250
010060,OCI,120000,119000,-1000,-0.83,248096,29577201000
005490,POSCO,342000,345000,3000,0.88,311250,107393545500
010950,S-Oil,105500,104500,-1000,-0.95,398642,42089040000
010955,S-Oil우,61500,61500,0,0.0,25676,1579624900
034120,SBS,46800,47850,1050,2.24,138314,6482620700
101060,SBS미디어홀딩스,2170,2160,-10,-0.46,828197,1791670295
005090,SGC에너지,52500,52300,-200,-0.38,84997,4407442400
001380,SG글로벌,3685,3725,40,1.09,239372,890363890
004060,SG세계물산,895,880,-15,-1.68,3265700,2877730004
002360,SH에너지화학,1230,1235,5,0.41,6806439,8503105240
009160,SIMPAC,4280,4755,475,11.1,4221240,20096030315
123700,SJM,5890,5940,50,0.85,91053,536619500
025530,SJM홀딩스,5120,5210,90,1.76,32396,167808650
034730,SK,287000,285500,-1500,-0.52,119449,34193030500
011790,SKC,140500,138000,-2500,-1.78,165428,22967135500
018670,SK가스,125000,124500,-500,-0.4,24963,3127204500
001740,SK네트웍스,6020,6080,60,1.0,1212787,7398444470
001745,SK네트웍스우,123000,125000,2000,1.63,224,27565500
006120,SK디스커버리,53500,53300,-200,-0.37,60489,3222346900
006125,SK디스커버리우,42650,42500,-150,-0.35,3639,154678300
210980,SK디앤디,35500,35800,300,0.85,47008,1682520900
068400,SK렌터카,14650,14550,-100,-0.68,114788,1677911450
302440,SK바이오사이언스,162000,162500,500,0.31,362967,58875262000
326030,SK바이오팜,119000,123500,4500,3.78,564885,69150341500
361610,SK아이이테크놀로지,149500,152000,2500,1.67,476285,72193349500
03473K,SK우,257500,257000,-500,-0.19,1400,358733000
096770,SK이노베이션,288500,286000,-2500,-0.87,656816,188729514000
096775,SK이노베이션우,192000,191500,-500,-0.26,8423,1616641500
001510,SK증권,1090,1080,-10,-0.92,12705004,13777559340
001515,SK증권우,5080,5130,50,0.98,18747,96465820
285130,SK케미칼,260500,261500,1000,0.38,38204,9940054500
28513K,SK케미칼우,117000,116000,-1000,-0.85,5051,586367500
017670,SK텔레콤,330000,328000,-2000,-0.61,173586,56940080000
000660,SK하이닉스,128500,129500,1000,0.78,1893752,243901543046
064960,SNT모티브,67800,70200,2400,3.54,113524,7911097200
100840,SNT에너지,22650,24050,1400,6.18,1046324,25235203150
003570,SNT중공업,10150,10250,100,0.99,55845,570956200
036530,SNT홀딩스,21650,21900,250,1.15,30076,652542700
005610,SPC삼립,89900,89100,-800,-0.89,14048,1257624100
011810,STX,8940,8980,40,0.45,78421,703353230
077970,STX엔진,13700,13800,100,0.73,91984,1272297800
071970,STX중공업,6830,7230,400,5.86,1051060,7500383730
002820,SUNL,6400,6370,-30,-0.47,18237,115870810
084870,TBH글로벌,2695,2860,165,6.12,1308267,3749283085
002710,TCC스틸,4730,4780,50,1.06,295237,1404823805
002900,TYM,1900,1875,-25,-1.32,3374079,6340153490
024070,WISCOM,6090,6450,360,5.91,11832826,76954910410
037270,YGPLUS,6170,6240,70,1.13,833971,5188473340
000500,가온전선,37350,38650,1300,3.48,187287,7034276700
000860,강남제비스코,30150,30050,-100,-0.33,18342,550261550
035250,강원랜드,28000,28200,200,0.71,920455,25874179550
011420,갤럭시아에스엠,2420,2410,-10,-0.41,80288,193090095
002100,경농,16400,16700,300,1.83,203023,3377205250
009450,경동나비엔,67900,67400,-500,-0.74,96411,6539433800
267290,경동도시가스,24400,24350,-50,-0.2,12067,295013550
012320,경동인베스트,40300,40600,300,0.74,4353,175350650
000050,경방,15250,14800,-450,-2.95,44156,663502500
214390,경보제약,12800,12550,-250,-1.95,67179,848711550
012610,경인양행,7170,7170,0,0.0,175064,1256385500
009140,경인전자,32850,33000,150,0.46,6072,199180800
013580,계룡건설,36900,37000,100,0.27,31792,1173571650
012200,계양전기,4990,4995,5,0.1,308678,1528196355
012205,계양전기우,8300,8320,20,0.24,11311,94409370
002140,고려산업,4325,4365,40,0.92,389606,1696820795
010130,고려아연,441000,439000,-2000,-0.45,31092,13686283000
002240,고려제강,26150,25850,-300,-1.15,53644,1390257150
009290,광동제약,9190,9160,-30,-0.33,131225,1202350350
017040,광명전기,3360,3425,65,1.93,18325312,64563154525
017900,광전자,2545,2545,0,0.0,247741,630740405
037710,광주신세계,195500,196500,1000,0.51,1755,344841500
030610,교보증권,8940,9050,110,1.23,117831,1065692880
339770,교촌에프앤비,19450,19500,50,0.26,58807,1142021650
007690,국도화학,68500,69400,900,1.31,15813,1095115000
005320,국동,3380,3305,-75,-2.22,500876,1668076640
001140,국보,1700,1700,0,0.0,546143,931368950
002720,국제약품,7380,7320,-60,-0.81,111064,813835250
083420,그린케미칼,12450,12200,-250,-2.01,288896,3535918700
014530,극동유화,5240,5340,100,1.91,712730,3841398700
014280,금강공업,8100,8200,100,1.23,100190,824604620
014285,금강공업우,14250,14300,50,0.35,2330,33331850
008870,금비,90400,93700,3300,3.65,6700,617326400
001570,금양,5300,5320,20,0.38,162818,861229510
002990,금호건설,12450,12650,200,1.61,403231,5072271950
002995,금호건설우,36750,37550,800,2.18,3904,144450000
011780,금호석유,218000,217000,-1000,-0.46,275530,60316219510
011785,금호석유우,115500,115000,-500,-0.43,27410,3174645500
214330,금호에이치티,2355,2325,-30,-1.27,1141662,2659055405
001210,금호전기,3330,3500,170,5.11,327690,1136184995
073240,금호타이어,6970,7080,110,1.58,2356888,16905075220
092440,기신정기,5420,5470,50,0.92,120391,660368020
000270,기아,88400,89100,700,0.79,1555202,138757575000
024110,기업은행,10600,10850,250,2.36,1582231,17085693150
013700,까뮤이앤씨,2815,2805,-10,-0.36,7115018,20286609250
004540,깨끗한나라,6670,6730,60,0.9,509261,3426066180
004545,깨끗한나라우,35350,35450,100,0.28,2473,87801700
001260,남광토건,17200,17250,50,0.29,66757,1157496800
008350,남선알미늄,3680,3680,0,0.0,966801,3561527995
008355,남선알미우,39750,39750,0,0.0,1340,53592300
004270,남성,3710,3795,85,2.29,241255,909374750
003920,남양유업,590000,593000,3000,0.51,2253,1332374000
003925,남양유업우,287000,287000,0,0.0,862,248761000
025860,남해화학,10700,10650,-50,-0.47,820243,8795805550
005720,넥센,5390,5340,-50,-0.93,44182,235867120
005725,넥센우,3910,3915,5,0.13,9603,37530790
002350,넥센타이어,8850,8840,-10,-0.11,147697,1304891570
002355,넥센타이어1우B,3725,3770,45,1.21,5324,20088430
003580,넥스트사이언스,12500,12900,400,3.2,974787,12488761850
251270,넷마블,134000,132000,-2000,-1.49,458591,60582038500
090350,노루페인트,13450,13350,-100,-0.74,330153,4472626400
090355,노루페인트우,38200,38950,750,1.96,16597,648866650
000320,노루홀딩스,14800,14800,0,0.0,41482,610939850
000325,노루홀딩스우,103000,102500,-500,-0.49,29066,3038998000
006280,녹십자,325500,323500,-2000,-0.61,47642,15385322000
005250,녹십자홀딩스,33750,33700,-50,-0.15,131326,4432509750
005257,녹십자홀딩스2우,88600,88400,-200,-0.23,569,50466700
004370,농심,320500,318000,-2500,-0.78,113510,36520994500
072710,농심홀딩스,83600,84100,500,0.6,10956,924361000
058730,다스코,5800,5770,-30,-0.52,61052,351796230
023590,다우기술,27900,27700,-200,-0.72,156841,4363500400
019680,대교,5130,5550,420,8.19,33946978,191844573830
019685,대교우B,3695,4405,710,19.22,13438057,59143668590
006370,대구백화점,13950,16000,2050,14.7,571812,9283292100
008060,대덕,8550,8700,150,1.75,935906,8220805940
00806K,대덕1우,14950,14900,-50,-0.33,25332,380862250
353200,대덕전자,15750,16250,500,3.17,2098553,33815643400
35320K,대덕전자1우,16650,16950,300,1.8,128984,2191488500
000490,대동,11400,11450,50,0.44,138840,1584330800
008110,대동전자,8160,8340,180,2.21,31261,257727400
005750,대림BCo,7750,7770,20,0.26,54944,426939650
006570,대림통상,4715,4735,20,0.42,95417,453346755
001680,대상,27750,28100,350,1.26,244654,6852022050
001685,대상우,21300,21350,50,0.23,2824,60434150
084690,대상홀딩스,11550,11850,300,2.6,172343,2024341500
084695,대상홀딩스우,15300,15400,100,0.65,29805,456570150
128820,대성산업,5350,5400,50,0.93,251132,1361636880
117580,대성에너지,6880,6850,-30,-0.44,80588,546552060
016710,대성홀딩스,36400,36050,-350,-0.96,55366,1999483100
003540,대신증권,18750,19050,300,1.6,180004,3445166850
003547,대신증권2우B,16650,16800,150,0.9,20272,340415400
003545,대신증권우,16850,16950,100,0.59,167982,2850982050
009190,대양금속,5820,6030,210,3.61,3822109,22692703550
014160,대영포장,2700,2685,-15,-0.56,1915736,5188377290
047040,대우건설,8620,8720,100,1.16,3462945,30212476070
009320,대우부품,2635,2705,70,2.66,1084528,2893268830
042660,대우조선해양,37300,37700,400,1.07,722043,26870994350
003090,대웅,39450,39000,-450,-1.14,380930,14854005100
069620,대웅제약,161500,161000,-500,-0.31,40486,6527775500
000430,대원강업,4425,4380,-45,-1.02,274070,1201982555
006340,대원전선,2860,3555,695,24.3,163697546,566510773945
006345,대원전선우,4660,6050,1390,29.83,860606,5109051200
003220,대원제약,15950,16000,50,0.31,90554,1447314500
024890,대원화성,3030,3115,85,2.81,873097,2687963335
002880,대유에이텍,1235,1290,55,4.45,2875959,3689112350
000300,대유플러스,1400,1435,35,2.5,12972046,18723715625
012800,대창,2635,2605,-30,-1.14,6921470,17936215220
015230,대창단조,8700,8730,30,0.34,48423,422012850
001070,대한방직,44000,44000,0,0.0,1734,76117950
006650,대한유화,253500,255500,2000,0.79,55471,14216125000
001440,대한전선,3225,3275,50,1.55,95028895,317206409940
084010,대한제강,21400,22000,600,2.8,254852,5590480750
001790,대한제당,3395,3485,90,2.65,1469550,5120717330
001795,대한제당우,4380,4440,60,1.37,776411,3513107725
001130,대한제분,176000,175500,-500,-0.28,4800,845994500
003490,대한항공,33650,33700,50,0.15,2029146,68178554700
003495,대한항공우,45000,44650,-350,-0.78,13228,591177950
005880,대한해운,3475,3670,195,5.61,20606937,74776466175
003830,대한화섬,162000,164000,2000,1.23,883,145097500
016090,대현,2915,2900,-15,-0.51,314465,912331155
069460,대호에이엘,4290,4165,-125,-2.91,1047696,4435611585
192080,더블유게임즈,64900,65700,800,1.23,95341,6215938100
012510,더존비즈온,83600,85500,1900,2.27,273801,23368243600
004830,덕성,26550,26600,50,0.19,884860,23860552250
004835,덕성우,39900,39450,-450,-1.13,19732,784688450
024900,덕양산업,3785,4045,260,6.87,9489460,38339023485
145720,덴티움,64900,65300,400,0.62,54320,3556783800
002150,도화엔지니어링,9460,9390,-70,-0.74,77675,730458410
001230,동국제강,22000,22350,350,1.59,1087562,24161531150
023450,동남합성,53800,53700,-100,-0.19,901,48468800
004140,동방,6520,6850,330,5.06,6013133,40608405000
007590,동방아그로,8290,8430,140,1.69,109290,917950860
005960,동부건설,14000,14050,50,0.36,147773,2061814850
005965,동부건설우,59100,59300,200,0.34,8711,509804500
026960,동서,30450,30650,200,0.66,70640,2156477850
002210,동성제약,10500,10550,50,0.48,84151,887496400
102260,동성케미컬,6410,6360,-50,-0.78,179816,1146534160
000640,동아쏘시오홀딩스,125500,125000,-500,-0.4,9557,1198108500
170900,동아에스티,86100,87500,1400,1.63,28179,2452345800
028100,동아지질,22300,22300,0,0.0,104968,2352212750
282690,동아타이어,13100,13100,0,0.0,11214,146794500
001520,동양,2250,2270,20,0.89,6118564,13862117865
001527,동양2우B,32950,29200,-3750,-11.38,87508,2592679150
001529,동양3우B,106000,95000,-11000,-10.38,49284,4913405600
084670,동양고속,25900,26150,250,0.97,18747,486904600
082640,동양생명,5580,5740,160,2.87,405265,2322441330
001525,동양우,16000,14100,-1900,-11.88,114601,1639559800
008970,동양철관,1790,1845,55,3.07,64937556,123593716090
092780,동양피스톤,6550,6380,-170,-2.6,127872,820841560
049770,동원FB,225500,230000,4500,2.0,10308,2355549500
018500,동원금속,1230,1245,15,1.22,1663585,2047135670
006040,동원산업,272500,269500,-3000,-1.1,7535,2039147500
030720,동원수산,9620,9530,-90,-0.94,37384,358146870
014820,동원시스템즈,44900,45250,350,0.78,21421,969852500
014825,동원시스템즈우,39300,39350,50,0.13,1173,46320350
163560,동일고무벨트,10650,10550,-100,-0.94,109337,1151752600
004890,동일산업,99000,99700,700,0.71,4440,445070500
002690,동일제강,4845,4865,20,0.41,216892,1048086585
000020,동화약품,14600,14550,-50,-0.34,202631,2950627550
000150,두산,89000,92800,3800,4.27,261116,24358374600
000157,두산2우B,134500,145000,10500,7.81,189448,29127383000
241560,두산밥캣,49750,48800,-950,-1.91,200490,9831205250
000155,두산우,63200,64500,1300,2.06,108356,7172711900
042670,두산인프라코어,14800,15200,400,2.7,6777480,103933560150
034020,두산중공업,23600,24450,850,3.6,21641071,532146662750
336260,두산퓨얼셀,49200,48850,-350,-0.71,723214,35221434600
33626K,두산퓨얼셀1우,16700,16650,-50,-0.3,167600,2763220750
33626L,두산퓨얼셀2우B,26150,25050,-1100,-4.21,206901,5177762550
016740,두올,5210,5180,-30,-0.58,287635,1488448160
192650,드림텍,11000,11150,150,1.36,360856,4005944950
024090,디씨엠,17700,17150,-550,-3.11,16835,290806700
003160,디아이,7360,7440,80,1.09,143542,1059624290
092200,디아이씨,6520,6470,-50,-0.77,481649,3102501510
013570,디와이,6590,6500,-90,-1.37,172599,1124031980
210540,디와이파워,17000,17150,150,0.88,89944,1542444150
007340,디티알오토모티브,41900,41000,-900,-2.15,41716,1705711200
026890,디피씨,14050,14100,50,0.36,739460,10471452600
115390,락앤락,14400,14250,-150,-1.04,53750,767567750
032350,롯데관광개발,21000,21000,0,0.0,1075038,22419147800
330590,롯데리츠,6210,6170,-40,-0.64,545249,3367514590
000400,롯데손해보험,2090,2110,20,0.96,539305,1136473860
023530,롯데쇼핑,121000,120500,-500,-0.41,133248,16046454000
004000,롯데정밀화학,65600,65600,0,0.0,81779,5361844900
286940,롯데정보통신,41950,40900,-1050,-2.5,101045,4152700100
280360,롯데제과,146000,147000,1000,0.68,7242,1063486000
004990,롯데지주,41000,41000,0,0.0,332703,13663645300
00499K,롯데지주우,65100,65000,-100,-0.15,1390,89839700
005300,롯데칠성,156000,156000,0,0.0,45789,7159577500
005305,롯데칠성우,84200,83700,-500,-0.59,1711,142501500
011170,롯데케미칼,275000,274000,-1000,-0.36,126805,34733754500
002270,롯데푸드,455500,454500,-1000,-0.22,3882,1758729000
071840,롯데하이마트,38700,38750,50,0.13,77336,2994500950
027740,마니커,785,790,5,0.64,1835972,1447438875
204320,만도,66500,65400,-1100,-1.65,838037,55016315900
001080,만호제강,22500,23000,500,2.22,21096,482928600
088980,맥쿼리인프라,12600,12650,50,0.4,836115,10559789650
094800,맵스리얼티1,4920,4905,-15,-0.3,103502,505519335
138040,메리츠금융지주,17700,17850,150,0.85,259232,4590387600
008560,메리츠증권,4320,4420,100,2.31,2017563,8859743765
000060,메리츠화재,17600,18000,400,2.27,316193,5664486400
090370,메타랩스,1145,1165,20,1.75,304278,352141435
017180,명문제약,5610,5630,20,0.36,306508,1722149410
009900,명신산업,28150,27650,-500,-1.78,565914,15541650300
012690,모나리자,5490,5490,0,0.0,248376,1363136640
005360,모나미,5950,6180,230,3.87,2875139,17740844050
204210,모두투어리츠,5090,5010,-80,-1.57,46272,232297290
009680,모토닉,12350,12200,-150,-1.21,56585,696947900
009580,무림PP,5630,5500,-130,-2.31,1199470,6697745530
009200,무림페이퍼,3925,3750,-175,-4.46,7539268,29671684525
033920,무학,9580,9740,160,1.67,107468,1049957810
008420,문배철강,5370,5410,40,0.74,393530,2125448760
025560,미래산업,20600,23900,3300,16.02,3423792,86808918550
007120,미래아이앤지,639,658,19,2.97,7240309,4707941192
357250,미래에셋맵스리츠,5190,5110,-80,-1.54,41757,214302720
085620,미래에셋생명,4230,4300,70,1.65,153156,654952320
006800,미래에셋증권,9570,9640,70,0.73,1811355,17489936400
00680K,미래에셋증권2우B,4790,4830,40,0.84,166491,803208930
006805,미래에셋증권우,6330,6400,70,1.11,69731,447298320
002840,미원상사,217500,218500,1000,0.46,1600,348041000
268280,미원에스씨,179000,178500,-500,-0.28,723,129461000
107590,미원홀딩스,126000,128000,2000,1.59,1466,186580500
134380,미원화학,83000,82800,-200,-0.24,187,15504300
003650,미창석유,85800,85500,-300,-0.35,1664,143019600
155900,바다로19호,2710,2745,35,1.29,68611,186622095
003610,방림,2710,2685,-25,-0.92,169077,455002870
001340,백광산업,6210,6210,0,0.0,847669,5263199360
035150,백산,9300,9550,250,2.69,343682,3251523550
002410,범양건영,4090,4245,155,3.79,480363,2011765555
096300,베트남개발1,229,233,4,1.75,398218,91612091
007210,벽산,4370,4375,5,0.11,1027299,4480821745
002760,보락,2405,2405,0,0.0,344008,827686110
003850,보령제약,23500,23700,200,0.85,696954,16699024000
000890,보해양조,1190,1225,35,2.94,6828333,8315770415
003000,부광약품,20700,20400,-300,-1.45,2801674,53882003250
001270,부국증권,25000,25050,50,0.2,6764,169223300
001275,부국증권우,22400,22500,100,0.45,1387,31106700
026940,부국철강,4820,4830,10,0.21,152149,734358305
015350,부산가스,64000,64000,0,0.0,8078,517139700
011390,부산산업,159000,157000,-2000,-1.26,17412,2743723000
005030,부산주공,659,671,12,1.82,4921170,3375182521
002070,비비안,3890,3810,-80,-2.06,840782,3206157000
100220,비상교육,12050,12050,0,0.0,899045,10835676850
030790,비케이탑스,8670,8930,260,3.0,288487,2579969760
005180,빙그레,65600,65600,0,0.0,107303,7066118520
003960,사조대림,25350,26150,800,3.16,84028,2179235600
008040,사조동아원,1410,1415,5,0.35,1184713,1678745805
007160,사조산업,64800,63300,-1500,-2.31,39652,2545362500
014710,사조씨푸드,6600,6650,50,0.76,684347,4606574120
006090,사조오양,12050,11950,-100,-0.83,51036,610884300
001470,삼부토건,3015,2995,-20,-0.66,2073512,6200566145
006400,삼성SDI,653000,656000,3000,0.46,238734,155833584000
006405,삼성SDI우,423000,423000,0,0.0,4729,1994105000
006660,삼성공조,15150,15300,150,0.99,121579,1839558750
028260,삼성물산,138000,138000,0,0.0,326970,44990276500
02826K,삼성물산우B,134000,134000,0,0.0,3008,401773000
207940,삼성바이오로직스,842000,833000,-9000,-1.07,70626,58903868000
032830,삼성생명,80500,81000,500,0.62,288527,23419615400
018260,삼성에스디에스,189500,191000,1500,0.79,195201,37330445000
028050,삼성엔지니어링,22450,22150,-300,-1.34,3716675,83224421654
009150,삼성전기,177500,176500,-1000,-0.56,278432,49183855500
009155,삼성전기우,108500,107500,-1000,-0.92,11427,1233952500
005930,삼성전자,80900,81800,900,1.11,14999855,1223108169181
005935,삼성전자우,74300,74700,400,0.54,923875,68847279700
001360,삼성제약,9120,8720,-400,-4.39,7932963,69731054140
010140,삼성중공업,7060,6980,-80,-1.13,8603393,60679344580
010145,삼성중공우,306000,310000,4000,1.31,1056,324134000
016360,삼성증권,45450,45600,150,0.33,256569,11671515250
068290,삼성출판사,43550,43600,50,0.11,73664,3199606900
029780,삼성카드,34700,34900,200,0.58,423206,14782860050
000810,삼성화재,210000,212000,2000,0.95,87790,18727037500
000815,삼성화재우,164000,163500,-500,-0.3,13070,2142874000
006110,삼아알미늄,11500,12050,550,4.78,290543,3452005050
145990,삼양사,65700,65600,-100,-0.15,19873,1302885400
145995,삼양사우,49900,50000,100,0.2,606,30265000
003230,삼양식품,90500,91000,500,0.55,36364,3308375100
002170,삼양통상,79600,79100,-500,-0.63,3531,280102300
272550,삼양패키징,28900,29300,400,1.38,18362,534522750
000070,삼양홀딩스,107000,108000,1000,0.93,20173,2178629000
000075,삼양홀딩스우,75400,75200,-200,-0.27,847,63704700
002810,삼영무역,16900,16850,-50,-0.3,10116,170998600
005680,삼영전자,13300,13150,-150,-1.13,79222,1043353500
003720,삼영화학,2895,2920,25,0.86,282312,826726490
023000,삼원강재,3820,3860,40,1.05,120105,462660540
004380,삼익THK,14000,13750,-250,-1.79,72890,1002035900
002450,삼익악기,2000,2005,5,0.25,379378,760183945
004440,삼일씨엔에스,13750,13650,-100,-0.73,77560,1058820050
000520,삼일제약,9530,9420,-110,-1.15,60861,573090670
009770,삼정펄프,35750,36150,400,1.12,1247,45017050
005500,삼진제약,27600,27300,-300,-1.09,47565,1300050750
004690,삼천리,98500,98700,200,0.2,6765,669151200
010960,삼호개발,6360,6370,10,0.16,344075,2205887010
004450,삼화왕관,44750,46300,1550,3.46,6516,299573500
009470,삼화전기,33600,33550,-50,-0.15,39797,1326251300
011230,삼화전자,4115,4305,190,4.62,326608,1395516065
001820,삼화콘덴서,60000,60400,400,0.67,61410,3694953520
000390,삼화페인트,12850,12850,0,0.0,154106,1991987200
001290,상상인증권,1485,1470,-15,-1.01,236588,347914270
041650,상신브레이크,5080,5070,-10,-0.2,281042,1418957010
075180,새론오토모티브,6430,6380,-50,-0.78,13628,87230760
007540,샘표,58700,58400,-300,-0.51,7028,410041700
248170,샘표식품,60700,59700,-1000,-1.65,46924,2798425900
007860,서연,20000,20150,150,0.75,417590,8496422750
200880,서연이화,9290,9460,170,1.83,231234,2194825440
017390,서울가스,145000,144000,-1000,-0.69,21257,2980892500
004410,서울식품,376,437,61,16.22,715909250,317518596829
004415,서울식품우,5700,5850,150,2.63,173302,1081023850
021050,서원,2725,2725,0,0.0,765406,2077702480
008490,서흥,55700,56000,300,0.54,13509,756040300
007610,선도전기,4055,4210,155,3.82,967617,4045317845
136490,선진,17250,17200,-50,-0.29,311765,5343279900
014910,성문전자,2810,2860,50,1.78,2089861,6119224520
014915,성문전자우,11200,12000,800,7.14,120130,1494096300
003080,성보화학,5380,5490,110,2.04,293860,1604173460
004980,성신양회,13150,12950,-200,-1.52,780612,10105391400
004985,성신양회우,23450,22000,-1450,-6.18,703870,15726855100
011300,성안,787,787,0,0.0,0,0
000180,성창기업지주,2845,2950,105,3.69,1554289,4585023705
002420,세기상사,6160,6160,0,0.0,0,0
004360,세방,14850,15000,150,1.01,96235,1431534950
004365,세방우,8850,8830,-20,-0.23,6046,53457550
004490,세방전지,101000,103500,2500,2.48,121051,12439387100
001430,세아베스틸,31550,31300,-250,-0.79,156940,4927783250
306200,세아제강,109000,109000,0,0.0,5605,612068000
003030,세아제강지주,70700,71300,600,0.85,4051,288566200
019440,세아특수강,16900,17100,200,1.18,22817,385261750
058650,세아홀딩스,104000,103500,-500,-0.48,589,61397500
013000,세우글로벌,2470,2470,0,0.0,0,0
091090,세원이앤씨,2095,2100,5,0.24,715066,1492027375
021820,세원정공,8090,8090,0,0.0,0,0
067830,세이브존IC,3910,3970,60,1.53,69905,275871810
033530,세종공업,8820,8920,100,1.13,190546,1681836460
075580,세진중공업,7360,7370,10,0.14,516742,3811655630
027970,세하,2200,2205,5,0.23,2080716,4647488320
145210,세화아이엠씨,856,878,22,2.57,1776719,1546746923
308170,센트랄모텍,27550,27350,-200,-0.73,35581,977772150
012600,센트럴인사이트,2490,2490,0,0.0,0,0
068270,셀트리온,275000,271500,-3500,-1.27,399618,108443020500
336370,솔루스첨단소재,49600,48750,-850,-1.71,249947,12202276150
33637K,솔루스첨단소재1우,17050,16800,-250,-1.47,12573,211738600
33637L,솔루스첨단소재2우B,29550,29000,-550,-1.86,13368,385264800
248070,솔루엠,28600,29000,400,1.4,1207269,34816628000
004430,송원산업,20150,20450,300,1.49,195650,3981284700
017550,수산중공업,4705,4700,-5,-0.11,3207649,15325477960
053210,스카이라이프,10650,10500,-150,-1.41,146359,1557599400
134790,시디즈,75500,76300,800,1.06,8702,655432700
016590,신대양제지,91600,91700,100,0.11,6357,578784800
029530,신도리코,34950,35350,400,1.14,9237,325692850
004970,신라교역,14100,14300,200,1.42,21752,309491800
011930,신성이엔지,2890,2905,15,0.52,765499,2222811235
005390,신성통상,3150,3350,200,6.35,16546912,54749840520
004170,신세계,301000,305000,4000,1.33,184091,56243541500
035510,신세계IC,192500,211000,18500,9.61,126743,26036807500
034300,신세계건설,44750,45000,250,0.56,20350,920288350
031430,신세계인터내셔날,216000,218500,2500,1.16,38853,8444971000
031440,신세계푸드,102000,103000,1000,0.98,16967,1739324000
006880,신송홀딩스,5400,5390,-10,-0.19,28917,155748610
005800,신영와코루,127000,126000,-1000,-0.79,947,120694500
001720,신영증권,64800,64700,-100,-0.15,5740,370538600
001725,신영증권우,65000,65100,100,0.15,1168,76089700
009270,신원,2000,2020,20,1.0,1767582,3583859985
009275,신원우,50700,52400,1700,3.35,5215,271311550
002700,신일전자,2015,2060,45,2.23,2144163,4389550645
019170,신풍제약,78800,78300,-500,-0.63,2419332,192967985700
019175,신풍제약우,117500,113500,-4000,-3.4,117869,13805422500
002870,신풍제지,3530,3530,0,0.0,263728,934985400
293940,신한알파리츠,8260,8250,-10,-0.12,121277,996995460
055550,신한지주,41200,42000,800,1.94,1414227,59127399850
001770,신화실업,29500,29950,450,1.53,7150,212627050
004080,신흥,15000,15200,200,1.33,7349,111345350
102280,쌍방울,1390,1050,-340,-24.46,254026668,324396022547
003410,쌍용CE,8360,8520,160,1.91,2390545,20211088170
003620,쌍용차,2770,2770,0,0.0,0,0
004770,써니전자,3780,3815,35,0.93,1637174,6238664685
015540,쎌마테라퓨틱스,6410,6410,0,0.0,0,0
004920,씨아이테크,1410,1510,100,7.09,6748854,10435901645
112610,씨에스윈드,80000,79200,-800,-1.0,324397,25706714300
008700,아남전자,3010,2990,-20,-0.66,821914,2461929425
002790,아모레G,75400,75400,0,0.0,196412,14780573200
00279K,아모레G3우전환,50400,50500,100,0.2,1537,77478000
002795,아모레G우,26600,26850,250,0.94,19600,527184450
090430,아모레퍼시픽,282000,284000,2000,0.71,126824,35852456500
090435,아모레퍼시픽우,99700,100500,800,0.8,24072,2416374000
002030,아세아,133000,133000,0,0.0,2922,388331500
183190,아세아시멘트,135000,134500,-500,-0.37,15550,2088213000
002310,아세아제지,54800,54600,-200,-0.36,23991,1309514100
012170,아센디오,2915,2925,10,0.34,69454,206225530
267850,아시아나IDT,24350,24350,0,0.0,0,0
020560,아시아나항공,17200,17200,0,0.0,0,0
122900,아이마켓코리아,11050,11150,100,0.9,145207,1615353350
010780,아이에스동서,58600,59000,400,0.68,54862,3225950900
001780,알루코,5180,5240,60,1.16,1525497,8031052290
018250,애경산업,28300,28550,250,0.88,97279,2777781500
161000,애경유화,12100,12050,-50,-0.41,193470,2343321850
011090,에넥스,3200,3315,115,3.59,35484020,120833486640
005850,에스엘,33300,33300,0,0.0,254837,8496257150
012750,에스원,82500,82300,-200,-0.24,27042,2230106100
023960,에쓰씨엔지니어링,4365,4510,145,3.32,350618,1579055295
298690,에어부산,3575,3575,0,0.0,0,0
140910,에이리츠,14600,15100,500,3.42,150587,2250262800
078520,에이블씨엔씨,10400,10250,-150,-1.44,308496,3140299160
015260,에이엔피,1805,1795,-10,-0.55,331729,589562040
007460,에이프로젠KIC,2380,2410,30,1.26,11553998,28114045205
003060,에이프로젠제약,1225,1230,5,0.41,985357,1216019185
244920,에이플러스에셋,8690,8450,-240,-2.76,350271,2972335670
036570,엔씨소프트,853000,848000,-5000,-0.59,52423,44522665000
138250,엔에스쇼핑,14150,14100,-50,-0.35,83913,1172648900
380440,엔에이치스팩19호,2160,2160,0,0.0,192383,413966355
085310,엔케이,1370,1395,25,1.82,900025,1251554605
009810,엔케이물산,927,1000,73,7.87,24608629,24488291145
900140,엘브이엠씨홀딩스,3890,3805,-85,-2.19,481765,1851242550
014440,영보화학,5350,5340,-10,-0.19,557192,2979033250
111770,영원무역,45200,44250,-950,-2.1,95260,4241155550
009970,영원무역홀딩스,48900,48850,-50,-0.1,34103,1656041400
003520,영진약품,6030,6050,20,0.33,354200,2143314430
000670,영풍,663000,660000,-3000,-0.45,1855,1229497000
006740,영풍제지,7530,7460,-70,-0.93,149193,1119883020
012280,영화금속,2095,2085,-10,-0.48,1300119,2719952365
012160,영흥,1255,1245,-10,-0.8,512097,634916780
015360,예스코홀딩스,40200,39550,-650,-1.62,1158,45970850
007310,오뚜기,549000,554000,5000,0.91,19522,10811549000
002630,오리엔트바이오,1680,1685,5,0.3,856845,1429906150
271560,오리온,120000,118500,-1500,-1.25,191437,22807021000
001800,오리온홀딩스,17600,17600,0,0.0,181630,3182298450
070960,용평리조트,6140,6120,-20,-0.33,269034,1649184740
316140,우리금융지주,11450,11900,450,3.93,3850099,45578223050
033660,우리금융캐피탈,11900,12300,400,3.36,215698,2650313850
118000,우리들휴브레인,1895,1905,10,0.53,340415,646916255
010050,우리종금,1095,1090,-5,-0.46,14398753,15853175175
006980,우성사료,37250,37750,500,1.34,36029,1364012950
017370,우신시스템,5600,5670,70,1.25,65936,369867220
105840,우진,8220,9050,830,10.1,12880714,117201089240
010400,우진아이엔에스,9090,9000,-90,-0.99,18756,168972450
049800,우진플라임,4170,4215,45,1.08,48848,204707390
016880,웅진,3395,3395,0,0.0,2886581,9835732715
095720,웅진씽크빅,4305,4405,100,2.32,1573635,6870249740
005820,원림,26700,27000,300,1.12,5504,146777900
010600,웰바이오텍,3295,3325,30,0.91,1183180,3923886785
008600,윌비스,2585,2665,80,3.09,2671877,7054831150
033270,유나이티드제약,51900,51400,-500,-0.96,71515,3688111900
014830,유니드,78300,82400,4100,5.24,98404,8003426600
000910,유니온,8370,8400,30,0.36,390123,3305261010
047400,유니온머티리얼,4205,4230,25,0.59,1833324,7809204030
011330,유니켐,1770,1850,80,4.52,2368066,4346266355
077500,유니퀘스트,11350,11350,0,0.0,113203,1282475000
002920,유성기업,3815,3825,10,0.26,90593,344792525
000700,유수홀딩스,7290,7280,-10,-0.14,68969,501785840
003470,유안타증권,5000,4980,-20,-0.4,1297401,6514907595
003475,유안타증권우,4930,4965,35,0.71,87129,438106205
011690,유양디앤유,2440,2440,0,0.0,0,0
072130,유엔젤,4260,4225,-35,-0.82,37259,157502970
000220,유유제약,9170,9150,-20,-0.22,132262,1208844150
000225,유유제약1우,13700,13600,-100,-0.73,16370,222852550
000227,유유제약2우B,28400,28550,150,0.53,2001,56835250
001200,유진투자증권,4700,4670,-30,-0.64,481003,2253365125
000100,유한양행,64300,63800,-500,-0.78,182958,11698406500
000105,유한양행우,61100,61000,-100,-0.16,1725,104998500
003460,유화증권,2800,2810,10,0.36,96927,272077455
003465,유화증권우,2835,2830,-5,-0.18,3759,10929495
008730,율촌화학,22200,22000,-200,-0.9,85586,1886954300
008250,이건산업,14300,14350,50,0.35,282921,4105055950
025820,이구산업,4695,4550,-145,-3.09,4071187,18520347815
214320,이노션,64900,64900,0,0.0,27717,1797058200
088260,이리츠코크렙,6420,6430,10,0.16,97170,620351890
139480,이마트,161000,166500,5500,3.42,552671,91308147000
007660,이수페타시스,4240,4285,45,1.06,2439680,10654535990
005950,이수화학,12400,12400,0,0.0,171840,2130035350
015020,이스타코,3760,3840,80,2.13,2342427,8932350795
093230,이아이디,566,558,-8,-1.41,37976324,21225082621
074610,이엔플러스,4205,4250,45,1.07,431974,1813140420
102460,이연제약,39450,43550,4100,10.39,5119811,221350718350
084680,이월드,3790,3750,-40,-1.06,854480,3220164745
350520,이지스레지던스리츠,5210,5180,-30,-0.58,108936,565269350
334890,이지스밸류리츠,5590,5530,-60,-1.07,92237,511640470
000760,이화산업,21300,21350,50,0.23,2297,49066350
014990,인디에프,1570,1565,-5,-0.32,346198,544925250
101140,인바이오젠,3055,3180,125,4.09,825036,2626987335
006490,인스코비,3065,3030,-35,-1.14,417727,1267936595
023800,인지컨트롤스,17450,17450,0,0.0,114587,2003780900
034590,인천도시가스,28700,28750,50,0.17,3304,94705250
129260,인터지스,4260,4255,-5,-0.12,145224,618607205
023810,인팩,16000,18200,2200,13.75,592209,10333968500
249420,일동제약,15950,16250,300,1.88,303889,4974782750
000230,일동홀딩스,14400,14550,150,1.04,18843,273292750
013360,일성건설,2890,2855,-35,-1.21,1005282,2876098010
003120,일성신약,86400,86200,-200,-0.23,4226,363571300
003200,일신방직,115500,114500,-1000,-0.87,3662,418227000
007110,일신석재,2275,2300,25,1.1,1530265,3510466445
007570,일양약품,37200,37050,-150,-0.4,107930,4012350850
007575,일양약품우,38250,38100,-150,-0.39,1877,71698100
008500,일정실업,18600,18500,-100,-0.54,2000,36595800
081000,일진다이아,44350,44550,200,0.45,67763,3009554100
020760,일진디스플,4395,4395,0,0.0,70856,311656720
020150,일진머티리얼즈,69800,68900,-900,-1.29,212813,14655572000
103590,일진전기,5420,5820,400,7.38,4841229,28239595490
015860,일진홀딩스,5840,5870,30,0.51,242320,1419280980
226320,잇츠한불,30000,30150,150,0.5,88365,2671626700
317400,자이에스앤디,10800,11000,200,1.85,527878,5799964250
033240,자화전자,21050,20550,-500,-2.38,401243,8129046150
000950,전방,42000,41100,-900,-2.14,4144,169334750
348950,제이알글로벌리츠,5190,5170,-20,-0.39,2440770,12538167330
194370,제이에스코퍼레이션,18200,17900,-300,-1.65,126095,2254881650
025620,제이준코스메틱,2040,2140,100,4.9,508226,1063013515
036420,제이콘텐트리,53000,53600,600,1.13,89464,4806432100
030000,제일기획,24900,24850,-50,-0.2,185001,4592735300
271980,제일약품,42950,42850,-100,-0.23,30970,1324434050
001560,제일연마,8540,8580,40,0.47,8012,68375220
002620,제일파마홀딩스,24850,25050,200,0.8,20077,502820750
006220,제주은행,7400,7490,90,1.22,296101,2228765480
089590,제주항공,28050,28200,150,0.53,183506,5164278700
004910,조광페인트,8820,8990,170,1.93,540839,4858805750
004700,조광피혁,55300,55200,-100,-0.18,1846,102362700
001550,조비,24100,24500,400,1.66,93480,2280118100
000480,조선내화,91100,91500,400,0.44,1748,159677400
120030,조선선재,129500,128000,-1500,-1.16,3735,480450500
018470,조일알미늄,987,1020,33,3.34,2401955,2414987966
002600,조흥,200000,202000,2000,1.0,115,23060500
185750,종근당,132000,131000,-1000,-0.76,32952,4336047000
063160,종근당바이오,57100,57300,200,0.35,20222,1156934300
001630,종근당홀딩스,109500,109000,-500,-0.46,7513,818421000
044380,주연테크,1170,1205,35,2.99,4856903,5894031040
013890,지누스,98100,99400,1300,1.33,72526,7183506400
013870,지엠비코리아,7500,7430,-70,-0.93,110293,821447850
071320,지역난방공사,45950,46050,100,0.22,15671,719236600
010580,지코,306,306,0,0.0,0,0
035000,지투알,6920,6800,-120,-1.73,46695,319629480
088790,진도,5280,6120,840,15.91,9453495,58700002020
003780,진양산업,5750,5790,40,0.7,112948,654242950
010640,진양폴리,4090,4040,-50,-1.22,102588,416073930
100250,진양홀딩스,3280,3295,15,0.46,182369,598405020
051630,진양화학,4220,4200,-20,-0.47,83064,347297340
272450,진에어,23000,23100,100,0.43,255078,5912488800
011000,진원생명과학,22400,22000,-400,-1.79,1735449,38141640300
002780,진흥기업,3045,3075,30,0.99,25371890,81276906920
002787,진흥기업2우B,19500,19650,150,0.77,43951,895989450
002785,진흥기업우B,8290,8300,10,0.12,33381,281464200
009310,참엔지니어링,1530,1510,-20,-1.31,206440,312193680
000650,천일고속,78300,79200,900,1.15,4871,385789600
033250,체시스,1700,1710,10,0.59,136320,232519655
035720,카카오,144500,143000,-1500,-1.04,4996272,717397405500
006380,카프로,4695,4960,265,5.64,765787,3726828655
109070,컨버즈,4100,4100,0,0.0,0,0
001620,케이비아이동국실업,1070,1095,25,2.34,1795603,1953285210
029460,케이씨,26550,26450,-100,-0.38,45360,1205158400
344820,케이씨씨글라스,62700,62300,-400,-0.64,79008,4925044900
281820,케이씨텍,27350,27300,-50,-0.18,74511,2031104450
145270,케이탑리츠,1805,1830,25,1.39,778861,1407238120
357120,코람코에너지리츠,5940,5980,40,0.67,150719,898878680
007815,코리아써우,7540,7630,90,1.19,27679,211599840
007810,코리아써키트,12550,12650,100,0.8,66939,843645000
00781K,코리아써키트2우B,9310,9310,0,0.0,2936,27490780
003690,코리안리,9220,9440,220,2.39,480136,4528939300
192820,코스맥스,130000,130500,500,0.38,68317,8907920000
044820,코스맥스비티아이,20350,20350,0,0.0,31636,639153450
005070,코스모신소재,25300,25500,200,0.79,374515,9435893400
005420,코스모화학,11550,11550,0,0.0,198576,2303063850
071950,코아스,1625,1715,90,5.54,6338416,10632272260
002020,코오롱,30600,32300,1700,5.56,209855,6705962250
003070,코오롱글로벌,23700,23750,50,0.21,27142,646253400
003075,코오롱글로벌우,33700,33750,50,0.15,1963,66221100
144620,코오롱머티리얼,2975,2990,15,0.5,108491,322919720
002025,코오롱우,20950,21950,1000,4.77,106967,2392526000
120110,코오롱인더,63100,67900,4800,7.61,1127290,75228204600
120115,코오롱인더우,30700,32000,1300,4.23,91159,2912013900
138490,코오롱플라스틱,6600,6670,70,1.06,184718,1232966970
021240,코웨이,78800,80100,1300,1.65,282311,22589565600
031820,콤텍시스템,1275,1330,55,4.31,5953301,7880516425
192400,쿠쿠홀딩스,131000,131000,0,0.0,6032,795065500
284740,쿠쿠홈시스,47500,47700,200,0.42,46206,2204581350
015590,큐로,631,635,4,0.63,1672847,1060247358
264900,크라운제과,13800,14050,250,1.81,96418,1350680750
26490K,크라운제과우,22450,22500,50,0.22,10694,239395050
005740,크라운해태홀딩스,11950,11950,0,0.0,27681,330123100
005745,크라운해태홀딩스우,21400,21750,350,1.64,8340,179626800
020120,키다리스튜디오,14800,15000,200,1.35,85129,1270974050
039490,키움증권,121000,120000,-1000,-0.83,86724,10414355500
014580,태경비케이,4890,4920,30,0.61,1334925,6625766195
015890,태경산업,6740,6890,150,2.23,478146,3309413550
006890,태경케미컬,15700,19200,3500,22.29,14576340,272464071600
003240,태광산업,1269000,1250000,-19000,-1.5,2642,3294035000
011280,태림포장,4820,4840,20,0.41,152646,740903420
004100,태양금속,1730,1800,70,4.05,1138776,2031432915
004105,태양금속우,3575,3710,135,3.78,102018,376925635
009410,태영건설,12800,12700,-100,-0.78,331451,4211888000
009415,태영건설우,17800,17900,100,0.56,27758,493176900
001420,태원물산,5260,5320,60,1.14,54463,286036100
007980,태평양물산,2610,2615,5,0.19,507465,1327592820
055490,테이팩스,51800,51500,-300,-0.58,10590,546015200
078000,텔코웨어,12800,12700,-100,-0.78,10556,134462100
214420,토니모리,10500,10150,-350,-3.33,248760,2525293070
019180,티에이치엔,3665,3575,-90,-2.46,274798,987184970
363280,티와이홀딩스,29000,29200,200,0.69,173250,5062852550
36328K,티와이홀딩스우,28400,28750,350,1.23,17220,490282600
091810,티웨이항공,4485,4535,50,1.11,4835456,22092915940
004870,티웨이홀딩스,1620,1645,25,1.54,370784,604146125
005690,파미셀,17150,16950,-200,-1.17,318940,5409433900
036580,팜스코,7290,7250,-40,-0.55,115553,840094390
004720,팜젠사이언스,10100,10450,350,3.47,209854,2163951700
028670,팬오션,6900,7430,530,7.68,23107301,168699230090
010820,퍼스텍,2915,2860,-55,-1.89,397341,1143805570
016800,퍼시스,43000,42950,-50,-0.12,7307,314364950
001020,페이퍼코리아,2375,2400,25,1.05,291835,708527785
090080,평화산업,1740,1740,0,0.0,2219522,3804626230
010770,평화홀딩스,4825,4960,135,2.8,203562,995954575
058430,포스코강판,60400,64200,3800,6.29,317721,19940590600
047050,포스코인터내셔널,20750,22000,1250,6.02,2066380,44960760550
003670,포스코케미칼,145000,144500,-500,-0.34,161015,23135380000
007630,폴루스바이오팜,1225,1225,0,0.0,0,0
017810,풀무원,20350,20500,150,0.74,157131,3237230600
103140,풍산,39050,38850,-200,-0.51,272409,10537250450
005810,풍산홀딩스,28950,28650,-300,-1.04,31209,890953150
950210,프레스티지바이오파마,28150,28300,150,0.53,132327,3755190800
086790,하나금융지주,44750,46000,1250,2.79,1119952,51266322250
293480,하나제약,22900,22800,-100,-0.44,32404,738923400
039130,하나투어,87100,87300,200,0.23,176777,15402465100
172580,하이골드12호,2510,2510,0,0.0,26426,66397635
153360,하이골드3호,1845,1835,-10,-0.54,7213,13238715
352820,하이브,289000,292000,3000,1.04,478261,140130726500
071090,하이스틸,3750,3970,220,5.87,1572718,6118850480
019490,하이트론,11200,10900,-300,-2.68,196371,2187979600
000080,하이트진로,38950,39650,700,1.8,376119,14876561050
000087,하이트진로2우B,23700,23850,150,0.63,6133,145745600
000140,하이트진로홀딩스,17650,17750,100,0.57,46422,821614050
000145,하이트진로홀딩스우,20350,20300,-50,-0.25,3225,65214550
152550,한국ANKOR유전,1605,1610,5,0.31,60610,96967950
036460,한국가스공사,38450,38800,350,0.91,636349,24761071250
005430,한국공항,51900,52100,200,0.39,20643,1067562200
071050,한국금융지주,105000,106000,1000,0.95,199590,21119397000
071055,한국금융지주우,91200,91300,100,0.11,32254,2941428200
010040,한국내화,4920,4875,-45,-0.91,228673,1115223150
025540,한국단자,91700,95400,3700,4.03,96971,9176991700
004090,한국석유,16650,16800,150,0.9,313153,5320933650
002200,한국수출포장,26000,26250,250,0.96,10194,267250900
002960,한국쉘석유,288000,288500,500,0.17,3709,1070472000
000240,한국앤컴퍼니,20500,20900,400,1.95,273687,5697599100
123890,한국자산신탁,4985,4960,-25,-0.5,339871,1689337005
015760,한국전력,26650,26700,50,0.19,6710778,181105319550
006200,한국전자홀딩스,1460,1465,5,0.34,1593067,2325758310
009540,한국조선해양,136500,137500,1000,0.73,282328,38951710000
023350,한국종합기술,8100,8180,80,0.99,94376,772459950
025890,한국주강,2900,2920,20,0.69,159629,462208485
000970,한국주철관,10250,10250,0,0.0,257648,2645462900
104700,한국철강,10150,10200,50,0.49,79664,816120400
017960,한국카본,12000,12100,100,0.83,260854,3164911350
161890,한국콜마,60200,60400,200,0.33,82280,4957239300
024720,한국콜마홀딩스,31000,30950,-50,-0.16,46034,1421903450
161390,한국타이어앤테크놀로지,53000,53600,600,1.13,135960,7276252800
034830,한국토지신탁,2440,2435,-5,-0.2,1007969,2468168555
007280,한국특강,3640,3690,50,1.37,225686,816869680
168490,한국패러랠,2010,2015,5,0.25,8898,17916620
010100,한국프랜지,3630,3685,55,1.52,934241,3433082165
047810,한국항공우주,34050,33800,-250,-0.73,446433,15165477400
123690,한국화장품,12600,12600,0,0.0,51606,652242450
003350,한국화장품제조,38050,38300,250,0.66,22318,856874400
011500,한농화성,14700,14500,-200,-1.36,121568,1774311900
002390,한독,27600,27550,-50,-0.18,41194,1135660800
014790,한라,5800,5780,-20,-0.34,196241,1140465140
060980,한라홀딩스,44050,43800,-250,-0.57,60913,2678747350
053690,한미글로벌,12650,12850,200,1.58,182064,2308414400
042700,한미반도체,33350,33600,250,0.75,341722,11402938150
008930,한미사이언스,68800,69900,1100,1.6,154833,10829307600
128940,한미약품,328500,327500,-1000,-0.3,32566,10697965500
009240,한샘,107000,107000,0,0.0,55700,5941324500
020000,한섬,43150,43050,-100,-0.23,79256,3401010900
003680,한성기업,9160,9060,-100,-1.09,49864,452903130
105630,한세실업,23900,23600,-300,-1.26,377639,8897151983
069640,한세엠케이,4770,4805,35,0.73,25264,120494445
016450,한세예스24홀딩스,9750,9740,-10,-0.1,89207,870632310
010420,한솔PNS,2560,2650,90,3.52,2960599,7856907990
009180,한솔로지스틱스,4855,5150,295,6.08,32085077,164785209150
213500,한솔제지,15950,15950,0,0.0,171891,2752830250
014680,한솔케미칼,250000,254500,4500,1.8,27704,7037112500
004710,한솔테크닉스,8860,8810,-50,-0.56,179243,1576869960
004150,한솔홀딩스,4730,4750,20,0.42,179177,851119030
025750,한솔홈데코,2190,2210,20,0.91,2707893,6005371075
004960,한신공영,24750,24750,0,0.0,25594,634622200
011700,한신기계,2725,2840,115,4.22,5504487,15722310865
001750,한양증권,16950,17350,400,2.36,96225,1667893650
001755,한양증권우,23800,24950,1150,4.83,23797,584997650
018880,한온시스템,17850,18200,350,1.96,1090778,19728718500
009420,한올바이오파마,21250,21150,-100,-0.47,165619,3529766850
014130,한익스프레스,7090,7290,200,2.82,387019,2800357240
300720,한일시멘트,166000,164000,-2000,-1.2,8756,1438485000
002220,한일철강,3175,3265,90,2.83,351410,1147284115
006390,한일현대시멘트,42350,41450,-900,-2.13,98868,4096211250
003300,한일홀딩스,14250,14150,-100,-0.7,22998,327819500
051600,한전KPS,41750,42800,1050,2.51,940500,40541980150
052690,한전기술,51800,53400,1600,3.09,1060810,57651181200
130660,한전산업,8550,11100,2550,29.82,36470184,380907163250
002320,한진,43200,44850,1650,3.82,568511,25431762800
097230,한진중공업,8810,8830,20,0.23,112502,1000567870
003480,한진중공업홀딩스,5830,5820,-10,-0.17,353383,2041971130
180640,한진칼,73800,72500,-1300,-1.76,177762,12991041800
18064K,한진칼우,48100,47700,-400,-0.83,9414,447297950
005110,한창,1320,1445,125,9.47,24053670,34780451140
009460,한창제지,2895,2855,-40,-1.38,23435899,70557189935
000880,한화,32750,32600,-150,-0.46,599957,19711453650
00088K,한화3우B,15700,15600,-100,-0.64,78703,1228496800
088350,한화생명,3715,3925,210,5.65,18233232,71291116470
000370,한화손해보험,4585,4745,160,3.49,1232241,5817485250
009830,한화솔루션,45100,44500,-600,-1.33,1032494,46037893550
009835,한화솔루션우,56000,55200,-800,-1.43,7714,428321600
272210,한화시스템,17900,17900,0,0.0,645993,11630667350
012450,한화에어로스페이스,48050,47950,-100,-0.21,334755,16168290550
000885,한화우,46650,46250,-400,-0.86,1854,86103650
003530,한화투자증권,5150,5170,20,0.39,2517151,13053865030
003535,한화투자증권우,17250,17000,-250,-1.45,56152,953455950
195870,해성디에스,34500,34300,-200,-0.58,138536,4772398050
101530,해태제과식품,10250,10300,50,0.49,37412,385530850
143210,핸즈코퍼레이션,6690,6700,10,0.15,33645,225464770
000720,현대건설,54300,54400,100,0.18,858532,46856972400
267270,현대건설기계,54600,54800,200,0.37,110937,6093891300
000725,현대건설우,210500,211000,500,0.24,588,124037000
005440,현대그린푸드,11400,11350,-50,-0.44,672000,7612972700
086280,현대글로비스,194500,204500,10000,5.14,793925,160225119500
064350,현대로템,24000,24200,200,0.83,3411919,82328475150
079430,현대리바트,19550,19600,50,0.26,142271,2781595900
012330,현대모비스,289000,289500,500,0.17,236682,68598671000
010620,현대미포조선,83800,85200,1400,1.67,245531,20966315700
069960,현대백화점,88500,88200,-300,-0.34,165858,14662226100
004560,현대비앤지스틸,20550,20650,100,0.49,122696,2523071300
004565,현대비앤지스틸우,95900,96500,600,0.63,450,43122200
004310,현대약품,7060,7070,10,0.14,101546,717680700
322000,현대에너지솔루션,31550,31300,-250,-0.79,38433,1204870200
017800,현대엘리베이,54000,54100,100,0.19,206091,11166189500
307950,현대오토에버,125000,128000,3000,2.4,148876,18923149000
011210,현대위아,88800,92100,3300,3.72,488984,44418042000
267260,현대일렉트릭,21800,21800,0,0.0,239653,5177336600
004020,현대제철,53700,53500,-200,-0.37,784083,42226596100
267250,현대중공업지주,72200,72400,200,0.28,191921,13854360100
005380,현대차,237000,239500,2500,1.05,778322,187128942500
005387,현대차2우B,116000,117000,1000,0.86,54895,6455843000
005389,현대차3우B,108000,109500,1500,1.39,10659,1164059500
005385,현대차우,115500,116500,1000,0.87,66010,7706870500
001500,현대차증권,13700,13800,100,0.73,122583,1688738100
011760,현대코퍼레이션,21000,20850,-150,-0.71,90450,1881453850
227840,현대코퍼레이션홀딩스,14900,14850,-50,-0.34,62409,931311350
126560,현대퓨처넷,4930,4800,-130,-2.64,716032,3455776145
001450,현대해상,23850,24800,950,3.98,1765016,43565546000
057050,현대홈쇼핑,89300,89200,-100,-0.11,26641,2377515700
093240,형지엘리트,5330,5420,90,1.69,646393,3492158190
003010,혜인,7550,7630,80,1.06,249132,1890093560
111110,호전실업,15500,15350,-150,-0.97,87377,1348910250
008770,호텔신라,98700,98000,-700,-0.71,469719,46236150600
008775,호텔신라우,93600,93700,100,0.11,8111,760303100
002460,화성산업,13050,13050,0,0.0,31011,405337350
378850,화승알앤에이,6800,6690,-110,-1.62,417062,2763081070
241590,화승엔터프라이즈,17600,17350,-250,-1.42,208276,3620934800
006060,화승인더,7960,7930,-30,-0.38,445589,3525127000
013520,화승코퍼레이션,3150,3285,135,4.29,12773472,41062792115
010690,화신,7780,7650,-130,-1.67,492090,3792888080
133820,화인베스틸,2845,2930,85,2.99,716371,2088891405
010660,화천기계,2875,2980,105,3.65,297875,884395335
000850,화천기공,38700,38600,-100,-0.26,5587,214740950
016580,환인제약,22000,21900,-100,-0.45,55748,1221809550
032560,황금에스티,9400,9410,10,0.11,100817,949830310
004800,효성,100000,102000,2000,2.0,129449,13248095200
094280,효성ITX,21900,22450,550,2.51,82482,1846509150
298040,효성중공업,76100,76000,-100,-0.13,94861,7157614500
298050,효성첨단소재,387000,383000,-4000,-1.03,79050,30251218500
298020,효성티앤씨,793000,795000,2000,0.25,88210,70334807000
298000,효성화학,349000,351500,2500,0.72,79752,28268368000
093370,후성,10250,10300,50,0.49,303491,3123112350
081660,휠라홀딩스,53900,54200,300,0.56,432944,23304349950
005870,휴니드,8560,8770,210,2.45,354563,3109194760
079980,휴비스,10950,11250,300,2.74,457648,5138403800
005010,휴스틸,14300,14350,50,0.35,104253,1501931750
069260,휴켐스,22100,22050,-50,-0.23,83537,1842718300
000540,흥국화재,4545,4680,135,2.97,176056,820825585
000547,흥국화재2우B,34000,34200,200,0.59,6504,220161750
000545,흥국화재우,11900,12200,300,2.52,21773,264353300
003280,흥아해운,258,258,0,0.0,0,0
