티커,종목명,시가,종가,변동폭,등락률,거래량,거래대금
095570,AJ네트웍스,3885,3970,85,2.19,48112,190114630
006840,AK홀딩스,31250,30200,-1050,-3.36,122934,3799624350
027410,BGF,5500,5590,90,1.64,342168,1903110700
282330,BGF리테일,159000,159000,0,0.0,33430,5322580500
138930,BNK금융지주,5900,5940,40,0.68,1485084,8838016860
001460,BYC,369500,358500,-11000,-2.98,1187,427351500
001465,BYC우,161500,158500,-3000,-1.86,82,13043500
001040,CJ,92700,91400,-1300,-1.4,116297,10729741100
079160,CJCGV,28000,27300,-700,-2.5,498375,13833662650
00104K,CJ4우전환,73600,72600,-1000,-1.36,7231,528201600
000120,CJ대한통운,164000,163000,-1000,-0.61,57658,9457133500
011150,CJ씨푸드,4325,4350,25,0.58,219433,961995515
011155,CJ씨푸드1우,33200,34050,850,2.56,1304,44339050
001045,CJ우,55800,54500,-1300,-2.33,5233,288924000
097950,CJ제일제당,406500,400000,-6500,-1.6,77574,31249524500
097955,CJ제일제당우,184500,181500,-3000,-1.63,9124,1673433000
000590,CS홀딩스,58000,58500,500,0.86,7913,463638000
012030,DB,870,873,3,0.34,860105,751973041
016610,DB금융투자,5730,5730,0,0.0,243318,1392563980
005830,DB손해보험,41400,42050,650,1.57,346730,14503935050
000990,DB하이텍,56400,56400,0,0.0,721747,41254780700
000995,DB하이텍1우,96500,99600,3100,3.21,400,39837400
139130,DGB금융지주,7070,7100,30,0.42,749799,5337814770
001530,DI동일,165000,161500,-3500,-2.12,13283,2196203500
000210,DL,86500,82700,-3800,-4.39,473172,39887143300
000215,DL우,42000,40800,-1200,-2.86,6045,248588350
375500,DL이앤씨,111000,109000,-2000,-1.8,480821,52979446000
37550K,DL이앤씨우,70800,69300,-1500,-2.12,51142,3596894900
004840,DRB동일,6960,6930,-30,-0.43,17303,120168840
155660,DSR,5410,5410,0,0.0,93105,507108990
069730,DSR제강,5210,5100,-110,-2.11,186271,965490540
017940,E1,39800,40150,350,0.88,7709,309769700
365550,ESR켄달스퀘어리츠,5720,5830,110,1.92,313853,1831288490
007700,FF,139000,138000,-1000,-0.72,78565,10896754500
114090,GKL,15950,16000,50,0.31,415067,6634261750
078930,GS,39000,38500,-500,-1.28,573951,22275497900
006360,GS건설,36350,37000,650,1.79,718560,26404061800
001250,GS글로벌,2195,2195,0,0.0,602466,1335348675
007070,GS리테일,36200,35900,-300,-0.83,305725,11031107150
078935,GS우,31400,31050,-350,-1.11,15013,467175600
012630,HDC,10950,11000,50,0.46,274702,3021114100
039570,HDC아이콘트롤스,9670,9680,10,0.1,21320,208070150
089470,HDC현대EP,6320,6250,-70,-1.11,195693,1237006650
294870,HDC현대산업개발,26800,26800,0,0.0,486470,13102663200
011200,HMM,19000,18800,-200,-1.05,11059044,211365085200
082740,HSD엔진,6740,6740,0,0.0,620692,4207503930
003560,IHQ,1895,1920,25,1.32,2105375,4066713220
175330,JB금융지주,5830,5840,10,0.17,325399,1906147320
234080,JW생명과학,20700,20800,100,0.48,66286,1377374000
001060,JW중외제약,29150,29300,150,0.51,53979,1586548200
001067,JW중외제약2우B,57500,58000,500,0.87,803,46341400
001065,JW중외제약우,29900,29950,50,0.17,394,11762200
096760,JW홀딩스,4850,4855,5,0.1,83910,410655800
105560,KB금융,43800,44500,700,1.6,2682710,119609154150
002380,KCC,199500,201000,1500,0.75,29164,5871426500
009070,KCTC,7220,7290,70,0.97,2799338,20135017130
009440,KC그린홀딩스,4300,4430,130,3.02,70621,311347225
119650,KC코트렐,8400,8390,-10,-0.12,273997,2317689070
092220,KEC,2500,2480,-20,-0.8,2776193,7015309290
016380,KG동부제철,11900,11850,-50,-0.42,194356,2336994450
016385,KG동부제철우,99600,99700,100,0.1,321,32030000
001390,KG케미칼,28450,27250,-1200,-4.22,464227,12837682300
001940,KISCO홀딩스,14800,14700,-100,-0.68,18091,266446700
025000,KPX케미칼,61900,62800,900,1.45,6049,377640000
092230,KPX홀딩스,57500,57500,0,0.0,2980,171628800
000040,KR모터스,1235,1245,10,0.81,3241906,4071894315
044450,KSS해운,10850,10600,-250,-2.3,239108,2549186000
030200,KT,26000,26100,100,0.38,1618205,42351126600
033780,KTG,78300,78100,-200,-0.26,613895,48144279900
030210,KTB투자증권,4070,4005,-65,-1.6,425335,1732163870
058850,KTcs,2755,2775,20,0.73,1466619,4075875765
058860,KTis,2600,2660,60,2.31,194269,516552735
093050,LF,15450,15300,-150,-0.97,129628,1998682550
003550,LG,93900,93300,-600,-0.64,531938,50423912800
034220,LG디스플레이,22600,23000,400,1.77,3006652,69381187800
001120,LG상사,27300,27050,-250,-0.92,179138,4866535200
051900,LG생활건강,1513000,1505000,-8000,-0.53,49539,75259740830
051905,LG생활건강우,705000,706000,1000,0.14,3039,2140058000
003555,LG우,66700,66400,-300,-0.45,18167,1223146700
032640,LG유플러스,11800,12000,200,1.69,2601546,31105946350
011070,LG이노텍,199000,203000,4000,2.01,246761,50427275500
066570,LG전자,146500,149000,2500,1.71,1552321,232987720500
066575,LG전자우,71400,71700,300,0.42,205915,14851314300
108670,LG하우시스,71500,71600,100,0.14,50651,3637794300
108675,LG하우시스우,33850,33700,-150,-0.44,9399,318665850
037560,LG헬로비전,4520,4530,10,0.22,277200,1257882295
051910,LG화학,831000,891000,60000,7.22,697301,619910539100
051915,LG화학우,389500,409500,20000,5.13,46025,18915557500
079550,LIG넥스원,37000,37050,50,0.14,101492,3803377750
006260,LS,69900,69600,-300,-0.43,159027,11173059700
010120,LSELECTRIC,57500,57400,-100,-0.17,115502,6649455300
000680,LS네트웍스,2735,2740,5,0.18,164146,454663365
229640,LS전선아시아,7260,7280,20,0.28,79615,582453600
023150,MH에탄올,7990,8310,320,4.01,1088190,9579980920
035420,NAVER,375000,377500,2500,0.67,1240322,474654570750
181710,NHN,69100,69400,300,0.43,53578,3718209100
005940,NH투자증권,10850,11000,150,1.38,885089,9747176650
005945,NH투자증권우,8390,8410,20,0.24,48470,407437410
338100,NH프라임리츠,4215,4225,10,0.24,59549,251229550
034310,NICE,16950,17100,150,0.88,24798,423851450
008260,NI스틸,3220,3250,30,0.93,434180,1410456320
004250,NPC,3960,4130,170,4.29,6032099,25579012295
004255,NPC우,2450,2475,25,1.02,10880,26674875
010060,OCI,125000,122000,-3000,-2.4,552466,67606792500
005490,POSCO,281500,285000,3500,1.24,631545,181890493500
100840,STC,15750,15700,-50,-0.32,34657,548186850
064960,ST모티브,62700,64200,1500,2.39,83635,5350884450
003570,ST중공업,6990,7250,260,3.72,259111,1870081600
036530,ST홀딩스,17500,18050,550,3.14,75911,1362529550
010950,S-Oil,85000,84600,-400,-0.47,531046,45075734900
010955,S-Oil우,47450,47300,-150,-0.32,18315,875841400
034120,SBS,22550,23450,900,3.99,64966,1492805200
101060,SBS미디어홀딩스,1925,1920,-5,-0.26,118199,226316265
005090,SGC에너지,39250,38750,-500,-1.27,68275,2676228650
004060,SG세계물산,670,701,31,4.63,3376887,2360246071
001380,SG충방,2440,2440,0,0.0,242658,595234190
002360,SH에너지화학,935,932,-3,-0.32,997875,938060699
009160,SIMPAC,3200,3320,120,3.75,153162,500920280
123700,SJM,4070,4060,-10,-0.25,30895,125895415
025530,SJM홀딩스,3375,3480,105,3.11,39380,136094140
034730,SK,262500,274000,11500,4.38,405669,110640729000
011790,SKC,117500,116500,-1000,-0.85,410375,48427262000
018670,SK가스,91600,91500,-100,-0.11,20491,1891370200
001740,SK네트웍스,5560,5510,-50,-0.9,1315019,7303096800
001745,SK네트웍스우,106000,108000,2000,1.89,378,40231500
006120,SK디스커버리,65400,65300,-100,-0.15,93927,6159862200
006125,SK디스커버리우,53700,53800,100,0.19,11596,625892600
210980,SK디앤디,35050,34800,-250,-0.71,62959,2218479400
068400,SK렌터카,11300,11300,0,0.0,141842,1613597550
326030,SK바이오팜,118000,112000,-6000,-5.08,1558796,179635329500
03473K,SK우,242500,250000,7500,3.09,5385,1348291000
096770,SK이노베이션,260500,265000,4500,1.73,928188,249487416500
096775,SK이노베이션우,191000,192500,1500,0.79,22047,4305967000
001510,SK증권,828,834,6,0.72,3404139,2856420704
001515,SK증권우,4885,4885,0,0.0,14757,73149430
285130,SK케미칼,377000,365500,-11500,-3.05,189303,70218035000
28513K,SK케미칼우,183000,176000,-7000,-3.83,41462,7434274500
017670,SK텔레콤,247500,247500,0,0.0,371232,92892651236
000660,SK하이닉스,141500,144500,3000,2.12,9376523,1365279622000
005610,SPC삼립,71200,71600,400,0.56,10447,747910700
011810,STX,5300,5170,-130,-2.45,23240,123708870
077970,STX엔진,6470,6610,140,2.16,15509,101920080
071970,STX중공업,3150,3190,40,1.27,97630,317516335
084870,TBH글로벌,1680,1655,-25,-1.49,34995,58224775
002710,TCC스틸,4650,4590,-60,-1.29,150561,704369310
024070,WISCOM,3485,3470,-15,-0.43,176107,619557475
037270,YGPLUS,6010,6010,0,0.0,657914,3991174820
000500,가온전선,20700,20750,50,0.24,6299,131583850
000860,강남제비스코,22400,23100,700,3.13,32190,741638200
035250,강원랜드,24200,24250,50,0.21,916786,22272585800
011420,갤럭시아에스엠,1450,1480,30,2.07,134723,197319550
002100,경농,13150,12950,-200,-1.52,116356,1530507700
009450,경동나비엔,50600,50500,-100,-0.2,67430,3385114650
267290,경동도시가스,18400,18700,300,1.63,6177,115132150
012320,경동인베스트,31700,32150,450,1.42,13048,418134300
000050,경방,12050,12250,200,1.66,40128,487074950
214390,경보제약,12850,12550,-300,-2.33,251869,3279718250
012610,경인양행,6870,6790,-80,-1.16,248867,1704505280
009140,경인전자,30000,31100,1100,3.67,8154,248462900
013580,계룡건설,28500,28400,-100,-0.35,43292,1242773300
012200,계양전기,4450,4460,10,0.22,220713,994408495
012205,계양전기우,6990,6980,-10,-0.14,2064,14450730
002140,고려산업,4030,3995,-35,-0.87,115744,465859910
010130,고려아연,403500,407000,3500,0.87,61635,25141787000
002240,고려제강,16500,16500,0,0.0,255848,4211056500
009290,광동제약,8820,8890,70,0.79,208161,1857018140
017040,광명전기,2290,2390,100,4.37,2707073,6518013790
017900,광전자,2435,2460,25,1.03,197488,489149015
037710,광주신세계,158500,159500,1000,0.63,4321,691411500
030610,교보증권,7270,7220,-50,-0.69,72841,529841430
339770,교촌에프앤비,17600,17400,-200,-1.14,103379,1820051350
007690,국도화학,55300,56000,700,1.27,50048,2792238400
005320,국동,4200,3985,-215,-5.12,1067421,4347789270
001140,국보,2160,2125,-35,-1.62,1718012,3740690190
002720,국제약품,8150,8280,130,1.6,80879,671216520
083420,그린케미칼,12600,12550,-50,-0.4,384493,4949623250
014530,극동유화,3490,3450,-40,-1.15,459986,1598620765
014280,금강공업,5140,5050,-90,-1.75,65977,335533750
014285,금강공업우,10300,10250,-50,-0.49,1486,15217050
008870,금비,65900,66200,300,0.46,793,52447600
001570,금양,4700,4550,-150,-3.19,249731,1160158090
002990,금호산업,8740,8760,20,0.23,88858,781254980
002995,금호산업우,31000,30600,-400,-1.29,695,21476900
011780,금호석유,211000,209000,-2000,-0.95,581298,123891634000
011785,금호석유우,81300,79900,-1400,-1.72,58182,4737815200
214330,금호에이치티,2225,2250,25,1.12,1963419,4454576685
001210,금호전기,2610,2685,75,2.87,70874,190081205
073240,금호타이어,3975,4030,55,1.38,731375,2954256045
092440,기신정기,3835,3835,0,0.0,102634,394380515
000270,기아차,79400,80100,700,0.88,5012036,406635513700
024110,기업은행,8330,8390,60,0.72,1410580,11876817910
013700,까뮤이앤씨,3410,3400,-10,-0.29,8749606,30857385535
004540,깨끗한나라,4050,4050,0,0.0,64495,262276955
004545,깨끗한나라우,17750,17750,0,0.0,1157,20664350
001260,남광토건,13400,13350,-50,-0.37,50772,681737050
008350,남선알미늄,4165,4155,-10,-0.24,1142633,4784182285
008355,남선알미우,37000,38900,1900,5.14,1875,72196400
004270,남성,3535,3530,-5,-0.14,450205,1606870955
003920,남양유업,295000,296000,1000,0.34,1804,532699000
003925,남양유업우,179000,179000,0,0.0,189,33570500
025860,남해화학,8550,8620,70,0.82,192087,1647966730
005720,넥센,4750,4650,-100,-2.11,87483,410170300
005725,넥센우,2945,2925,-20,-0.68,2176,6358515
002350,넥센타이어,8420,8290,-130,-1.54,525943,4394702090
002355,넥센타이어1우B,2920,2915,-5,-0.17,5480,16005180
003580,넥스트사이언스,4015,4080,65,1.62,198503,804103945
251270,넷마블,123500,123500,0,0.0,262577,32701683000
090350,노루페인트,9210,9430,220,2.39,83006,782566500
090355,노루페인트우,12000,12050,50,0.42,950,11484850
000320,노루홀딩스,11600,11600,0,0.0,45380,527160050
000325,노루홀딩스우,15600,15900,300,1.92,887,13803450
006280,녹십자,378500,371500,-7000,-1.85,144035,54403333500
005250,녹십자홀딩스,37100,36650,-450,-1.21,426551,15930765800
005257,녹십자홀딩스2우,95400,94300,-1100,-1.15,1113,105509800
004370,농심,275000,273500,-1500,-0.55,29133,8001268500
072710,농심홀딩스,73700,73400,-300,-0.41,4962,364762900
058730,다스코,4995,4965,-30,-0.6,28632,143413455
023590,다우기술,27200,27000,-200,-0.74,381208,10321647400
019680,대교,3720,3785,65,1.75,119764,452626185
019685,대교우B,2505,2530,25,1.0,10707,26856650
006370,대구백화점,9310,9330,20,0.21,6963,65512930
008060,대덕,6700,6710,10,0.15,150933,1016764030
00806K,대덕1우,7830,7900,70,0.89,10067,79653640
353200,대덕전자,14600,14550,-50,-0.34,1021215,15129337450
35320K,대덕전자1우,8990,9090,100,1.11,17111,156471780
000490,대동공업,7940,8220,280,3.53,249019,2024290060
008110,대동전자,5540,5540,0,0.0,32328,177665970
005750,대림BCo,5320,5360,40,0.75,17950,96427490
001880,대림건설,30700,30450,-250,-0.81,91908,2807553250
006570,대림통상,3980,3975,-5,-0.13,10535,41917645
001680,대상,24950,24900,-50,-0.2,170279,4251075650
001685,대상우,17450,17600,150,0.86,2389,42054650
084690,대상홀딩스,9700,9740,40,0.41,77159,753227220
084695,대상홀딩스우,8200,8210,10,0.12,3365,27783390
128820,대성산업,3500,3425,-75,-2.14,297444,1023126600
117580,대성에너지,5150,5160,10,0.19,15001,77604770
016710,대성홀딩스,28250,27700,-550,-1.95,44739,1251559700
003540,대신증권,13900,13950,50,0.36,125455,1747397450
003547,대신증권2우B,9450,9460,10,0.11,7493,70976990
003545,대신증권우,9950,9940,-10,-0.1,73939,741253390
009190,대양금속,3855,3885,30,0.78,324506,1262761980
014160,대영포장,2695,2805,110,4.08,11989841,32739156745
047040,대우건설,5870,5830,-40,-0.68,2498109,14665041130
009320,대우부품,2690,2755,65,2.42,753790,2079806125
042660,대우조선해양,25450,25450,0,0.0,198617,5081272050
003090,대웅,36550,37400,850,2.33,328081,12349223150
069620,대웅제약,135500,135500,0,0.0,110140,15116602000
000430,대원강업,4140,4140,0,0.0,907108,3832849700
006340,대원전선,1510,1625,115,7.62,20363270,33738665425
006345,대원전선우,2490,2600,110,4.42,23145,60395450
003220,대원제약,16650,16750,100,0.6,44470,744216050
024890,대원화성,1850,1820,-30,-1.62,239886,440658475
002880,대유에이텍,1070,1105,35,3.27,3879042,4326463605
000300,대유플러스,804,818,14,1.74,765490,624361913
012800,대창,1990,1920,-70,-3.52,8525510,16770801885
015230,대창단조,6280,6340,60,0.96,32397,205616650
001070,대한방직,39600,39700,100,0.25,11668,463119200
006650,대한유화,363500,349500,-14000,-3.85,88189,31705871500
001440,대한전선,981,992,11,1.12,14392912,14304984334
084010,대한제강,13600,12900,-700,-5.15,425521,5681141250
001790,대한제당,22350,22550,200,0.89,149236,3391337300
001795,대한제당우,15100,16600,1500,9.93,75181,1221353950
001130,대한제분,142000,142000,0,0.0,7407,1060329000
003490,대한항공,28150,27550,-600,-2.13,2799782,77809095850
003495,대한항공우,40200,39650,-550,-1.37,11481,457488650
005880,대한해운,3295,3260,-35,-1.06,2675915,8820478465
003830,대한화섬,115000,118000,3000,2.61,1601,186708000
016090,대현,2125,2110,-15,-0.71,243444,521114230
069460,대호에이엘,2240,2270,30,1.34,269235,624929425
192080,더블유게임즈,55300,55700,400,0.72,76388,4264302600
012510,더존비즈온,110000,109000,-1000,-0.91,308622,34490403750
004830,덕성,6500,8020,1520,23.38,12539026,98202641460
004835,덕성우,12000,13850,1850,15.42,119923,1642721100
024900,덕양산업,3345,3455,110,3.29,996252,3467761270
145720,덴티움,61200,60000,-1200,-1.96,173410,10316435300
002150,도화엔지니어링,8050,8050,0,0.0,32902,265825060
001230,동국제강,8990,8820,-170,-1.89,1551256,13897170560
023450,동남합성,47400,47300,-100,-0.21,2300,108409900
004140,동방,10350,10600,250,2.42,23363022,237200557600
007590,동방아그로,6550,6570,20,0.31,27272,179133390
005960,동부건설,12050,11850,-200,-1.66,129951,1542857400
005965,동부건설우,22000,22050,50,0.23,2324,51129450
026960,동서,40300,40300,0,0.0,183319,7387969100
002210,동성제약,12650,12700,50,0.4,150975,1929439400
102260,동성코퍼레이션,4965,4940,-25,-0.5,47856,238259980
005190,동성화학,16100,16000,-100,-0.62,22663,365041750
000640,동아쏘시오홀딩스,116000,114500,-1500,-1.29,13324,1538389500
170900,동아에스티,82100,81700,-400,-0.49,35881,2944242400
028100,동아지질,16650,16350,-300,-1.8,120421,1979482250
282690,동아타이어,10400,10600,200,1.92,44980,473652600
001520,동양,1245,1240,-5,-0.4,969053,1208324380
001527,동양2우B,11600,11900,300,2.59,1,11900
001529,동양3우B,24300,27300,3000,12.35,823,21161650
084670,동양고속,23450,23450,0,0.0,1680,39451150
002900,동양물산,1575,1550,-25,-1.59,1773242,2779026160
082640,동양생명,4120,4100,-20,-0.49,262232,1076774935
001525,동양우,6620,6800,180,2.72,744,5095260
008970,동양철관,1300,1330,30,2.31,4403914,5842947550
092780,동양피스톤,5760,5830,70,1.22,61004,355587480
049770,동원FB,198000,196500,-1500,-0.76,13161,2602075000
018500,동원금속,1190,1200,10,0.84,16936539,21137760700
006040,동원산업,259500,260500,1000,0.39,2176,564471500
030720,동원수산,8940,8840,-100,-1.12,49769,441934950
014820,동원시스템즈,50100,49850,-250,-0.5,84984,4257630200
014825,동원시스템즈우,31450,31450,0,0.0,659,20728500
163560,동일고무벨트,8840,8800,-40,-0.45,25289,223685120
004890,동일산업,78000,78200,200,0.26,1893,147849400
002690,동일제강,2815,3655,840,29.84,18914670,67027111010
000020,동화약품,14500,14300,-200,-1.38,199410,2875280950
000150,두산,46650,47200,550,1.18,28722,1355822800
000157,두산2우B,54800,54000,-800,-1.46,344,18834200
241560,두산밥캣,32350,33200,850,2.63,369678,12152517410
000155,두산우,37500,37950,450,1.2,3217,121782450
042670,두산인프라코어,7860,7950,90,1.15,1546529,12314058600
034020,두산중공업,10600,10700,100,0.94,1873327,19956725250
336260,두산퓨얼셀,50000,50800,800,1.6,665693,34024941900
33626K,두산퓨얼셀1우,15600,15750,150,0.96,116118,1852904300
33626L,두산퓨얼셀2우B,18200,18400,200,1.1,7758,143231850
016740,두올,3880,5040,1160,29.9,42491587,200144949300
192650,드림텍,9380,9260,-120,-1.28,275798,2588613200
024090,디씨엠,12550,12500,-50,-0.4,13409,169973300
003160,디아이,5960,5980,20,0.34,252170,1524588970
092200,디아이씨,3190,3305,115,3.61,1470985,4942713805
013570,디와이,5900,5810,-90,-1.53,193997,1141780080
210540,디와이파워,14450,14600,150,1.04,199605,2921508800
007340,디티알오토모티브,27450,27900,450,1.64,36243,1011148550
026890,디피씨,11300,11150,-150,-1.33,1132489,12785297550
115390,락앤락,14800,14600,-200,-1.35,316475,4631703250
032350,롯데관광개발,21750,20900,-850,-3.91,1818192,38882154850
330590,롯데리츠,4995,4965,-30,-0.6,427563,2127251680
000400,롯데손해보험,1675,1685,10,0.6,350506,592385520
023530,롯데쇼핑,118500,121500,3000,2.53,142058,17038250500
004000,롯데정밀화학,53400,52500,-900,-1.69,94057,5010603600
286940,롯데정보통신,39450,39850,400,1.01,26396,1054496800
280360,롯데제과,124000,123000,-1000,-0.81,8929,1108026000
004990,롯데지주,33600,33400,-200,-0.6,110469,3715313200
00499K,롯데지주우,58900,58100,-800,-1.36,778,45257200
005300,롯데칠성,114500,114000,-500,-0.44,28091,3226653000
005305,롯데칠성우,60500,60900,400,0.66,2075,126239000
011170,롯데케미칼,318000,323500,5500,1.73,419443,138416189000
002270,롯데푸드,376000,370500,-5500,-1.46,6477,2429641500
071840,롯데하이마트,37450,36650,-800,-2.14,55329,2046405700
027740,마니커,699,698,-1,-0.14,926974,647360387
204320,만도,62500,64500,2000,3.2,678919,43900042800
001080,만호제강,18700,18350,-350,-1.87,25846,479757400
088980,맥쿼리인프라,11150,11150,0,0.0,708750,7893334100
094800,맵스리얼티1,4000,4010,10,0.25,47600,190668520
138040,메리츠금융지주,12250,12300,50,0.41,215933,2642227350
008560,메리츠증권,3760,3835,75,1.99,3023003,11592164805
000060,메리츠화재,16100,16600,500,3.11,807143,13267464650
090370,메타랩스,996,1005,9,0.9,227955,227839422
017180,명문제약,5550,5580,30,0.54,277323,1560049770
009900,명신산업,31100,30800,-300,-0.96,356542,11186461800
012690,모나리자,4440,4440,0,0.0,130174,578760900
005360,모나미,4910,4845,-65,-1.32,207724,1010565055
204210,모두투어리츠,3090,3130,40,1.29,25159,78628175
009680,모토닉,13150,13250,100,0.76,78007,1039538600
009580,무림PP,5780,5720,-60,-1.04,360122,2079679030
009200,무림페이퍼,2790,2980,190,6.81,476354,1420749230
033920,무학,6810,6830,20,0.29,18931,129167250
008420,문배철강,3710,3655,-55,-1.48,948850,3517914600
025560,미래산업,3145,3190,45,1.43,149297,474030135
007120,미래아이앤지,501,523,22,4.39,2665682,1365276754
006800,미래에셋대우,9340,9390,50,0.54,1787093,16942241300
00680K,미래에셋대우2우B,4325,4320,-5,-0.12,318799,1386898485
006805,미래에셋대우우,4940,4905,-35,-0.71,41590,205528120
357250,미래에셋맵스리츠,4750,4765,15,0.32,17023,80987775
085620,미래에셋생명,4000,4040,40,1.0,175588,709821795
002840,미원상사,151000,155500,4500,2.98,7197,1102122500
268280,미원에스씨,112000,114500,2500,2.23,1638,185438500
107590,미원홀딩스,72700,74100,1400,1.93,2580,188861700
134380,미원화학,61600,61600,0,0.0,367,22404900
003650,미창석유,80000,72000,-8000,-10.0,62535,4468694800
155900,바다로19호,2335,2345,10,0.43,8448,19749440
003610,방림,2020,2040,20,0.99,127146,256748810
001340,백광산업,3595,3575,-20,-0.56,653710,2351668700
035150,백산,6800,6930,130,1.91,417007,2913301710
002410,범양건영,4950,5040,90,1.82,340998,1727021200
096300,베트남개발1,230,228,-2,-0.87,221629,50584893
007210,벽산,2490,2485,-5,-0.2,364225,907210685
002760,보락,2170,2150,-20,-0.92,365756,794819500
003850,보령제약,21450,21300,-150,-0.7,708662,15239098550
000890,보해양조,923,967,44,4.77,14291330,14205844144
003000,부광약품,27850,26000,-1850,-6.64,23695164,686192817750
001270,부국증권,21850,21850,0,0.0,2172,47370700
001275,부국증권우,19500,19700,200,1.03,4211,82657000
026940,부국철강,4090,4170,80,1.96,117293,488823285
015350,부산가스,56500,55000,-1500,-2.65,3194,176618400
011390,부산산업,137500,130000,-7500,-5.45,51593,6911603000
005030,부산주공,690,685,-5,-0.72,383107,264389688
002070,비비안,3180,3265,85,2.67,456258,1500716110
100220,비상교육,6600,6510,-90,-1.36,20025,131373990
030790,비케이탑스,13400,13850,450,3.36,159645,2184942150
352820,빅히트,206500,207000,500,0.24,176498,37171782500
005180,빙그레,58200,58200,0,0.0,28636,1664721200
003960,사조대림,16900,16750,-150,-0.89,23969,405058350
008040,사조동아원,1270,1245,-25,-1.97,5319035,6701602710
007160,사조산업,37250,38500,1250,3.36,44266,1701561750
014710,사조씨푸드,5110,5160,50,0.98,116308,598632260
006090,사조오양,9750,9950,200,2.05,159887,1618800210
001470,삼부토건,3720,3910,190,5.11,6678458,25744672230
006400,삼성SDI,674000,684000,10000,1.48,579401,401846868832
006405,삼성SDI우,492000,485000,-7000,-1.42,17813,8758082000
006660,삼성공조,8050,8090,40,0.5,13994,113647170
028260,삼성물산,121500,122500,1000,0.82,465415,57333377000
02826K,삼성물산우B,113500,113500,0,0.0,5199,593331500
207940,삼성바이오로직스,750000,753000,3000,0.4,83482,63330864000
032830,삼성생명,75000,78400,3400,4.53,828000,64406067400
018260,삼성에스디에스,194500,191500,-3000,-1.54,178065,34579895000
028050,삼성엔지니어링,12900,12800,-100,-0.78,1294759,16731190250
009150,삼성전기,189500,201500,12000,6.33,1104639,221254326500
009155,삼성전기우,113500,116500,3000,2.64,37151,4359477000
005930,삼성전자,82500,83600,1100,1.33,33498180,2823604648915
005935,삼성전자우,72800,73100,300,0.41,2939705,216780083200
001360,삼성제약,7200,6950,-250,-3.47,5229693,36860727800
010140,삼성중공업,6560,6560,0,0.0,3499099,23158070000
010145,삼성중공우,299000,295500,-3500,-1.17,867,256798500
016360,삼성증권,36550,37050,500,1.37,467757,17269556000
068290,삼성출판사,33900,33500,-400,-1.18,3162598,110457609900
029780,삼성카드,32950,33100,150,0.46,209338,6913126250
000810,삼성화재,173000,181000,8000,4.62,403111,72157215000
000815,삼성화재우,136000,138000,2000,1.47,20984,2894209500
006110,삼아알미늄,10400,10200,-200,-1.92,95222,987768750
145990,삼양사,54800,55200,400,0.73,31766,1764594600
145995,삼양사우,40750,40850,100,0.25,257,10502050
003230,삼양식품,87100,88000,900,1.03,32219,2837885900
002170,삼양통상,62900,62100,-800,-1.27,6160,386278100
272550,삼양패키징,21800,22000,200,0.92,56685,1256737400
000070,삼양홀딩스,85400,88800,3400,3.98,28388,2522190200
000075,삼양홀딩스우,54300,56500,2200,4.05,62,3469800
002810,삼영무역,14000,14150,150,1.07,19904,282459350
005680,삼영전자,10600,10600,0,0.0,44690,474091400
003720,삼영화학,2790,2820,30,1.08,226103,637467885
023000,삼원강재,3470,3600,130,3.75,421009,1507306845
004380,삼익THK,12250,12300,50,0.41,48947,606157400
002450,삼익악기,1615,1585,-30,-1.86,1867238,3058659180
004440,삼일씨엔에스,13200,13150,-50,-0.38,44588,594482500
000520,삼일제약,20750,20300,-450,-2.17,32666,676735150
009770,삼정펄프,28850,28700,-150,-0.52,4641,133245700
005500,삼진제약,25500,24700,-800,-3.14,62239,1556199900
004690,삼천리,84000,83400,-600,-0.71,4986,417230200
010960,삼호개발,4430,4450,20,0.45,74231,329931405
004450,삼화왕관,37700,37800,100,0.27,1266,47963800
009470,삼화전기,20400,20400,0,0.0,73485,1525415450
011230,삼화전자,3495,3600,105,3.0,76686,274603630
001820,삼화콘덴서,67900,70300,2400,3.53,215689,15206627900
000390,삼화페인트,11200,11250,50,0.45,137825,1555859700
001290,상상인증권,1100,1100,0,0.0,178138,198224240
041650,상신브레이크,4450,4570,120,2.7,677506,3116762860
075180,새론오토모티브,5770,5690,-80,-1.39,15484,89148460
007540,샘표,49750,49950,200,0.4,11374,571579250
248170,샘표식품,47450,47800,350,0.74,6023,288237550
007860,서연,7310,8400,1090,14.91,5368324,45043902000
200880,서연이화,7100,7540,440,6.2,842183,6418248460
017390,서울가스,97000,94600,-2400,-2.47,1909,181771900
004410,서울식품,372,474,102,27.42,621943888,269765868654
004415,서울식품우,5090,5470,380,7.47,144120,788451120
021050,서원,2430,2400,-30,-1.23,776833,1882026405
008490,서흥,51100,51000,-100,-0.2,23461,1193805200
007610,선도전기,3280,3380,100,3.05,563782,1899081380
136490,선진,17850,17500,-350,-1.96,345065,5978830650
002820,선창산업,4475,4475,0,0.0,15392,68306200
014910,성문전자,1865,1880,15,0.8,113124,213073835
014915,성문전자우,7990,7930,-60,-0.75,2541,20250450
003080,성보화학,4105,4090,-15,-0.37,6725,27714400
004980,성신양회,7910,7910,0,0.0,237122,1874750990
004985,성신양회우,12150,12150,0,0.0,2638,31980100
011300,성안,1200,1180,-20,-1.67,25599720,30584771175
000180,성창기업지주,2360,2315,-45,-1.91,738173,1723164420
002420,세기상사,61600,61600,0,0.0,0,0
004360,세방,14400,14000,-400,-2.78,210353,2976096900
004365,세방우,7260,7240,-20,-0.28,6714,48596750
004490,세방전지,90200,87900,-2300,-2.55,221387,19795149900
001430,세아베스틸,14700,14650,-50,-0.34,218151,3226687550
306200,세아제강,87300,88600,1300,1.49,5670,503195300
003030,세아제강지주,44300,44350,50,0.11,3067,136846200
019440,세아특수강,12100,12300,200,1.65,31035,380422550
058650,세아홀딩스,73900,74600,700,0.95,164,12144700
013000,세우글로벌,4055,3850,-205,-5.06,5296447,21284399340
091090,세원셀론텍,2105,2050,-55,-2.61,1878338,3913754620
021820,세원정공,8090,8090,0,0.0,0,0
067830,세이브존IC,3100,3135,35,1.13,34323,108064600
033530,세종공업,9370,9500,130,1.39,427124,4105347070
075580,세진중공업,5000,4970,-30,-0.6,224592,1123906390
027970,세하,1710,1715,5,0.29,474692,810665900
145210,세화아이엠씨,624,634,10,1.6,2629824,1668731318
308170,센트랄모텍,30000,30750,750,2.5,669947,20932207900
012600,센트럴인사이트,8160,8200,40,0.49,475092,3784865190
068270,셀트리온,297500,291500,-6000,-2.02,909178,270414434500
336370,솔루스첨단소재,45150,46550,1400,3.1,352834,16364015100
33637K,솔루스첨단소재1우,15050,15000,-50,-0.33,24391,372085050
33637L,솔루스첨단소재2우B,26700,26800,100,0.37,2788,75346300
248070,솔루엠,22050,22150,100,0.45,1125681,24919249300
004430,송원산업,18400,18000,-400,-2.17,575272,10467683300
017550,수산중공업,4140,4100,-40,-0.97,1357545,5607098125
053210,스카이라이프,8540,8430,-110,-1.29,56651,479646250
134790,시디즈,59400,59800,400,0.67,2913,175697300
016590,신대양제지,65000,64800,-200,-0.31,28411,1850474600
029530,신도리코,28800,29050,250,0.87,71846,2087255050
004970,신라교역,10000,9950,-50,-0.5,43898,437090700
011930,신성이엔지,3070,3300,230,7.49,16904780,55056902790
005390,신성통상,1605,1590,-15,-0.93,567350,902090655
004170,신세계,267000,277500,10500,3.93,208163,57202523000
035510,신세계IC,135000,134500,-500,-0.37,6441,870943000
034300,신세계건설,45550,45200,-350,-0.77,66972,3083382750
031430,신세계인터내셔날,189500,190500,1000,0.53,53001,10099239000
031440,신세계푸드,64800,65400,600,0.93,16733,1090209100
006880,신송홀딩스,3990,4040,50,1.25,16077,64524405
005800,신영와코루,89700,91000,1300,1.45,1554,140218800
001720,신영증권,54400,55600,1200,2.21,7393,410683600
001725,신영증권우,55800,55700,-100,-0.18,3126,173916200
009270,신원,1425,1445,20,1.4,247206,355776405
009275,신원우,32950,32850,-100,-0.3,755,24388700
002700,신일전자,2170,2165,-5,-0.23,1008466,2178987150
019170,신풍제약,83800,90900,7100,8.47,3331367,305758041700
019175,신풍제약우,84900,90500,5600,6.6,57464,5317392300
002870,신풍제지,2850,2905,55,1.93,710347,2041176020
293940,신한알파리츠,7230,7270,40,0.55,80407,582692240
055550,신한지주,32950,33250,300,0.91,2839084,94758558485
001770,신화실업,22850,23000,150,0.66,9097,210795200
004080,신흥,12550,12450,-100,-0.8,9554,119558550
102280,쌍방울,630,629,-1,-0.16,1346882,849020540
003410,쌍용양회,6650,6700,50,0.75,897470,6005907920
003620,쌍용차,2770,2770,0,0.0,0,0
004770,써니전자,4255,4345,90,2.12,1103819,4863015520
015540,쎌마테라퓨틱스,6750,6530,-220,-3.26,212477,1404552840
004920,씨아이테크,907,926,19,2.09,183990,169260516
112610,씨에스윈드,72400,72600,200,0.28,329165,23701914700
008700,아남전자,3215,3230,15,0.47,15583623,53105403640
002790,아모레G,64700,63800,-900,-1.39,387688,24907400200
00279K,아모레G3우전환,40950,40400,-550,-1.34,11310,461256850
002795,아모레G우,21700,21450,-250,-1.15,56828,1222379950
090430,아모레퍼시픽,234500,235500,1000,0.43,200323,47406893500
090435,아모레퍼시픽우,75800,75700,-100,-0.13,60583,4601440500
002030,아세아,91600,91400,-200,-0.22,3637,334176900
183190,아세아시멘트,89200,87500,-1700,-1.91,9709,855949200
002310,아세아제지,44500,44450,-50,-0.11,36709,1644245200
267850,아시아나IDT,20850,20600,-250,-1.2,33393,695436900
020560,아시아나항공,14800,14650,-150,-1.01,502704,7404065200
122900,아이마켓코리아,8610,8690,80,0.93,46331,401136860
010780,아이에스동서,53700,54500,800,1.49,100782,5467788600
001780,알루코,4540,4480,-60,-1.32,722779,3286043860
018250,애경산업,25500,25300,-200,-0.78,75933,1933449950
161000,애경유화,10950,10600,-350,-3.2,534693,5766277650
011090,에넥스,2070,2015,-55,-2.66,1582899,3263486375
005850,에스엘,23700,23450,-250,-1.05,393828,9448223150
012750,에스원,83000,83400,400,0.48,59801,4986472600
023960,에쓰씨엔지니어링,5300,5570,270,5.09,1005547,5490924280
298690,에어부산,3795,3660,-135,-3.56,1086116,3990290775
140910,에이리츠,6770,6870,100,1.48,11786,81260080
078520,에이블씨엔씨,7710,7960,250,3.24,180481,1443127830
015260,에이엔피,1470,1400,-70,-4.76,214304,303836890
007460,에이프로젠KIC,1845,1850,5,0.27,1151246,2135664105
003060,에이프로젠제약,1125,1115,-10,-0.89,1248692,1396149090
244920,에이플러스에셋,5900,6220,320,5.42,458993,2877024880
036570,엔씨소프트,936000,946000,10000,1.07,113384,108726594760
138250,엔에스쇼핑,11050,11100,50,0.45,99256,1084095300
085310,엔케이,1315,1335,20,1.52,1090629,1471791570
009810,엔케이물산,573,570,-3,-0.52,631370,364224932
900140,엘브이엠씨홀딩스,4120,4100,-20,-0.49,850621,3485058745
014440,영보화학,3925,3940,15,0.38,67975,268865515
111770,영원무역,42000,41200,-800,-1.9,225637,9462551250
009970,영원무역홀딩스,40800,40350,-450,-1.1,32254,1316516950
003520,영진약품,6450,6450,0,0.0,1045151,6788418490
000670,영풍,620000,607000,-13000,-2.1,3249,1996211000
006740,영풍제지,7470,7450,-20,-0.27,424645,3159017390
012280,영화금속,2700,2310,-390,-14.44,15108869,36260719360
012160,영흥,1155,1110,-45,-3.9,1819686,2056686205
015360,예스코홀딩스,33550,33650,100,0.3,2983,103401650
007310,오뚜기,560000,569000,9000,1.61,5930,3356007000
002630,오리엔트바이오,1755,1780,25,1.42,3178169,5756007860
271560,오리온,128500,130500,2000,1.56,134636,17520052000
001800,오리온홀딩스,13750,13850,100,0.73,184000,2551492700
070960,용평리조트,4600,4650,50,1.09,206877,964660510
316140,우리금융지주,9580,9730,150,1.57,2057937,20058857600
033660,우리금융캐피탈,10400,10400,0,0.0,40471,421077800
004720,우리들제약,8900,9100,200,2.25,152871,1401382610
118000,우리들휴브레인,2415,2405,-10,-0.41,293288,712699715
010050,우리종금,635,640,5,0.79,7523831,4815109288
006980,우성사료,3145,3145,0,0.0,348559,1098919200
017370,우신시스템,4915,5000,85,1.73,121019,610721460
105840,우진,4050,4010,-40,-0.99,158082,638875260
010400,우진아이엔에스,7820,7750,-70,-0.9,13610,106044620
049800,우진플라임,5550,6190,640,11.53,312982,1900508470
016880,웅진,1085,1090,5,0.46,217575,235762435
095720,웅진씽크빅,2550,2540,-10,-0.39,232522,593832110
005820,원림,20650,20900,250,1.21,7000,144176250
010600,웰바이오텍,2955,2940,-15,-0.51,897453,2628890275
008600,윌비스,1665,1655,-10,-0.6,2290051,3801516555
033270,유나이티드제약,52600,53000,400,0.76,362219,19558910100
014830,유니드,62300,63500,1200,1.93,49121,3146051100
000910,유니온,8410,8570,160,1.9,15082185,134436754250
047400,유니온머티리얼,4300,4390,90,2.09,13439239,58924181885
011330,유니켐,1460,1455,-5,-0.34,437191,637681345
077500,유니퀘스트,11100,11300,200,1.8,260205,2969532150
002920,유성기업,3010,3025,15,0.5,136477,417585345
000700,유수홀딩스,5730,5700,-30,-0.52,11078,62777930
003470,유안타증권,3055,3080,25,0.82,181603,562047315
003475,유안타증권우,2395,2440,45,1.88,13481,32684455
011690,유양디앤유,1220,1220,0,0.0,0,0
072130,유엔젤,3745,3820,75,2.0,22950,87545480
000220,유유제약,11750,12100,350,2.98,52536,634011450
000225,유유제약1우,11150,11150,0,0.0,2571,28693150
000227,유유제약2우B,28650,29050,400,1.4,78,2232750
001200,유진투자증권,3755,3765,10,0.27,265961,1002426100
000100,유한양행,62000,61900,-100,-0.16,341398,21311502200
000105,유한양행우,60200,60500,300,0.5,4052,248435800
003460,유화증권,2255,2275,20,0.89,95580,215975135
003465,유화증권우,2380,2385,5,0.21,4201,10008380
008730,율촌화학,22950,22500,-450,-1.96,123429,2813840000
008250,이건산업,8840,9030,190,2.15,97781,885558750
025820,이구산업,2930,3010,80,2.73,1113172,3327502570
214320,이노션,61800,61400,-400,-0.65,58751,3594560200
088260,이리츠코크렙,5220,5240,20,0.38,34784,182465500
139480,이마트,169000,170500,1500,0.89,205804,35185142500
007660,이수페타시스,3355,3345,-10,-0.3,143095,485813730
005950,이수화학,12300,12300,0,0.0,314235,3904136800
015020,이스타코,1020,1040,20,1.96,2839879,3027269080
093230,이아이디,326,423,97,29.75,308640363,118473993507
074610,이엔플러스,4135,4125,-10,-0.24,635374,2623044525
102460,이연제약,17900,17950,50,0.28,66760,1202771400
084680,이월드,3420,3500,80,2.34,968262,3413115000
350520,이지스레지던스리츠,4765,4770,5,0.1,42946,204697880
334890,이지스밸류리츠,4750,4760,10,0.21,57122,272642920
000760,이화산업,16250,16400,150,0.92,819,13406200
014990,인디에프,1315,1290,-25,-1.9,118970,155068420
101140,인바이오젠,3220,3340,120,3.73,618530,2075326620
006490,인스코비,2900,2740,-160,-5.52,3656119,10199172815
023800,인지컨트롤스,18200,18800,600,3.3,339188,6457976650
034590,인천도시가스,24900,24950,50,0.2,3982,98828950
129260,인터지스,4040,4150,110,2.72,882521,3620277675
023810,인팩,7790,7760,-30,-0.39,36104,283856840
249420,일동제약,17150,17750,600,3.5,5991013,113507176200
000230,일동홀딩스,15100,15150,50,0.33,200697,3113840800
013360,일성건설,1230,1230,0,0.0,253874,314757395
003120,일성신약,79300,79600,300,0.38,2000,158776500
003200,일신방직,86300,86700,400,0.46,5399,469561100
007110,일신석재,1875,1890,15,0.8,266043,502452390
007570,일양약품,52000,50300,-1700,-3.27,207747,10605640150
007575,일양약품우,62500,60600,-1900,-3.04,2903,178069600
008500,일정실업,13700,13900,200,1.46,5935,82585000
081000,일진다이아,44350,43400,-950,-2.14,250621,10951323200
020760,일진디스플,4590,4760,170,3.7,297159,1431428630
020150,일진머티리얼즈,69900,69500,-400,-0.57,614200,42894222400
103590,일진전기,3615,3560,-55,-1.52,526601,1909332040
015860,일진홀딩스,5030,5030,0,0.0,209139,1063509970
226320,잇츠한불,27300,27000,-300,-1.1,62022,1705722300
317400,자이에스앤디,10600,10700,100,0.94,118207,1273583050
033240,자화전자,15700,15800,100,0.64,894895,14363062300
000950,전방,32100,32600,500,1.56,7673,246041000
348950,제이알글로벌리츠,5180,5190,10,0.19,153940,798050870
194370,제이에스코퍼레이션,12400,12650,250,2.02,147448,1876001250
025620,제이준코스메틱,2230,2220,-10,-0.45,74113,165531240
036420,제이콘텐트리,44650,45300,650,1.46,187935,8644963400
030000,제일기획,19450,19450,0,0.0,277449,5418490850
271980,제일약품,42400,43400,1000,2.36,104905,4619194950
001560,제일연마,7260,7260,0,0.0,5424,39450840
002620,제일파마홀딩스,18650,18600,-50,-0.27,11179,210567900
006220,제주은행,6240,6350,110,1.76,693212,4413239760
089590,제주항공,23350,22650,-700,-3.0,437125,9991521800
004910,조광페인트,6290,6340,50,0.79,14573,92085270
004700,조광피혁,52600,55000,2400,4.56,8298,453397400
001550,조비,20500,20300,-200,-0.98,33111,679618650
000480,조선내화,78800,79400,600,0.76,856,67708900
120030,조선선재,109500,114000,4500,4.11,15360,1734062000
018470,조일알미늄,593,597,4,0.67,311150,185577735
002600,조흥,174500,173500,-1000,-0.57,136,23786000
185750,종근당,171000,171500,500,0.29,252283,44420299000
063160,종근당바이오,65900,66700,800,1.21,139558,9473043900
001630,종근당홀딩스,103500,103500,0,0.0,37986,4019837500
044380,주연테크,957,1000,43,4.49,754331,752467582
013890,지누스,93400,92100,-1300,-1.39,83740,7799359600
013870,지엠비코리아,7890,7990,100,1.27,375522,3049519950
071320,지역난방공사,36950,37550,600,1.62,8606,321954400
010580,지코,306,306,0,0.0,0,0
035000,지투알,5320,5400,80,1.5,42079,226331400
088790,진도,3730,3875,145,3.89,410366,1625045745
003780,진양산업,3940,3985,45,1.14,91312,362545450
010640,진양폴리,3060,3135,75,2.45,32477,100793960
100250,진양홀딩스,2670,2730,60,2.25,166842,453313655
051630,진양화학,3455,3520,65,1.88,100398,352501460
272450,진에어,21500,20750,-750,-3.49,472581,9919383750
011000,진원생명과학,14100,14350,250,1.77,595011,8603459150
002780,진흥기업,2560,2530,-30,-1.17,118783,304985500
002787,진흥기업2우B,11100,11750,650,5.86,565,6315500
002785,진흥기업우B,4975,4880,-95,-1.91,6612,32443355
009310,참엔지니어링,1475,1465,-10,-0.68,171644,252015795
000650,천일고속,64100,64600,500,0.78,778,50099400
033250,체시스,1600,1610,10,0.63,492011,794319410
035720,카카오,488000,491500,3500,0.72,922034,458197721500
006380,카프로,3875,4115,240,6.19,1375957,5735668655
109070,컨버즈,4100,4100,0,0.0,0,0
001620,케이비아이동국실업,848,860,12,1.42,153460,131113016
029460,케이씨,27750,27650,-100,-0.36,83932,2325483900
344820,케이씨씨글라스,44200,46300,2100,4.75,214844,9947884400
281820,케이씨텍,25050,25500,450,1.8,147839,3809873950
145270,케이탑리츠,1395,1370,-25,-1.79,919722,1254208140
357120,코람코에너지리츠,4800,4805,5,0.1,53754,257742865
007815,코리아써우,6460,6110,-350,-5.42,3690,22937810
007810,코리아써키트,14550,13600,-950,-6.53,723270,10121609600
00781K,코리아써키트2우B,6670,6500,-170,-2.55,1186,7824260
003690,코리안리,7860,7940,80,1.02,298092,2366339840
192820,코스맥스,104500,105000,500,0.48,99354,10459806500
044820,코스맥스비티아이,15700,15700,0,0.0,12884,202423700
005070,코스모신소재,19850,19300,-550,-2.77,884288,17463302100
005420,코스모화학,12250,12050,-200,-1.63,320509,3939140800
071950,코아스,1160,1155,-5,-0.43,136110,157905945
002020,코오롱,22700,22350,-350,-1.54,104748,2365455500
003070,코오롱글로벌,19850,19300,-550,-2.77,107764,2113939250
003075,코오롱글로벌우,24150,24200,50,0.21,820,19877050
144620,코오롱머티리얼,3235,3260,25,0.77,143903,471135230
002025,코오롱우,13550,13550,0,0.0,16234,219404300
120110,코오롱인더,55000,54500,-500,-0.91,639589,35438730600
120115,코오롱인더우,25900,25500,-400,-1.54,32002,832469650
138490,코오롱플라스틱,5980,5840,-140,-2.34,246348,1459279640
021240,코웨이,64700,64900,200,0.31,369319,24106122505
031820,콤텍시스템,1485,1490,5,0.34,731101,1096160290
192400,쿠쿠홀딩스,127000,130500,3500,2.76,14626,1880936000
284740,쿠쿠홈시스,40550,40550,0,0.0,103251,4140540550
015590,큐로,582,580,-2,-0.34,1507973,878936700
264900,크라운제과,9810,9850,40,0.41,17596,175422360
26490K,크라운제과우,9820,9800,-20,-0.2,8762,86383490
005740,크라운해태홀딩스,9020,9060,40,0.44,21743,198925930
005745,크라운해태홀딩스우,12000,12050,50,0.42,5543,66583800
020120,키다리스튜디오,11250,11550,300,2.67,309398,3514234850
039490,키움증권,129000,129000,0,0.0,185621,24015732000
012170,키위미디어그룹,1105,1105,0,0.0,0,0
014580,태경비케이,4330,4310,-20,-0.46,273355,1191655135
015890,태경산업,5620,5630,10,0.18,16174,90973170
006890,태경케미컬,13000,12650,-350,-2.69,157202,2014283900
003240,태광산업,942000,939000,-3000,-0.32,1142,1077242000
011280,태림포장,4930,4925,-5,-0.1,338679,1674014080
004100,태양금속,1200,1205,5,0.42,207782,252455755
004105,태양금속우,2760,2790,30,1.09,6896,19168055
009410,태영건설,11850,12000,150,1.27,149973,1782136750
009415,태영건설우,11000,11000,0,0.0,13757,151221800
001420,태원물산,4060,4030,-30,-0.74,16508,67177545
007980,태평양물산,1900,1895,-5,-0.26,356551,680811500
055490,테이팩스,36900,37900,1000,2.71,45366,1714876150
078000,텔코웨어,11300,11300,0,0.0,7960,90063350
214420,토니모리,8290,8310,20,0.24,14878,124044300
019180,티에이치엔,3350,3415,65,1.94,202493,693174150
363280,티와이홀딩스,24500,24000,-500,-2.04,75277,1820255750
36328K,티와이홀딩스우,22150,21900,-250,-1.13,10614,233113900
091810,티웨이항공,2940,2820,-120,-4.08,1815731,5140895590
004870,티웨이홀딩스,1545,1500,-45,-2.91,1283450,1912159925
005690,파미셀,16050,15850,-200,-1.25,827002,13401105000
036580,팜스코,7200,7200,0,0.0,254936,1814700950
028670,팬오션,5720,5630,-90,-1.57,6729782,38362206920
010820,퍼스텍,2255,2315,60,2.66,256137,590227550
016800,퍼시스,29800,29900,100,0.34,1154,34520100
001020,페이퍼코리아,2425,2430,5,0.21,316422,774316650
090080,평화산업,1090,1110,20,1.83,227292,254495975
010770,평화홀딩스,3540,3775,235,6.64,161598,620661640
058430,포스코강판,32750,30800,-1950,-5.95,412878,13153732650
047050,포스코인터내셔널,22350,21650,-700,-3.13,1573830,34730139400
003670,포스코케미칼,158000,155000,-3000,-1.9,707018,111042801500
007630,폴루스바이오팜,1225,1225,0,0.0,0,0
017810,풀무원,16800,17100,300,1.79,104295,1784248100
103140,풍산,36600,35450,-1150,-3.14,894373,31677173950
005810,풍산홀딩스,24500,24200,-300,-1.22,62710,1520713900
950210,프레스티지바이오파마,38800,36500,-2300,-5.93,2681476,104220260650
033180,필룩스,4365,4340,-25,-0.57,6817452,30794906845
086790,하나금융지주,37050,37900,850,2.29,2640067,100470004950
293480,하나제약,23250,23150,-100,-0.43,46829,1092943100
039130,하나투어,67200,66500,-700,-1.04,340682,22580475000
172580,하이골드12호,2010,2005,-5,-0.25,16219,32444895
153360,하이골드3호,1195,1195,0,0.0,21915,26019875
071090,하이스틸,27000,23750,-3250,-12.04,201494,4925997450
019490,하이트론,7010,6960,-50,-0.71,366799,2584428110
000080,하이트진로,34250,34500,250,0.73,488356,16783250450
000087,하이트진로2우B,19900,19900,0,0.0,1772,35260400
000140,하이트진로홀딩스,15300,15400,100,0.65,14098,217604100
000145,하이트진로홀딩스우,13950,13950,0,0.0,1122,15653100
152550,한국ANKOR유전,1650,1655,5,0.3,17208,28405080
036460,한국가스공사,31850,32700,850,2.67,479843,15763646100
005430,한국공항,38200,38450,250,0.65,8094,312828650
071050,한국금융지주,87300,87300,0,0.0,428689,37692923600
071055,한국금융지주우,60800,61400,600,0.99,29286,1805472200
010040,한국내화,3735,3750,15,0.4,179104,689333305
025540,한국단자,79500,78700,-800,-1.01,49211,3935710800
004090,한국석유,195500,187000,-8500,-4.35,198091,37795772000
002200,한국수출포장,21700,21950,250,1.15,14217,311287600
002960,한국쉘석유,249500,248500,-1000,-0.4,5084,1273630500
000240,한국앤컴퍼니,17250,17650,400,2.32,792241,14103401850
123890,한국자산신탁,3880,3880,0,0.0,291487,1132028160
015760,한국전력,22700,22900,200,0.88,2467687,56749021600
006200,한국전자홀딩스,1080,1115,35,3.24,890731,977911580
009540,한국조선해양,112000,110500,-1500,-1.34,447770,50363920500
023350,한국종합기술,7700,7580,-120,-1.56,170965,1303693380
025890,한국주강,1660,1695,35,2.11,143011,244094475
000970,한국주철관,8630,8510,-120,-1.39,92777,798756030
104700,한국철강,7900,7970,70,0.89,123403,982514100
017960,한국카본,11750,11650,-100,-0.85,706346,8274094750
161890,한국콜마,57500,57900,400,0.7,408076,23819667800
024720,한국콜마홀딩스,27300,27400,100,0.37,57709,1597663200
161390,한국타이어앤테크놀로지,47650,47950,300,0.63,554387,26850508240
034830,한국토지신탁,2100,2065,-35,-1.67,959348,1998022900
007280,한국특수형강,1890,1875,-15,-0.79,132548,248995200
168490,한국패러랠,1915,1925,10,0.52,4733,9110600
010100,한국프랜지,2800,2880,80,2.86,150801,431832585
047810,한국항공우주,33100,33800,700,2.11,1332419,45314834450
123690,한국화장품,12150,12100,-50,-0.41,61456,749260800
003350,한국화장품제조,36150,35850,-300,-0.83,13139,474445300
011500,한농화성,19800,18950,-850,-4.29,2087876,40149486200
002390,한독,27750,28000,250,0.9,81671,2320808050
014790,한라,4870,4740,-130,-2.67,158193,765922595
060980,한라홀딩스,41600,41750,150,0.36,71507,2984168400
053690,한미글로벌,9830,9910,80,0.81,98585,981902460
042700,한미반도체,22150,22400,250,1.13,684156,15565214550
008930,한미사이언스,64500,61100,-3400,-5.27,384911,23490920700
128940,한미약품,343000,319000,-24000,-7.0,246189,78308411000
009240,한샘,99500,99500,0,0.0,62180,6182436100
020000,한섬,37150,38500,1350,3.63,222938,8583420850
003680,한성기업,7470,7290,-180,-2.41,57777,426222470
105630,한세실업,20600,20700,100,0.49,759916,16068455550
069640,한세엠케이,3405,3435,30,0.88,42483,146452525
016450,한세예스24홀딩스,7240,7340,100,1.38,107691,795944470
010420,한솔PNS,1825,2145,320,17.53,19746541,41839740080
009180,한솔로지스틱스,3080,3135,55,1.79,1709254,5362077470
213500,한솔제지,13100,13150,50,0.38,104417,1374761350
014680,한솔케미칼,244000,237500,-6500,-2.66,105012,25164573000
004710,한솔테크닉스,9520,9830,310,3.26,292623,2883381990
004150,한솔홀딩스,3520,3565,45,1.28,228705,816689430
025750,한솔홈데코,1930,1940,10,0.52,1985111,3902979260
004960,한신공영,18400,18100,-300,-1.63,145450,2642368950
011700,한신기계,1770,1755,-15,-0.85,228852,407211775
001750,한양증권,9940,10100,160,1.61,59290,595940850
001755,한양증권우,14700,15200,500,3.4,7176,111087100
018880,한온시스템,15450,17300,1850,11.97,7906802,137368054000
009420,한올바이오파마,22050,22550,500,2.27,389637,8777453250
014130,한익스프레스,6100,6040,-60,-0.98,148158,903237670
300720,한일시멘트,116000,117000,1000,0.86,5465,639556000
002220,한일철강,2225,2180,-45,-2.02,222166,493877860
006390,한일현대시멘트,38700,38350,-350,-0.9,38816,1502177550
003300,한일홀딩스,10900,10800,-100,-0.92,66997,730811300
051600,한전KPS,26850,27200,350,1.3,132792,3587134150
052690,한전기술,17500,17700,200,1.14,104888,1852888600
130660,한전산업,4730,4665,-65,-1.37,213821,1002047835
002320,한진,42300,41750,-550,-1.3,104230,4404748450
097230,한진중공업,7270,7140,-130,-1.79,86306,620744130
003480,한진중공업홀딩스,3700,3690,-10,-0.27,48352,178452335
180640,한진칼,60600,59300,-1300,-2.15,97361,5834828800
18064K,한진칼우,40250,40200,-50,-0.12,4325,173118250
005110,한창,1275,1260,-15,-1.18,1072188,1354263255
009460,한창제지,2280,2250,-30,-1.32,925270,2099523340
000880,한화,29350,29550,200,0.68,453244,13492406200
00088K,한화3우B,13650,13650,0,0.0,57943,799208700
088350,한화생명,3205,3190,-15,-0.47,8247741,26538238215
000370,한화손해보험,3780,3725,-55,-1.46,934024,3495272355
009830,한화솔루션,45050,45250,200,0.44,1675466,77168614900
009835,한화솔루션우,53000,53100,100,0.19,5411,290072800
272210,한화시스템,21000,20350,-650,-3.1,2204061,45885695350
012450,한화에어로스페이스,36900,37600,700,1.9,740979,28204219950
000885,한화우,38500,39100,600,1.56,1331,52008250
003530,한화투자증권,2780,2755,-25,-0.9,1210800,3361115890
003535,한화투자증권우,4050,3985,-65,-1.6,147393,595193100
195870,해성디에스,33100,33250,150,0.45,278217,9349574550
101530,해태제과식품,8130,8100,-30,-0.37,34223,278394230
143210,핸즈코퍼레이션,6790,6830,40,0.59,40175,274081260
000720,현대건설,39800,40000,200,0.5,652267,26128622950
267270,현대건설기계,37450,36800,-650,-1.74,192701,7147899300
000725,현대건설우,163000,164500,1500,0.92,613,99972500
005440,현대그린푸드,9060,9490,430,4.75,4702143,44903582990
086280,현대글로비스,193000,193500,500,0.26,323384,63015621000
064350,현대로템,19600,19750,150,0.77,1380459,27593468300
079430,현대리바트,16200,16250,50,0.31,115289,1891126700
012330,현대모비스,303000,308500,5500,1.82,582415,180149610000
010620,현대미포조선,54000,53000,-1000,-1.85,548348,29725713900
069960,현대백화점,82000,82200,200,0.24,275921,22762471900
004560,현대비앤지스틸,20400,22100,1700,8.33,8727390,202300514100
004565,현대비앤지스틸우,96000,98100,2100,2.19,23301,2428790700
011760,현대상사,17350,17800,450,2.59,244722,4383550400
004310,현대약품,7770,8070,300,3.86,3285196,26290386460
322000,현대에너지솔루션,32500,32600,100,0.31,70772,2335382650
017800,현대엘리베이,43100,42800,-300,-0.7,285349,12339457450
307950,현대오토에버,130000,129500,-500,-0.38,95985,12579685000
011210,현대위아,77100,79900,2800,3.63,639696,51818834400
267260,현대일렉트릭,17650,17850,200,1.13,230192,4100956700
004020,현대제철,39950,40700,750,1.88,1126785,46344202500
267250,현대중공업지주,270500,270500,0,0.0,51361,14033735000
005380,현대차,237000,239000,2000,0.84,2509152,610330100500
005387,현대차2우B,102000,104500,2500,2.45,131664,13779087500
005389,현대차3우B,99600,100500,900,0.9,27988,2839877900
005385,현대차우,104000,107000,3000,2.88,77265,8314001000
001500,현대차증권,11450,11700,250,2.18,223639,2604026350
227840,현대코퍼레이션홀딩스,12500,12350,-150,-1.2,64889,807237550
126560,현대퓨처넷,3710,3660,-50,-1.35,236666,871074620
001450,현대해상,21900,22300,400,1.83,857762,18967898750
057050,현대홈쇼핑,79500,79200,-300,-0.38,28575,2258420200
093240,형지엘리트,3870,3795,-75,-1.94,753800,2884607265
003010,혜인,5700,5580,-120,-2.11,420235,2382119740
111110,호전실업,9830,10600,770,7.83,120603,1231643070
008770,호텔신라,81600,82400,800,0.98,392122,32279863100
008775,호텔신라우,82600,82500,-100,-0.12,10550,872672500
002460,화성산업,11400,11450,50,0.44,33382,381159600
013520,화승알앤에이,3650,3650,0,0.0,0,0
241590,화승엔터프라이즈,15450,15650,200,1.29,577918,9152368750
006060,화승인더,7740,7640,-100,-1.29,471133,3645795440
010690,화신,4915,5100,185,3.76,2212261,11564895660
133820,화인베스틸,2400,2355,-45,-1.88,341191,802102870
010660,화천기계,2330,2350,20,0.86,46640,109994170
000850,화천기공,31150,31450,300,0.96,9362,294851550
016580,환인제약,19100,19350,250,1.31,172069,3338836450
032560,황금에스티,9250,8880,-370,-4.0,323663,2922121240
004800,효성,80100,79900,-200,-0.25,118470,9533835400
094280,효성ITX,19800,19700,-100,-0.51,38869,771464900
298040,효성중공업,72400,72300,-100,-0.14,98737,7196816300
298050,효성첨단소재,292500,293000,500,0.17,101215,29729526000
298020,효성티앤씨,411000,422000,11000,2.68,93773,39845613000
298000,효성화학,226500,220000,-6500,-2.87,46187,10396450500
093370,후성,10100,10100,0,0.0,1323739,13526773950
081660,휠라홀딩스,40000,40000,0,0.0,358980,14418031700
005870,휴니드,6180,6370,190,3.07,125677,794008290
079980,휴비스,8080,8060,-20,-0.25,150312,1219577720
005010,휴스틸,8870,9310,440,4.96,269932,2496907200
069260,휴켐스,22900,22900,0,0.0,134898,3108759300
000540,흥국화재,4335,3915,-420,-9.69,858878,3525940620
000547,흥국화재2우B,19600,19500,-100,-0.51,383,7402100
000545,흥국화재우,7250,7220,-30,-0.41,7541,54262660
003280,흥아해운,258,258,0,0.0,0,0
