티커,종목명,시가,종가,변동폭,등락률,거래량,거래대금
095570,AJ네트웍스,5900,5720,-180,-3.05,230731,1338992360
006840,AK홀딩스,21350,20300,-1050,-4.92,85678,1744863050
027410,BGF,5800,5480,-320,-5.52,484727,2706418980
282330,BGF리테일,151500,148500,-3000,-1.98,18542,2784214000
138930,BNK금융지주,8740,8510,-230,-2.63,1359991,11668639460
001460,BYC,437000,425500,-11500,-2.63,143,61350500
001465,BYC우,172000,172000,0,0.0,80,13658000
001040,CJ,88400,85200,-3200,-3.62,82210,7086342500
079160,CJCGV,25350,24050,-1300,-5.13,648881,15863676350
00104K,CJ4우전환,75400,71000,-4400,-5.84,42586,3069556600
000120,CJ대한통운,131000,129500,-1500,-1.15,36146,4699553500
011150,CJ씨푸드,3795,3710,-85,-2.24,132414,491545805
011155,CJ씨푸드1우,39450,39800,350,0.89,118,4656800
001045,CJ우,58900,58000,-900,-1.53,2725,156645200
097950,CJ제일제당,379500,369500,-10000,-2.64,60546,22563518500
097955,CJ제일제당우,186000,183500,-2500,-1.34,3675,674596500
000590,CS홀딩스,61100,60800,-300,-0.49,1203,72931200
012030,DB,1035,1015,-20,-1.93,1305181,1328768496
016610,DB금융투자,7080,6890,-190,-2.68,137924,957842210
005830,DB손해보험,55100,53600,-1500,-2.72,141087,7598771900
000990,DB하이텍,73800,72900,-900,-1.22,1160868,85360617500
000995,DB하이텍1우,106000,102000,-4000,-3.77,867,89585500
139130,DGB금융지주,9560,9350,-210,-2.2,451808,4264846600
001530,DI동일,298000,291500,-6500,-2.18,19794,5851269000
000210,DL,60300,59400,-900,-1.49,104391,6219224700
001880,DL건설,27500,27000,-500,-1.82,22549,611845500
000215,DL우,36850,36050,-800,-2.17,6331,229141250
375500,DL이앤씨,119000,115000,-4000,-3.36,152688,17754580000
37550K,DL이앤씨우,71500,70300,-1200,-1.68,8218,579790500
004840,DRB동일,5090,5050,-40,-0.79,48169,242680880
155660,DSR,5600,5420,-180,-3.21,70982,390701590
069730,DSR제강,4800,4725,-75,-1.56,106851,505531775
017940,E1,49250,48150,-1100,-2.23,22723,1095716450
365550,ESR켄달스퀘어리츠,6580,6570,-10,-0.15,316068,2072181070
383220,FF,865000,845000,-20000,-2.31,59883,51148640000
007700,FF홀딩스,40200,38200,-2000,-4.98,178653,6959847300
114090,GKL,13050,12650,-400,-3.07,597621,7579764650
078930,GS,40000,39050,-950,-2.38,335136,13185737700
006360,GS건설,39050,38450,-600,-1.54,337550,13039839600
001250,GS글로벌,2465,2350,-115,-4.67,570529,1364716400
007070,GS리테일,31150,30350,-800,-2.57,324781,9950799950
078935,GS우,36350,35950,-400,-1.1,6870,247757400
012630,HDC,10250,10200,-50,-0.49,362168,3672127300
039570,HDC아이콘트롤스,12000,12050,50,0.42,21705,260515450
089470,HDC현대EP,6020,5680,-340,-5.65,355650,2052233610
294870,HDC현대산업개발,23100,22300,-800,-3.46,285719,6441561850
011200,HMM,24850,24450,-400,-1.61,3437153,84779680950
082740,HSD엔진,8290,8110,-180,-2.17,251565,2057757470
003560,IHQ,1685,1595,-90,-5.34,2332131,3797639715
175330,JB금융지주,8500,8330,-170,-2.0,275305,2307142300
234080,JW생명과학,14300,14800,500,3.5,150181,2234670050
001060,JW중외제약,23100,22950,-150,-0.65,40383,924011600
001067,JW중외제약2우B,59400,59200,-200,-0.34,54,3194900
001065,JW중외제약우,33900,33600,-300,-0.88,126,4261850
096760,JW홀딩스,3560,3525,-35,-0.98,18919,67253785
105560,KB금융,57100,55800,-1300,-2.28,1005921,56393105377
002380,KCC,299000,292000,-7000,-2.34,42093,12426662500
344820,KCC글라스,57200,56500,-700,-1.22,52595,2969423100
009070,KCTC,6160,6010,-150,-2.44,218442,1323608020
009440,KC그린홀딩스,4715,4530,-185,-3.92,68432,314904135
119650,KC코트렐,6570,6400,-170,-2.59,103789,671437130
092220,KEC,3795,3735,-60,-1.58,30084578,117100857920
016380,KG동부제철,10700,10350,-350,-3.27,340765,3566174050
016385,KG동부제철우,99300,95200,-4100,-4.13,138,13151700
001390,KG케미칼,32400,31400,-1000,-3.09,215122,6819659250
033180,KH필룩스,2865,2800,-65,-2.27,952591,2687225600
001940,KISCO홀딩스,15750,14950,-800,-5.08,14873,226431600
025000,KPX케미칼,54700,54500,-200,-0.37,7808,421414700
092230,KPX홀딩스,65700,64900,-800,-1.22,1917,124226000
000040,KR모터스,905,900,-5,-0.55,486366,440530106
044450,KSS해운,11650,11550,-100,-0.86,42695,494580900
030200,KT,31050,31150,100,0.32,678903,21215515450
033780,KTG,84500,83800,-700,-0.83,488611,41026907600
030210,KTB투자증권,6400,6350,-50,-0.78,446174,2821680310
058850,KTcs,2575,2505,-70,-2.72,272216,687690455
058860,KTis,2480,2415,-65,-2.62,104474,255046855
093050,LF,18500,17800,-700,-3.78,96179,1745198450
003550,LG,84600,82000,-2600,-3.07,310591,25610702400
034220,LG디스플레이,21450,20850,-600,-2.8,2644732,55873323900
051900,LG생활건강,1169000,1142000,-27000,-2.31,44910,51662670000
051905,LG생활건강우,640000,628000,-12000,-1.88,1704,1080372000
003555,LG우,63800,62900,-900,-1.41,7251,456871300
032640,LG유플러스,13800,13800,0,0.0,1250366,17253623950
011070,LG이노텍,294000,294500,500,0.17,407223,120887964500
066570,LG전자,125500,122000,-3500,-2.79,872482,107385674000
066575,LG전자우,62600,61300,-1300,-2.08,36074,2222888100
037560,LG헬로비전,6050,5850,-200,-3.31,491519,2909576850
051910,LG화학,739000,721000,-18000,-2.44,201250,146123759000
051915,LG화학우,355000,342000,-13000,-3.66,10843,3766930000
079550,LIG넥스원,56800,55700,-1100,-1.94,270274,15224527200
006260,LS,54600,53900,-700,-1.28,81366,4389460500
010120,LSELECTRIC,56700,55200,-1500,-2.65,61501,3430297900
000680,LS네트웍스,3030,2935,-95,-3.14,112707,335290355
229640,LS전선아시아,8170,8000,-170,-2.08,78901,636593510
001120,LX인터내셔널,25500,24450,-1050,-4.12,331074,8178791050
108670,LX하우시스,60500,58500,-2000,-3.31,138597,8135890900
108675,LX하우시스우,28400,27500,-900,-3.17,13198,362634250
383800,LX홀딩스,9180,9050,-130,-1.42,493347,4480767410
38380K,LX홀딩스1우,13950,13950,0,0.0,3094,44045500
023150,MH에탄올,10050,10400,350,3.48,150860,1552180550
035420,NAVER,397000,389500,-7500,-1.89,473540,184919804500
181710,NHN,90500,89500,-1000,-1.1,156804,14201254600
400760,NH올원리츠,5420,5380,-40,-0.74,613559,3301513080
005940,NH투자증권,13000,12800,-200,-1.54,469351,6050374900
005945,NH투자증권우,12550,12400,-150,-1.2,109929,1368782250
338100,NH프라임리츠,4915,4925,10,0.2,84432,415112845
034310,NICE,16700,16500,-200,-1.2,74888,1233343750
008260,NI스틸,3500,3365,-135,-3.86,145964,497985660
004250,NPC,6740,6640,-100,-1.48,1115868,7483395210
004255,NPC우,3260,3240,-20,-0.61,7044,22883965
010060,OCI,114500,110500,-4000,-3.49,301680,33651989500
178920,PI첨단소재,55000,53000,-2000,-3.64,424297,22888544900
005490,POSCO,277000,272000,-5000,-1.81,251387,68619256000
010950,S-Oil,87800,84800,-3000,-3.42,394681,33682985400
010955,S-Oil우,56500,55300,-1200,-2.12,8632,477530700
034120,SBS,44300,44900,600,1.35,75543,3367516900
101060,SBS미디어홀딩스,1925,1880,-45,-2.34,257713,488804575
005090,SGC에너지,47250,45700,-1550,-3.28,42215,1967823700
001380,SG글로벌,1770,1735,-35,-1.98,477164,849738920
004060,SG세계물산,666,663,-3,-0.45,2115852,1433516875
001770,SHD,28500,26400,-2100,-7.37,26086,701795850
002360,SH에너지화학,950,932,-18,-1.89,983430,922221516
009160,SIMPAC,6750,6480,-270,-4.0,247847,1625306470
123700,SJM,4590,4380,-210,-4.58,54254,240758495
025530,SJM홀딩스,3525,3450,-75,-2.13,26182,90400890
034730,SK,263500,255500,-8000,-3.04,1048104,267865410000
011790,SKC,199000,199500,500,0.25,444262,89540645500
018670,SK가스,127000,122500,-4500,-3.54,19850,2491885000
001740,SK네트웍스,5130,5010,-120,-2.34,600110,3029454905
001745,SK네트웍스우,85300,85400,100,0.12,12,1016200
006120,SK디스커버리,47250,47200,-50,-0.11,38952,1842012550
006125,SK디스커버리우,35900,35750,-150,-0.42,5446,195333550
210980,SK디앤디,29600,28900,-700,-2.36,23868,697011050
068400,SK렌터카,10900,10450,-450,-4.13,101180,1065267550
395400,SK리츠,6110,6070,-40,-0.65,371478,2254962190
302440,SK바이오사이언스,255000,279000,24000,9.41,2049475,557696092500
326030,SK바이오팜,97800,98600,800,0.82,141832,14017138400
361610,SK아이이테크놀로지,157000,162500,5500,3.5,591380,95285601500
03473K,SK우,227000,218500,-8500,-3.74,3555,782308500
096770,SK이노베이션,220000,209000,-11000,-5.0,626830,132796660250
096775,SK이노베이션우,135000,129500,-5500,-4.07,8484,1112449500
001510,SK증권,1000,978,-22,-2.2,4865740,4807921416
001515,SK증권우,3975,3930,-45,-1.13,4706,18521260
285130,SK케미칼,146000,150500,4500,3.08,212999,31948603500
28513K,SK케미칼우,80400,84500,4100,5.1,43315,3619053000
017670,SK텔레콤,309500,309500,0,0.0,0,0
000660,SK하이닉스,117500,115500,-2000,-1.7,4337936,502130486360
064960,SNT모티브,46250,44600,-1650,-3.57,99292,4452332800
100840,SNT에너지,19650,19050,-600,-3.05,49317,948221050
003570,SNT중공업,9060,8930,-130,-1.43,25103,224591900
036530,SNT홀딩스,17450,17200,-250,-1.43,9528,164542650
005610,SPC삼립,71100,70000,-1100,-1.55,9425,661906400
011810,STX,3980,3980,0,0.0,104205,416872225
077970,STX엔진,9830,9470,-360,-3.66,35909,344145470
071970,STX중공업,4750,4640,-110,-2.32,139183,642966610
002820,SUNL,4915,5000,85,1.73,22423,108810595
084870,TBH글로벌,2355,2270,-85,-3.61,96716,224943100
002710,TCC스틸,7200,7050,-150,-2.08,131119,937279850
002900,TYM,1720,1700,-20,-1.16,1632895,2778120825
024070,WISCOM,3765,3685,-80,-2.12,50130,185179970
037270,YGPLUS,8800,8260,-540,-6.14,2056748,17596222630
000500,가온전선,24600,24200,-400,-1.63,15588,376992200
000860,강남제비스코,22700,22300,-400,-1.76,10477,234304750
035250,강원랜드,24250,23550,-700,-2.89,1144463,27132360950
011420,갤럭시아에스엠,2975,2820,-155,-5.21,1947817,5747825805
002100,경농,11650,11200,-450,-3.86,71821,815667600
009450,경동나비엔,59400,57700,-1700,-2.86,36796,2137855600
267290,경동도시가스,22700,22300,-400,-1.76,13056,292648000
012320,경동인베스트,36050,35850,-200,-0.55,5264,185124650
000050,경방,13650,13400,-250,-1.83,12281,165413550
214390,경보제약,9000,8890,-110,-1.22,56675,506833030
012610,경인양행,6600,6450,-150,-2.27,208110,1354111130
009140,경인전자,28800,29100,300,1.04,7141,208663600
013580,계룡건설,35450,34700,-750,-2.12,79857,2803870500
012200,계양전기,4200,4070,-130,-3.1,156255,649970260
012205,계양전기우,6600,6600,0,0.0,7751,50434720
002140,고려산업,3030,2945,-85,-2.81,109763,326640625
010130,고려아연,499000,520000,21000,4.21,105978,54901634000
002240,고려제강,20000,19950,-50,-0.25,74739,1483449450
009290,광동제약,7100,6930,-170,-2.39,191279,1338974370
017040,광명전기,2645,2520,-125,-4.73,437679,1129786100
017900,광전자,3365,3230,-135,-4.01,552470,1823411360
037710,광주신세계,178500,174500,-4000,-2.24,1570,276180000
030610,교보증권,8910,8710,-200,-2.24,107335,936389400
339770,교촌에프앤비,17450,17150,-300,-1.72,91905,1571672650
007690,국도화학,58800,56800,-2000,-3.4,63843,3668803600
005320,국동,2355,2380,25,1.06,614222,1476020205
001140,국보,1640,1600,-40,-2.44,2157509,3519947705
002720,국제약품,5360,5220,-140,-2.61,85114,448099750
083420,그린케미칼,9380,9300,-80,-0.85,114847,1070815050
014530,극동유화,3840,3735,-105,-2.73,225950,854648845
014280,금강공업,8150,7870,-280,-3.44,97907,781915180
014285,금강공업우,12450,12300,-150,-1.2,2565,31749850
008870,금비,65900,65000,-900,-1.37,732,47644900
001570,금양,5350,5050,-300,-5.61,811468,4160012255
002990,금호건설,11600,11350,-250,-2.16,124881,1441014850
002995,금호건설우,31300,31000,-300,-0.96,340,10589400
011780,금호석유,162000,157500,-4500,-2.78,161161,25629622000
011785,금호석유우,110000,110000,0,0.0,21654,2362874000
214330,금호에이치티,2185,2100,-85,-3.89,2132171,4553757145
001210,금호전기,3375,3270,-105,-3.11,190819,621647405
073240,금호타이어,4305,4115,-190,-4.41,745455,3099641085
092440,기신정기,4400,4300,-100,-2.27,49159,212090400
000270,기아,82400,80600,-1800,-2.18,1523245,123388550400
024110,기업은행,11150,11000,-150,-1.35,1219356,13466572350
013700,까뮤이앤씨,2220,2150,-70,-3.15,469929,1015088230
004540,깨끗한나라,4370,4245,-125,-2.86,203891,873529505
004545,깨끗한나라우,21750,21500,-250,-1.15,826,17643550
001260,남광토건,12900,12500,-400,-3.1,46971,599361950
008350,남선알미늄,2735,2590,-145,-5.3,2145755,5717041710
008355,남선알미우,22150,21750,-400,-1.81,404,8840100
004270,남성,3435,3305,-130,-3.78,443601,1492574160
003920,남양유업,432000,432500,500,0.12,3575,1553901000
003925,남양유업우,224000,220500,-3500,-1.56,122,26946500
025860,남해화학,11000,10750,-250,-2.27,725191,7787106800
005720,넥센,4820,4695,-125,-2.59,26602,125473080
005725,넥센우,3520,3485,-35,-0.99,119,415495
002350,넥센타이어,7140,6880,-260,-3.64,119296,827942970
002355,넥센타이어1우B,3250,3190,-60,-1.85,1839,5870595
003580,넥스트사이언스,18550,17350,-1200,-6.47,880247,15612917550
251270,넷마블,123000,120000,-3000,-2.44,199993,24210730000
090350,노루페인트,11100,10500,-600,-5.41,558338,5885828050
090355,노루페인트우,20000,19500,-500,-2.5,3830,76035350
000320,노루홀딩스,12450,12200,-250,-2.01,36890,453568450
000325,노루홀딩스우,39100,38000,-1100,-2.81,2576,98270850
006280,녹십자,228500,228500,0,0.0,61625,14177343000
005250,녹십자홀딩스,26550,26400,-150,-0.56,85517,2278880700
005257,녹십자홀딩스2우,59000,59200,200,0.34,697,41297900
004370,농심,292000,286500,-5500,-1.88,15592,4468183000
072710,농심홀딩스,77300,76300,-1000,-1.29,2782,212582800
058730,다스코,4925,4860,-65,-1.32,113695,546621220
023590,다우기술,23400,22900,-500,-2.14,143574,3299349650
145210,다이나믹디자인,504,500,-4,-0.79,862460,429563627
019680,대교,4015,3970,-45,-1.12,68816,273637305
019685,대교우B,2930,2925,-5,-0.17,72584,210338440
006370,대구백화점,10350,10000,-350,-3.38,3758,38146550
008060,대덕,7840,7650,-190,-2.42,317395,2457310810
00806K,대덕1우,10500,9930,-570,-5.43,27710,279654280
353200,대덕전자,21500,21650,150,0.7,2476531,54640166050
35320K,대덕전자1우,14350,14250,-100,-0.7,23615,336829700
000490,대동,9870,9640,-230,-2.33,161993,1572714930
008110,대동전자,8320,7920,-400,-4.81,115366,927333870
005750,대림BCo,7620,7390,-230,-3.02,120642,888928270
006570,대림통상,3480,3365,-115,-3.3,10406,35645045
001680,대상,23200,22850,-350,-1.51,117673,2691693650
001685,대상우,16750,16750,0,0.0,5319,88867750
084690,대상홀딩스,9550,9420,-130,-1.36,59182,558034450
084695,대상홀딩스우,10300,10050,-250,-2.43,4301,43326470
128820,대성산업,4335,4120,-215,-4.96,285497,1194468075
117580,대성에너지,7930,7800,-130,-1.64,151265,1195361320
016710,대성홀딩스,44350,44550,200,0.45,55360,2455755900
003540,대신증권,19900,19500,-400,-2.01,97030,1907244100
003547,대신증권2우B,17400,17200,-200,-1.15,50564,868999500
003545,대신증권우,17950,17800,-150,-0.84,107334,1912610650
009190,대양금속,4885,4700,-185,-3.79,416392,1994945725
014160,대영포장,2545,2700,155,6.09,15330614,40721285490
047040,대우건설,5870,5710,-160,-2.73,1536967,8829239570
009320,대우부품,2670,2590,-80,-3.0,874610,2287427125
042660,대우조선해양,24900,24350,-550,-2.21,300474,7348757750
003090,대웅,30150,30300,150,0.5,75532,2296474150
069620,대웅제약,133000,138500,5500,4.14,40516,5580300000
000430,대원강업,3975,3905,-70,-1.76,191021,751512930
006340,대원전선,1720,1680,-40,-2.33,643319,1086066930
006345,대원전선우,2975,2830,-145,-4.87,33885,95759725
003220,대원제약,15600,15650,50,0.32,190235,2954801650
024890,대원화성,4020,3850,-170,-4.23,1658888,6530755140
002880,대유에이텍,1440,1370,-70,-4.86,2754028,3832053125
000300,대유플러스,1605,1530,-75,-4.67,3445065,5356239660
012800,대창,1850,1810,-40,-2.16,741120,1357516320
015230,대창단조,7870,7830,-40,-0.51,45485,357843010
001070,대한방직,46300,46350,50,0.11,6095,281915000
006650,대한유화,178500,170000,-8500,-4.76,54648,9441708500
001440,대한전선,1895,1860,-35,-1.85,6874931,12994946885
084010,대한제강,15800,15200,-600,-3.8,140987,2168131900
001790,대한제당,3305,3300,-5,-0.15,232801,765659620
001795,대한제당우,3240,3215,-25,-0.77,37894,121648400
001130,대한제분,154500,151000,-3500,-2.27,3665,558064000
003490,대한항공,28150,27200,-950,-3.37,2969702,81716692700
003495,대한항공우,37950,37000,-950,-2.5,8997,335948500
005880,대한해운,2585,2480,-105,-4.06,1966038,4932457185
003830,대한화섬,131500,129000,-2500,-1.9,646,83889500
016090,대현,2255,2205,-50,-2.22,363731,808583980
069460,대호에이엘,3705,3770,65,1.75,416889,1578040425
192080,더블유게임즈,59500,58500,-1000,-1.68,253236,14940420000
012510,더존비즈온,77500,77500,0,0.0,60303,4679095700
004830,덕성,16550,15950,-600,-3.63,398084,6476604000
004835,덕성우,19900,18900,-1000,-5.03,39625,773015000
024900,덕양산업,3235,3185,-50,-1.55,143151,457943020
145720,덴티움,59400,56100,-3300,-5.56,91138,5182184400
002150,도화엔지니어링,7760,7730,-30,-0.39,40382,312452450
001230,동국제강,15600,15050,-550,-3.53,649100,9857961650
023450,동남합성,62800,62700,-100,-0.16,2264,141939800
004140,동방,3955,3840,-115,-2.91,594169,2312620610
007590,동방아그로,7160,7090,-70,-0.98,27436,195208770
005960,동부건설,14750,14450,-300,-2.03,75306,1099145750
005965,동부건설우,32850,32200,-650,-1.98,1523,49439000
026960,동서,34100,33300,-800,-2.35,235886,7882770950
002210,동성제약,8260,8230,-30,-0.36,37315,306699290
102260,동성케미컬,5030,4955,-75,-1.49,119550,595270595
000640,동아쏘시오홀딩스,116500,115000,-1500,-1.29,15737,1791221500
170900,동아에스티,72400,71400,-1000,-1.38,17513,1254095100
028100,동아지질,16450,16700,250,1.52,292961,5119490950
282690,동아타이어,12900,12700,-200,-1.55,29094,367454550
001520,동양,1530,1480,-50,-3.27,2587807,3844214550
001527,동양2우B,14300,14100,-200,-1.4,1208,17337050
001529,동양3우B,31600,31400,-200,-0.63,1955,60140950
084670,동양고속,19650,18600,-1050,-5.34,26927,502892650
082640,동양생명,7300,6930,-370,-5.07,507109,3565367380
001525,동양우,7470,7500,30,0.4,785,5874640
008970,동양철관,1295,1270,-25,-1.93,1191141,1522598910
092780,동양피스톤,6720,6440,-280,-4.17,193755,1271482000
049770,동원FB,196500,193000,-3500,-1.78,4881,942455500
018500,동원금속,929,894,-35,-3.77,205246,186511483
006040,동원산업,216500,215500,-1000,-0.46,3928,849558000
030720,동원수산,9610,9260,-350,-3.64,63476,592350220
014820,동원시스템즈,56200,55000,-1200,-2.14,79894,4433183500
014825,동원시스템즈우,32750,32200,-550,-1.68,87,2856500
163560,동일고무벨트,7630,7480,-150,-1.97,43325,324720870
004890,동일산업,141000,140500,-500,-0.35,2316,325276500
002690,동일제강,2865,2810,-55,-1.92,103546,295389770
000020,동화약품,13450,13900,450,3.35,464025,6388361950
000150,두산,123500,120500,-3000,-2.43,59739,7229641500
000157,두산2우B,115500,112000,-3500,-3.03,1324,148378500
241560,두산밥캣,39050,37800,-1250,-3.2,224088,8524500150
000155,두산우,77500,75400,-2100,-2.71,3833,292355800
034020,두산중공업,23300,23050,-250,-1.07,6052043,139925757500
336260,두산퓨얼셀,49650,48750,-900,-1.81,597583,29353012650
33626K,두산퓨얼셀1우,15050,14800,-250,-1.66,34733,516525500
33626L,두산퓨얼셀2우B,18900,18400,-500,-2.65,10475,192506350
016740,두올,4020,3915,-105,-2.61,350525,1378910045
192650,드림텍,10350,10100,-250,-2.42,360303,3658983160
024090,디씨엠,28700,29300,600,2.09,86518,2512667650
003160,디아이,8360,8010,-350,-4.19,217451,1770715180
092200,디아이씨,4275,4235,-40,-0.94,275626,1164664630
377190,디앤디플랫폼리츠,5400,5370,-30,-0.56,103230,553687790
013570,디와이,7150,6600,-550,-7.69,3145169,21209601630
210540,디와이파워,13250,12800,-450,-3.4,207800,2736322350
007340,디티알오토모티브,63900,63500,-400,-0.63,20203,1281663900
026890,디피씨,17450,17550,100,0.57,2630651,46106030600
115390,락앤락,10350,10650,300,2.9,664295,7119691400
032350,롯데관광개발,17650,17150,-500,-2.83,475578,8228258750
089860,롯데렌탈,39600,38900,-700,-1.77,91440,3578007000
330590,롯데리츠,5680,5650,-30,-0.53,194233,1096609510
000400,롯데손해보험,1775,1750,-25,-1.41,208816,366054825
023530,롯데쇼핑,94700,90800,-3900,-4.12,133385,12266447000
004000,롯데정밀화학,80400,80500,100,0.12,173306,13896196800
286940,롯데정보통신,39900,37250,-2650,-6.64,80787,3093172100
280360,롯데제과,119000,119500,500,0.42,2416,288055500
004990,롯데지주,31900,30900,-1000,-3.13,153329,4786369800
00499K,롯데지주우,49000,48300,-700,-1.43,363,17520950
005300,롯데칠성,141000,138500,-2500,-1.77,35339,4971511000
005305,롯데칠성우,70600,69600,-1000,-1.42,1470,102955800
011170,롯데케미칼,207000,201000,-6000,-2.9,162681,32881680500
002270,롯데푸드,351500,340000,-11500,-3.27,2243,771049000
071840,롯데하이마트,25750,24500,-1250,-4.85,211347,5236491250
027740,마니커,1640,1575,-65,-3.96,190156,305103290
204320,만도,59800,57600,-2200,-3.68,403574,23504938900
001080,만호제강,22200,21750,-450,-2.03,20552,449285500
088980,맥쿼리인프라,14250,14150,-100,-0.7,1341321,18999847150
094800,맵스리얼티1,4920,4925,5,0.1,50875,250027790
138040,메리츠금융지주,35700,36150,450,1.26,278530,10147703000
008560,메리츠증권,5160,5130,-30,-0.58,1047026,5401378900
000060,메리츠화재,31250,31800,550,1.76,438629,14078657350
090370,메타랩스,940,940,0,0.0,1307174,1281655683
017180,명문제약,4815,4730,-85,-1.77,170242,809693475
009900,명신산업,27700,27850,150,0.54,450060,12609386650
012690,모나리자,3920,3805,-115,-2.93,103475,398584410
005360,모나미,4410,4455,45,1.02,122213,542065900
204210,모두투어리츠,4330,4250,-80,-1.85,7995,33996760
009680,모토닉,10550,10300,-250,-2.37,43999,457177700
009580,무림PP,4010,3985,-25,-0.62,98995,396043725
009200,무림페이퍼,2585,2510,-75,-2.9,163314,414690760
033920,무학,8530,8260,-270,-3.17,80584,668061260
008420,문배철강,3955,3830,-125,-3.16,165592,636449910
025560,미래산업,13250,13050,-200,-1.51,38455,502799300
007120,미래아이앤지,508,499,-9,-1.77,657862,327855345
357250,미래에셋맵스리츠,5080,5090,10,0.2,168153,854977150
085620,미래에셋생명,4205,4120,-85,-2.02,45549,188798670
006800,미래에셋증권,9150,9010,-140,-1.53,1372293,12479530510
00680K,미래에셋증권2우B,4920,4830,-90,-1.83,178613,870129595
006805,미래에셋증권우,5750,5610,-140,-2.43,28550,162142900
002840,미원상사,204500,205000,500,0.24,3137,639724000
268280,미원에스씨,210500,208500,-2000,-0.95,1753,366676000
107590,미원홀딩스,140500,142000,1500,1.07,3487,488892500
134380,미원화학,78100,78000,-100,-0.13,981,76580100
003650,미창석유,82000,80700,-1300,-1.59,765,62092800
155900,바다로19호,3050,3000,-50,-1.64,37847,113888275
003610,방림,2930,2770,-160,-5.46,507802,1431554850
001340,백광산업,5720,5540,-180,-3.15,430282,2417527600
035150,백산,8390,8070,-320,-3.81,409661,3329666570
002410,범양건영,7080,6880,-200,-2.82,763982,5295865740
096300,베트남개발1,160,158,-2,-1.25,335865,53444775
007210,벽산,3585,3400,-185,-5.16,825457,2874640550
002760,보락,1995,2000,5,0.25,206482,410528675
003850,보령제약,14200,14400,200,1.41,438993,6401931150
000890,보해양조,899,891,-8,-0.89,851418,760223871
003000,부광약품,13100,12900,-200,-1.53,380660,4964595400
001270,부국증권,24400,24300,-100,-0.41,2664,64673550
001275,부국증권우,22950,22800,-150,-0.65,371,8484950
026940,부국철강,4175,4005,-170,-4.07,256906,1049026615
015350,부산가스,84300,84200,-100,-0.12,2878,242333600
011390,부산산업,109000,105000,-4000,-3.67,9722,1022396500
005030,부산주공,610,620,10,1.64,333119,203729759
002070,비비안,3125,2995,-130,-4.16,562623,1692732595
100220,비상교육,8050,8130,80,0.99,59189,469068200
030790,비케이탑스,2905,2865,-40,-1.38,266295,773052940
005180,빙그레,55100,54100,-1000,-1.81,21859,1185984300
003960,사조대림,25900,25800,-100,-0.39,39200,1011700750
008040,사조동아원,1165,1110,-55,-4.72,1403500,1581796000
007160,사조산업,44600,43900,-700,-1.57,16973,744707750
014710,사조씨푸드,5320,5200,-120,-2.26,64439,336586150
006090,사조오양,9060,9010,-50,-0.55,21788,196737120
001470,삼부토건,2305,2265,-40,-1.74,1605233,3640837900
006400,삼성SDI,715000,713000,-2000,-0.28,192567,138104740000
006405,삼성SDI우,354000,350000,-4000,-1.13,5202,1829743000
006660,삼성공조,16150,16500,350,2.17,50541,821032550
028260,삼성물산,113000,111000,-2000,-1.77,237459,26530329000
02826K,삼성물산우B,107500,104000,-3500,-3.26,3997,421868000
207940,삼성바이오로직스,847000,870000,23000,2.72,71357,61704446000
032830,삼성생명,65100,63300,-1800,-2.76,435488,27736125200
018260,삼성에스디에스,154000,150000,-4000,-2.6,123815,18686421500
028050,삼성엔지니어링,22450,22000,-450,-2.0,1222292,27131188500
009150,삼성전기,178000,170500,-7500,-4.21,815136,140709029000
009155,삼성전기우,98000,97500,-500,-0.51,35357,3447126200
005930,삼성전자,73700,72300,-1400,-1.9,13002242,944377957159
005935,삼성전자우,67800,66700,-1100,-1.62,949624,63590751600
001360,삼성제약,4945,4920,-25,-0.51,399320,1988985025
010140,삼성중공업,5580,5420,-160,-2.87,5437502,29770523680
010145,삼성중공우,240000,238500,-1500,-0.63,343,81660000
016360,삼성증권,46800,46000,-800,-1.71,268065,12393396400
068290,삼성출판사,36000,34600,-1400,-3.89,81154,2854192650
029780,삼성카드,33850,33600,-250,-0.74,122814,4135247150
000810,삼성화재,212500,206500,-6000,-2.82,87358,18189842500
000815,삼성화재우,176500,174000,-2500,-1.42,11592,2022436000
006110,삼아알미늄,35300,32600,-2700,-7.65,830610,28753177950
145990,삼양사,63300,63100,-200,-0.32,37085,2316947500
145995,삼양사우,41100,40500,-600,-1.46,176,7150900
003230,삼양식품,79900,83500,3600,4.51,84533,6951374800
002170,삼양통상,59200,58400,-800,-1.35,7863,460127400
272550,삼양패키징,23250,22600,-650,-2.8,46740,1064727300
000070,삼양홀딩스,99300,96600,-2700,-2.72,38412,3744757300
000075,삼양홀딩스우,69700,67100,-2600,-3.73,654,44239800
002810,삼영무역,15200,14850,-350,-2.3,30493,455140650
005680,삼영전자,11000,10850,-150,-1.36,68916,747464200
003720,삼영화학,2910,2845,-65,-2.23,131019,375539445
023000,삼원강재,3365,3330,-35,-1.04,40976,137091650
004380,삼익THK,11400,11350,-50,-0.44,28859,324229250
002450,삼익악기,1760,1730,-30,-1.7,275884,481335560
004440,삼일씨엔에스,9450,8990,-460,-4.87,47389,432251960
000520,삼일제약,7590,7430,-160,-2.11,41127,309346660
009770,삼정펄프,28000,27300,-700,-2.5,1976,54491250
005500,삼진제약,26300,25850,-450,-1.71,70040,1813591600
004690,삼천리,88800,87400,-1400,-1.58,9199,808028300
010960,삼호개발,5060,4975,-85,-1.68,154224,786760355
004450,삼화왕관,42100,42050,-50,-0.12,1232,51865600
009470,삼화전기,31600,31050,-550,-1.74,33886,1061140350
011230,삼화전자,4015,3935,-80,-1.99,54014,214341470
001820,삼화콘덴서,59800,56700,-3100,-5.18,95676,5531658600
000390,삼화페인트,9350,9050,-300,-3.21,67208,615886340
001290,상상인증권,1125,1120,-5,-0.44,349303,387321925
041650,상신브레이크,3975,3890,-85,-2.14,73724,288017725
075180,새론오토모티브,5460,5500,40,0.73,4997,27376710
007540,샘표,41400,41300,-100,-0.24,5618,230489050
248170,샘표식품,41750,41250,-500,-1.2,9521,390299200
007860,서연,13350,12650,-700,-5.24,411566,5331042800
200880,서연이화,7120,6990,-130,-1.83,113445,807546880
017390,서울가스,160500,160500,0,0.0,1483,237632000
004410,서울식품,304,301,-3,-0.99,5042694,1522544483
004415,서울식품우,4040,4050,10,0.25,7692,31352370
021050,서원,2060,2005,-55,-2.67,364431,735625795
008490,서흥,41350,40850,-500,-1.21,11949,490795750
007610,선도전기,3825,3660,-165,-4.31,317350,1173499585
136490,선진,11100,10600,-500,-4.5,216609,2313101150
014910,성문전자,2570,2425,-145,-5.64,387491,965796685
014915,성문전자우,8820,8640,-180,-2.04,23593,204413900
003080,성보화학,4095,3985,-110,-2.69,89065,357018880
004980,성신양회,12150,11550,-600,-4.94,283689,3352305200
004985,성신양회우,15250,14500,-750,-4.92,10590,156873400
011300,성안,787,787,0,0.0,0,0
000180,성창기업지주,2415,2325,-90,-3.73,250303,587032960
002420,세기상사,6160,6160,0,0.0,0,0
004360,세방,11850,11500,-350,-2.95,100643,1169670300
004365,세방우,7220,7200,-20,-0.28,226,1621510
004490,세방전지,81000,79200,-1800,-2.22,55389,4408439700
001430,세아베스틸,19950,19350,-600,-3.01,93224,1812887250
306200,세아제강,98400,97500,-900,-0.91,7217,703683000
003030,세아제강지주,108000,103500,-4500,-4.17,14675,1535076000
019440,세아특수강,16300,16050,-250,-1.53,8407,134974300
058650,세아홀딩스,109500,108500,-1000,-0.91,1115,121203000
013000,세우글로벌,1940,1815,-125,-6.44,1497181,2806711240
091090,세원이앤씨,1400,1335,-65,-4.64,4724053,6371177665
021820,세원정공,8090,8090,0,0.0,0,0
067830,세이브존IC,2965,2955,-10,-0.34,94349,273433700
033530,세종공업,10050,9600,-450,-4.48,544873,5371921810
075580,세진중공업,6010,5850,-160,-2.66,158193,933287960
027970,세하,1700,1690,-10,-0.59,250966,428917260
308170,센트랄모텍,24000,22750,-1250,-5.21,139243,3230909850
012600,센트럴인사이트,2490,2490,0,0.0,0,0
068270,셀트리온,209000,214000,5000,2.39,870748,185686506500
336370,솔루스첨단소재,104000,102000,-2000,-1.92,297119,30748862500
33637K,솔루스첨단소재1우,27200,26700,-500,-1.84,26182,697660550
33637L,솔루스첨단소재2우B,32350,31750,-600,-1.85,4325,138327200
248070,솔루엠,24500,25200,700,2.86,514728,12951073400
004430,송원산업,19000,18400,-600,-3.16,391386,7323054550
017550,수산중공업,2615,2740,125,4.78,2657322,7415264730
053210,스카이라이프,9420,9250,-170,-1.8,90525,841157210
134790,시디즈,59900,59600,-300,-0.5,3838,229449600
016590,신대양제지,83700,81500,-2200,-2.63,4123,342673800
029530,신도리코,32950,32700,-250,-0.76,26120,858596200
004970,신라교역,13500,13350,-150,-1.11,40858,546173500
011930,신성이엔지,2080,2030,-50,-2.4,1197416,2456169425
005390,신성통상,3170,3190,20,0.63,6525469,21557812845
004170,신세계,226500,219500,-7000,-3.09,103812,22919707500
035510,신세계IC,187500,181500,-6000,-3.2,5619,1030937500
034300,신세계건설,33450,32200,-1250,-3.74,20374,660975800
031430,신세계인터내셔날,150000,144000,-6000,-4.0,51839,7525245000
031440,신세계푸드,81900,80900,-1000,-1.22,5429,437936100
006880,신송홀딩스,5450,5310,-140,-2.57,38968,206408850
005800,신영와코루,115500,114000,-1500,-1.3,922,105595000
001720,신영증권,59100,58300,-800,-1.35,5028,295272800
001725,신영증권우,59700,59300,-400,-0.67,1147,67708500
009270,신원,2800,2670,-130,-4.64,4023885,10894920485
009275,신원우,39800,42850,3050,7.66,664,27726800
002700,신일전자,2090,2050,-40,-1.91,3748266,7767767365
019170,신풍제약,31350,34600,3250,10.37,14658547,509699942950
019175,신풍제약우,39100,43000,3900,9.97,448763,19301966800
002870,신풍제지,2280,2250,-30,-1.32,720087,1628044345
293940,신한알파리츠,8020,8030,10,0.12,55890,447624200
055550,신한지주,37350,36700,-650,-1.74,1484622,54650676750
004080,신흥,16100,16050,-50,-0.31,4243,67912550
102280,쌍방울,764,804,40,5.24,76030559,60700427361
003410,쌍용CE,7760,7700,-60,-0.77,491305,3788636370
003620,쌍용차,2770,2770,0,0.0,0,0
004770,써니전자,3260,3115,-145,-4.45,889744,2808023850
015540,쎌마테라퓨틱스,6410,6410,0,0.0,0,0
004920,씨아이테크,1010,1000,-10,-0.99,258529,256957301
112610,씨에스윈드,60100,58500,-1600,-2.66,258695,15276841800
008700,아남전자,2550,2425,-125,-4.9,1587618,3894732725
002790,아모레G,45600,44150,-1450,-3.18,155187,6910415750
00279K,아모레G3우전환,36100,35450,-650,-1.8,7537,264992450
002795,아모레G우,16800,16300,-500,-2.98,33757,555222800
090430,아모레퍼시픽,173500,169500,-4000,-2.31,201813,34219210000
090435,아모레퍼시픽우,68300,67400,-900,-1.32,26083,1752856600
002030,아세아,125000,123000,-2000,-1.6,6024,737114500
183190,아세아시멘트,123500,119500,-4000,-3.24,15781,1906537000
002310,아세아제지,51900,51100,-800,-1.54,36739,1889948000
012170,아센디오,1645,1535,-110,-6.69,2419523,3789872635
267850,아시아나IDT,17700,17000,-700,-3.95,24882,427665550
020560,아시아나항공,19550,18750,-800,-4.09,974544,18403918600
122900,아이마켓코리아,11350,11050,-300,-2.64,126810,1406042600
010780,아이에스동서,45050,43650,-1400,-3.11,78659,3443301700
139990,아주스틸,19500,19400,-100,-0.51,327769,6380423250
001780,알루코,3640,3500,-140,-3.85,575746,2030015345
018250,애경산업,20300,19750,-550,-2.71,64080,1276384750
161000,애경케미칼,11750,11100,-650,-5.53,524607,5880335700
011090,에넥스,2660,2555,-105,-3.95,1216691,3177924200
137310,에스디바이오센서,53000,58000,5000,9.43,4121987,230837902600
005850,에스엘,34700,34200,-500,-1.44,200493,6887301450
012750,에스원,76600,75200,-1400,-1.83,48341,3675987600
023960,에쓰씨엔지니어링,3150,3235,85,2.7,237407,764860270
298690,에어부산,2375,2265,-110,-4.63,1351369,3098128365
140910,에이리츠,9650,9510,-140,-1.45,17607,169461630
078520,에이블씨엔씨,6760,6490,-270,-3.99,71421,471248670
015260,에이엔피,2135,2135,0,0.0,366391,776602010
007460,에이프로젠MED,1630,1580,-50,-3.07,1759292,2824060570
003060,에이프로젠제약,903,876,-27,-2.99,1601466,1427761051
244920,에이플러스에셋,9900,9620,-280,-2.83,338599,3299637840
036570,엔씨소프트,700000,695000,-5000,-0.71,251704,176793112000
138250,엔에스쇼핑,13600,13400,-200,-1.47,142950,1911802950
380440,엔에이치스팩19호,2095,2085,-10,-0.48,43989,91595715
085310,엔케이,1025,1010,-15,-1.46,367179,376728460
900140,엘브이엠씨홀딩스,3735,3610,-125,-3.35,739438,2697573665
097520,엠씨넥스,47100,45550,-1550,-3.29,177245,8174317850
014440,영보화학,4375,4425,50,1.14,2003272,9106943445
111770,영원무역,40800,39450,-1350,-3.31,207491,8243975050
009970,영원무역홀딩스,48500,46900,-1600,-3.3,14489,684241450
003520,영진약품,4320,4305,-15,-0.35,341564,1480465635
000670,영풍,647000,645000,-2000,-0.31,941,610075000
006740,영풍제지,7050,7110,60,0.85,81905,577325680
012280,영화금속,1620,1565,-55,-3.4,797835,1252346755
012160,영흥,1080,1045,-35,-3.24,578312,613907285
015360,예스코홀딩스,37350,36900,-450,-1.2,806,29933300
007310,오뚜기,458000,453500,-4500,-0.98,4106,1867918500
002630,오리엔트바이오,1225,1215,-10,-0.82,465468,566784815
271560,오리온,105000,104500,-500,-0.48,94635,9962357000
001800,오리온홀딩스,15700,15500,-200,-1.27,101705,1580887400
011690,와이투솔루션,2440,2440,0,0.0,0,0
070960,용평리조트,5360,5130,-230,-4.29,364280,1880020080
316140,우리금융지주,13500,12900,-600,-4.44,3023428,39444214800
118000,우리들휴브레인,1410,1420,10,0.71,457355,641614485
010050,우리종금,983,939,-44,-4.48,10385258,9952874611
006980,우성,28500,28000,-500,-1.75,8617,241535650
017370,우신시스템,4295,4110,-185,-4.31,540468,2267393615
105840,우진,8850,8480,-370,-4.18,593891,5146281860
010400,우진아이엔에스,7320,7170,-150,-2.05,5711,41023730
049800,우진플라임,4350,4380,30,0.69,83596,364984765
016880,웅진,1935,1830,-105,-5.43,671381,1252407615
095720,웅진씽크빅,3280,3180,-100,-3.05,483342,1543821840
005820,원림,20100,19450,-650,-3.23,2405,47213100
010600,웰바이오텍,1640,1605,-35,-2.13,234686,376347775
008600,윌비스,1800,1730,-70,-3.89,1413995,2561185680
033270,유나이티드제약,47900,47900,0,0.0,104746,5052730950
014830,유니드,106000,103000,-3000,-2.83,83330,8805706500
000910,유니온,7480,7050,-430,-5.75,678296,4927733420
047400,유니온머티리얼,3210,3140,-70,-2.18,720414,2298875350
011330,유니켐,1360,1295,-65,-4.78,933503,1223835235
077500,유니퀘스트,10650,10300,-350,-3.29,176074,1837235600
002920,유성기업,3180,3115,-65,-2.04,86652,270104980
000700,유수홀딩스,6020,6010,-10,-0.17,88824,539426840
003470,유안타증권,4270,4110,-160,-3.75,400661,1664919815
003475,유안타증권우,4235,4140,-95,-2.24,44256,185475880
072130,유엔젤,5430,5710,280,5.16,1091979,6189946340
000220,유유제약,6920,6810,-110,-1.59,82049,560823210
000225,유유제약1우,8730,8560,-170,-1.95,9739,84385680
000227,유유제약2우B,17000,16950,-50,-0.29,685,11594350
001200,유진투자증권,3810,3715,-95,-2.49,329036,1238653375
000100,유한양행,59300,59300,0,0.0,118506,7061267000
000105,유한양행우,58400,58400,0,0.0,1187,69398000
003460,유화증권,2785,2790,5,0.18,21565,59921450
003465,유화증권우,2780,2750,-30,-1.08,11945,32773080
008730,율촌화학,23050,22750,-300,-1.3,69412,1583155700
008250,이건산업,12500,11750,-750,-6.0,243217,2887934100
025820,이구산업,3660,3570,-90,-2.46,189685,681282615
214320,이노션,54000,53100,-900,-1.67,127877,6814098600
088260,이리츠코크렙,6060,6070,10,0.17,108860,658498450
139480,이마트,155500,152500,-3000,-1.93,110454,16955284000
007660,이수페타시스,4500,4800,300,6.67,14030253,69892659865
005950,이수화학,16150,16250,100,0.62,1839815,30266733950
015020,이스타코,3435,3320,-115,-3.35,650686,2182473605
093230,이아이디,292,294,2,0.68,19013123,5602574426
074610,이엔플러스,3285,3215,-70,-2.13,335782,1071923680
102460,이연제약,40800,42050,1250,3.06,889713,39612220500
084680,이월드,2215,2115,-100,-4.51,440346,944978665
350520,이지스레지던스리츠,5300,5270,-30,-0.57,135881,719884300
334890,이지스밸류리츠,5900,5860,-40,-0.68,41120,240711080
000760,이화산업,15600,15300,-300,-1.92,2566,39687750
014990,인디에프,1405,1345,-60,-4.27,408396,556260685
101140,인바이오젠,4710,4490,-220,-4.67,12951208,61944640290
006490,인스코비,3620,3480,-140,-3.87,1458329,5237416950
023800,인지컨트롤스,15550,14850,-700,-4.5,86007,1303047000
034590,인천도시가스,28200,27950,-250,-0.89,2005,56254200
129260,인터지스,3610,3450,-160,-4.43,141193,493446210
023810,인팩,12600,12150,-450,-3.57,95722,1173966750
249420,일동제약,16750,16850,100,0.6,606036,10262947400
000230,일동홀딩스,14300,14050,-250,-1.75,51895,754711050
013360,일성건설,6140,6320,180,2.93,2732888,17094397420
003120,일성신약,72900,73000,100,0.14,516,37610500
003200,일신방직,105500,103500,-2000,-1.9,6059,625788000
007110,일신석재,2320,2200,-120,-5.17,1249180,2795654605
007570,일양약품,28650,28250,-400,-1.4,173873,4957463000
007575,일양약품우,26550,26750,200,0.75,1806,48518150
008500,일정실업,28600,29000,400,1.4,9440,271335900
081000,일진다이아,34200,33350,-850,-2.49,67658,2302177500
020760,일진디스플,2970,2855,-115,-3.87,117332,340984375
020150,일진머티리얼즈,134500,137000,2500,1.86,559945,77062789500
103590,일진전기,5320,5220,-100,-1.88,233461,1227775270
271940,일진하이솔루스,62200,63400,1200,1.93,142938,9060878700
015860,일진홀딩스,5720,5600,-120,-2.1,200085,1125024140
226320,잇츠한불,20000,19050,-950,-4.75,38153,741605000
317400,자이에스앤디,8980,8950,-30,-0.33,93946,843075730
033240,자화전자,19850,19500,-350,-1.76,291255,5800915050
000950,전방,40000,39900,-100,-0.25,1635,65273950
348950,제이알글로벌리츠,5390,5390,0,0.0,694907,3742678470
194370,제이에스코퍼레이션,22550,21850,-700,-3.1,154805,3398896350
025620,제이준코스메틱,966,936,-30,-3.11,405491,382689270
036420,제이콘텐트리,57500,54200,-3300,-5.74,957797,53624348500
030000,제일기획,23250,22650,-600,-2.58,298961,6793585600
271980,제일약품,30800,30750,-50,-0.16,25548,791750000
001560,제일연마,9100,8950,-150,-1.65,7640,68625030
002620,제일파마홀딩스,16650,16100,-550,-3.3,8795,142478950
006220,제주은행,5860,5730,-130,-2.22,107847,621413140
089590,제주항공,18550,18000,-550,-2.96,200490,3598203050
004910,조광페인트,8320,8140,-180,-2.16,41358,342948370
004700,조광피혁,55500,55000,-500,-0.9,4411,239990100
001550,조비,21650,20600,-1050,-4.85,65927,1375606250
000480,조선내화,84300,83100,-1200,-1.42,2778,232692300
120030,조선선재,106500,103500,-3000,-2.82,3011,315144500
018470,조일알미늄,2340,2225,-115,-4.91,3946039,8903859515
002600,조흥,196000,195500,-500,-0.26,162,31767500
185750,종근당,112000,111500,-500,-0.45,27868,3111078500
063160,종근당바이오,38200,37850,-350,-0.92,23517,893284350
001630,종근당홀딩스,76100,75100,-1000,-1.31,8723,659004500
044380,주연테크,1320,1310,-10,-0.76,5011317,6728678525
013890,지누스,83500,81600,-1900,-2.28,58533,4796041200
013870,지엠비코리아,6160,6050,-110,-1.79,95031,583747350
071320,지역난방공사,38450,38050,-400,-1.04,4785,182553650
010580,지코,1530,1530,0,0.0,0,0
035000,지투알,6920,6730,-190,-2.75,74084,500783300
088790,진도,3000,2920,-80,-2.67,41179,121925370
003780,진양산업,8050,7790,-260,-3.23,273302,2152996880
010640,진양폴리,4790,4525,-265,-5.53,130676,605053680
100250,진양홀딩스,3880,3675,-205,-5.28,344656,1286401840
051630,진양화학,4790,4530,-260,-5.43,73203,338241715
272450,진에어,18200,17200,-1000,-5.49,408705,7086171450
011000,진원생명과학,25900,27600,1700,6.56,1346387,36981520050
002780,진흥기업,2140,2090,-50,-2.34,924122,1944659320
002787,진흥기업2우B,14950,14950,0,0.0,150,2236950
002785,진흥기업우B,6100,6060,-40,-0.66,1348,8167370
009310,참엔지니어링,1195,1170,-25,-2.09,321262,380904785
000650,천일고속,66100,65000,-1100,-1.66,452,29492600
033250,체시스,1350,1315,-35,-2.59,223705,294680425
035720,카카오,128000,125500,-2500,-1.95,1679040,212173730500
323410,카카오뱅크,67900,68200,300,0.44,2895073,197390887700
377300,카카오페이,216500,222500,6000,2.77,3201357,727451783500
006380,카프로,4300,4040,-260,-6.05,600644,2445717045
109070,컨버즈,4100,4100,0,0.0,0,0
001620,케이비아이동국실업,836,802,-34,-4.07,666929,540602165
029460,케이씨,22150,21400,-750,-3.39,42022,912575450
281820,케이씨텍,24000,23800,-200,-0.83,108475,2562676050
381970,케이카,36050,36050,0,0.0,1480646,52675850400
145270,케이탑리츠,1490,1470,-20,-1.34,294995,434358455
357120,코람코에너지리츠,6880,6820,-60,-0.87,344242,2354595510
007815,코리아써우,8060,7760,-300,-3.72,37085,291066630
007810,코리아써키트,24600,22950,-1650,-6.71,1382114,32996450400
00781K,코리아써키트2우B,9810,9600,-210,-2.14,5593,53093890
003690,코리안리,9880,9690,-190,-1.92,244776,2382774700
192820,코스맥스,100000,97000,-3000,-3.0,134455,13074382600
044820,코스맥스비티아이,14000,13950,-50,-0.36,11254,157281900
005070,코스모신소재,47000,46250,-750,-1.6,850624,40281973300
005420,코스모화학,16300,15700,-600,-3.68,517949,8316927250
071950,코아스,1155,1110,-45,-3.9,241762,270645350
002020,코오롱,32200,30900,-1300,-4.04,67809,2123461650
003070,코오롱글로벌,23400,22700,-700,-2.99,76903,1767052700
003075,코오롱글로벌우,29650,29200,-450,-1.52,2775,80252400
002025,코오롱우,20000,19700,-300,-1.5,6681,131766800
120110,코오롱인더,77000,74400,-2600,-3.38,328598,24834632800
120115,코오롱인더우,36500,35500,-1000,-2.74,29231,1039911250
138490,코오롱플라스틱,13500,13000,-500,-3.7,1054008,14226339450
021240,코웨이,74400,72700,-1700,-2.28,93756,6868782400
031820,콤텍시스템,956,917,-39,-4.08,1405794,1317166418
192400,쿠쿠홀딩스,18850,18700,-150,-0.8,51511,960287850
284740,쿠쿠홈시스,39800,39450,-350,-0.88,38293,1520132350
015590,큐로,496,488,-8,-1.61,778180,378376733
264900,크라운제과,9760,9430,-330,-3.38,44486,424671520
26490K,크라운제과우,13200,12800,-400,-3.03,3444,44497950
005740,크라운해태홀딩스,8500,8410,-90,-1.06,10877,91593750
005745,크라운해태홀딩스우,12850,12350,-500,-3.89,7569,94786350
259960,크래프톤,504000,506000,2000,0.4,298183,151055010185
020120,키다리스튜디오,16700,15600,-1100,-6.59,292155,4701869650
039490,키움증권,105500,103000,-2500,-2.37,77033,7991094500
014580,태경비케이,5280,5070,-210,-3.98,242608,1250768215
015890,태경산업,6850,6740,-110,-1.61,344050,2318012620
006890,태경케미컬,12400,12000,-400,-3.23,52213,635636500
003240,태광산업,982000,953000,-29000,-2.95,744,714636000
011280,태림포장,4230,4290,60,1.42,336807,1424856730
004100,태양금속,1415,1350,-65,-4.59,305115,422246325
004105,태양금속우,2620,2500,-120,-4.58,32610,82897645
009410,태영건설,10350,10100,-250,-2.42,130223,1328863950
009415,태영건설우,11400,11300,-100,-0.88,5477,62162750
001420,태원물산,5340,5310,-30,-0.56,74602,390505900
007980,태평양물산,2330,2290,-40,-1.72,404361,930379595
055490,테이팩스,87600,88600,1000,1.14,140048,12502281100
078000,텔코웨어,11300,11050,-250,-2.21,5296,58852350
214420,토니모리,6030,5900,-130,-2.16,21857,130228280
019180,티에이치엔,4430,4280,-150,-3.39,633002,2747664425
363280,티와이홀딩스,25000,25000,0,0.0,39040,972029250
36328K,티와이홀딩스우,22100,22150,50,0.23,3211,71064650
091810,티웨이항공,3375,3180,-195,-5.78,855986,2766066095
004870,티웨이홀딩스,1010,979,-31,-3.07,223184,220455104
005690,파미셀,12750,12450,-300,-2.35,403878,5076506350
036580,팜스코,5990,5990,0,0.0,48478,291161720
004720,팜젠사이언스,10500,10700,200,1.9,466978,5028805350
028670,팬오션,5510,5330,-180,-3.27,3236345,17449891710
010820,퍼스텍,2125,2070,-55,-2.59,303922,632431180
016800,퍼시스,37250,36550,-700,-1.88,2200,81210450
001020,페이퍼코리아,1535,1510,-25,-1.63,80515,122632905
090080,평화산업,1900,2005,105,5.53,16038581,34392484470
010770,평화홀딩스,4615,4690,75,1.63,509211,2544601630
058430,포스코강판,57700,56300,-1400,-2.43,47617,2684794300
047050,포스코인터내셔널,20750,20300,-450,-2.17,641417,13072940700
003670,포스코케미칼,163500,159000,-4500,-2.75,1150823,188860389000
007630,폴루스바이오팜,1225,1225,0,0.0,0,0
017810,풀무원,17000,16550,-450,-2.65,45115,754245150
103140,풍산,32200,30600,-1600,-4.97,174639,5435374700
005810,풍산홀딩스,28100,27850,-250,-0.89,26087,730470800
950210,프레스티지바이오파마,24150,24200,50,0.21,150952,3689802550
009810,플레이그램,2825,2940,115,4.07,4379151,12966341070
086790,하나금융지주,42500,41750,-750,-1.76,1003852,42035049450
293480,하나제약,19700,19500,-200,-1.02,25463,498118250
039130,하나투어,71100,69800,-1300,-1.83,156247,10906755000
172580,하이골드12호,2705,2705,0,0.0,51790,140095685
153360,하이골드3호,2580,2485,-95,-3.68,103064,259947525
352820,하이브,385500,372000,-13500,-3.5,362043,136673579000
071090,하이스틸,2820,2710,-110,-3.9,151548,415055385
019490,하이트론,4670,4485,-185,-3.96,177672,837293685
000080,하이트진로,31850,30950,-900,-2.83,410733,12814292500
000087,하이트진로2우B,19650,19200,-450,-2.29,3574,69221650
000140,하이트진로홀딩스,13450,13150,-300,-2.23,27306,360339700
000145,하이트진로홀딩스우,16000,15700,-300,-1.88,713,11212400
152550,한국ANKOR유전,1600,1605,5,0.31,5833,9346965
036460,한국가스공사,38000,37000,-1000,-2.63,320348,11955456900
005430,한국공항,42200,41000,-1200,-2.84,17795,731412300
071050,한국금융지주,83000,81400,-1600,-1.93,190274,15631955900
071055,한국금융지주우,69000,67800,-1200,-1.74,15261,1043346800
010040,한국내화,3675,3510,-165,-4.49,111202,396297055
025540,한국단자,72200,69600,-2600,-3.6,28249,1991209300
004090,한국석유,11350,10950,-400,-3.52,40246,444445250
002200,한국수출포장,25850,25200,-650,-2.51,15659,396163500
002960,한국쉘석유,276500,275000,-1500,-0.54,2105,578897000
000240,한국앤컴퍼니,15700,15500,-200,-1.27,84232,1312335150
123890,한국자산신탁,4360,4280,-80,-1.83,177475,764314645
015760,한국전력,22250,22050,-200,-0.9,1475074,32606471800
006200,한국전자홀딩스,2250,2240,-10,-0.44,3671347,8286953550
009540,한국조선해양,96900,93400,-3500,-3.61,260727,24665964000
023350,한국종합기술,7070,6840,-230,-3.25,122532,852468060
025890,한국주강,6990,6930,-60,-0.86,120775,831192940
000970,한국주철관,9120,8960,-160,-1.75,58296,522760280
104700,한국철강,7920,7600,-320,-4.04,118719,915210340
017960,한국카본,10350,10100,-250,-2.42,409303,4150609450
161890,한국콜마,40350,39750,-600,-1.49,105534,4218772050
024720,한국콜마홀딩스,20750,20000,-750,-3.61,69499,1406368600
161390,한국타이어앤테크놀로지,40400,39050,-1350,-3.34,187243,7409700100
034830,한국토지신탁,2495,2505,10,0.4,3432024,8583565110
007280,한국특강,2970,2935,-35,-1.18,62509,184618330
168490,한국패러랠,2135,2135,0,0.0,5791,12370585
010100,한국프랜지,2725,2575,-150,-5.5,350118,908392685
047810,한국항공우주,30200,29600,-600,-1.99,319699,9534868250
123690,한국화장품,9300,9100,-200,-2.15,28103,257002180
003350,한국화장품제조,27400,26550,-850,-3.1,13713,368636600
011500,한농화성,16550,15950,-600,-3.63,368371,5978776150
002390,한독,22550,22350,-200,-0.89,26029,583867550
014790,한라,5400,5210,-190,-3.52,103270,543594300
060980,한라홀딩스,47950,47450,-500,-1.04,46883,2234614650
053690,한미글로벌,11600,11300,-300,-2.59,70935,811338750
042700,한미반도체,34600,33850,-750,-2.17,479397,16411398050
008930,한미사이언스,53700,54300,600,1.12,72776,3976244300
128940,한미약품,266500,267000,500,0.19,19917,5340290000
009240,한샘,91100,89000,-2100,-2.31,124922,11223847700
020000,한섬,37050,37000,-50,-0.13,72577,2686793800
003680,한성기업,6100,6000,-100,-1.64,24551,147251640
105630,한세실업,21600,20900,-700,-3.24,336336,7073403450
069640,한세엠케이,4740,4395,-345,-7.28,96622,433404505
016450,한세예스24홀딩스,7560,7280,-280,-3.7,40352,296213880
010420,한솔PNS,1930,1850,-80,-4.15,172806,322685555
009180,한솔로지스틱스,4345,4160,-185,-4.26,588342,2482200070
213500,한솔제지,14150,13850,-300,-2.12,102940,1425557550
014680,한솔케미칼,317000,309000,-8000,-2.52,36739,11431227500
004710,한솔테크닉스,6300,6180,-120,-1.9,115527,720419670
004150,한솔홀딩스,3670,3560,-110,-3.0,179679,637130585
025750,한솔홈데코,1720,1685,-35,-2.03,978457,1663577375
004960,한신공영,16800,16500,-300,-1.79,28489,470422100
011700,한신기계,3910,3845,-65,-1.66,2618983,10339144865
001750,한양증권,15650,15150,-500,-3.19,122508,1858155450
001755,한양증권우,19700,19400,-300,-1.52,1046,20258500
018880,한온시스템,13650,13350,-300,-2.2,591816,7940113400
009420,한올바이오파마,20150,20200,50,0.25,155925,3157654550
014130,한익스프레스,5950,5950,0,0.0,50869,298988410
300720,한일시멘트,21500,20700,-800,-3.72,519831,10955971400
002220,한일철강,2810,2725,-85,-3.02,42742,118412000
006390,한일현대시멘트,34900,33700,-1200,-3.44,37792,1302074200
003300,한일홀딩스,13300,13000,-300,-2.26,32462,425886000
051600,한전KPS,41750,41400,-350,-0.84,212737,8891637450
052690,한전기술,90600,92700,2100,2.32,1078880,100617855900
130660,한전산업,13500,13450,-50,-0.37,523627,7151321900
002320,한진,30450,30000,-450,-1.48,32992,994964300
097230,한진중공업,8020,7850,-170,-2.12,47944,378659950
003480,한진중공업홀딩스,4015,4030,15,0.37,46127,183278390
180640,한진칼,54000,52100,-1900,-3.52,89770,4740517100
18064K,한진칼우,34500,33650,-850,-2.46,1257,42450400
005110,한창,1015,980,-35,-3.45,1083074,1078085676
009460,한창제지,2140,2065,-75,-3.5,480331,1005193070
372910,한컴라이프케어,8050,7740,-310,-3.85,196062,1545497800
000880,한화,32200,31350,-850,-2.64,351583,11150948250
00088K,한화3우B,16750,16550,-200,-1.19,65306,1088556350
088350,한화생명,3250,3070,-180,-5.54,4035072,12649713835
000370,한화손해보험,3960,3825,-135,-3.41,682688,2619546900
009830,한화솔루션,34900,33550,-1350,-3.87,1285900,43702777150
009835,한화솔루션우,36550,35400,-1150,-3.15,3921,139869100
272210,한화시스템,15600,15150,-450,-2.88,579157,8846224850
012450,한화에어로스페이스,44400,43050,-1350,-3.04,294702,12808887000
000885,한화우,34900,34150,-750,-2.15,1496,50622850
003530,한화투자증권,5550,5680,130,2.34,7970910,45928793500
003535,한화투자증권우,13850,14150,300,2.17,46476,653505650
195870,해성디에스,47500,47950,450,0.95,215845,10373761400
101530,해태제과식품,8170,8020,-150,-1.84,10852,87499920
143210,핸즈코퍼레이션,5030,4995,-35,-0.7,10692,53289040
000720,현대건설,47800,46450,-1350,-2.82,506013,23795377150
267270,현대건설기계,40100,39500,-600,-1.5,50879,2031149900
000725,현대건설우,80500,78600,-1900,-2.36,8434,673829600
005440,현대그린푸드,8670,8430,-240,-2.77,298922,2547170350
086280,현대글로비스,157500,153500,-4000,-2.54,86534,13400657500
042670,현대두산인프라코어,7600,7530,-70,-0.92,956659,7251444500
064350,현대로템,21150,20300,-850,-4.02,974707,20026223050
079430,현대리바트,14650,14650,0,0.0,71569,1029587050
012330,현대모비스,240500,233000,-7500,-3.12,313527,73622533000
010620,현대미포조선,78000,76400,-1600,-2.05,378433,29300454800
069960,현대백화점,73400,71500,-1900,-2.59,132077,9488284900
004560,현대비앤지스틸,15850,15550,-300,-1.89,66853,1044243700
004565,현대비앤지스틸우,75400,73500,-1900,-2.52,266,19611900
004310,현대약품,5280,5210,-70,-1.33,134763,708530930
322000,현대에너지솔루션,20800,20200,-600,-2.88,43573,883424050
017800,현대엘리베이,44000,42300,-1700,-3.86,236000,10137916550
307950,현대오토에버,114000,110500,-3500,-3.07,56885,6352174000
011210,현대위아,77300,74500,-2800,-3.62,244551,18475180500
267260,현대일렉트릭,24450,23750,-700,-2.86,208064,4937072700
004020,현대제철,40500,39300,-1200,-2.96,617840,24573129700
329180,현대중공업,114000,111500,-2500,-2.19,171573,19434375500
267250,현대중공업지주,57100,55100,-2000,-3.5,263013,14660951600
005380,현대차,210000,205500,-4500,-2.14,901184,185762708000
005387,현대차2우B,99000,96800,-2200,-2.22,59202,5780063000
005389,현대차3우B,93800,92000,-1800,-1.92,11356,1051447700
005385,현대차우,97400,95200,-2200,-2.26,83831,8017697800
001500,현대차증권,12900,12600,-300,-2.33,78667,996796450
011760,현대코퍼레이션,17100,16600,-500,-2.92,31688,531115550
227840,현대코퍼레이션홀딩스,12150,12150,0,0.0,26265,317252800
126560,현대퓨처넷,4740,4620,-120,-2.53,546964,2543622525
001450,현대해상,25150,24600,-550,-2.19,464612,11448465350
057050,현대홈쇼핑,64600,64000,-600,-0.93,18044,1147957700
093240,형지엘리트,3495,3320,-175,-5.01,191717,648647820
003010,혜인,5860,5610,-250,-4.27,117084,666538190
111110,호전실업,10500,10150,-350,-3.33,156905,1590824440
008770,호텔신라,77900,74900,-3000,-3.85,1015851,76392265100
008775,호텔신라우,80100,76100,-4000,-4.99,11549,890332100
002460,화성산업,12100,11850,-250,-2.07,81787,973935350
378850,화승알앤에이,5650,5550,-100,-1.77,44216,247174270
241590,화승엔터프라이즈,16500,15350,-1150,-6.97,316962,4953627300
006060,화승인더,6310,5880,-430,-6.81,1107670,6645870280
013520,화승코퍼레이션,2400,2285,-115,-4.79,300005,696870420
010690,화신,9100,8690,-410,-4.51,511882,4522011560
133820,화인베스틸,2885,2820,-65,-2.25,147586,418844375
010660,화천기계,2580,2480,-100,-3.88,83015,208648210
000850,화천기공,34450,34400,-50,-0.15,4319,147349650
016580,환인제약,17450,17200,-250,-1.43,34255,595413700
032560,황금에스티,8690,8480,-210,-2.42,89271,765607710
004800,효성,97900,95000,-2900,-2.96,67992,6526508000
094280,효성ITX,21150,20600,-550,-2.6,28834,599903850
298040,효성중공업,65700,64900,-800,-1.22,30267,1978620000
298050,효성첨단소재,635000,625000,-10000,-1.57,39052,24654862000
298020,효성티앤씨,523000,510000,-13000,-2.49,31545,16262026000
298000,효성화학,273500,263500,-10000,-3.66,34457,9330630000
093370,후성,25400,25100,-300,-1.18,3570507,90974999200
081660,휠라홀딩스,36650,36000,-650,-1.77,543603,19503875450
005870,휴니드,7230,7060,-170,-2.35,105297,751356640
079980,휴비스,8740,8390,-350,-4.0,146391,1241972140
005010,휴스틸,14900,14150,-750,-5.03,31984,459235300
069260,휴켐스,23600,22800,-800,-3.39,353135,8118827750
000540,흥국화재,3710,3675,-35,-0.94,55568,203549870
000547,흥국화재2우B,26100,25850,-250,-0.96,260,6729900
000545,흥국화재우,7980,7830,-150,-1.88,1698,13302270
003280,흥아해운,2775,2665,-110,-3.96,673259,1814318165
