티커,종목명,시가,종가,변동폭,등락률,거래량,거래대금
095570,AJ네트웍스,6790,6190,-600,-8.84,3338818,20715154010
006840,AK홀딩스,28900,28500,-400,-1.38,17589,503255100
027410,BGF,6230,6290,60,0.96,82738,518727440
282330,BGF리테일,168000,168500,500,0.3,33824,5645864000
138930,BNK금융지주,7590,7550,-40,-0.53,1117918,8458006290
001460,BYC,395000,396500,1500,0.38,587,230339500
001465,BYC우,179000,181000,2000,1.12,264,47385500
001040,CJ,101000,101000,0,0.0,37407,3788797500
079160,CJCGV,29850,29800,-50,-0.17,204417,6057141950
00104K,CJ4우전환,86100,86000,-100,-0.12,1492,128352400
000120,CJ대한통운,183500,183000,-500,-0.27,29164,5337547500
011150,CJ씨푸드,4820,4815,-5,-0.1,313418,1505110050
011155,CJ씨푸드1우,42750,42750,0,0.0,335,14211800
001045,CJ우,64400,64400,0,0.0,840,54105100
097950,CJ제일제당,469500,470000,500,0.11,26829,12601554000
097955,CJ제일제당우,214500,211500,-3000,-1.4,8083,1716773500
000590,CS홀딩스,67600,67700,100,0.15,1983,134358200
012030,DB,1230,1225,-5,-0.41,1647080,2023868985
016610,DB금융투자,6950,7000,50,0.72,122098,852009750
005830,DB손해보험,56500,56000,-500,-0.88,95513,5357581600
000990,DB하이텍,66300,65200,-1100,-1.66,939115,61172163400
000995,DB하이텍1우,118500,119000,500,0.42,430,51239000
139130,DGB금융지주,8960,9040,80,0.89,447149,4027270850
001530,DI동일,245000,245000,0,0.0,37048,9100956500
000210,DL,79100,79500,400,0.51,73733,5821830700
001880,DL건설,34900,34650,-250,-0.72,24390,847969700
000215,DL우,45700,45750,50,0.11,1115,51070700
375500,DL이앤씨,150500,150000,-500,-0.33,100428,15045025500
37550K,DL이앤씨우,81200,81100,-100,-0.12,9156,744283400
004840,DRB동일,7470,7420,-50,-0.67,26806,198559290
155660,DSR,6520,6640,120,1.84,91927,600948060
069730,DSR제강,6270,6300,30,0.48,52399,327643750
017940,E1,55500,55200,-300,-0.54,5921,326674300
365550,ESR켄달스퀘어리츠,7150,7110,-40,-0.56,139523,989641490
383220,FF,599000,614000,15000,2.5,40484,24936070000
007700,FF홀딩스,37450,38050,600,1.6,57618,2182190150
114090,GKL,16300,16150,-150,-0.92,210602,3391290450
078930,GS,43750,43750,0,0.0,105893,4641204600
006360,GS건설,44300,44200,-100,-0.23,462752,20475218100
001250,GS글로벌,2800,2800,0,0.0,181170,507032900
007070,GS리테일,35600,35550,-50,-0.14,242584,8611862850
078935,GS우,36750,36850,100,0.27,1706,62847400
012630,HDC,12650,12650,0,0.0,275672,3491684600
039570,HDC아이콘트롤스,13450,13550,100,0.74,42856,582525000
089470,HDC현대EP,5940,5900,-40,-0.67,96114,566470180
294870,HDC현대산업개발,31350,31050,-300,-0.96,323740,10093735450
011200,HMM,41900,41900,0,0.0,2820670,117607950350
082740,HSD엔진,8980,8900,-80,-0.89,430925,3844513760
003560,IHQ,1945,1950,5,0.26,2587135,5017042840
175330,JB금융지주,7270,7350,80,1.1,377458,2763996270
234080,JW생명과학,18850,18850,0,0.0,67641,1276587450
001060,JW중외제약,29100,29200,100,0.34,27283,797996300
001067,JW중외제약2우B,68000,68100,100,0.15,232,15880800
001065,JW중외제약우,44450,45000,550,1.24,251,11233950
096760,JW홀딩스,4575,4565,-10,-0.22,54847,250367065
105560,KB금융,51800,52200,400,0.77,1366442,71203124400
002380,KCC,320000,336000,16000,5.0,79800,26529428000
344820,KCC글라스,64400,64300,-100,-0.16,58449,3754798000
009070,KCTC,8210,8230,20,0.24,528302,4348307440
009440,KC그린홀딩스,6220,6280,60,0.96,418473,2606459300
119650,KC코트렐,8820,8790,-30,-0.34,378525,3298031190
092220,KEC,2355,2390,35,1.49,1059718,2526836385
016380,KG동부제철,16500,16600,100,0.61,355958,5928988500
016385,KG동부제철우,133000,131000,-2000,-1.5,143,18772000
001390,KG케미칼,34700,34450,-250,-0.72,131877,4561368050
033180,KH필룩스,3250,3320,70,2.15,770104,2546778915
001940,KISCO홀딩스,20750,20800,50,0.24,20377,423567950
025000,KPX케미칼,64000,64700,700,1.09,3343,215131100
092230,KPX홀딩스,68700,68400,-300,-0.44,2025,139052100
000040,KR모터스,1295,1275,-20,-1.54,687472,884421065
044450,KSS해운,12250,12300,50,0.41,67641,829178600
030200,KT,34900,34700,-200,-0.57,1561907,54287541800
033780,KTG,82900,82900,0,0.0,226455,18771153800
030210,KTB투자증권,8000,8000,0,0.0,488847,3934004950
058850,KTcs,3140,3170,30,0.96,262840,830537120
058860,KTis,2950,2975,25,0.85,130929,387265250
093050,LF,18750,18750,0,0.0,58250,1087668300
003550,LG,97800,97800,0,0.0,207660,20332704100
034220,LG디스플레이,22700,22700,0,0.0,1372951,31226587800
051900,LG생활건강,1627000,1527000,-100000,-6.15,166903,257116314500
051905,LG생활건강우,753000,714000,-39000,-5.18,14834,10621594000
003555,LG우,74100,74000,-100,-0.13,11018,813889900
032640,LG유플러스,15150,14950,-200,-1.32,930520,13960256050
011070,LG이노텍,234500,233000,-1500,-0.64,93681,21851606000
066570,LG전자,164000,166500,2500,1.52,1191816,197984968000
066575,LG전자우,76800,77500,700,0.91,73559,5687076900
037560,LG헬로비전,7710,7710,0,0.0,678523,5243816050
051910,LG화학,826000,828000,2000,0.24,149803,123926942000
051915,LG화학우,381000,380000,-1000,-0.26,9619,3641103000
079550,LIG넥스원,43550,43900,350,0.8,216069,9531311400
006260,LS,71200,71200,0,0.0,135556,9726640900
010120,LSELECTRIC,63100,63800,700,1.11,172566,10980523000
000680,LS네트웍스,4400,4420,20,0.45,2977861,13738077645
229640,LS전선아시아,9140,9120,-20,-0.22,331598,3020015290
001120,LX인터내셔널,30400,31550,1150,3.78,555993,17517778950
108670,LX하우시스,101000,99900,-1100,-1.09,41300,4142799200
108675,LX하우시스우,44450,44300,-150,-0.34,4000,176024600
383800,LX홀딩스,10750,10750,0,0.0,353043,3805966600
38380K,LX홀딩스1우,17950,18000,50,0.28,7913,142000600
023150,MH에탄올,12000,12000,0,0.0,63404,757767550
035420,NAVER,440000,452000,12000,2.73,1094026,493135371500
181710,NHN,81800,80500,-1300,-1.59,74478,6020326700
005940,NH투자증권,12700,13000,300,2.36,1445505,18724275850
005945,NH투자증권우,11400,11500,100,0.88,153198,1755148250
338100,NH프라임리츠,4950,4950,0,0.0,35776,176551065
034310,NICE,18950,18750,-200,-1.06,79726,1495296950
008260,NI스틸,5090,5180,90,1.77,212785,1102359570
004250,NPC,5840,5960,120,2.05,2076220,12641255180
004255,NPC우,3230,3255,25,0.77,53927,184206280
010060,OCI,119000,119500,500,0.42,197033,23389284500
005490,POSCO,346000,353500,7500,2.17,838140,296040202000
010950,S-Oil,96700,96300,-400,-0.41,230273,22181745900
010955,S-Oil우,56500,56300,-200,-0.35,12102,678632400
034120,SBS,49150,48900,-250,-0.51,124156,6142176450
101060,SBS미디어홀딩스,2335,2380,45,1.93,921270,2191237475
005090,SGC에너지,49500,49900,400,0.81,49722,2494422850
001380,SG글로벌,3220,3215,-5,-0.16,121594,391057365
004060,SG세계물산,795,819,24,3.02,2092359,1702013771
001770,SHD,25650,26300,650,2.53,7558,197991500
002360,SH에너지화학,1110,1140,30,2.7,886297,997258585
009160,SIMPAC,6930,7050,120,1.73,1627914,11702622580
123700,SJM,5300,5300,0,0.0,60459,320337870
025530,SJM홀딩스,4775,4840,65,1.36,42751,207983775
034730,SK,277500,275500,-2000,-0.72,82276,22701717000
011790,SKC,158000,159500,1500,0.95,195935,31227272500
018670,SK가스,119000,120500,1500,1.26,7846,940743000
001740,SK네트웍스,6200,6290,90,1.45,2723236,17101541470
001745,SK네트웍스우,119000,119000,0,0.0,294,34027500
006120,SK디스커버리,49400,49700,300,0.61,31566,1566428600
006125,SK디스커버리우,39450,39500,50,0.13,3506,138031250
210980,SK디앤디,36200,36700,500,1.38,36295,1321212900
068400,SK렌터카,14650,14700,50,0.34,111953,1639035800
302440,SK바이오사이언스,156000,157500,1500,0.96,288030,45352210000
326030,SK바이오팜,124000,122000,-2000,-1.61,235444,28953064500
361610,SK아이이테크놀로지,230500,235500,5000,2.17,480565,111950205500
03473K,SK우,249500,249500,0,0.0,1141,284441000
096770,SK이노베이션,260500,263000,2500,0.96,268941,70749864500
096775,SK이노베이션우,172000,171000,-1000,-0.58,4269,734033500
001510,SK증권,993,992,-1,-0.1,2423855,2404694245
001515,SK증권우,4590,4620,30,0.65,6959,31956800
285130,SK케미칼,250000,251000,1000,0.4,32448,8128918000
28513K,SK케미칼우,109500,109500,0,0.0,6601,718691500
017670,SK텔레콤,309500,305000,-4500,-1.45,370050,112837266000
000660,SK하이닉스,119500,118500,-1000,-0.84,1747651,206437390500
064960,SNT모티브,67100,67500,400,0.6,41944,2838687100
100840,SNT에너지,22200,22200,0,0.0,22062,489264500
003570,SNT중공업,10700,10850,150,1.4,31897,345393400
036530,SNT홀딩스,20300,20300,0,0.0,9448,192056350
005610,SPC삼립,81400,81500,100,0.12,6259,509463500
011810,STX,7660,7500,-160,-2.09,65524,498400780
077970,STX엔진,12950,13100,150,1.16,35595,462554550
071970,STX중공업,7130,7100,-30,-0.42,349996,2482210870
002820,SUNL,6390,6400,10,0.16,22367,143024770
084870,TBH글로벌,2625,2650,25,0.95,69078,182414235
002710,TCC스틸,6240,6650,410,6.57,2039139,13334239440
002900,TYM,2025,2080,55,2.72,2705588,5587811705
024070,WISCOM,4695,4810,115,2.45,166021,794433485
037270,YGPLUS,7590,7840,250,3.29,5458687,42607056580
000500,가온전선,33500,34400,900,2.69,49758,1714309250
000860,강남제비스코,32100,32200,100,0.31,12103,389107700
035250,강원랜드,26100,26100,0,0.0,411096,10716146100
011420,갤럭시아에스엠,1970,2005,35,1.78,633150,1245376655
002100,경농,15000,15800,800,5.33,140712,2200726300
009450,경동나비엔,69300,69600,300,0.43,58661,4051353800
267290,경동도시가스,23900,23800,-100,-0.42,8825,210953300
012320,경동인베스트,41150,41450,300,0.73,7260,302483450
000050,경방,13400,13450,50,0.37,10885,146363850
214390,경보제약,13850,13550,-300,-2.17,175429,2407296500
012610,경인양행,6960,6950,-10,-0.14,87268,607512350
009140,경인전자,33800,35600,1800,5.33,37852,1329945250
013580,계룡건설,33400,33200,-200,-0.6,64111,2139892600
012200,계양전기,5530,5280,-250,-4.52,1735645,9237481420
012205,계양전기우,8600,8490,-110,-1.28,14081,118190770
002140,고려산업,4165,4195,30,0.72,154852,648453270
010130,고려아연,510000,539000,29000,5.69,155324,83673225000
002240,고려제강,24000,24100,100,0.42,27193,660563050
009290,광동제약,8980,8980,0,0.0,91412,821653770
017040,광명전기,3800,3715,-85,-2.24,2125309,7959900620
017900,광전자,2875,2910,35,1.22,194194,558958525
037710,광주신세계,186000,186000,0,0.0,303,56391500
030610,교보증권,8530,8630,100,1.17,106774,919769280
339770,교촌에프앤비,21600,21600,0,0.0,216637,4669688200
007690,국도화학,85200,89700,4500,5.28,107450,9488150000
005320,국동,3400,3520,120,3.53,324003,1120857260
001140,국보,1505,1480,-25,-1.66,2842540,4186077335
002720,국제약품,7330,7330,0,0.0,47559,349169960
083420,그린케미칼,11950,11900,-50,-0.42,176998,2105606800
014530,극동유화,4535,4610,75,1.65,154699,708869210
014280,금강공업,8640,8540,-100,-1.16,105874,911755730
014285,금강공업우,26900,26500,-400,-1.49,112114,2983125700
008870,금비,76600,77600,1000,1.31,1712,132634300
001570,금양,5810,5820,10,0.17,736470,4285548040
002990,금호건설,13300,13300,0,0.0,227076,3009225600
002995,금호건설우,36650,36050,-600,-1.64,8288,314817900
011780,금호석유,218000,216500,-1500,-0.69,259583,56178263000
011785,금호석유우,120000,119000,-1000,-0.83,21837,2609092000
214330,금호에이치티,2370,2370,0,0.0,874412,2075444375
001210,금호전기,3015,2945,-70,-2.32,96836,286712975
073240,금호타이어,6900,6870,-30,-0.43,493311,3393898390
092440,기신정기,5080,5160,80,1.57,35126,180736890
000270,기아,87400,86400,-1000,-1.14,2597077,225471091900
024110,기업은행,10350,10250,-100,-0.97,1340961,13785656450
013700,까뮤이앤씨,2550,2565,15,0.59,548609,1412786335
004540,깨끗한나라,6250,6190,-60,-0.96,120494,745922790
004545,깨끗한나라우,29600,29550,-50,-0.17,3526,103045800
001260,남광토건,15650,15800,150,0.96,51880,828120500
008350,남선알미늄,4490,4365,-125,-2.78,5589198,24546329985
008355,남선알미우,49400,50100,700,1.42,5673,281277950
004270,남성,3570,3570,0,0.0,113997,406527315
003920,남양유업,641000,643000,2000,0.31,1732,1116273000
003925,남양유업우,389500,385000,-4500,-1.16,330,127537500
025860,남해화학,9540,9550,10,0.1,186780,1790657530
005720,넥센,5150,5180,30,0.58,15631,80588570
005725,넥센우,3710,3705,-5,-0.13,3446,12786955
002350,넥센타이어,9790,9420,-370,-3.78,249321,2368862110
002355,넥센타이어1우B,3880,3890,10,0.26,8260,32123250
003580,넥스트사이언스,25250,28450,3200,12.67,9763608,275643335800
251270,넷마블,140500,143000,2500,1.78,371690,52933887500
090350,노루페인트,11600,11650,50,0.43,110514,1290791200
090355,노루페인트우,25250,24200,-1050,-4.16,10588,258008850
000320,노루홀딩스,14000,14000,0,0.0,32271,449110000
000325,노루홀딩스우,50600,49000,-1600,-3.16,9724,478105200
006280,녹십자,317500,318000,500,0.16,29952,9529229000
005250,녹십자홀딩스,33100,33200,100,0.3,82683,2756387700
005257,녹십자홀딩스2우,76600,76700,100,0.13,689,53046200
004370,농심,321500,323500,2000,0.62,23781,7710113500
072710,농심홀딩스,80400,80400,0,0.0,2841,228006500
058730,다스코,6780,6910,130,1.92,155374,1063698460
023590,다우기술,27200,27250,50,0.18,44553,1217151550
019680,대교,4945,4935,-10,-0.2,166445,819832865
019685,대교우B,3665,3660,-5,-0.14,189788,698407675
006370,대구백화점,12850,12250,-600,-4.67,38506,474748850
008060,대덕,7760,7770,10,0.13,208513,1627024680
00806K,대덕1우,12050,12000,-50,-0.41,14087,170681350
353200,대덕전자,16050,15950,-100,-0.62,424197,6813356200
35320K,대덕전자1우,15000,15200,200,1.33,19300,289268600
000490,대동,11600,11600,0,0.0,196065,2265617550
008110,대동전자,7150,7160,10,0.14,10722,76793200
005750,대림BCo,8840,8810,-30,-0.34,175722,1564918380
006570,대림통상,4370,4395,25,0.57,34000,148320210
001680,대상,27650,27850,200,0.72,143767,3992084650
001685,대상우,20750,20750,0,0.0,1410,29265000
084690,대상홀딩스,11250,11300,50,0.44,47485,535717550
084695,대상홀딩스우,14500,14300,-200,-1.38,3908,55834100
128820,대성산업,5290,5300,10,0.19,105373,558013720
117580,대성에너지,6380,6540,160,2.51,44471,288356280
016710,대성홀딩스,37900,38100,200,0.53,44116,1672751900
003540,대신증권,18550,18600,50,0.27,40213,747020300
003547,대신증권2우B,16200,16200,0,0.0,12458,201481150
003545,대신증권우,16750,16750,0,0.0,31749,531600450
009190,대양금속,5040,5380,340,6.75,992113,5250478010
014160,대영포장,3325,3220,-105,-3.16,10789643,36014752165
047040,대우건설,7310,7310,0,0.0,2483046,18266068770
009320,대우부품,2635,2610,-25,-0.95,301889,791185950
042660,대우조선해양,33200,33400,200,0.6,203705,6802640150
003090,대웅,36250,36850,600,1.66,204823,7550657400
069620,대웅제약,153500,154000,500,0.33,30793,4756242000
000430,대원강업,4040,4045,5,0.12,50882,205728020
006340,대원전선,2470,2475,5,0.2,1508778,3739690490
006345,대원전선우,4670,4575,-95,-2.03,60146,278884180
003220,대원제약,16200,16200,0,0.0,27865,451057300
024890,대원화성,2775,2930,155,5.59,3922492,11671468950
002880,대유에이텍,1500,1480,-20,-1.33,3755173,5661543575
000300,대유플러스,1490,1505,15,1.01,1345796,2007006950
012800,대창,2470,2520,50,2.02,2150330,5410035960
015230,대창단조,8580,8700,120,1.4,36584,317541120
001070,대한방직,43900,43900,0,0.0,1277,55957200
006650,대한유화,275000,271000,-4000,-1.45,94167,25606293000
001440,대한전선,2660,2615,-45,-1.69,11768440,31076336100
084010,대한제강,21750,22100,350,1.61,344721,7665318950
001790,대한제당,3185,3185,0,0.0,171131,545374240
001795,대한제당우,3935,3910,-25,-0.64,80225,312787930
001130,대한제분,173000,173000,0,0.0,3095,533752000
003490,대한항공,30400,30300,-100,-0.33,1179705,35685541250
003495,대한항공우,40500,40450,-50,-0.12,3816,154393800
005880,대한해운,3325,3310,-15,-0.45,1283701,4256049390
003830,대한화섬,148500,147500,-1000,-0.67,223,32881000
016090,대현,2900,2890,-10,-0.34,177667,515909675
069460,대호에이엘,4385,4430,45,1.03,312462,1386876415
192080,더블유게임즈,61800,63200,1400,2.27,103330,6508733900
012510,더존비즈온,87600,88400,800,0.91,87829,7705665000
004830,덕성,15500,15700,200,1.29,355264,5560577900
004835,덕성우,27400,25700,-1700,-6.2,57218,1486762300
024900,덕양산업,3735,3690,-45,-1.2,301969,1115270990
145720,덴티움,64300,68500,4200,6.53,324287,22057474300
002150,도화엔지니어링,8920,8910,-10,-0.11,39592,352240550
001230,동국제강,20750,21600,850,4.1,2412470,51737097450
023450,동남합성,66300,66000,-300,-0.45,1829,121187700
004140,동방,6430,6430,0,0.0,676527,4367222610
007590,동방아그로,8310,8400,90,1.08,21684,182382720
005960,동부건설,14000,14050,50,0.36,63110,882446950
005965,동부건설우,45500,46000,500,1.1,29561,1447419200
026960,동서,30050,30000,-50,-0.17,158566,4791238150
002210,동성제약,10100,10100,0,0.0,81008,818321200
102260,동성케미컬,6100,6110,10,0.16,61580,377269520
000640,동아쏘시오홀딩스,124500,126000,1500,1.2,19227,2403284500
170900,동아에스티,83900,83200,-700,-0.83,143909,12008784700
028100,동아지질,20300,20400,100,0.49,42753,869346700
282690,동아타이어,12250,12300,50,0.41,7087,86843750
001520,동양,1915,1930,15,0.78,1806574,3473156480
001527,동양2우B,18500,17800,-700,-3.78,4464,79904300
001529,동양3우B,48150,46850,-1300,-2.7,4351,203593150
084670,동양고속,23750,23850,100,0.42,4605,109550000
082640,동양생명,5790,5740,-50,-0.86,652126,3751071620
001525,동양우,9760,9320,-440,-4.51,30142,282342150
008970,동양철관,1615,1640,25,1.55,1467381,2407500260
092780,동양피스톤,6510,6790,280,4.3,821181,5572649330
049770,동원FB,213500,212000,-1500,-0.7,9154,1935620500
018500,동원금속,1035,1045,10,0.97,133954,139919965
006040,동원산업,253500,253500,0,0.0,1802,457140000
030720,동원수산,9860,9810,-50,-0.51,18023,177884740
014820,동원시스템즈,45100,45450,350,0.78,20708,940435750
014825,동원시스템즈우,37500,37800,300,0.8,314,11837700
163560,동일고무벨트,9510,9510,0,0.0,17406,165016300
004890,동일산업,105000,105500,500,0.48,2147,229827000
002690,동일제강,4520,4585,65,1.44,66170,303253355
000020,동화약품,14750,14600,-150,-1.02,107504,1580989550
000150,두산,103000,101000,-2000,-1.94,61583,6252253000
000157,두산2우B,144500,140000,-4500,-3.11,4613,653915000
241560,두산밥캣,47200,47100,-100,-0.21,94937,4482646650
000155,두산우,69100,70000,900,1.3,5032,351461500
042670,두산인프라코어,17000,16700,-300,-1.76,2971115,50348705050
034020,두산중공업,23500,23400,-100,-0.43,5992650,140323050850
336260,두산퓨얼셀,51000,49800,-1200,-2.35,1211973,60636025900
33626K,두산퓨얼셀1우,16800,16800,0,0.0,39957,668375450
33626L,두산퓨얼셀2우B,22200,21500,-700,-3.15,29226,637482200
016740,두올,4740,4715,-25,-0.53,113493,536539010
192650,드림텍,13350,13200,-150,-1.12,946499,12624036700
024090,디씨엠,16950,17500,550,3.24,105141,1823206750
003160,디아이,8700,8780,80,0.92,587848,5166903900
092200,디아이씨,7190,6970,-220,-3.06,605842,4255810370
013570,디와이,6040,6000,-40,-0.66,80773,487387040
210540,디와이파워,15850,16500,650,4.1,172693,2851156050
007340,디티알오토모티브,40300,40600,300,0.74,16505,671250950
026890,디피씨,13950,14000,50,0.36,301867,4237289650
115390,락앤락,13600,13650,50,0.37,25517,349487550
032350,롯데관광개발,20550,20550,0,0.0,279889,5757214500
330590,롯데리츠,5900,5930,30,0.51,242951,1436645640
000400,롯데손해보험,1910,1895,-15,-0.79,295595,558893295
023530,롯데쇼핑,111500,110500,-1000,-0.9,37328,4143739500
004000,롯데정밀화학,72200,72700,500,0.69,160146,11614201800
286940,롯데정보통신,38800,38750,-50,-0.13,23706,918729550
280360,롯데제과,143500,147000,3500,2.44,25268,3662179000
004990,롯데지주,38800,38400,-400,-1.03,127703,4929851650
00499K,롯데지주우,58700,58600,-100,-0.17,725,42133000
005300,롯데칠성,137500,139500,2000,1.45,36174,5012945000
005305,롯데칠성우,77600,78300,700,0.9,950,73503500
011170,롯데케미칼,270500,269500,-1000,-0.37,103159,27804802500
002270,롯데푸드,442500,441000,-1500,-0.34,960,421405000
071840,롯데하이마트,35500,35650,150,0.42,50017,1789494800
027740,마니커,690,687,-3,-0.43,1382734,948423131
204320,만도,62800,62400,-400,-0.64,162794,10167124000
001080,만호제강,22800,22800,0,0.0,6979,158623500
088980,맥쿼리인프라,12400,12450,50,0.4,495228,6142910700
094800,맵스리얼티1,4650,4640,-10,-0.22,23001,106918340
138040,메리츠금융지주,21500,21550,50,0.23,114926,2478442750
008560,메리츠증권,4800,4910,110,2.29,2618747,12846038430
000060,메리츠화재,22550,22900,350,1.55,278073,6349555450
090370,메타랩스,1205,1215,10,0.83,287322,348316645
017180,명문제약,5470,5500,30,0.55,188863,1036011380
009900,명신산업,30700,30200,-500,-1.63,299866,9099693400
012690,모나리자,5140,5150,10,0.19,137218,702931700
005360,모나미,5690,5800,110,1.93,901658,5219753280
204210,모두투어리츠,4230,4270,40,0.95,5370,22805080
009680,모토닉,11600,11550,-50,-0.43,25470,293794100
009580,무림PP,5440,5370,-70,-1.29,372848,2012751570
009200,무림페이퍼,3275,3270,-5,-0.15,107456,351570740
033920,무학,8350,8300,-50,-0.6,41999,347665290
008420,문배철강,4980,5090,110,2.21,248902,1265192110
025560,미래산업,18200,16150,-2050,-11.26,682820,11120541400
007120,미래아이앤지,631,632,1,0.16,583168,367315934
357250,미래에셋맵스리츠,5010,5010,0,0.0,88578,442045290
085620,미래에셋생명,4130,4125,-5,-0.12,28577,118014875
006800,미래에셋증권,9140,9150,10,0.11,1058022,9678218280
00680K,미래에셋증권2우B,4625,4615,-10,-0.22,176295,815308905
006805,미래에셋증권우,6240,6230,-10,-0.16,24644,153188070
002840,미원상사,210500,210000,-500,-0.24,7209,1508079000
268280,미원에스씨,176000,178500,2500,1.42,5426,961418000
107590,미원홀딩스,124500,125500,1000,0.8,1294,161696000
134380,미원화학,83400,84000,600,0.72,695,58871500
003650,미창석유,83400,83300,-100,-0.12,424,35312400
155900,바다로19호,2785,2760,-25,-0.9,22577,62744970
003610,방림,2475,2480,5,0.2,58629,145488675
001340,백광산업,7180,7110,-70,-0.97,659133,4721494360
035150,백산,11100,11350,250,2.25,965271,10923658550
002410,범양건영,8890,9150,260,2.92,1977440,17861337250
096300,베트남개발1,239,239,0,0.0,502568,120043195
007210,벽산,4215,4375,160,3.8,3979473,17768140740
002760,보락,2470,2510,40,1.62,1491865,3730269335
003850,보령제약,18400,18150,-250,-1.36,347870,6292537400
000890,보해양조,1160,1160,0,0.0,1025960,1189976045
003000,부광약품,20550,20550,0,0.0,448721,9275027200
001270,부국증권,24650,24500,-150,-0.61,2403,59103850
001275,부국증권우,22550,22550,0,0.0,313,7058150
026940,부국철강,7460,8430,970,13.0,22260761,184991611420
015350,부산가스,60400,61300,900,1.49,7115,432668400
011390,부산산업,139500,142500,3000,2.15,6450,914389500
005030,부산주공,623,624,1,0.16,215672,133994207
002070,비비안,3670,3670,0,0.0,368676,1360273955
100220,비상교육,12400,12150,-250,-2.02,155946,1896255300
030790,비케이탑스,8990,8580,-410,-4.56,310829,2699778410
005180,빙그레,62400,62800,400,0.64,24814,1552753300
003960,사조대림,26150,26200,50,0.19,26414,688858100
008040,사조동아원,1405,1390,-15,-1.07,1186033,1657353165
007160,사조산업,67700,68300,600,0.89,16514,1124674500
014710,사조씨푸드,6560,6480,-80,-1.22,164715,1074687680
006090,사조오양,12150,12150,0,0.0,72231,875593050
001470,삼부토건,3630,3720,90,2.48,5821319,21678206055
006400,삼성SDI,738000,751000,13000,1.76,253498,188955325000
006405,삼성SDI우,438500,441500,3000,0.68,3862,1700144000
006660,삼성공조,28300,29050,750,2.65,126250,3621238150
028260,삼성물산,137500,137500,0,0.0,237329,32667906500
02826K,삼성물산우B,134000,133000,-1000,-0.75,9254,1229292000
207940,삼성바이오로직스,884000,893000,9000,1.02,73603,65573770000
032830,삼성생명,77300,76800,-500,-0.65,162475,12473019400
018260,삼성에스디에스,185000,185000,0,0.0,78851,14650591000
028050,삼성엔지니어링,22650,23650,1000,4.42,3998693,94021464450
009150,삼성전기,186000,183500,-2500,-1.34,253464,46729830500
009155,삼성전기우,106000,105500,-500,-0.47,8127,857723000
005930,삼성전자,79700,79300,-400,-0.5,9098910,723397885611
005935,삼성전자우,73300,73100,-200,-0.27,695770,50837880300
001360,삼성제약,7240,7230,-10,-0.14,627149,4555225960
010140,삼성중공업,6540,6540,0,0.0,0,0
010145,삼성중공우,289500,289500,0,0.0,0,0
016360,삼성증권,44100,44550,450,1.02,244352,10881293200
068290,삼성출판사,41450,42950,1500,3.62,4269820,197124440350
029780,삼성카드,35300,35000,-300,-0.85,125927,4410293900
000810,삼성화재,220500,217500,-3000,-1.36,43625,9522031500
000815,삼성화재우,165000,163500,-1500,-0.91,13720,2237605000
006110,삼아알미늄,14500,14500,0,0.0,193826,2782386200
145990,삼양사,63500,63600,100,0.16,17623,1125082000
145995,삼양사우,45700,46300,600,1.31,215,9909550
003230,삼양식품,91000,90800,-200,-0.22,23550,2141221000
002170,삼양통상,75400,75300,-100,-0.13,3979,299587000
272550,삼양패키징,27150,27200,50,0.18,24404,665670750
000070,삼양홀딩스,105000,109500,4500,4.29,49674,5426804500
000075,삼양홀딩스우,70500,71800,1300,1.84,419,29839300
002810,삼영무역,16150,16050,-100,-0.62,18376,295825500
005680,삼영전자,13200,13300,100,0.76,45038,599295900
003720,삼영화학,3900,3715,-185,-4.74,3707437,14106765765
023000,삼원강재,3580,3605,25,0.7,21720,77981550
004380,삼익THK,13600,13750,150,1.1,59747,825769300
002450,삼익악기,1865,1870,5,0.27,120108,223581610
004440,삼일씨엔에스,13500,13500,0,0.0,22896,308675900
000520,삼일제약,9080,9110,30,0.33,24209,220066250
009770,삼정펄프,33700,34000,300,0.89,3465,117397550
005500,삼진제약,26900,27250,350,1.3,30780,832684250
004690,삼천리,90400,90600,200,0.22,6043,544086700
010960,삼호개발,6220,6200,-20,-0.32,90647,564964640
004450,삼화왕관,44950,45150,200,0.44,479,21624850
009470,삼화전기,34800,35250,450,1.29,65804,2284250000
011230,삼화전자,4100,4065,-35,-0.85,49515,202479530
001820,삼화콘덴서,62800,61900,-900,-1.43,85496,5297831200
000390,삼화페인트,11550,11550,0,0.0,41140,475308100
001290,상상인증권,1305,1310,5,0.38,159467,208064655
041650,상신브레이크,4650,4665,15,0.32,81614,379394525
075180,새론오토모티브,6710,6770,60,0.89,26053,175517180
007540,샘표,55100,55000,-100,-0.18,3526,194268600
248170,샘표식품,58100,58200,100,0.17,6364,370709000
007860,서연,13700,13800,100,0.73,215266,2961541850
200880,서연이화,7780,7750,-30,-0.39,106496,825698030
017390,서울가스,137500,138000,500,0.36,2456,337079000
004410,서울식품,419,413,-6,-1.43,16169327,6736854912
004415,서울식품우,5320,5320,0,0.0,8336,44228040
021050,서원,3490,3465,-25,-0.72,6731720,23615045760
008490,서흥,54000,54000,0,0.0,15274,827060500
007610,선도전기,4590,4555,-35,-0.76,452473,2059703325
136490,선진,15600,16100,500,3.21,59558,950278050
014910,성문전자,2490,2485,-5,-0.2,123122,306977880
014915,성문전자우,10150,10050,-100,-0.99,2012,20391850
003080,성보화학,4780,4780,0,0.0,64629,308894690
004980,성신양회,11650,11800,150,1.29,89482,1051478850
004985,성신양회우,16850,17000,150,0.89,8281,139520700
011300,성안,787,787,0,0.0,0,0
000180,성창기업지주,3060,2965,-95,-3.1,2181337,6501710855
002420,세기상사,6160,6160,0,0.0,0,0
004360,세방,13550,13600,50,0.37,80206,1088124800
004365,세방우,8290,8300,10,0.12,9183,76000250
004490,세방전지,91600,91900,300,0.33,53102,4863077200
001430,세아베스틸,29950,30400,450,1.5,175449,5343583700
306200,세아제강,104000,105000,1000,0.96,7504,781266500
003030,세아제강지주,77300,78400,1100,1.42,8198,646465400
019440,세아특수강,16250,16650,400,2.46,17928,296307700
058650,세아홀딩스,101500,101500,0,0.0,323,32885500
013000,세우글로벌,2470,2470,0,0.0,0,0
091090,세원이앤씨,1105,1115,10,0.9,519128,574870040
021820,세원정공,8090,8090,0,0.0,0,0
067830,세이브존IC,3595,3645,50,1.39,36533,131799385
033530,세종공업,9460,9370,-90,-0.95,185762,1743862930
075580,세진중공업,7010,6980,-30,-0.43,150683,1051983510
027970,세하,2125,2130,5,0.24,235662,500381755
145210,세화아이엠씨,786,801,15,1.91,1270434,1011799212
308170,센트랄모텍,27750,27550,-200,-0.72,64643,1795153950
012600,센트럴인사이트,2490,2490,0,0.0,0,0
068270,셀트리온,269500,268500,-1000,-0.37,247979,66867004500
336370,솔루스첨단소재,57600,57400,-200,-0.35,320651,18534393700
33637K,솔루스첨단소재1우,17300,17300,0,0.0,10991,189528250
33637L,솔루스첨단소재2우B,32300,32800,500,1.55,8584,280240250
248070,솔루엠,30950,31350,400,1.29,994655,31101734800
004430,송원산업,20100,19950,-150,-0.75,145725,2910935450
017550,수산중공업,3885,3945,60,1.54,667188,2605473130
053210,스카이라이프,11450,11500,50,0.44,140957,1605300800
134790,시디즈,71400,71500,100,0.14,3488,247939400
016590,신대양제지,90400,90900,500,0.55,8936,815394900
029530,신도리코,31650,31750,100,0.32,9184,291440850
004970,신라교역,12700,12600,-100,-0.79,14930,186682300
011930,신성이엔지,2805,2760,-45,-1.6,1160698,3213202300
005390,신성통상,3245,3620,375,11.56,17989021,63540904485
004170,신세계,276000,274000,-2000,-0.72,23135,6352514000
035510,신세계IC,178500,183500,5000,2.8,25957,4832702500
034300,신세계건설,45600,45750,150,0.33,19989,917574850
031430,신세계인터내셔날,194000,193000,-1000,-0.52,14336,2756359000
031440,신세계푸드,95900,95100,-800,-0.83,18745,1781332200
006880,신송홀딩스,5550,5550,0,0.0,27878,155997030
005800,신영와코루,112500,112500,0,0.0,444,49857500
001720,신영증권,64100,64300,200,0.31,2189,140877200
001725,신영증권우,65500,65900,400,0.61,1660,108977700
009270,신원,1760,1775,15,0.85,506967,899180285
009275,신원우,48850,49000,150,0.31,397,19457900
002700,신일전자,2625,2555,-70,-2.67,22685691,58197139410
019170,신풍제약,62800,63700,900,1.43,914570,58586760200
019175,신풍제약우,85200,85500,300,0.35,28725,2482658000
002870,신풍제지,3260,3275,15,0.46,110860,361522120
293940,신한알파리츠,7900,7880,-20,-0.25,69720,549063100
055550,신한지주,38450,38350,-100,-0.26,1005931,38614944650
004080,신흥,15250,15300,50,0.33,4911,74647850
102280,쌍방울,814,812,-2,-0.25,6469355,5264280106
003410,쌍용CE,8010,8010,0,0.0,339162,2718035880
003620,쌍용차,2770,2770,0,0.0,0,0
004770,써니전자,3465,3490,25,0.72,161794,563559755
015540,쎌마테라퓨틱스,6410,6410,0,0.0,0,0
004920,씨아이테크,1220,1210,-10,-0.82,356982,430875765
112610,씨에스윈드,87200,88800,1600,1.83,898848,80017339100
008700,아남전자,3155,3225,70,2.22,6185993,19639723275
002790,아모레G,60800,60000,-800,-1.32,209326,12565964300
00279K,아모레G3우전환,42850,42250,-600,-1.4,4019,170659950
002795,아모레G우,23750,23450,-300,-1.26,18324,429545200
090430,아모레퍼시픽,241000,234500,-6500,-2.7,227238,53627531500
090435,아모레퍼시픽우,86600,85700,-900,-1.04,27012,2317143800
002030,아세아,125000,124500,-500,-0.4,1195,148826500
183190,아세아시멘트,115500,116000,500,0.43,15722,1817568000
002310,아세아제지,53900,53200,-700,-1.3,80013,4251482100
012170,아센디오,2610,2585,-25,-0.96,111764,289037405
267850,아시아나IDT,21750,22000,250,1.15,28364,619168150
020560,아시아나항공,17200,17450,250,1.45,687432,11840128250
122900,아이마켓코리아,11800,11650,-150,-1.27,305796,3575480900
010780,아이에스동서,56100,55800,-300,-0.53,43596,2430460800
001780,알루코,4910,4920,10,0.2,354400,1745620015
018250,애경산업,26000,26050,50,0.19,27919,727149100
161000,애경유화,11950,12250,300,2.51,333363,4052644100
011090,에넥스,2825,2820,-5,-0.18,1622377,4676235880
137310,에스디바이오센서,55000,57000,2000,3.64,2080670,117003920400
005850,에스엘,33500,32500,-1000,-2.99,196673,6479222050
012750,에스원,82200,82800,600,0.73,98941,8162129100
023960,에쓰씨엔지니어링,5640,5710,70,1.24,327774,1856381440
298690,에어부산,3380,3395,15,0.44,243039,826698285
140910,에이리츠,11600,11950,350,3.02,39885,472296300
078520,에이블씨엔씨,9280,9270,-10,-0.11,63191,587800490
015260,에이엔피,2165,2135,-30,-1.39,682247,1501198245
007460,에이프로젠MED,2155,2220,65,3.02,2394618,5273804385
003060,에이프로젠제약,1280,1285,5,0.39,1871750,2413521840
244920,에이플러스에셋,12950,12600,-350,-2.7,1763116,22732362150
036570,엔씨소프트,794000,812000,18000,2.27,59714,48086151000
138250,엔에스쇼핑,12400,12350,-50,-0.4,19329,239801950
380440,엔에이치스팩19호,2220,2225,5,0.23,188190,419147065
085310,엔케이,1295,1295,0,0.0,327234,422055290
009810,엔케이물산,949,925,-24,-2.53,1246148,1161016619
900140,엘브이엠씨홀딩스,3565,3560,-5,-0.14,236620,840737505
097520,엠씨넥스,48100,48300,200,0.42,219136,10556780850
014440,영보화학,5100,5130,30,0.59,67529,345184480
111770,영원무역,40500,40250,-250,-0.62,63596,2557156650
009970,영원무역홀딩스,47750,47650,-100,-0.21,7599,362246750
003520,영진약품,5690,5680,-10,-0.18,374355,2138937240
000670,영풍,695000,707000,12000,1.73,4150,2928706000
006740,영풍제지,8200,8140,-60,-0.73,115828,947619650
012280,영화금속,2415,2425,10,0.41,3090343,7611824280
012160,영흥,1215,1220,5,0.41,607562,737887805
015360,예스코홀딩스,37650,37600,-50,-0.13,1443,54634950
007310,오뚜기,544000,545000,1000,0.18,4975,2712800000
002630,오리엔트바이오,1290,1290,0,0.0,1047557,1375821100
271560,오리온,119000,118500,-500,-0.42,52270,6184271500
001800,오리온홀딩스,16850,16750,-100,-0.59,91404,1534927200
070960,용평리조트,5790,5800,10,0.17,93289,541159940
316140,우리금융지주,11650,11200,-450,-3.86,36701721,410296126450
033660,우리금융캐피탈,11950,11600,-350,-2.93,34729,405607700
118000,우리들휴브레인,1935,1890,-45,-2.33,608130,1152446480
010050,우리종금,1020,1020,0,0.0,5446106,5584293705
006980,우성사료,35100,35150,50,0.14,12089,424961650
017370,우신시스템,5560,5600,40,0.72,197635,1125995710
105840,우진,10350,9950,-400,-3.86,1853194,18561497470
010400,우진아이엔에스,9050,9030,-20,-0.22,9684,87507380
049800,우진플라임,4225,4265,40,0.95,89446,379463280
016880,웅진,2290,2270,-20,-0.87,584709,1337583140
095720,웅진씽크빅,4140,4050,-90,-2.17,1275393,5200705175
005820,원림,26900,26900,0,0.0,3671,99014650
010600,웰바이오텍,2985,3025,40,1.34,656983,1987538850
008600,윌비스,2360,2340,-20,-0.85,664391,1559930125
033270,유나이티드제약,54200,54200,0,0.0,130019,7084675400
014830,유니드,83800,108500,24700,29.47,1930757,190363161100
000910,유니온,7670,7650,-20,-0.26,111373,856068060
047400,유니온머티리얼,3895,3875,-20,-0.51,270335,1049518280
011330,유니켐,1665,1665,0,0.0,289136,477366290
077500,유니퀘스트,11450,11350,-100,-0.87,182106,2068121800
002920,유성기업,3655,3655,0,0.0,80317,292958865
000700,유수홀딩스,6500,6590,90,1.38,24536,161839940
003470,유안타증권,4635,4695,60,1.29,1105287,5189347755
003475,유안타증권우,4915,5010,95,1.93,301621,1515688795
011690,유양디앤유,2440,2440,0,0.0,0,0
072130,유엔젤,5160,5560,400,7.75,14866705,84486124240
000220,유유제약,10050,9960,-90,-0.9,272776,2726066140
000225,유유제약1우,13800,13800,0,0.0,18016,247742700
000227,유유제약2우B,27250,27200,-50,-0.18,1009,27392100
001200,유진투자증권,4230,4235,5,0.12,206387,871842165
000100,유한양행,61500,61600,100,0.16,86155,5305608900
000105,유한양행우,59700,59800,100,0.17,797,47676500
003460,유화증권,2800,2800,0,0.0,78395,219910045
003465,유화증권우,2830,2885,55,1.94,2215,6385185
008730,율촌화학,21650,21500,-150,-0.69,38354,822082400
008250,이건산업,14400,14650,250,1.74,843790,12557366100
025820,이구산업,4030,4110,80,1.99,259725,1063227325
214320,이노션,62600,62800,200,0.32,37878,2373990900
088260,이리츠코크렙,5950,5940,-10,-0.17,110696,658100930
139480,이마트,159500,158500,-1000,-0.63,70041,11138587500
007660,이수페타시스,3700,3720,20,0.54,237945,885445710
005950,이수화학,11800,11800,0,0.0,130121,1534652950
015020,이스타코,4290,4470,180,4.2,15666124,70303600780
093230,이아이디,565,560,-5,-0.88,24653688,13940366882
074610,이엔플러스,3840,3780,-60,-1.56,345787,1323742300
102460,이연제약,57800,61100,3300,5.71,2934329,183842727100
084680,이월드,3350,3530,180,5.37,1180651,4087242275
350520,이지스레지던스리츠,5150,5130,-20,-0.39,32816,168015370
334890,이지스밸류리츠,5590,5600,10,0.18,84520,471250700
000760,이화산업,21900,21700,-200,-0.91,4890,107315850
014990,인디에프,1390,1400,10,0.72,143556,201705960
101140,인바이오젠,4625,5180,555,12.0,25397987,131054813300
006490,인스코비,3980,3760,-220,-5.53,4617227,17614139435
023800,인지컨트롤스,16300,16050,-250,-1.53,133978,2164026950
034590,인천도시가스,28800,28800,0,0.0,2624,75544300
129260,인터지스,3890,3945,55,1.41,87862,344020295
023810,인팩,12850,12800,-50,-0.39,40350,519983450
249420,일동제약,15750,15700,-50,-0.32,38262,598030250
000230,일동홀딩스,13450,13450,0,0.0,10195,136940150
013360,일성건설,4085,4220,135,3.3,36779919,169439131310
003120,일성신약,82600,82600,0,0.0,1146,94621900
003200,일신방직,100000,100500,500,0.5,3827,383763600
007110,일신석재,2430,2505,75,3.09,2648732,6590642565
007570,일양약품,34350,34200,-150,-0.44,108435,3721330500
007575,일양약품우,35250,35250,0,0.0,2113,73923300
008500,일정실업,20350,20450,100,0.49,980,19976050
081000,일진다이아,46700,48300,1600,3.43,388722,18625993550
020760,일진디스플,4330,4330,0,0.0,32418,140596115
020150,일진머티리얼즈,83400,83900,500,0.6,392812,33022012300
103590,일진전기,7310,6980,-330,-4.51,2580638,18312639370
015860,일진홀딩스,6100,6030,-70,-1.15,346748,2093534140
226320,잇츠한불,25900,25750,-150,-0.58,17374,446846450
317400,자이에스앤디,10650,10700,50,0.47,95493,1016234800
033240,자화전자,20350,20650,300,1.47,74826,1527711300
000950,전방,40150,40250,100,0.25,1679,67432800
348950,제이알글로벌리츠,5290,5280,-10,-0.19,477456,2520008750
194370,제이에스코퍼레이션,18250,18550,300,1.64,48433,889547550
025620,제이준코스메틱,1725,1850,125,7.25,1770852,3234623840
036420,제이콘텐트리,46500,47050,550,1.18,60755,2849384850
030000,제일기획,24950,25100,150,0.6,326718,8191868500
271980,제일약품,42650,42300,-350,-0.82,40983,1745195200
001560,제일연마,8210,8240,30,0.37,3469,28498030
002620,제일파마홀딩스,22100,22000,-100,-0.45,19035,419458300
006220,제주은행,6760,6770,10,0.15,63226,427337860
089590,제주항공,23300,22900,-400,-1.72,89496,2056016800
004910,조광페인트,8400,8500,100,1.19,57262,486181370
004700,조광피혁,56400,55700,-700,-1.24,1624,90682600
001550,조비,23550,24200,650,2.76,83720,2013159750
000480,조선내화,91200,91000,-200,-0.22,2597,236741100
120030,조선선재,122500,124500,2000,1.63,4284,529755000
018470,조일알미늄,1300,1275,-25,-1.92,1959130,2482006785
002600,조흥,196000,193500,-2500,-1.28,343,66645000
185750,종근당,132500,132500,0,0.0,24650,3263599000
063160,종근당바이오,57700,58100,400,0.69,34338,1993586600
001630,종근당홀딩스,104000,104000,0,0.0,13170,1372395500
044380,주연테크,1795,1815,20,1.11,5035689,9033482770
013890,지누스,103500,101500,-2000,-1.93,40259,4076170400
013870,지엠비코리아,6990,6990,0,0.0,36519,254449040
071320,지역난방공사,42150,42200,50,0.12,10469,444952950
010580,지코,306,306,0,0.0,0,0
035000,지투알,6520,6670,150,2.3,38785,258996290
088790,진도,4445,4465,20,0.45,35505,159964515
003780,진양산업,5610,5810,200,3.57,360594,2085657040
010640,진양폴리,3865,3940,75,1.94,27720,108670855
100250,진양홀딩스,3325,3335,10,0.3,94423,314148495
051630,진양화학,4165,4190,25,0.6,42709,178053575
272450,진에어,19900,19850,-50,-0.25,73931,1459883600
011000,진원생명과학,50800,50300,-500,-0.98,3441907,174748850000
002780,진흥기업,2455,2505,50,2.04,1204728,3007506965
002787,진흥기업2우B,15950,15950,0,0.0,1208,19377000
002785,진흥기업우B,7060,7120,60,0.85,284,2020690
009310,참엔지니어링,1705,1700,-5,-0.29,467248,798643850
000650,천일고속,73100,72700,-400,-0.55,804,58334700
033250,체시스,1715,1710,-5,-0.29,200848,342733665
035720,카카오,147500,149500,2000,1.36,5249906,789592103000
006380,카프로,4735,4735,0,0.0,158937,753683830
109070,컨버즈,4100,4100,0,0.0,0,0
001620,케이비아이동국실업,1180,1225,45,3.81,3804423,4621088585
029460,케이씨,26200,26250,50,0.19,30801,806308750
281820,케이씨텍,30050,30100,50,0.17,148010,4437927450
145270,케이탑리츠,1535,1535,0,0.0,348381,532803800
357120,코람코에너지리츠,6140,6140,0,0.0,75638,464543240
007815,코리아써우,7830,7750,-80,-1.02,3334,25861600
007810,코리아써키트,15250,15000,-250,-1.64,245758,3689025100
00781K,코리아써키트2우B,9370,9390,20,0.21,3381,31771660
003690,코리안리,9490,9540,50,0.53,96035,914324710
192820,코스맥스,132000,129500,-2500,-1.89,76285,9896064000
044820,코스맥스비티아이,18350,18300,-50,-0.27,40512,733797300
005070,코스모신소재,40350,40550,200,0.5,1739869,72220360650
005420,코스모화학,12250,12700,450,3.67,769802,9787159700
071950,코아스,1470,1505,35,2.38,156258,233801625
002020,코오롱,31150,30950,-200,-0.64,25839,802321800
003070,코오롱글로벌,23550,24450,900,3.82,127827,3105965450
003075,코오롱글로벌우,37750,37400,-350,-0.93,5319,196788550
144620,코오롱머티리얼,2965,3000,35,1.18,110499,332909275
002025,코오롱우,20250,20400,150,0.74,10769,218421700
120110,코오롱인더,81100,81200,100,0.12,188834,15280750300
120115,코오롱인더우,34750,34700,-50,-0.14,11735,407925750
138490,코오롱플라스틱,7530,7510,-20,-0.27,92143,692748990
021240,코웨이,82000,87600,5600,6.83,532507,45900101000
031820,콤텍시스템,1275,1475,200,15.69,91751396,140803241105
192400,쿠쿠홀딩스,123500,126500,3000,2.43,9317,1172725000
284740,쿠쿠홈시스,44750,46900,2150,4.8,118701,5527259650
015590,큐로,590,597,7,1.19,1075460,641127974
264900,크라운제과,12000,12200,200,1.67,26969,326887950
26490K,크라운제과우,16900,17100,200,1.18,13495,228916400
005740,크라운해태홀딩스,10750,10800,50,0.47,15921,171710650
005745,크라운해태홀딩스우,16850,16850,0,0.0,3110,52072900
020120,키다리스튜디오,17150,16800,-350,-2.04,236696,3958948400
039490,키움증권,119000,121500,2500,2.1,98609,11922182000
014580,태경비케이,5730,5760,30,0.52,2498320,14120114460
015890,태경산업,6590,6650,60,0.91,180501,1191468660
006890,태경케미컬,19050,19000,-50,-0.26,358278,6874365500
003240,태광산업,1064000,1081000,17000,1.6,891,955371000
011280,태림포장,5110,5090,-20,-0.39,325269,1664099210
004100,태양금속,1600,1625,25,1.56,99793,162254165
004105,태양금속우,3370,3345,-25,-0.74,18524,62087335
009410,태영건설,12500,12400,-100,-0.8,73059,907529600
009415,태영건설우,15450,15400,-50,-0.32,7320,113492100
001420,태원물산,5550,5570,20,0.36,34703,193887230
007980,태평양물산,2420,2430,10,0.41,176318,426273965
055490,테이팩스,53000,55100,2100,3.96,59542,3266892900
078000,텔코웨어,12600,12550,-50,-0.4,10438,131153750
214420,토니모리,8370,8300,-70,-0.84,54058,449131010
019180,티에이치엔,3615,3650,35,0.97,76537,278252185
363280,티와이홀딩스,32600,32400,-200,-0.61,102246,3313077150
36328K,티와이홀딩스우,27700,27700,0,0.0,9884,273277450
091810,티웨이항공,3850,3860,10,0.26,287331,1099831735
004870,티웨이홀딩스,1355,1345,-10,-0.74,95774,129533190
005690,파미셀,17750,17750,0,0.0,603135,10770346100
036580,팜스코,6730,6750,20,0.3,56879,382756270
004720,팜젠사이언스,11250,11600,350,3.11,490467,5645596900
028670,팬오션,7610,7580,-30,-0.39,3260934,24730285220
010820,퍼스텍,2675,2725,50,1.87,230769,620711095
016800,퍼시스,36300,36050,-250,-0.69,4379,157895400
001020,페이퍼코리아,2215,2270,55,2.48,39067,88290640
090080,평화산업,1775,1780,5,0.28,465885,825441635
010770,평화홀딩스,5020,5050,30,0.6,28950,147106870
058430,포스코강판,69700,69400,-300,-0.43,221090,15697016200
047050,포스코인터내셔널,23650,27200,3550,15.01,9447199,244452042400
003670,포스코케미칼,154500,158000,3500,2.27,692861,110151486500
007630,폴루스바이오팜,1225,1225,0,0.0,0,0
017810,풀무원,19150,19100,-50,-0.26,86619,1660085350
103140,풍산,38800,39200,400,1.03,368181,14415365800
005810,풍산홀딩스,27200,27700,500,1.84,31648,872462600
950210,프레스티지바이오파마,29150,28900,-250,-0.86,170964,4968316850
086790,하나금융지주,43900,44100,200,0.46,1522743,67397111600
293480,하나제약,21750,21800,50,0.23,23432,510900700
039130,하나투어,79600,77200,-2400,-3.02,180776,14014195100
172580,하이골드12호,2575,2565,-10,-0.39,7298,18720210
153360,하이골드3호,1970,1970,0,0.0,14063,27752390
352820,하이브,301500,303000,1500,0.5,196806,59724490000
071090,하이스틸,3375,3430,55,1.63,104234,355911790
019490,하이트론,7780,7600,-180,-2.31,97558,744147090
000080,하이트진로,35250,34900,-350,-0.99,223920,7837755450
000087,하이트진로2우B,22200,22100,-100,-0.45,2242,49264350
000140,하이트진로홀딩스,16000,15800,-200,-1.25,31977,504317900
000145,하이트진로홀딩스우,20300,20300,0,0.0,2485,50140300
152550,한국ANKOR유전,1580,1580,0,0.0,23830,37592520
036460,한국가스공사,36000,36550,550,1.53,291113,10525057450
005430,한국공항,46650,47100,450,0.96,6369,299305200
071050,한국금융지주,102500,112000,9500,9.27,2167518,238549561000
071055,한국금융지주우,79800,86700,6900,8.65,529977,45379747900
010040,한국내화,4655,4735,80,1.72,94471,443914460
025540,한국단자,102000,98900,-3100,-3.04,75627,7530266500
004090,한국석유,15000,15050,50,0.33,62491,940820600
002200,한국수출포장,29200,29250,50,0.17,22120,649160550
002960,한국쉘석유,278500,280000,1500,0.54,1388,388038000
000240,한국앤컴퍼니,18450,18450,0,0.0,129531,2401611750
123890,한국자산신탁,4530,4555,25,0.55,158906,720957730
015760,한국전력,25150,25150,0,0.0,1209445,30443177150
006200,한국전자홀딩스,1435,1445,10,0.7,263639,383525500
009540,한국조선해양,128500,132000,3500,2.72,348043,45520942000
023350,한국종합기술,9290,9280,-10,-0.11,92225,857257770
025890,한국주강,2900,3070,170,5.86,398259,1179302345
000970,한국주철관,10150,10050,-100,-0.99,101440,1026272600
104700,한국철강,9300,9400,100,1.08,93855,879315130
017960,한국카본,11950,11900,-50,-0.42,308393,3682868600
161890,한국콜마,55100,55300,200,0.36,179337,10022716600
024720,한국콜마홀딩스,29150,29100,-50,-0.17,27009,791418550
161390,한국타이어앤테크놀로지,50300,49750,-550,-1.09,235798,11929956100
034830,한국토지신탁,2245,2260,15,0.67,374111,842760905
007280,한국특강,3720,3845,125,3.36,412452,1574579000
168490,한국패러랠,2020,2025,5,0.25,6746,13625875
010100,한국프랜지,3400,3440,40,1.18,137174,469461410
047810,한국항공우주,34500,34150,-350,-1.01,386533,13294696800
123690,한국화장품,11150,11150,0,0.0,24827,277387500
003350,한국화장품제조,33850,33850,0,0.0,8573,290100750
011500,한농화성,15800,15400,-400,-2.53,284903,4426168050
002390,한독,27000,27300,300,1.11,38682,1050886600
014790,한라,5600,5590,-10,-0.18,127082,710718160
060980,한라홀딩스,45800,45800,0,0.0,22144,1014133600
053690,한미글로벌,11850,11750,-100,-0.84,73762,868196700
042700,한미반도체,39200,40300,1100,2.81,1978453,79357137600
008930,한미사이언스,76900,77000,100,0.13,113440,8803847000
128940,한미약품,330000,331500,1500,0.45,23624,7880535500
009240,한샘,119500,122000,2500,2.09,266387,32466908500
020000,한섬,39700,39000,-700,-1.76,76118,2971395850
003680,한성기업,8430,8610,180,2.14,32693,278237270
105630,한세실업,21550,21550,0,0.0,174228,3749849550
069640,한세엠케이,11300,11900,600,5.31,649699,7508472500
016450,한세예스24홀딩스,10500,13650,3150,30.0,11615121,146161592050
010420,한솔PNS,2570,2710,140,5.45,7047666,19797933645
009180,한솔로지스틱스,4330,4320,-10,-0.23,542734,2355327025
213500,한솔제지,16050,16150,100,0.62,115122,1867597650
014680,한솔케미칼,282500,284000,1500,0.53,58691,16621042000
004710,한솔테크닉스,8680,8670,-10,-0.12,99755,865031660
004150,한솔홀딩스,4425,4465,40,0.9,93223,415119020
025750,한솔홈데코,2125,2130,5,0.24,610983,1302659350
004960,한신공영,24200,24500,300,1.24,63930,1547978600
011700,한신기계,4280,4630,350,8.18,37836266,173027542940
001750,한양증권,16050,16850,800,4.98,124679,2073798900
001755,한양증권우,22450,23200,750,3.34,5136,118507550
018880,한온시스템,16100,16000,-100,-0.62,525358,8402608950
009420,한올바이오파마,23250,22950,-300,-1.29,1143920,26686582350
014130,한익스프레스,7290,7360,70,0.96,185272,1366103310
300720,한일시멘트,172500,171500,-1000,-0.58,8615,1477336000
002220,한일철강,2925,3000,75,2.56,91851,272123140
006390,한일현대시멘트,35200,35450,250,0.71,17631,623643250
003300,한일홀딩스,13350,13300,-50,-0.37,38772,513718350
051600,한전KPS,43800,42950,-850,-1.94,217114,9381104900
052690,한전기술,58300,55900,-2400,-4.12,779438,44115010000
130660,한전산업,15000,14600,-400,-2.67,1111808,16526870550
002320,한진,41150,41150,0,0.0,43890,1801121150
097230,한진중공업,8320,8340,20,0.24,40330,334940630
003480,한진중공업홀딩스,5800,5830,30,0.52,81336,472609740
180640,한진칼,66800,67000,200,0.3,88161,5896365100
18064K,한진칼우,42650,42750,100,0.23,1958,83946950
005110,한창,1575,1620,45,2.86,1157484,1853090510
009460,한창제지,2535,2555,20,0.79,445689,1140689780
000880,한화,30300,30400,100,0.33,525580,16110135100
00088K,한화3우B,14950,15000,50,0.33,42704,643202050
088350,한화생명,3500,3435,-65,-1.86,2446117,8423913480
000370,한화손해보험,4630,4635,5,0.11,394694,1816961980
009830,한화솔루션,42700,43200,500,1.17,648277,27914840900
009835,한화솔루션우,51600,51100,-500,-0.97,4943,253215100
272210,한화시스템,17050,17000,-50,-0.29,446940,7625877100
012450,한화에어로스페이스,52200,51800,-400,-0.77,358425,18692319200
000885,한화우,44050,44050,0,0.0,1360,59635250
003530,한화투자증권,4595,4695,100,2.18,1276169,5955365850
003535,한화투자증권우,14150,14250,100,0.71,40345,571101750
195870,해성디에스,45300,44550,-750,-1.66,278911,12368213950
101530,해태제과식품,10050,10850,800,7.96,606019,6452928940
143210,핸즈코퍼레이션,6290,6230,-60,-0.95,32681,204205260
000720,현대건설,57300,55300,-2000,-3.49,2031773,112579271000
267270,현대건설기계,53500,54900,1400,2.62,311333,17273860500
000725,현대건설우,209500,204500,-5000,-2.39,2792,546020500
005440,현대그린푸드,10250,10200,-50,-0.49,150492,1532042400
086280,현대글로비스,201000,200000,-1000,-0.5,91619,18303426500
064350,현대로템,22650,22800,150,0.66,716507,16336560600
079430,현대리바트,20200,19950,-250,-1.24,168559,3370106650
012330,현대모비스,282000,279500,-2500,-0.89,455101,126967456500
010620,현대미포조선,80900,81300,400,0.49,231231,18705844600
069960,현대백화점,82000,81700,-300,-0.37,58670,4781236000
004560,현대비앤지스틸,21450,21950,500,2.33,316065,6933945600
004565,현대비앤지스틸우,93900,93600,-300,-0.32,510,47185400
004310,현대약품,6800,6790,-10,-0.15,78276,532487410
322000,현대에너지솔루션,31350,31150,-200,-0.64,41745,1302773550
017800,현대엘리베이,49450,50500,1050,2.12,220651,11090915350
307950,현대오토에버,123000,123500,500,0.41,31737,3919417500
011210,현대위아,97900,94500,-3400,-3.47,711308,67527366700
267260,현대일렉트릭,22050,22100,50,0.23,442099,9846080850
004020,현대제철,51600,52500,900,1.74,962772,50479490900
267250,현대중공업지주,69800,69700,-100,-0.14,136323,9475719800
005380,현대차,228500,225500,-3000,-1.31,1574776,354660479500
005387,현대차2우B,110000,108000,-2000,-1.82,159426,17216614000
005389,현대차3우B,103000,101500,-1500,-1.46,16862,1713080500
005385,현대차우,112000,110000,-2000,-1.79,75469,8287586000
001500,현대차증권,12950,13100,150,1.16,51490,670892400
011760,현대코퍼레이션,19550,19650,100,0.51,37528,735653200
227840,현대코퍼레이션홀딩스,14800,14850,50,0.34,38633,575290150
126560,현대퓨처넷,4730,4755,25,0.53,990216,4704012445
001450,현대해상,25650,25450,-200,-0.78,417564,10648831100
057050,현대홈쇼핑,85200,84900,-300,-0.35,11671,994285900
093240,형지엘리트,4845,4790,-55,-1.14,238478,1144894205
003010,혜인,6870,6840,-30,-0.44,98832,673650690
111110,호전실업,13850,14000,150,1.08,59632,845710550
008770,호텔신라,96000,94300,-1700,-1.77,282827,26811624100
008775,호텔신라우,92000,92300,300,0.33,9689,893264400
002460,화성산업,13000,13100,100,0.77,38148,495873850
378850,화승알앤에이,6010,6010,0,0.0,30242,182181340
241590,화승엔터프라이즈,17550,16400,-1150,-6.55,715548,11902111150
006060,화승인더,7590,7340,-250,-3.29,698820,5169392410
013520,화승코퍼레이션,2915,2875,-40,-1.37,326776,953548825
010690,화신,10650,9980,-670,-6.29,1346267,13749520730
133820,화인베스틸,2890,2950,60,2.08,295466,866630855
010660,화천기계,2745,2770,25,0.91,60228,166340125
000850,화천기공,37700,37200,-500,-1.33,6380,238210400
016580,환인제약,21700,21700,0,0.0,61885,1337597900
032560,황금에스티,9710,10050,340,3.5,662876,6661873250
004800,효성,119500,119000,-500,-0.42,93730,11084663500
094280,효성ITX,23150,24000,850,3.67,222139,5314997950
298040,효성중공업,78000,78500,500,0.64,145763,11610265000
298050,효성첨단소재,610000,610000,0,0.0,92568,56623624000
298020,효성티앤씨,869000,868000,-1000,-0.12,23977,20805286000
298000,효성화학,413500,411000,-2500,-0.6,33678,14007070500
093370,후성,13200,13100,-100,-0.76,3687858,48927995400
081660,휠라홀딩스,52300,52200,-100,-0.19,239758,12638274700
005870,휴니드,7680,7670,-10,-0.13,41907,322609250
079980,휴비스,12150,12000,-150,-1.23,2327257,29192028400
005010,휴스틸,13450,13900,450,3.35,94192,1299019250
069260,휴켐스,24000,24500,500,2.08,477485,11668383500
000540,흥국화재,4275,4260,-15,-0.35,77939,331752020
000547,흥국화재2우B,29150,28550,-600,-2.06,1621,46522000
000545,흥국화재우,10550,10600,50,0.47,2627,27586600
003280,흥아해운,1035,1035,0,0.0,0,0
