티커,종목명,시가,종가,변동폭,등락률,거래량,거래대금
095570,AJ네트웍스,5320,5280,-40,-0.75,99825,525500780
006840,AK홀딩스,20450,20750,300,1.47,12196,249658050
027410,BGF,5140,5100,-40,-0.78,146732,749146720
282330,BGF리테일,151000,153500,2500,1.66,35626,5389875000
138930,BNK금융지주,8590,8660,70,0.81,878609,7603185660
001460,BYC,437500,432500,-5000,-1.14,106,46105000
001465,BYC우,167500,167500,0,0.0,95,15784500
001040,CJ,83400,83800,400,0.48,38617,3209063500
079160,CJCGV,23750,23700,-50,-0.21,252952,5878174900
00104K,CJ4우전환,71000,71500,500,0.7,4553,322370400
000120,CJ대한통운,131000,130000,-1000,-0.76,34541,4485568500
011150,CJ씨푸드,3775,3670,-105,-2.78,369955,1365624205
011155,CJ씨푸드1우,37700,37300,-400,-1.06,849,31451400
001045,CJ우,55900,55800,-100,-0.18,3727,207510000
097950,CJ제일제당,363500,362500,-1000,-0.28,24355,8810859500
097955,CJ제일제당우,177500,177500,0,0.0,2065,365915500
000590,CS홀딩스,61300,62600,1300,2.12,3931,245979200
012030,DB,968,963,-5,-0.52,342864,328425409
016610,DB금융투자,6880,6980,100,1.45,101926,705506880
005830,DB손해보험,55300,55200,-100,-0.18,70128,3863196200
000990,DB하이텍,68800,69000,200,0.29,761444,52599256700
000995,DB하이텍1우,99900,100000,100,0.1,209,20788400
139130,DGB금융지주,9530,9690,160,1.68,289763,2794026080
001530,DI동일,254000,249000,-5000,-1.97,14579,3628546000
000210,DL,61800,63100,1300,2.1,85650,5370608100
001880,DL건설,26900,27250,350,1.3,20515,557947800
000215,DL우,36900,37900,1000,2.71,2268,84562550
375500,DL이앤씨,121000,121000,0,0.0,107722,13012575000
37550K,DL이앤씨우,71900,71800,-100,-0.14,3773,270084800
004840,DRB동일,5150,5160,10,0.19,12294,62893820
155660,DSR,5360,5400,40,0.75,49702,267140080
069730,DSR제강,4595,4665,70,1.52,55354,254380080
017940,E1,47400,48450,1050,2.22,10641,510604400
365550,ESR켄달스퀘어리츠,6530,6430,-100,-1.53,229371,1482252370
383220,FF,900000,881000,-19000,-2.11,35964,31565724000
007700,FF홀딩스,36500,35300,-1200,-3.29,94838,3350085450
114090,GKL,12700,13100,400,3.15,323406,4170363550
078930,GS,39150,39650,500,1.28,217886,8615398950
006360,GS건설,39650,40350,700,1.77,535725,21592056050
001250,GS글로벌,2270,2290,20,0.88,177622,404008305
007070,GS리테일,30450,30500,50,0.16,166880,5059631750
078935,GS우,35650,36050,400,1.12,1585,56742850
012630,HDC,10250,10350,100,0.98,111878,1146352250
039570,HDC아이콘트롤스,12000,12100,100,0.83,14382,173551800
089470,HDC현대EP,5550,5610,60,1.08,71752,397646990
294870,HDC현대산업개발,23100,23350,250,1.08,200758,4673777900
011200,HMM,26800,27150,350,1.31,4534653,123523037300
082740,HSD엔진,7850,7710,-140,-1.78,204755,1580878220
003560,IHQ,1530,1515,-15,-0.98,1169259,1778806310
175330,JB금융지주,8540,8580,40,0.47,131624,1123131380
234080,JW생명과학,15100,14850,-250,-1.66,48534,726451300
001060,JW중외제약,22350,22400,50,0.22,37452,832588200
001067,JW중외제약2우B,60000,59800,-200,-0.33,709,42832900
001065,JW중외제약우,34700,34450,-250,-0.72,597,20559100
096760,JW홀딩스,3420,3405,-15,-0.44,37285,126955895
105560,KB금융,57000,57000,0,0.0,902870,51529955500
002380,KCC,313500,320500,7000,2.23,67437,21425131500
344820,KCC글라스,56500,58000,1500,2.65,73584,4223506400
009070,KCTC,5880,5860,-20,-0.34,81071,472863670
009440,KC그린홀딩스,4345,4355,10,0.23,28173,121370775
119650,KC코트렐,5960,5990,30,0.5,45383,270298520
092220,KEC,3675,3655,-20,-0.54,6507554,23651347270
016380,KG동부제철,10750,10800,50,0.47,234397,2531324700
016385,KG동부제철우,97700,98600,900,0.92,128,12444500
001390,KG케미칼,31500,31350,-150,-0.48,54962,1710521100
033180,KH필룩스,2570,2570,0,0.0,681467,1756190455
001940,KISCO홀딩스,15050,15300,250,1.66,14139,213413200
025000,KPX케미칼,54700,54900,200,0.37,1153,63058200
092230,KPX홀딩스,65300,64900,-400,-0.61,2636,170164200
000040,KR모터스,892,873,-19,-2.13,413952,359552450
044450,KSS해운,11450,11500,50,0.44,40448,461076650
030200,KT,30500,30900,400,1.31,713507,21877063650
033780,KTG,85100,84800,-300,-0.35,414346,35187583200
030210,KTB투자증권,6190,6230,40,0.65,187058,1153409500
058850,KTcs,2505,2500,-5,-0.2,43347,107916220
058860,KTis,2455,2460,5,0.2,36778,89997660
093050,LF,17500,17600,100,0.57,21125,370936200
003550,LG,82000,81900,-100,-0.12,197543,16094118400
034220,LG디스플레이,20700,21950,1250,6.04,5300140,113649474750
051900,LG생활건강,1167000,1177000,10000,0.86,61860,73012362500
051905,LG생활건강우,635000,643000,8000,1.26,4311,2754199000
003555,LG우,61800,61900,100,0.16,3364,207166300
032640,LG유플러스,13650,13750,100,0.73,1320039,17967937000
011070,LG이노텍,294000,294500,500,0.17,411357,119781431000
066570,LG전자,122000,124000,2000,1.64,819472,100895360000
066575,LG전자우,60800,61200,400,0.66,22660,1380652700
037560,LG헬로비전,5720,5670,-50,-0.87,164877,932942580
051910,LG화학,717000,717000,0,0.0,140266,100184642000
051915,LG화학우,337500,334000,-3500,-1.04,7065,2356927000
079550,LIG넥스원,57800,57900,100,0.17,165632,9562288100
006260,LS,52700,53800,1100,2.09,97126,5188716900
010120,LSELECTRIC,54200,54000,-200,-0.37,49779,2668109700
000680,LS네트웍스,2960,2985,25,0.84,39421,115311570
229640,LS전선아시아,7750,7760,10,0.13,53061,410707030
001120,LX인터내셔널,24500,24600,100,0.41,133332,3269576700
108670,LX하우시스,61500,62100,600,0.98,71808,4426835000
108675,LX하우시스우,27300,27800,500,1.83,3868,105997900
383800,LX홀딩스,9080,9560,480,5.29,2771120,26530874860
38380K,LX홀딩스1우,13650,14650,1000,7.33,14094,204746350
023150,MH에탄올,9700,9660,-40,-0.41,26304,253370570
035420,NAVER,402000,392000,-10000,-2.49,456773,179248848390
181710,NHN,89900,86100,-3800,-4.23,118013,10233911400
400760,NH올원리츠,5270,5240,-30,-0.57,273036,1423479330
005940,NH투자증권,12850,13100,250,1.95,839447,10936260900
005945,NH투자증권우,12350,12550,200,1.62,72110,898282950
338100,NH프라임리츠,4810,4815,5,0.1,17947,86212715
034310,NICE,16250,16650,400,2.46,63867,1048171750
008260,NI스틸,3400,3380,-20,-0.59,39880,134353655
004250,NPC,6770,6680,-90,-1.33,526904,3563135950
004255,NPC우,3285,3280,-5,-0.15,3505,11444695
010060,OCI,111000,112000,1000,0.9,194976,21556193500
178920,PI첨단소재,46500,49950,3450,7.42,534880,26532573900
005490,POSCO,284000,287000,3000,1.06,617298,177058021000
010950,S-Oil,86600,89700,3100,3.58,406734,36380500400
010955,S-Oil우,55500,56400,900,1.62,16803,937089300
034120,SBS,44700,47400,2700,6.04,123867,5838257600
101060,SBS미디어홀딩스,1860,1925,65,3.49,378248,723119490
005090,SGC에너지,43450,43800,350,0.81,44196,1897638600
001380,SG글로벌,1790,1785,-5,-0.28,121554,215250135
004060,SG세계물산,722,727,5,0.69,2863292,2042832572
001770,SHD,28300,28800,500,1.77,3927,111949550
002360,SH에너지화학,916,934,18,1.97,421363,389044975
009160,SIMPAC,6810,6590,-220,-3.23,122472,813070110
123700,SJM,4375,4520,145,3.31,46807,206576640
025530,SJM홀딩스,3380,3500,120,3.55,31291,106864295
034730,SK,267000,266000,-1000,-0.37,142333,37583818500
011790,SKC,188500,185500,-3000,-1.59,238454,43911219000
018670,SK가스,125000,124000,-1000,-0.8,6983,861569000
001740,SK네트웍스,4880,5000,120,2.46,413517,2051089670
001745,SK네트웍스우,85300,85100,-200,-0.23,62,5284400
006120,SK디스커버리,45400,45950,550,1.21,32956,1503402300
006125,SK디스커버리우,34400,34950,550,1.6,2466,84924900
210980,SK디앤디,30800,30250,-550,-1.79,22574,682289500
068400,SK렌터카,10400,10350,-50,-0.48,28833,297201100
395400,SK리츠,5870,5970,100,1.7,245158,1441343050
302440,SK바이오사이언스,250500,246500,-4000,-1.6,494726,122773770500
326030,SK바이오팜,99900,98100,-1800,-1.8,147139,14427601500
402340,SK스퀘어,66000,66000,0,0.0,11832989,770954138400
361610,SK아이이테크놀로지,169500,167500,-2000,-1.18,304693,51015760000
03473K,SK우,222000,222000,0,0.0,871,192177500
096770,SK이노베이션,204500,204500,0,0.0,236945,48035815500
096775,SK이노베이션우,123500,124500,1000,0.81,2770,340157500
001510,SK증권,998,1000,2,0.2,3666904,3664779580
001515,SK증권우,3910,4020,110,2.81,7588,30494105
285130,SK케미칼,144500,147000,2500,1.73,84124,12230076500
28513K,SK케미칼우,79500,80900,1400,1.76,13567,1089400100
017670,SK텔레콤,56800,55700,-1100,-1.94,1228089,68489630100
000660,SK하이닉스,118000,118500,500,0.42,4318893,507851262000
064960,SNT모티브,43950,46600,2650,6.03,84060,3807787800
100840,SNT에너지,18800,19200,400,2.13,13353,254715900
003570,SNT중공업,8970,8870,-100,-1.11,14391,128214150
036530,SNT홀딩스,17450,17600,150,0.86,2088,36082300
005610,SPC삼립,70800,71900,1100,1.55,5693,407269900
011810,STX,3940,3995,55,1.4,53459,211024560
077970,STX엔진,9930,9610,-320,-3.22,27529,263141840
071970,STX중공업,4580,4530,-50,-1.09,135530,607936745
002820,SUNL,4900,4860,-40,-0.82,7333,35546260
084870,TBH글로벌,2390,2335,-55,-2.3,46331,108682285
002710,TCC스틸,6980,7010,30,0.43,83474,580274000
002900,TYM,1740,1740,0,0.0,577336,994614495
024070,WISCOM,3450,3500,50,1.45,112050,419878395
037270,YGPLUS,8480,8300,-180,-2.12,1022279,8424965220
000500,가온전선,24950,25000,50,0.2,9266,231040900
000860,강남제비스코,22050,22350,300,1.36,17377,385006750
035250,강원랜드,24050,24100,50,0.21,636955,15309935400
011420,갤럭시아에스엠,2945,2920,-25,-0.85,5920687,17754529050
002100,경농,11500,11450,-50,-0.43,18290,208898250
009450,경동나비엔,56300,55500,-800,-1.42,27742,1534627400
267290,경동도시가스,22200,22300,100,0.45,4523,101107500
012320,경동인베스트,34750,35050,300,0.86,206,7196800
000050,경방,13500,13500,0,0.0,2286,30767750
214390,경보제약,8850,8860,10,0.11,28427,248219890
012610,경인양행,6230,6280,50,0.8,61449,382100480
009140,경인전자,29600,30200,600,2.03,6196,185540600
013580,계룡건설,34350,34400,50,0.15,38568,1328061050
012200,계양전기,3985,3975,-10,-0.25,48257,190483950
012205,계양전기우,6730,6540,-190,-2.82,6403,42825370
002140,고려산업,2840,2865,25,0.88,40586,115338975
010130,고려아연,493500,500000,6500,1.32,32203,15946936000
002240,고려제강,19700,20100,400,2.03,48524,961148550
009290,광동제약,7190,7260,70,0.97,392008,2866529390
017040,광명전기,2500,2530,30,1.2,234647,586814095
017900,광전자,3100,3140,40,1.29,131116,407164325
037710,광주신세계,175500,175500,0,0.0,585,102465500
030610,교보증권,8460,8550,90,1.06,67178,571296530
339770,교촌에프앤비,16200,16050,-150,-0.93,77210,1230365650
007690,국도화학,58000,59500,1500,2.59,95243,5650728800
005320,국동,2650,2845,195,7.36,4223061,12061550095
001140,국보,1620,1575,-45,-2.78,1144378,1811181545
002720,국제약품,5300,5240,-60,-1.13,64003,333004070
083420,그린케미칼,8790,8830,40,0.46,66549,583560080
014530,극동유화,3650,3720,70,1.92,144904,533617055
014280,금강공업,8000,8050,50,0.63,47964,385159700
014285,금강공업우,12800,13300,500,3.91,4772,62614000
008870,금비,61400,61200,-200,-0.33,1298,79323100
001570,금양,4775,4865,90,1.88,179407,866697610
002990,금호건설,11500,11450,-50,-0.43,69529,793727500
002995,금호건설우,30950,30900,-50,-0.16,185,5699650
011780,금호석유,172000,178000,6000,3.49,410061,72369463500
011785,금호석유우,122000,123500,1500,1.23,44225,5428497000
214330,금호에이치티,2315,2290,-25,-1.08,4213864,9825582220
001210,금호전기,3270,3220,-50,-1.53,137185,443846245
073240,금호타이어,4325,4375,50,1.16,400953,1734770240
092440,기신정기,4175,4210,35,0.84,16193,67323295
000270,기아,82500,83900,1400,1.7,1532396,127892606200
024110,기업은행,10850,10900,50,0.46,1050875,11400608650
013700,까뮤이앤씨,2060,2070,10,0.49,280785,579683555
004540,깨끗한나라,4175,4350,175,4.19,230432,996551150
004545,깨끗한나라우,21400,21850,450,2.1,2168,47156850
001260,남광토건,12200,12150,-50,-0.41,23438,281137200
008350,남선알미늄,2535,2555,20,0.79,1002142,2541986615
008355,남선알미우,21600,22150,550,2.55,1043,22641300
004270,남성,3050,3060,10,0.33,124905,377690885
003920,남양유업,419500,419000,-500,-0.12,998,417894500
003925,남양유업우,212000,208500,-3500,-1.65,189,39459500
025860,남해화학,10600,10650,50,0.47,308793,3263041450
005720,넥센,4605,4600,-5,-0.11,7893,36077970
005725,넥센우,3450,3415,-35,-1.01,1970,6707280
002350,넥센타이어,6710,6730,20,0.3,115617,775529560
002355,넥센타이어1우B,3165,3165,0,0.0,3672,11511100
003580,넥스트사이언스,21450,20500,-950,-4.43,984674,20507535800
251270,넷마블,121000,118500,-2500,-2.07,145099,17178176000
090350,노루페인트,9990,10300,310,3.1,461889,4795390870
090355,노루페인트우,21700,22200,500,2.3,21042,485280650
000320,노루홀딩스,12050,12050,0,0.0,30220,368871600
000325,노루홀딩스우,42800,47350,4550,10.63,26115,1269604450
006280,녹십자,229000,228500,-500,-0.22,42313,9610157500
005250,녹십자홀딩스,26550,26650,100,0.38,46324,1228075250
005257,녹십자홀딩스2우,59800,59200,-600,-1.0,281,16592300
004370,농심,286000,288500,2500,0.87,11345,3260396500
072710,농심홀딩스,76600,76000,-600,-0.78,1187,90118400
058730,다스코,4835,4860,25,0.52,37887,182713775
023590,다우기술,22950,22650,-300,-1.31,83208,1881862600
145210,다이나믹디자인,476,486,10,2.1,686403,330924482
019680,대교,3860,3890,30,0.78,40953,157541435
019685,대교우B,2825,2835,10,0.35,39712,111318350
006370,대구백화점,10200,10200,0,0.0,3821,38945550
008060,대덕,7450,7880,430,5.77,2084208,16532501150
00806K,대덕1우,10250,10550,300,2.93,50865,552230150
353200,대덕전자,20000,20450,450,2.25,1016691,20671159950
35320K,대덕전자1우,13750,14400,650,4.73,26784,380841650
000490,대동,9480,9450,-30,-0.32,102309,960160290
008110,대동전자,8520,8380,-140,-1.64,42706,358324240
005750,대림BCo,7190,7380,190,2.64,85528,620777220
006570,대림통상,3380,3365,-15,-0.44,10182,34261855
001680,대상,22500,22500,0,0.0,87050,1946403150
001685,대상우,16650,16700,50,0.3,7677,128645000
084690,대상홀딩스,9260,9170,-90,-0.97,86038,784869740
084695,대상홀딩스우,10600,10650,50,0.47,6897,71881450
128820,대성산업,4190,4235,45,1.07,59505,249611655
117580,대성에너지,7600,7620,20,0.26,108924,818667670
016710,대성홀딩스,45900,46750,850,1.85,105926,4896697050
003540,대신증권,20800,20850,50,0.24,148141,3098761050
003547,대신증권2우B,17700,17800,100,0.56,52313,925235000
003545,대신증권우,18350,18500,150,0.82,129820,2381291300
009190,대양금속,4880,4900,20,0.41,225113,1100253220
014160,대영포장,2665,2750,85,3.19,21022577,58325172220
047040,대우건설,5880,5960,80,1.36,1697703,10137336850
009320,대우부품,2425,2455,30,1.24,469692,1137950875
042660,대우조선해양,24200,24300,100,0.41,236924,5778989500
003090,대웅,31750,31600,-150,-0.47,63178,1989323850
069620,대웅제약,142500,142500,0,0.0,33285,4751995500
000430,대원강업,3700,3730,30,0.81,80844,298160005
006340,대원전선,1680,1740,60,3.57,1285787,2236700400
006345,대원전선우,2950,3195,245,8.31,24565,77328340
003220,대원제약,16000,16400,400,2.5,707146,11725592750
024890,대원화성,3815,3850,35,0.92,780731,2978720880
002880,대유에이텍,1340,1365,25,1.87,911564,1227876340
000300,대유플러스,1350,1375,25,1.85,1104096,1510763255
012800,대창,1760,1775,15,0.85,429732,757633325
015230,대창단조,7540,7540,0,0.0,45640,338729770
001070,대한방직,46400,47150,750,1.62,593,27804100
006650,대한유화,193500,205000,11500,5.94,168494,33951619500
001440,대한전선,1865,1865,0,0.0,4104603,7541049855
084010,대한제강,15550,15650,100,0.64,60326,943207000
001790,대한제당,3120,3100,-20,-0.64,187495,583243245
001795,대한제당우,3260,3160,-100,-3.07,42275,135987690
001130,대한제분,153000,153000,0,0.0,2404,364136000
003490,대한항공,28500,29150,650,2.28,1934608,55684299600
003495,대한항공우,36350,36550,200,0.55,2818,102672900
005880,대한해운,2490,2570,80,3.21,1196517,3053238010
003830,대한화섬,125500,125500,0,0.0,135,16796500
016090,대현,2240,2220,-20,-0.89,202965,448697775
069460,대호에이엘,3675,3650,-25,-0.68,110965,406898975
192080,더블유게임즈,62300,59000,-3300,-5.3,277064,16498100400
012510,더존비즈온,79300,77100,-2200,-2.77,69593,5375963900
004830,덕성,16150,17350,1200,7.43,5072267,91284036400
004835,덕성우,17900,20950,3050,17.04,551707,11975018300
024900,덕양산업,3205,3205,0,0.0,59933,190513215
145720,덴티움,63100,64500,1400,2.22,148228,9654371100
002150,도화엔지니어링,7610,7760,150,1.97,35124,269308100
001230,동국제강,15650,16000,350,2.24,600897,9545093350
023450,동남합성,62600,62300,-300,-0.48,1157,72145700
004140,동방,3795,3745,-50,-1.32,313044,1165070935
007590,동방아그로,6980,6980,0,0.0,7241,50300710
005960,동부건설,14650,14850,200,1.37,87763,1289914800
005965,동부건설우,40000,37450,-2550,-6.38,10996,409572650
026960,동서,29900,29800,-100,-0.33,221728,6520783300
002210,동성제약,8220,8160,-60,-0.73,71966,580009110
102260,동성케미컬,5070,5010,-60,-1.18,105583,526221780
000640,동아쏘시오홀딩스,117000,117500,500,0.43,8705,1008230500
170900,동아에스티,72400,71800,-600,-0.83,10928,782770000
028100,동아지질,17150,18000,850,4.96,102485,1821980950
282690,동아타이어,12350,12450,100,0.81,27377,337019750
001520,동양,1475,1500,25,1.69,1183452,1776916970
001527,동양2우B,15550,15200,-350,-2.25,4066,64361650
001529,동양3우B,31500,32700,1200,3.81,5039,168880400
084670,동양고속,18200,18100,-100,-0.55,2487,44840750
082640,동양생명,6930,6860,-70,-1.01,82628,566799430
001525,동양우,7590,7590,0,0.0,5664,43678000
008970,동양철관,1290,1290,0,0.0,468064,595848090
092780,동양피스톤,6420,6480,60,0.93,42479,273259050
049770,동원FB,192000,196500,4500,2.34,5839,1134124000
018500,동원금속,889,911,22,2.47,89925,81123118
006040,동원산업,219500,218000,-1500,-0.68,5693,1248738000
030720,동원수산,9330,9430,100,1.07,31193,293083070
014820,동원시스템즈,51500,50100,-1400,-2.72,46723,2354517700
014825,동원시스템즈우,32650,31650,-1000,-3.06,294,9347600
163560,동일고무벨트,7220,7160,-60,-0.83,7003,50377590
004890,동일산업,139500,138500,-1000,-0.72,1442,200334000
002690,동일제강,2825,2850,25,0.88,76788,216190420
000020,동화약품,14950,14400,-550,-3.68,660698,9638138500
000150,두산,108500,115000,6500,5.99,138949,15834572000
000157,두산2우B,107500,110000,2500,2.33,1722,188100000
241560,두산밥캣,39450,39950,500,1.27,164976,6555261050
000155,두산우,73500,76000,2500,3.4,5340,398947500
034020,두산중공업,20150,20750,600,2.98,5844744,119737415000
336260,두산퓨얼셀,46800,46050,-750,-1.6,450984,20686559500
33626K,두산퓨얼셀1우,14700,14750,50,0.34,13163,191273300
33626L,두산퓨얼셀2우B,17450,17100,-350,-2.01,4644,78830600
016740,두올,3890,3915,25,0.64,167912,652713705
192650,드림텍,10050,10100,50,0.5,125076,1253195850
024090,디씨엠,30950,31300,350,1.13,93164,2894187100
003160,디아이,8060,8010,-50,-0.62,272722,2203049890
092200,디아이씨,4225,4235,10,0.24,192042,804350805
377190,디앤디플랫폼리츠,5340,5310,-30,-0.56,229652,1211490800
013570,디와이,6400,6400,0,0.0,422965,2692688130
210540,디와이파워,12700,12700,0,0.0,34503,436760050
007340,디티알오토모티브,59200,57700,-1500,-2.53,33504,1941624800
026890,디피씨,14850,14400,-450,-3.03,785306,11374467850
115390,락앤락,10700,10850,150,1.4,192754,2081279800
032350,롯데관광개발,16700,16900,200,1.2,541171,9143783400
089860,롯데렌탈,37350,37400,50,0.13,59976,2244852500
330590,롯데리츠,5650,5620,-30,-0.53,357242,1988253320
000400,롯데손해보험,1665,1665,0,0.0,99924,165329100
023530,롯데쇼핑,88900,89000,100,0.11,88084,7786911300
004000,롯데정밀화학,78900,79700,800,1.01,106555,8417466000
286940,롯데정보통신,35850,35250,-600,-1.67,38241,1343438700
280360,롯데제과,120000,120500,500,0.42,1162,139356000
004990,롯데지주,30500,30650,150,0.49,73832,2245743850
00499K,롯데지주우,45100,46800,1700,3.77,484,22399600
005300,롯데칠성,133000,131000,-2000,-1.5,29932,3935673500
005305,롯데칠성우,69900,70400,500,0.72,863,59764100
011170,롯데케미칼,224000,231500,7500,3.35,332407,77036041500
002270,롯데푸드,348000,353500,5500,1.58,1228,428424500
071840,롯데하이마트,25650,26000,350,1.36,86934,2234797650
027740,마니커,1440,1475,35,2.43,190096,278379040
204320,만도,58100,57200,-900,-1.55,276899,15863476600
001080,만호제강,21650,22000,350,1.62,7329,159530300
088980,맥쿼리인프라,13900,13700,-200,-1.44,1794538,24657250850
094800,맵스리얼티1,4785,4735,-50,-1.04,71449,339567255
138040,메리츠금융지주,36150,36450,300,0.83,180939,6575408100
008560,메리츠증권,5150,5240,90,1.75,1329984,6923801220
000060,메리츠화재,32700,32650,-50,-0.15,189767,6219496950
090370,메타랩스,944,944,0,0.0,105596,99382154
017180,명문제약,4550,4565,15,0.33,71187,322537440
009900,명신산업,27800,27200,-600,-2.16,562122,15247801600
012690,모나리자,3775,3820,45,1.19,70507,268675245
005360,모나미,4245,4250,5,0.12,38836,164507930
204210,모두투어리츠,4300,4320,20,0.47,11076,47801890
009680,모토닉,10150,10250,100,0.99,26583,269475450
009580,무림PP,4205,4200,-5,-0.12,82053,342072980
009200,무림페이퍼,2490,2490,0,0.0,31917,78941525
033920,무학,8380,8410,30,0.36,23123,192939510
008420,문배철강,3750,3770,20,0.53,73443,274920335
025560,미래산업,13550,13350,-200,-1.48,13538,181577500
007120,미래아이앤지,466,469,3,0.64,371016,171151135
396690,미래에셋글로벌리츠,5230,5240,10,0.19,666930,3474847690
357250,미래에셋맵스리츠,4970,4950,-20,-0.4,59534,295377365
085620,미래에셋생명,4140,4075,-65,-1.57,25766,105628865
006800,미래에셋증권,9060,9190,130,1.43,1054846,9640585490
00680K,미래에셋증권2우B,4800,4810,10,0.21,156026,750623240
006805,미래에셋증권우,5640,5690,50,0.89,23326,130920170
002840,미원상사,204500,204000,-500,-0.24,2343,477385500
268280,미원에스씨,206500,205500,-1000,-0.48,1742,357465500
107590,미원홀딩스,144000,144000,0,0.0,2078,298081000
134380,미원화학,78000,78000,0,0.0,139,10850300
003650,미창석유,79300,79700,400,0.5,693,54736400
155900,바다로19호,2975,2980,5,0.17,22307,66193040
003610,방림,2585,2580,-5,-0.19,50576,131375545
001340,백광산업,5410,5340,-70,-1.29,289435,1539629070
035150,백산,8020,8000,-20,-0.25,180656,1455042640
002410,범양건영,6390,6150,-240,-3.76,567665,3491087600
096300,베트남개발1,167,164,-3,-1.8,798610,130926515
007210,벽산,3210,3330,120,3.74,1054194,3499861725
002760,보락,1975,1955,-20,-1.01,207588,403620860
003850,보령제약,16200,16000,-200,-1.23,236459,3784575050
000890,보해양조,887,888,1,0.11,498247,438929690
003000,부광약품,12900,12750,-150,-1.16,323559,4091729450
001270,부국증권,24400,24650,250,1.02,3402,83514550
001275,부국증권우,22900,22850,-50,-0.22,1286,29412550
026940,부국철강,4090,4135,45,1.1,144253,591595000
015350,부산가스,84300,84300,0,0.0,1961,165123900
011390,부산산업,102500,102000,-500,-0.49,4064,411479300
005030,부산주공,639,621,-18,-2.82,396892,250108398
002070,비비안,3065,3000,-65,-2.12,192721,575165625
100220,비상교육,7750,7820,70,0.9,25082,194925010
030790,비케이탑스,2780,2795,15,0.54,117764,327567675
005180,빙그레,51800,52400,600,1.16,18213,954128500
003960,사조대림,25900,26400,500,1.93,20102,522395950
008040,사조동아원,1115,1115,0,0.0,404106,442533235
007160,사조산업,45250,45150,-100,-0.22,6243,278550350
014710,사조씨푸드,5400,5350,-50,-0.93,343927,1848309940
006090,사조오양,9190,9160,-30,-0.33,11099,101634840
001470,삼부토건,2190,2195,5,0.23,1269662,2764161035
006400,삼성SDI,692000,698000,6000,0.87,162519,112880853000
006405,삼성SDI우,342500,346000,3500,1.02,2683,916460500
006660,삼성공조,15950,15550,-400,-2.51,122603,1907728750
028260,삼성물산,114000,114000,0,0.0,280758,31923727500
02826K,삼성물산우B,106000,106500,500,0.47,1531,161636500
207940,삼성바이오로직스,900000,901000,1000,0.11,46974,42186891000
032830,삼성생명,66300,66500,200,0.3,264969,17622913500
018260,삼성에스디에스,152500,153500,1000,0.66,77370,11835730000
028050,삼성엔지니어링,22500,22500,0,0.0,1137173,25397366150
009150,삼성전기,178500,179000,500,0.28,659948,118537928500
009155,삼성전기우,96400,96800,400,0.41,6339,610164000
005930,삼성전자,75600,76300,700,0.93,16391250,1245309081800
005935,삼성전자우,69200,70300,1100,1.59,1724092,120731592834
001360,삼성제약,5040,5030,-10,-0.2,246397,1229863825
010140,삼성중공업,5370,5410,40,0.74,2604632,13990858760
010145,삼성중공우,228500,230000,1500,0.66,353,81497500
016360,삼성증권,46750,48600,1850,3.96,654713,31427890100
068290,삼성출판사,34950,33750,-1200,-3.43,109352,3677454650
029780,삼성카드,33300,33400,100,0.3,108026,3593116550
000810,삼성화재,209000,208500,-500,-0.24,46782,9729773500
000815,삼성화재우,173000,174000,1000,0.58,4165,719389000
006110,삼아알미늄,27400,26950,-450,-1.64,171618,4598597600
145990,삼양사,62800,63000,200,0.32,13032,821155500
145995,삼양사우,39900,40600,700,1.75,56,2249600
003230,삼양식품,87300,89200,1900,2.18,152936,13693484300
002170,삼양통상,59100,59000,-100,-0.17,1532,89972000
272550,삼양패키징,23600,24150,550,2.33,13775,327396000
000070,삼양홀딩스,98900,99200,300,0.3,19012,1876795400
000075,삼양홀딩스우,69400,70000,600,0.86,55,3826500
002810,삼영무역,14450,14600,150,1.04,9286,134552250
005680,삼영전자,10850,11150,300,2.76,45977,504399850
003720,삼영화학,2890,2910,20,0.69,94399,273861565
023000,삼원강재,3160,3200,40,1.27,68398,219333180
004380,삼익THK,11300,11300,0,0.0,8444,94331400
002450,삼익악기,1755,1795,40,2.28,389649,695185035
004440,삼일씨엔에스,9280,9670,390,4.2,45501,437436310
000520,삼일제약,7740,7850,110,1.42,49864,389004210
009770,삼정펄프,27450,28000,550,2.0,2943,80459650
005500,삼진제약,25650,25350,-300,-1.17,37580,949723350
004690,삼천리,86900,87400,500,0.58,3026,261845400
010960,삼호개발,4890,4970,80,1.64,33361,163684215
004450,삼화왕관,41300,41550,250,0.61,451,18719250
009470,삼화전기,30400,30150,-250,-0.82,19098,573079000
011230,삼화전자,4015,4080,65,1.62,65058,264861135
001820,삼화콘덴서,54700,55200,500,0.91,35370,1934998400
000390,삼화페인트,8750,8770,20,0.23,19340,168672540
001290,상상인증권,1130,1120,-10,-0.88,157441,174374495
041650,상신브레이크,3825,3905,80,2.09,25457,97751545
075180,새론오토모티브,5330,5240,-90,-1.69,12392,65165920
007540,샘표,40650,40700,50,0.12,2069,83879850
248170,샘표식품,42900,42800,-100,-0.23,3617,153770850
007860,서연,12700,14050,1350,10.63,5229514,76845515550
200880,서연이화,6730,7230,500,7.43,1512434,11240195720
017390,서울가스,160000,161000,1000,0.63,1768,283782000
004410,서울식품,307,302,-5,-1.63,2802472,847879276
004415,서울식품우,4105,4020,-85,-2.07,2983,12052685
021050,서원,1915,1930,15,0.78,138401,265932395
008490,서흥,42550,42550,0,0.0,14467,611219650
007610,선도전기,3655,3700,45,1.23,133502,490754560
136490,선진,11350,11050,-300,-2.64,203789,2239069300
014910,성문전자,2390,2405,15,0.63,105075,251300615
014915,성문전자우,8700,8950,250,2.87,3756,32806570
003080,성보화학,3940,4035,95,2.41,27113,108044190
004980,성신양회,11600,11850,250,2.16,270376,3168592900
004985,성신양회우,13700,14150,450,3.28,8497,119393700
011300,성안,787,787,0,0.0,0,0
000180,성창기업지주,2370,2425,55,2.32,262549,638069010
002420,세기상사,6160,6160,0,0.0,0,0
004360,세방,11700,11700,0,0.0,36600,425117200
004365,세방우,7200,7190,-10,-0.14,214,1540120
004490,세방전지,76500,75700,-800,-1.05,45809,3439396000
001430,세아베스틸,20400,20650,250,1.23,105385,2174009200
306200,세아제강,97600,97500,-100,-0.1,4069,396277100
003030,세아제강지주,110000,113000,3000,2.73,14848,1652626500
019440,세아특수강,16050,16050,0,0.0,3688,58900650
058650,세아홀딩스,105500,102500,-3000,-2.84,851,87455500
013000,세우글로벌,1830,1810,-20,-1.09,272071,495533380
091090,세원이앤씨,1315,1305,-10,-0.76,3051976,4042592195
021820,세원정공,8090,8090,0,0.0,0,0
067830,세이브존IC,2940,2935,-5,-0.17,39144,114657455
033530,세종공업,8950,9070,120,1.34,126414,1131247450
075580,세진중공업,5580,5760,180,3.23,158225,900514040
027970,세하,1700,1705,5,0.29,87732,148408820
308170,센트랄모텍,21900,22000,100,0.46,42392,913515650
012600,센트럴인사이트,2490,2490,0,0.0,0,0
068270,셀트리온,210500,206500,-4000,-1.9,560276,115872562500
336370,솔루스첨단소재,95300,94600,-700,-0.73,247068,23008906000
33637K,솔루스첨단소재1우,23150,22700,-450,-1.94,35841,799791650
33637L,솔루스첨단소재2우B,29150,28350,-800,-2.74,3149,89758150
248070,솔루엠,23800,23400,-400,-1.68,166791,3904223900
004430,송원산업,19950,20900,950,4.76,1094722,22542310400
017550,수산중공업,2600,2580,-20,-0.77,789195,2062242690
053210,스카이라이프,9110,9220,110,1.21,86729,797534250
134790,시디즈,59800,60700,900,1.51,3178,191873600
016590,신대양제지,83700,84100,400,0.48,3889,323838900
029530,신도리코,32950,32950,0,0.0,6940,228926700
004970,신라교역,13400,13600,200,1.49,11576,156173200
011930,신성이엔지,1840,1835,-5,-0.27,745562,1360643155
005390,신성통상,3490,3600,110,3.15,3274387,11714713095
004170,신세계,241000,241000,0,0.0,70120,16831290000
035510,신세계IC,180000,175000,-5000,-2.78,8581,1508690000
034300,신세계건설,32500,32950,450,1.38,9870,324225300
031430,신세계인터내셔날,147500,148500,1000,0.68,25448,3760306000
031440,신세계푸드,83800,83500,-300,-0.36,5913,493159500
006880,신송홀딩스,5300,5320,20,0.38,7855,41588390
005800,신영와코루,117000,117000,0,0.0,103,11989000
001720,신영증권,58900,59400,500,0.85,1885,111530100
001725,신영증권우,59300,58900,-400,-0.67,511,30175600
009270,신원,2740,2765,25,0.91,6212993,17192460800
009275,신원우,41800,40500,-1300,-3.11,769,30769850
002700,신일전자,2015,2035,20,0.99,1017979,2043246065
019170,신풍제약,34900,34050,-850,-2.44,927995,32044650950
019175,신풍제약우,42700,41950,-750,-1.76,16525,698333950
002870,신풍제지,2265,2255,-10,-0.44,125418,284911725
293940,신한알파리츠,7940,7900,-40,-0.5,45307,358111950
055550,신한지주,37050,37050,0,0.0,1008767,37277210250
004080,신흥,15900,16000,100,0.63,4006,63273100
102280,쌍방울,942,896,-46,-4.88,39683906,35101140014
003410,쌍용CE,7700,7780,80,1.04,403153,3131510690
003620,쌍용차,2770,2770,0,0.0,0,0
004770,써니전자,3145,3095,-50,-1.59,351129,1086552495
015540,쎌마테라퓨틱스,6410,6410,0,0.0,0,0
004920,씨아이테크,1245,1425,180,14.46,16325193,22868720025
112610,씨에스윈드,59200,59600,400,0.68,125812,7435543600
008700,아남전자,2290,2330,40,1.75,474762,1092649800
002790,아모레G,44400,44750,350,0.79,111915,5012428650
00279K,아모레G3우전환,35050,35300,250,0.71,4995,178200900
002795,아모레G우,16500,16800,300,1.82,9640,159690550
090430,아모레퍼시픽,167000,172500,5500,3.29,245246,42303471500
090435,아모레퍼시픽우,67600,70000,2400,3.55,17378,1201540500
002030,아세아,126000,126000,0,0.0,2054,255163500
183190,아세아시멘트,119500,119500,0,0.0,8234,979641500
002310,아세아제지,51200,50500,-700,-1.37,34893,1753697500
012170,아센디오,1515,1450,-65,-4.29,608729,890209365
267850,아시아나IDT,16750,17050,300,1.79,11884,199289900
020560,아시아나항공,19350,19500,150,0.78,447482,8640821100
122900,아이마켓코리아,10750,10850,100,0.93,89340,963067350
010780,아이에스동서,44100,43700,-400,-0.91,70324,3067885850
139990,아주스틸,18300,18400,100,0.55,93692,1719667400
001780,알루코,3370,3470,100,2.97,469932,1601784255
018250,애경산업,19200,19250,50,0.26,33697,644471250
161000,애경케미칼,11050,11200,150,1.36,167852,1863766300
011090,에넥스,2525,2655,130,5.15,1335436,3482969565
137310,에스디바이오센서,51200,52000,800,1.56,1049585,55024888100
005850,에스엘,32200,33050,850,2.64,136832,4497576050
012750,에스원,75400,75100,-300,-0.4,36738,2747252000
023960,에쓰씨엔지니어링,3360,3390,30,0.89,521496,1821404660
298690,에어부산,2155,2195,40,1.86,503948,1083812610
140910,에이리츠,9000,9200,200,2.22,10683,97890720
078520,에이블씨엔씨,6310,6350,40,0.63,20652,129442230
015260,에이엔피,2065,2065,0,0.0,170701,355471995
007460,에이프로젠MED,1505,1470,-35,-2.33,1224204,1820372910
003060,에이프로젠제약,872,868,-4,-0.46,568967,491995448
244920,에이플러스에셋,9200,9100,-100,-1.09,92606,842948130
036570,엔씨소프트,728000,712000,-16000,-2.2,168956,121292294000
138250,엔에스쇼핑,13050,12850,-200,-1.53,121704,1549794450
380440,엔에이치스팩19호,2075,2075,0,0.0,250856,518461420
085310,엔케이,1020,1020,0,0.0,161373,163241455
900140,엘브이엠씨홀딩스,3610,3620,10,0.28,223643,802537905
097520,엠씨넥스,51100,51800,700,1.37,466893,24037038300
014440,영보화학,4665,4850,185,3.97,661955,3130216800
111770,영원무역,40500,40200,-300,-0.74,50143,2012668350
009970,영원무역홀딩스,48700,48850,150,0.31,8070,390280600
003520,영진약품,4305,4310,5,0.12,275728,1177168225
000670,영풍,642000,659000,17000,2.65,1063,697117000
006740,영풍제지,7100,7250,150,2.11,98528,709435530
012280,영화금속,1550,1545,-5,-0.32,354242,546156670
012160,영흥,1030,1025,-5,-0.49,167325,171212185
015360,예스코홀딩스,36700,37150,450,1.23,744,27363550
007310,오뚜기,452000,455000,3000,0.66,3270,1488774500
002630,오리엔트바이오,1205,1220,15,1.24,995671,1222728585
271560,오리온,101000,100500,-500,-0.5,75512,7592815200
001800,오리온홀딩스,15550,15550,0,0.0,51481,797293550
011690,와이투솔루션,2440,2440,0,0.0,0,0
070960,용평리조트,5030,5030,0,0.0,114219,568145510
316140,우리금융지주,12750,12850,100,0.78,1375052,17625881100
118000,우리들휴브레인,1465,1430,-35,-2.39,306764,439507450
010050,우리종금,914,910,-4,-0.44,3020203,2732280867
006980,우성,26900,27500,600,2.23,8816,240320850
017370,우신시스템,4075,4110,35,0.86,199511,812158155
105840,우진,8280,8350,70,0.85,443864,3741180810
010400,우진아이엔에스,6930,7320,390,5.63,6826,48313840
049800,우진플라임,4405,4430,25,0.57,21561,94811845
016880,웅진,1830,1930,100,5.46,2868289,5618841255
095720,웅진씽크빅,3115,3175,60,1.93,588619,1887385400
005820,원림,19250,19400,150,0.78,3320,64422450
010600,웰바이오텍,1600,1610,10,0.63,156043,246695445
008600,윌비스,1665,1700,35,2.1,696196,1193197770
033270,유나이티드제약,48950,47800,-1150,-2.35,88654,4247853750
014830,유니드,105000,108000,3000,2.86,65551,7028857000
000910,유니온,6490,6700,210,3.24,946632,6292554480
047400,유니온머티리얼,2885,2950,65,2.25,3327561,10089104220
011330,유니켐,1270,1270,0,0.0,229410,288869560
077500,유니퀘스트,10050,10100,50,0.5,67628,677875380
002920,유성기업,3015,3040,25,0.83,60033,181136960
000700,유수홀딩스,6120,6220,100,1.63,72090,445888580
003470,유안타증권,4130,4125,-5,-0.12,284745,1172133995
003475,유안타증권우,4215,4195,-20,-0.47,8533,35769525
072130,유엔젤,5150,5200,50,0.97,305283,1540489605
000220,유유제약,8010,7620,-390,-4.87,1704662,13203917930
000225,유유제약1우,10950,9890,-1060,-9.68,327013,3393709360
000227,유유제약2우B,22200,20300,-1900,-8.56,27382,591963500
001200,유진투자증권,3715,3750,35,0.94,158313,589261370
000100,유한양행,60300,60100,-200,-0.33,145149,8711787900
000105,유한양행우,58600,58300,-300,-0.51,984,57460800
003460,유화증권,2765,2770,5,0.18,20435,56305625
003465,유화증권우,2760,2770,10,0.36,2455,6775840
008730,율촌화학,23850,24400,550,2.31,149392,3627570050
008250,이건산업,11800,11600,-200,-1.69,148110,1705165300
025820,이구산업,3320,3420,100,3.01,124297,415080865
214320,이노션,53400,53200,-200,-0.37,75427,4009934600
088260,이리츠코크렙,6050,6010,-40,-0.66,80391,483580010
139480,이마트,150000,149500,-500,-0.33,58334,8718012000
007660,이수페타시스,5000,5130,130,2.6,1788593,9074438375
005950,이수화학,16750,16500,-250,-1.49,830576,13537601250
015020,이스타코,3090,2995,-95,-3.07,545830,1627669540
093230,이아이디,319,307,-12,-3.76,15740516,4841757066
074610,이엔플러스,3090,3060,-30,-0.97,60243,184173785
102460,이연제약,40000,38500,-1500,-3.75,153692,5958019650
084680,이월드,2095,2100,5,0.24,195796,408066825
350520,이지스레지던스리츠,5340,5290,-50,-0.94,70750,375228510
334890,이지스밸류리츠,5770,5800,30,0.52,31054,179125250
000760,이화산업,15400,15500,100,0.65,3919,60231300
014990,인디에프,1360,1360,0,0.0,164215,221789795
101140,인바이오젠,4390,4125,-265,-6.04,1459552,6018693130
006490,인스코비,3335,3315,-20,-0.6,874618,2911860890
023800,인지컨트롤스,14200,14150,-50,-0.35,62472,876137800
034590,인천도시가스,27750,27500,-250,-0.9,488,13430250
129260,인터지스,3480,3475,-5,-0.14,110929,383716785
023810,인팩,11600,11600,0,0.0,46141,528782300
249420,일동제약,17050,16600,-450,-2.64,170621,2860862750
000230,일동홀딩스,13950,14000,50,0.36,16320,228330250
013360,일성건설,6340,5980,-360,-5.68,2041610,12173973990
003120,일성신약,72500,73000,500,0.69,488,35424700
003200,일신방직,103000,101000,-2000,-1.94,2705,274786500
007110,일신석재,2260,2245,-15,-0.66,733799,1633807555
007570,일양약품,28800,28550,-250,-0.87,105095,2992112850
007575,일양약품우,28600,28850,250,0.87,2436,69805100
008500,일정실업,27400,25300,-2100,-7.66,18138,468029650
081000,일진다이아,31950,32950,1000,3.13,95123,3062463150
020760,일진디스플,2790,2840,50,1.79,47008,131959100
020150,일진머티리얼즈,123500,122500,-1000,-0.81,263348,31856770000
103590,일진전기,4885,4900,15,0.31,104821,510332785
271940,일진하이솔루스,53200,55000,1800,3.38,441832,24113775800
015860,일진홀딩스,5400,5440,40,0.74,98980,532516430
226320,잇츠한불,17900,18300,400,2.23,29993,538035950
317400,자이에스앤디,9390,9460,70,0.75,97164,916558590
033240,자화전자,20150,20600,450,2.23,460442,9507617450
000950,전방,39100,38500,-600,-1.53,139,5415900
348950,제이알글로벌리츠,5360,5360,0,0.0,326392,1748738910
194370,제이에스코퍼레이션,20800,20500,-300,-1.44,70150,1423725150
025620,제이준코스메틱,949,946,-3,-0.32,170083,159350588
036420,제이콘텐트리,50500,48250,-2250,-4.46,312230,15242362850
030000,제일기획,22250,22300,50,0.22,223902,4987801350
271980,제일약품,30850,30400,-450,-1.46,26845,813837800
001560,제일연마,8910,8880,-30,-0.34,12753,114199780
002620,제일파마홀딩스,15450,15150,-300,-1.94,5540,83849000
006220,제주은행,5390,5350,-40,-0.74,25901,138790360
089590,제주항공,16900,17000,100,0.59,161375,2719024400
004910,조광페인트,8250,8250,0,0.0,13331,109576270
004700,조광피혁,53400,53400,0,0.0,642,34169100
001550,조비,20850,20750,-100,-0.48,22130,455372000
000480,조선내화,83500,83800,300,0.36,1841,152396900
120030,조선선재,103000,104000,1000,0.97,1959,202960500
018470,조일알미늄,2125,2090,-35,-1.65,647012,1349297080
002600,조흥,189000,193000,4000,2.12,59,11309500
185750,종근당,113000,111500,-1500,-1.33,21267,2374705500
063160,종근당바이오,38500,38000,-500,-1.3,12979,491189750
001630,종근당홀딩스,73600,74800,1200,1.63,3140,231808300
044380,주연테크,1170,1520,350,29.91,51379513,75536316770
013890,지누스,80000,77700,-2300,-2.88,54334,4228920700
013870,지엠비코리아,5770,5720,-50,-0.87,31791,181707710
071320,지역난방공사,37550,37800,250,0.67,1571,59187950
010580,지코,1530,1530,0,0.0,0,0
035000,지투알,6750,6750,0,0.0,32400,217755400
088790,진도,2770,2900,130,4.69,123416,360464460
003780,진양산업,8110,8030,-80,-0.99,99017,793721020
010640,진양폴리,4660,4635,-25,-0.54,74141,345900350
100250,진양홀딩스,3675,3620,-55,-1.5,90199,326582785
051630,진양화학,4640,4600,-40,-0.86,30569,138659840
272450,진에어,16850,17000,150,0.89,143826,2435309500
011000,진원생명과학,22900,22750,-150,-0.66,983399,22573610650
002780,진흥기업,2085,2095,10,0.48,715241,1493500310
002787,진흥기업2우B,14550,14400,-150,-1.03,845,12233200
002785,진흥기업우B,6000,5920,-80,-1.33,1346,8027040
009310,참엔지니어링,1175,1185,10,0.85,146348,170654920
000650,천일고속,64500,64800,300,0.47,235,15080900
033250,체시스,1255,1270,15,1.2,36392,45966345
035720,카카오,123500,121000,-2500,-2.02,1477396,178901497500
323410,카카오뱅크,67500,65700,-1800,-2.67,1250833,82402702800
377300,카카오페이,204500,201500,-3000,-1.47,582451,116736229500
006380,카프로,3900,3785,-115,-2.95,259691,981705725
109070,컨버즈,4100,4100,0,0.0,0,0
001620,케이비아이동국실업,818,807,-11,-1.34,135247,109142717
029460,케이씨,22050,22200,150,0.68,27404,604420250
281820,케이씨텍,24800,25250,450,1.81,200278,5090394100
381970,케이카,32350,35950,3600,11.13,2844211,99741368750
145270,케이탑리츠,1420,1445,25,1.76,141828,203065325
357120,코람코에너지리츠,6340,6400,60,0.95,114725,723536070
007815,코리아써우,7590,8030,440,5.8,26220,204255270
007810,코리아써키트,23200,25400,2200,9.48,2054033,50907995950
00781K,코리아써키트2우B,9500,9650,150,1.58,3002,28978570
003690,코리안리,9370,9380,10,0.11,321221,3012988560
192820,코스맥스,99800,101000,1200,1.2,106804,10724245300
044820,코스맥스비티아이,13750,13900,150,1.09,7975,110563750
005070,코스모신소재,43300,45500,2200,5.08,761275,33699283850
005420,코스모화학,14500,14400,-100,-0.69,363298,5108617500
071950,코아스,1105,1095,-10,-0.9,251853,275770075
002020,코오롱,31500,32550,1050,3.33,265141,8701134750
003070,코오롱글로벌,22400,22750,350,1.56,33450,758776600
003075,코오롱글로벌우,28800,29450,650,2.26,1909,55411350
002025,코오롱우,20250,20800,550,2.72,31626,676108350
120110,코오롱인더,77600,78400,800,1.03,311332,24407828600
120115,코오롱인더우,35700,36300,600,1.68,11246,405793250
138490,코오롱플라스틱,13100,13250,150,1.15,388257,5116206050
021240,코웨이,73800,75000,1200,1.63,146641,10887538800
031820,콤텍시스템,901,908,7,0.78,535336,483475616
192400,쿠쿠홀딩스,18650,18550,-100,-0.54,31382,578457450
284740,쿠쿠홈시스,38350,38000,-350,-0.91,62624,2372964750
015590,큐로,451,498,47,10.42,4276414,2082991676
264900,크라운제과,9090,9360,270,2.97,43742,408707180
26490K,크라운제과우,13300,14200,900,6.77,36001,508277400
005740,크라운해태홀딩스,8340,8480,140,1.68,12469,104880150
005745,크라운해태홀딩스우,12800,12900,100,0.78,6634,86341400
259960,크래프톤,500000,472500,-27500,-5.5,313777,150293403500
020120,키다리스튜디오,16300,15900,-400,-2.45,103116,1636908300
039490,키움증권,105500,107500,2000,1.9,77250,8276286500
014580,태경비케이,4975,5020,45,0.9,164766,816148825
015890,태경산업,6940,6960,20,0.29,212161,1481766290
006890,태경케미컬,12300,12400,100,0.81,31235,385624800
003240,태광산업,990000,977000,-13000,-1.31,641,628179000
011280,태림포장,4455,4480,25,0.56,748222,3344191125
004100,태양금속,1355,1360,5,0.37,299464,414144650
004105,태양금속우,2390,2465,75,3.14,35619,87427395
009410,태영건설,10150,10250,100,0.99,30654,312106950
009415,태영건설우,12050,12200,150,1.24,3416,41185200
001420,태원물산,5370,5400,30,0.56,13354,71137980
007980,태평양물산,2380,2360,-20,-0.84,344429,805659415
055490,테이팩스,81000,79900,-1100,-1.36,25892,2069708100
078000,텔코웨어,11150,11050,-100,-0.9,6295,68901700
214420,토니모리,5620,5700,80,1.42,26363,148012520
019180,티에이치엔,4020,4070,50,1.24,205677,826188820
363280,티와이홀딩스,25800,26550,750,2.91,94632,2491139450
36328K,티와이홀딩스우,23100,23650,550,2.38,5527,129320200
091810,티웨이항공,3050,3060,10,0.33,250465,757849410
004870,티웨이홀딩스,888,894,6,0.68,173976,155369175
005690,파미셀,13050,12800,-250,-1.92,370449,4787916700
036580,팜스코,5960,5960,0,0.0,34855,206383310
004720,팜젠사이언스,11550,11100,-450,-3.9,520620,6036966050
028670,팬오션,5590,5700,110,1.97,4040148,22811724350
010820,퍼스텍,2055,2060,5,0.24,64970,132758645
016800,퍼시스,38050,39100,1050,2.76,3886,150994150
001020,페이퍼코리아,1535,1615,80,5.21,268270,438525610
090080,평화산업,1770,1755,-15,-0.85,239478,418885015
010770,평화홀딩스,4550,4620,70,1.54,7670,35087290
058430,포스코강판,55200,55500,300,0.54,25013,1382728400
047050,포스코인터내셔널,20400,20450,50,0.25,521418,10592755150
003670,포스코케미칼,150000,148000,-2000,-1.33,367554,54347826000
007630,폴루스바이오팜,1225,1225,0,0.0,0,0
017810,풀무원,16750,16600,-150,-0.9,26411,439369550
103140,풍산,30500,30550,50,0.16,75521,2294185050
005810,풍산홀딩스,28250,28800,550,1.95,25324,726446400
950210,프레스티지바이오파마,24000,22550,-1450,-6.04,310378,7090415100
009810,플레이그램,2365,2325,-40,-1.69,1304526,3008806360
086790,하나금융지주,42400,42600,200,0.47,692318,29381425100
293480,하나제약,19300,19250,-50,-0.26,12178,233017200
039130,하나투어,70400,73500,3100,4.4,128810,9235622500
172580,하이골드12호,2765,2765,0,0.0,292961,810639305
153360,하이골드3호,2590,2595,5,0.19,10805,27950925
352820,하이브,354500,335000,-19500,-5.5,365913,124107230500
071090,하이스틸,2825,2810,-15,-0.53,112622,318268240
019490,하이트론,5010,4965,-45,-0.9,71266,355039095
000080,하이트진로,30600,30600,0,0.0,119121,3622419050
000087,하이트진로2우B,19400,19400,0,0.0,811,15604000
000140,하이트진로홀딩스,12500,12450,-50,-0.4,16700,205329650
000145,하이트진로홀딩스우,15500,15250,-250,-1.61,511,7795200
152550,한국ANKOR유전,1590,1595,5,0.31,86398,137387775
036460,한국가스공사,37650,37900,250,0.66,259259,9740800900
005430,한국공항,41850,41950,100,0.24,3815,158938700
071050,한국금융지주,81000,82500,1500,1.85,186076,15266919300
071055,한국금융지주우,66800,67900,1100,1.65,16068,1080840200
010040,한국내화,3455,3485,30,0.87,15291,52383760
025540,한국단자,69600,70000,400,0.57,18413,1284024400
004090,한국석유,11000,11250,250,2.27,22164,245695950
002200,한국수출포장,25500,25550,50,0.2,7219,183741500
002960,한국쉘석유,274500,276000,1500,0.55,701,192270000
000240,한국앤컴퍼니,16400,16100,-300,-1.83,74510,1201491950
123890,한국자산신탁,4200,4130,-70,-1.67,291669,1205255910
015760,한국전력,21650,21650,0,0.0,967295,20821415700
006200,한국전자홀딩스,2225,2255,30,1.35,1338848,2969904265
009540,한국조선해양,94600,95100,500,0.53,118500,11270070400
023350,한국종합기술,6810,6790,-20,-0.29,23727,159191620
025890,한국주강,8150,7460,-690,-8.47,1014133,7406094690
000970,한국주철관,8790,8820,30,0.34,48721,426506390
104700,한국철강,7610,7690,80,1.05,59858,455433410
017960,한국카본,9950,10250,300,3.02,359223,3633017780
161890,한국콜마,39700,40000,300,0.76,71664,2855907200
024720,한국콜마홀딩스,19300,19750,450,2.33,24784,484695950
161390,한국타이어앤테크놀로지,40150,40850,700,1.74,141154,5744493450
034830,한국토지신탁,2600,2560,-40,-1.54,1620653,4137385925
007280,한국특강,2930,2945,15,0.51,83045,242182485
168490,한국패러랠,2130,2130,0,0.0,5911,12586430
010100,한국프랜지,2650,2660,10,0.38,71767,189825980
047810,한국항공우주,28700,28650,-50,-0.17,298782,8497542700
123690,한국화장품,8680,8800,120,1.38,18104,158413650
003350,한국화장품제조,26200,26300,100,0.38,12124,314179000
011500,한농화성,16150,16200,50,0.31,152234,2420957500
002390,한독,22100,22100,0,0.0,11075,242726050
014790,한라,5350,5290,-60,-1.12,88019,466299980
060980,한라홀딩스,45500,45550,50,0.11,22636,1022275700
053690,한미글로벌,11250,11250,0,0.0,83250,936702550
042700,한미반도체,36750,37650,900,2.45,974752,36772643150
008930,한미사이언스,53600,53300,-300,-0.56,48646,2571886400
128940,한미약품,262500,265000,2500,0.95,29655,7741692500
009240,한샘,90400,90900,500,0.55,104409,9531814100
020000,한섬,36600,36000,-600,-1.64,56064,2006930950
003680,한성기업,6000,6040,40,0.67,15852,95544410
105630,한세실업,21000,20600,-400,-1.9,150165,3091462450
069640,한세엠케이,4240,4220,-20,-0.47,12814,53749940
016450,한세예스24홀딩스,7290,7280,-10,-0.14,10193,73981490
010420,한솔PNS,1925,1990,65,3.38,173940,341024265
009180,한솔로지스틱스,3920,3930,10,0.26,239190,937218485
213500,한솔제지,13500,13600,100,0.74,50805,687647800
014680,한솔케미칼,315500,313500,-2000,-0.63,25209,7889962500
004710,한솔테크닉스,6670,7510,840,12.59,9221057,71255856540
004150,한솔홀딩스,3510,3525,15,0.43,74942,262711270
025750,한솔홈데코,1645,1665,20,1.22,553114,908803515
004960,한신공영,16350,16500,150,0.92,47413,772059950
011700,한신기계,3760,3800,40,1.06,3027315,11682095500
001750,한양증권,15300,15650,350,2.29,28990,449153500
001755,한양증권우,19450,19550,100,0.51,1219,23249400
018880,한온시스템,13800,13850,50,0.36,712375,9847238450
009420,한올바이오파마,19950,19750,-200,-1.0,102211,2012303600
014130,한익스프레스,5620,5640,20,0.36,33270,185698640
300720,한일시멘트,21000,21200,200,0.95,173999,3659419050
002220,한일철강,2770,2755,-15,-0.54,84864,234542965
006390,한일현대시멘트,31950,32250,300,0.94,14240,453687050
003300,한일홀딩스,12900,13050,150,1.16,6514,85107750
051600,한전KPS,39950,40050,100,0.25,149568,5994238000
052690,한전기술,91800,92200,400,0.44,706354,65846372300
130660,한전산업,13100,13000,-100,-0.76,654137,8646990350
002320,한진,30100,29950,-150,-0.5,48246,1436968750
097230,한진중공업,7970,8380,410,5.14,81251,671482780
003480,한진중공업홀딩스,3960,3905,-55,-1.39,24918,97512170
180640,한진칼,58300,59500,1200,2.06,135511,8083321800
18064K,한진칼우,33450,33500,50,0.15,1576,52784150
005110,한창,1140,1185,45,3.95,2835129,3332104965
009460,한창제지,2040,2055,15,0.74,171905,349434505
372910,한컴라이프케어,7990,7860,-130,-1.63,182982,1445041280
000880,한화,31750,31900,150,0.47,186590,5920834850
00088K,한화3우B,16450,16350,-100,-0.61,32179,522236900
088350,한화생명,2965,2970,5,0.17,1537411,4556704100
000370,한화손해보험,3715,3715,0,0.0,287376,1056942285
009830,한화솔루션,35800,35950,150,0.42,684601,24497985500
009835,한화솔루션우,35750,36200,450,1.26,2512,90484400
272210,한화시스템,14900,14750,-150,-1.01,341290,5020451250
012450,한화에어로스페이스,43250,44100,850,1.97,319817,14003470150
000885,한화우,33950,34500,550,1.62,477,16422300
003530,한화투자증권,5540,5430,-110,-1.99,3221561,17191762560
003535,한화투자증권우,13200,12900,-300,-2.27,35028,445685000
195870,해성디에스,46900,46950,50,0.11,158691,7450679950
101530,해태제과식품,7960,7980,20,0.25,9866,78544390
143210,핸즈코퍼레이션,4890,4940,50,1.02,19230,94453570
000720,현대건설,48300,48500,200,0.41,405213,19682799150
267270,현대건설기계,39150,39250,100,0.26,25783,1005530100
000725,현대건설우,73800,75100,1300,1.76,9425,704052900
005440,현대그린푸드,8330,8270,-60,-0.72,118736,976006410
086280,현대글로비스,156000,156000,0,0.0,79256,12304535500
042670,현대두산인프라코어,7470,7070,-400,-5.35,2591583,18515246130
064350,현대로템,20600,20600,0,0.0,483201,9903572400
079430,현대리바트,14750,14850,100,0.68,37812,560105700
012330,현대모비스,238500,239000,500,0.21,181383,43079660500
010620,현대미포조선,72900,73100,200,0.27,179502,13082225600
069960,현대백화점,72600,73200,600,0.83,85522,6232844800
004560,현대비앤지스틸,15450,15500,50,0.32,42318,651161850
004565,현대비앤지스틸우,75000,74900,-100,-0.13,307,23079700
004310,현대약품,5170,5180,10,0.19,79268,408734250
322000,현대에너지솔루션,20300,20300,0,0.0,11024,221373150
017800,현대엘리베이,41700,41600,-100,-0.24,179657,7476768650
307950,현대오토에버,117000,116000,-1000,-0.85,52714,6057383500
011210,현대위아,75500,75800,300,0.4,109059,8222785000
267260,현대일렉트릭,22650,23050,400,1.77,116419,2629108350
004020,현대제철,40750,41450,700,1.72,681035,28172986700
329180,현대중공업,111000,112500,1500,1.35,162493,18189891000
267250,현대중공업지주,55200,56500,1300,2.36,151303,8491371000
005380,현대차,206000,206500,500,0.24,503652,103613066500
005387,현대차2우B,98700,99600,900,0.91,37288,3699984100
005389,현대차3우B,93200,93700,500,0.54,6752,628798900
005385,현대차우,95500,96300,800,0.84,34014,3260979600
001500,현대차증권,12600,12700,100,0.79,41124,517974500
011760,현대코퍼레이션,16150,16450,300,1.86,31235,512220850
227840,현대코퍼레이션홀딩스,11800,11900,100,0.85,15260,181277050
126560,현대퓨처넷,4260,4305,45,1.06,223280,958455760
001450,현대해상,24200,24300,100,0.41,295894,7151880600
057050,현대홈쇼핑,63300,63200,-100,-0.16,17186,1075683300
093240,형지엘리트,3730,3475,-255,-6.84,648378,2233928935
003010,혜인,5370,5600,230,4.28,670942,3882337130
111110,호전실업,10750,10700,-50,-0.47,64540,686129650
008770,호텔신라,75900,76000,100,0.13,233985,17685778100
008775,호텔신라우,74700,74400,-300,-0.4,3306,244080700
002460,화성산업,11700,12100,400,3.42,51655,612288200
378850,화승알앤에이,5250,5230,-20,-0.38,20998,109324340
241590,화승엔터프라이즈,15400,15350,-50,-0.32,124894,1899124650
006060,화승인더,5900,5870,-30,-0.51,232517,1352021300
013520,화승코퍼레이션,2100,2120,20,0.95,129827,271438835
010690,화신,8150,8140,-10,-0.12,134523,1090905120
133820,화인베스틸,2960,2955,-5,-0.17,40321,118226870
010660,화천기계,2395,2410,15,0.63,44751,107775500
000850,화천기공,33800,34150,350,1.04,3729,125886100
016580,환인제약,17200,17200,0,0.0,14856,255261250
032560,황금에스티,8480,8510,30,0.35,34977,293853750
004800,효성,100000,100500,500,0.5,65948,6608052700
094280,효성ITX,20200,20300,100,0.5,26456,534081650
298040,효성중공업,61800,61900,100,0.16,29859,1834781100
298050,효성첨단소재,674000,666000,-8000,-1.19,62222,41732554000
298020,효성티앤씨,597000,604000,7000,1.17,64386,38870819000
298000,효성화학,317500,329000,11500,3.62,94925,30897342500
093370,후성,23050,22650,-400,-1.74,1365297,30672935600
081660,휠라홀딩스,35700,36100,400,1.12,424609,15298801900
005870,휴니드,6990,7150,160,2.29,49945,350493840
079980,휴비스,8370,8450,80,0.96,36497,305525750
005010,휴스틸,14950,15100,150,1.0,17772,265406200
069260,휴켐스,23200,23150,-50,-0.22,196999,4545687500
000540,흥국화재,3690,3655,-35,-0.95,12573,45673765
000547,흥국화재2우B,27850,26950,-900,-3.23,1643,43809950
000545,흥국화재우,8150,8210,60,0.74,3298,26947590
003280,흥아해운,2860,2800,-60,-2.1,1497575,4251410860
