티커,종목명,시가,종가,변동폭,등락률,거래량,거래대금
095570,AJ네트웍스,4305,4400,95,2.21,83624,362627010
006840,AK홀딩스,28750,28900,150,0.52,47200,1354812200
027410,BGF,6150,6490,340,5.53,1132142,7301673320
282330,BGF리테일,162500,163500,1000,0.62,28074,4637661500
138930,BNK금융지주,6590,6740,150,2.28,1583802,10646224350
001460,BYC,337500,345500,8000,2.37,536,183214500
001465,BYC우,149500,150000,500,0.33,488,72963000
001040,CJ,91900,94200,2300,2.5,74187,6933143800
079160,CJCGV,28350,28400,50,0.18,212317,6039455950
00104K,CJ4우전환,72800,74300,1500,2.06,7177,528053900
000120,CJ대한통운,178500,185000,6500,3.64,152253,28067972000
011150,CJ씨푸드,4725,4760,35,0.74,288680,1376629335
011155,CJ씨푸드1우,37500,37500,0,0.0,615,23049000
001045,CJ우,54200,55100,900,1.66,1590,87559900
097950,CJ제일제당,422500,417500,-5000,-1.18,35258,14747764000
097955,CJ제일제당우,188500,188000,-500,-0.27,2789,524138000
000590,CS홀딩스,59200,60300,1100,1.86,5789,345832200
012030,DB,877,868,-9,-1.03,721620,630278018
016610,DB금융투자,5670,5710,40,0.71,157237,895277840
005830,DB손해보험,45300,45500,200,0.44,177123,8059601400
000990,DB하이텍,54200,55300,1100,2.03,731957,40554057400
000995,DB하이텍1우,100500,102000,1500,1.49,638,64973500
139130,DGB금융지주,8100,8220,120,1.48,1012492,8347352180
001530,DI동일,177500,176500,-1000,-0.56,10350,1818438000
000210,DL,89900,89900,0,0.0,448913,41031351300
000215,DL우,44250,43700,-550,-1.24,16297,722028700
375500,DL이앤씨,124000,124500,500,0.4,305464,38184839000
37550K,DL이앤씨우,73800,74300,500,0.68,11419,844210800
004840,DRB동일,6830,6800,-30,-0.44,30144,205028140
155660,DSR,5450,5450,0,0.0,75557,409730000
069730,DSR제강,5260,5320,60,1.14,195267,1021079605
017940,E1,41750,42300,550,1.32,12952,546485650
365550,ESR켄달스퀘어리츠,5980,6060,80,1.34,544719,3296673520
007700,FF,139000,130000,-9000,-6.47,348490,45475844500
114090,GKL,16800,16700,-100,-0.6,310677,5195198450
078930,GS,38950,38950,0,0.0,264184,10273141500
006360,GS건설,42250,43450,1200,2.84,1424298,61787249450
001250,GS글로벌,2360,2360,0,0.0,251894,591744185
007070,GS리테일,38800,38650,-150,-0.39,178705,6904960650
078935,GS우,31900,31950,50,0.16,3831,122288750
012630,HDC,11150,11250,100,0.9,334392,3736206800
039570,HDC아이콘트롤스,10050,10050,0,0.0,32341,323407220
089470,HDC현대EP,6170,6120,-50,-0.81,137966,844834600
294870,HDC현대산업개발,29200,30050,850,2.91,916759,27406201950
011200,HMM,29450,34150,4700,15.96,54130619,1779410728950
082740,HSD엔진,8300,8830,530,6.39,3687370,31984072030
003560,IHQ,2095,2040,-55,-2.63,1161234,2392643805
175330,JB금융지주,6280,6280,0,0.0,340382,2148286890
234080,JW생명과학,19300,19300,0,0.0,0,0
001060,JW중외제약,29400,29350,-50,-0.17,53919,1578204850
001067,JW중외제약2우B,63900,63200,-700,-1.1,544,34387600
001065,JW중외제약우,31500,31500,0,0.0,764,24198800
096760,JW홀딩스,4830,4830,0,0.0,0,0
105560,KB금융,52600,53200,600,1.14,1497578,79769654500
002380,KCC,222500,229500,7000,3.15,126491,29024990000
009070,KCTC,6760,6640,-120,-1.78,1293771,8714822090
009440,KC그린홀딩스,4525,4500,-25,-0.55,82043,371476725
119650,KC코트렐,9400,9020,-380,-4.04,578023,5303567190
092220,KEC,2230,2300,70,3.14,2280942,5233686465
016380,KG동부제철,12700,13050,350,2.76,346165,4486462700
016385,KG동부제철우,114500,118000,3500,3.06,299,35414500
001390,KG케미칼,25900,26950,1050,4.05,261612,6987518200
001940,KISCO홀딩스,16200,16900,700,4.32,40732,681772350
025000,KPX케미칼,61100,61800,700,1.15,4332,265317100
092230,KPX홀딩스,57800,58200,400,0.69,9127,530490300
000040,KR모터스,1385,1345,-40,-2.89,1825146,2486508010
044450,KSS해운,10900,11250,350,3.21,284597,3180234800
030200,KT,27850,28300,450,1.62,1683335,47588807900
033780,KTG,80500,80400,-100,-0.12,339616,27358309600
030210,KTB투자증권,4335,4415,80,1.85,299337,1309384830
058850,KTcs,3135,3040,-95,-3.03,1663537,5072894710
058860,KTis,3035,3000,-35,-1.15,322418,962732300
093050,LF,16250,16600,350,2.15,124179,2053406300
003550,LG,88000,89200,1200,1.36,372335,33214030000
034220,LG디스플레이,21900,21950,50,0.23,1481145,32621000800
001120,LG상사,29450,30300,850,2.89,559883,16791641250
051900,LG생활건강,1545000,1524000,-21000,-1.36,24304,37293475000
051905,LG생활건강우,685000,695000,10000,1.46,4885,3388210000
003555,LG우,67900,69900,2000,2.95,23611,1641848700
032640,LG유플러스,12100,12450,350,2.89,4901953,60506115800
011070,LG이노텍,204500,205500,1000,0.49,166262,34147606000
066570,LG전자,148000,143000,-5000,-3.38,1993831,285570781000
066575,LG전자우,69500,68100,-1400,-2.01,244044,16431114900
108670,LG하우시스,79800,80900,1100,1.38,156408,12740749900
108675,LG하우시스우,37450,37700,250,0.67,17236,652622400
037560,LG헬로비전,4540,4675,135,2.97,390963,1812371165
051910,LG화학,788000,802000,14000,1.78,624049,497057242240
051915,LG화학우,365500,372000,6500,1.78,20373,7568024500
079550,LIG넥스원,38500,38650,150,0.39,145938,5709864000
006260,LS,63800,66000,2200,3.45,176947,11543810900
010120,LSELECTRIC,58500,59600,1100,1.88,123342,7289641400
000680,LS네트웍스,2810,2820,10,0.36,58919,165528955
229640,LS전선아시아,7700,7670,-30,-0.39,151908,1167104260
023150,MH에탄올,8480,8640,160,1.89,156978,1368495230
035420,NAVER,380000,383000,3000,0.79,691786,263299158000
181710,NHN,71600,71900,300,0.42,85051,6142015400
005940,NH투자증권,11400,11500,100,0.88,825840,9449166850
005945,NH투자증권우,9140,9130,-10,-0.11,103201,941094230
338100,NH프라임리츠,4320,4390,70,1.62,143948,628613605
034310,NICE,17100,17100,0,0.0,28944,494595950
008260,NI스틸,3405,3390,-15,-0.44,252971,860095130
004250,NPC,4300,4250,-50,-1.16,170833,729190375
004255,NPC우,2350,2355,5,0.21,10787,25291050
010060,OCI,113000,111000,-2000,-1.77,240669,26831891000
005490,POSCO,308500,318000,9500,3.08,505086,159759850500
010950,S-Oil,79200,81300,2100,2.65,436300,35166999100
010955,S-Oil우,45150,45800,650,1.44,9061,410987050
034120,SBS,22000,21700,-300,-1.36,170892,3716661550
101060,SBS미디어홀딩스,1925,1920,-5,-0.26,103491,197891915
005090,SGC에너지,38800,38500,-300,-0.77,41795,1605883000
004060,SG세계물산,703,707,4,0.57,714246,502031978
001380,SG충방,2630,2700,70,2.66,537032,1428687320
002360,SH에너지화학,914,918,4,0.44,1275628,1169208002
009160,SIMPAC,3135,3280,145,4.63,244442,792936480
123700,SJM,4000,3990,-10,-0.25,33768,134238975
025530,SJM홀딩스,3470,3430,-40,-1.15,24617,84547440
034730,SK,256000,275500,19500,7.62,833364,225037234000
011790,SKC,121000,122000,1000,0.83,385174,46836147500
018670,SK가스,105000,106000,1000,0.95,33991,3589405500
001740,SK네트웍스,5550,5580,30,0.54,1302321,7340447700
001745,SK네트웍스우,106500,107500,1000,0.94,423,46016500
006120,SK디스커버리,61600,65200,3600,5.84,389580,25004614400
006125,SK디스커버리우,45150,46700,1550,3.43,31132,1439725300
210980,SK디앤디,36800,37050,250,0.68,41512,1533017950
068400,SK렌터카,10550,10400,-150,-1.42,129675,1342956900
302440,SK바이오사이언스,136000,132000,-4000,-2.94,1157841,154560119500
326030,SK바이오팜,104500,104000,-500,-0.48,300995,31063293500
03473K,SK우,238000,251000,13000,5.46,10199,2526072500
096770,SK이노베이션,207500,209000,1500,0.72,465454,96825568500
096775,SK이노베이션우,152000,153500,1500,0.99,10741,1630352500
001510,SK증권,844,853,9,1.07,2526094,2150781775
001515,SK증권우,4540,4590,50,1.1,35641,162070000
285130,SK케미칼,265000,270000,5000,1.89,118443,31717793500
28513K,SK케미칼우,124500,127000,2500,2.01,15152,1908891000
017670,SK텔레콤,253500,274000,20500,8.09,1101946,297016566500
000660,SK하이닉스,133000,135000,2000,1.5,3835443,513429099500
064960,SNT모티브,60200,61000,800,1.33,58880,3569082500
100840,SNT에너지,17550,17400,-150,-0.85,25387,441005650
003570,SNT중공업,7370,7440,70,0.95,37120,274926730
036530,SNT홀딩스,19400,19400,0,0.0,32388,627682800
005610,SPC삼립,72000,72500,500,0.69,7284,527728000
011810,STX,5740,6100,360,6.27,911995,5658289270
077970,STX엔진,7030,7960,930,13.23,1718147,13574116130
071970,STX중공업,3880,4595,715,18.43,9528602,43257813455
084870,TBH글로벌,1730,1815,85,4.91,135959,241773005
002710,TCC스틸,4535,4520,-15,-0.33,120295,548497995
024070,WISCOM,3675,3550,-125,-3.4,152766,552579200
037270,YGPLUS,5900,5890,-10,-0.17,352485,2072617960
000500,가온전선,29800,27300,-2500,-8.39,253175,7143749350
000860,강남제비스코,25500,25750,250,0.98,45326,1169719800
035250,강원랜드,26300,26200,-100,-0.38,475966,12492925100
011420,갤럭시아에스엠,1620,1660,40,2.47,161826,266971735
002100,경농,13650,13750,100,0.73,72558,995774100
009450,경동나비엔,51300,51000,-300,-0.58,42949,2182743400
267290,경동도시가스,19300,19300,0,0.0,8311,159783600
012320,경동인베스트,36100,37500,1400,3.88,13653,509413200
000050,경방,13150,13000,-150,-1.14,30786,405570900
214390,경보제약,11650,12150,500,4.29,1074858,13156071450
012610,경인양행,6840,6750,-90,-1.32,151896,1027078370
009140,경인전자,27950,28000,50,0.18,2740,76956250
013580,계룡건설,31000,31600,600,1.94,72493,2269847300
012200,계양전기,4345,4345,0,0.0,107297,463336640
012205,계양전기우,6880,6980,100,1.45,2873,19928930
002140,고려산업,4220,4185,-35,-0.83,449335,1912168955
010130,고려아연,401000,405500,4500,1.12,34773,14092548500
002240,고려제강,17650,17950,300,1.7,146437,2596827250
009290,광동제약,8410,8450,40,0.48,108117,911232520
017040,광명전기,2485,2450,-35,-1.41,728508,1782184930
017900,광전자,2320,2310,-10,-0.43,189157,435308075
037710,광주신세계,163000,164000,1000,0.61,1848,302214500
030610,교보증권,7530,7530,0,0.0,105109,793194960
339770,교촌에프앤비,17650,17900,250,1.42,57870,1032571850
007690,국도화학,64000,65500,1500,2.34,36587,2377978400
005320,국동,4540,4555,15,0.33,4117048,16378894546
001140,국보,2395,2400,5,0.21,764506,1835334530
002720,국제약품,7820,7710,-110,-1.41,95797,741038790
083420,그린케미칼,13400,13250,-150,-1.12,300802,3981828650
014530,극동유화,5290,5240,-50,-0.95,2264066,11845294640
014280,금강공업,5720,5850,130,2.27,452283,2641426750
014285,금강공업우,11900,12300,400,3.36,4576,55951600
008870,금비,66800,66800,0,0.0,557,37185100
001570,금양,4460,4515,55,1.23,319863,1432394650
002990,금호산업,9270,9640,370,3.99,604528,5782467450
002995,금호산업우,30600,30900,300,0.98,1185,36298800
011780,금호석유,225500,239000,13500,5.99,1296751,300680009000
011785,금호석유우,90700,92200,1500,1.65,185953,16898681800
214330,금호에이치티,2295,2290,-5,-0.22,1718174,3967669055
001210,금호전기,2660,2660,0,0.0,69990,186317440
073240,금호타이어,3765,3820,55,1.46,313813,1195856395
092440,기신정기,5530,5420,-110,-1.99,593128,3244266420
000270,기아차,81300,80600,-700,-0.86,2818916,227021856500
024110,기업은행,9030,9030,0,0.0,1481865,13423588330
013700,까뮤이앤씨,2200,2140,-60,-2.73,2195116,4772568320
004540,깨끗한나라,5530,6510,980,17.72,31433397,208406735370
004545,깨끗한나라우,23100,30000,6900,29.87,115167,3435051000
001260,남광토건,13900,14050,150,1.08,62244,864418800
008350,남선알미늄,4015,3990,-25,-0.62,984616,3924632835
008355,남선알미우,38500,38000,-500,-1.3,1440,55059350
004270,남성,3985,3970,-15,-0.38,514401,2047416435
003920,남양유업,298500,298000,-500,-0.17,1029,305518000
003925,남양유업우,175500,174000,-1500,-0.85,8,1398000
025860,남해화학,8830,8920,90,1.02,200440,1780769940
005720,넥센,4555,4555,0,0.0,45942,209390675
005725,넥센우,2895,2945,50,1.73,7588,22190855
002350,넥센타이어,7420,7350,-70,-0.94,214754,1579151750
002355,넥센타이어1우B,2895,2920,25,0.86,754,2193650
003580,넥스트사이언스,5850,5860,10,0.17,1046685,6064530430
251270,넷마블,126000,126000,0,0.0,169543,21270157000
090350,노루페인트,9960,10100,140,1.41,1653840,17065506950
090355,노루페인트우,12300,12450,150,1.22,10489,131631100
000320,노루홀딩스,12000,12000,0,0.0,34733,418037750
000325,노루홀딩스우,16000,16250,250,1.56,502,8159700
006280,녹십자,355500,357000,1500,0.42,52441,18817678000
005250,녹십자홀딩스,35350,35250,-100,-0.28,147830,5226792550
005257,녹십자홀딩스2우,86500,90000,3500,4.05,2923,262221400
004370,농심,282500,281000,-1500,-0.53,17902,5037158000
072710,농심홀딩스,74300,75000,700,0.94,4061,302038000
058730,다스코,4965,4965,0,0.0,47902,236701420
023590,다우기술,26100,26900,800,3.07,263122,7012827450
019680,대교,4255,4210,-45,-1.06,701974,2944219945
019685,대교우B,2680,2650,-30,-1.12,46264,122058065
006370,대구백화점,10400,10300,-100,-0.96,71966,736723170
008060,대덕,6810,6840,30,0.44,116902,796097370
00806K,대덕1우,7890,7860,-30,-0.38,13279,104330730
353200,대덕전자,13950,13900,-50,-0.36,459156,6389345500
35320K,대덕전자1우,8980,9020,40,0.45,18101,162747620
000490,대동공업,8840,9100,260,2.94,561372,5111222650
008110,대동전자,5830,5880,50,0.86,71354,418541610
005750,대림BCo,5860,6110,250,4.27,173868,1055406080
001880,대림건설,33650,34050,400,1.19,84504,2873120550
006570,대림통상,3985,3970,-15,-0.38,5621,22153385
001680,대상,24950,25250,300,1.2,121864,3048240700
001685,대상우,17000,17000,0,0.0,5144,87798650
084690,대상홀딩스,9720,9800,80,0.82,86500,841325000
084695,대상홀딩스우,8130,8100,-30,-0.37,7734,62600430
128820,대성산업,4030,4090,60,1.49,112571,454293545
117580,대성에너지,5390,5390,0,0.0,18885,101872460
016710,대성홀딩스,28500,28050,-450,-1.58,45880,1295095500
003540,대신증권,15400,15550,150,0.97,152213,2350102700
003547,대신증권2우B,12100,12350,250,2.07,46876,571997050
003545,대신증권우,12550,12850,300,2.39,183207,2323166400
009190,대양금속,3910,3905,-5,-0.13,162793,636086580
014160,대영포장,2970,2925,-45,-1.52,11921244,35596410855
047040,대우건설,6340,6470,130,2.05,4586043,29602024290
009320,대우부품,2610,2595,-15,-0.57,309826,803581660
042660,대우조선해양,26600,28450,1850,6.95,1309490,36859425100
003090,대웅,32200,32450,250,0.78,154384,5007941050
069620,대웅제약,128000,128500,500,0.39,36175,4631450000
000430,대원강업,4255,4280,25,0.59,260157,1114672720
006340,대원전선,1535,1545,10,0.65,477618,736041540
006345,대원전선우,2530,2570,40,1.58,11542,29489735
003220,대원제약,16450,16250,-200,-1.22,67673,1101076700
024890,대원화성,2820,2780,-40,-1.42,1223824,3432702270
002880,대유에이텍,1105,1095,-10,-0.9,795992,867648330
000300,대유플러스,770,795,25,3.25,1783242,1398476441
012800,대창,1820,1820,0,0.0,1784484,3207042790
015230,대창단조,7260,7960,700,9.64,1032485,8060668510
001070,대한방직,42750,40650,-2100,-4.91,12513,520396150
006650,대한유화,325000,332000,7000,2.15,114105,38566894500
001440,대한전선,1075,1125,50,4.65,33412749,37228111655
084010,대한제강,15200,16000,800,5.26,874003,13916163200
001790,대한제당,27200,28250,1050,3.86,201245,5665419400
001795,대한제당우,22550,23250,700,3.1,259388,6219842200
001130,대한제분,144500,144500,0,0.0,3727,538722000
003490,대한항공,26800,28050,1250,4.66,4755324,132198858700
003495,대한항공우,39400,41600,2200,5.58,24131,981478100
005880,대한해운,3545,3750,205,5.78,29010989,108527560860
003830,대한화섬,134500,134500,0,0.0,799,106529000
016090,대현,2130,2135,5,0.23,100771,214534420
069460,대호에이엘,2390,2430,40,1.67,206348,498188500
192080,더블유게임즈,64100,66500,2400,3.74,467185,31120761700
012510,더존비즈온,100500,100000,-500,-0.5,103735,10389617300
004830,덕성,15000,16850,1850,12.33,8398688,131804899800
004835,덕성우,20200,20350,150,0.74,269074,5359536450
024900,덕양산업,2750,2725,-25,-0.91,280220,757284960
145720,덴티움,67800,66500,-1300,-1.92,92623,6176319600
002150,도화엔지니어링,8150,8220,70,0.86,62528,513087800
001230,동국제강,11300,12200,900,7.96,2348872,28015635550
023450,동남합성,59100,65200,6100,10.32,24256,1588099600
004140,동방,6800,6660,-140,-2.06,2944311,19923917580
007590,동방아그로,6850,6900,50,0.73,29874,206556890
005960,동부건설,13100,13450,350,2.67,113258,1510151350
005965,동부건설우,22750,23500,750,3.3,1957,45738100
026960,동서,33300,32900,-400,-1.2,403361,13261879300
002210,동성제약,12200,12100,-100,-0.82,190051,2293369800
102260,동성코퍼레이션,5340,5360,20,0.37,202391,1076277380
005190,동성화학,17200,17400,200,1.16,42515,739593650
000640,동아쏘시오홀딩스,109000,109500,500,0.46,11457,1248049500
170900,동아에스티,83200,82900,-300,-0.36,23465,1945457300
028100,동아지질,17550,17450,-100,-0.57,460313,8105432750
282690,동아타이어,11200,11250,50,0.45,22360,249436350
001520,동양,1390,1395,5,0.36,1877599,2591066680
001527,동양2우B,12050,12100,50,0.41,254,3044300
001529,동양3우B,24300,24500,200,0.82,1255,30775050
084670,동양고속,23900,23900,0,0.0,5953,142331100
002900,동양물산,1610,1605,-5,-0.31,10006531,16568939055
082640,동양생명,4055,4085,30,0.74,195097,796736875
001525,동양우,6430,6520,90,1.4,166,1073970
008970,동양철관,1270,1285,15,1.18,2008020,2576892885
092780,동양피스톤,5770,5760,-10,-0.17,25606,146634130
049770,동원FB,192500,192000,-500,-0.26,5511,1058319500
018500,동원금속,1195,1195,0,0.0,910647,1078400275
006040,동원산업,263000,261000,-2000,-0.76,3687,960174000
030720,동원수산,8830,8800,-30,-0.34,47444,416401370
014820,동원시스템즈,49300,49800,500,1.01,84238,4198504450
014825,동원시스템즈우,33250,33300,50,0.15,476,15834800
163560,동일고무벨트,8760,8800,40,0.46,39189,346271360
004890,동일산업,78700,79100,400,0.51,1246,98829000
002690,동일제강,3460,3400,-60,-1.73,330229,1135612610
000020,동화약품,14200,14200,0,0.0,98410,1396873950
000150,두산,48600,49650,1050,2.16,80397,3993804150
000157,두산2우B,56300,57400,1100,1.95,943,54261300
241560,두산밥캣,37000,39550,2550,6.89,801902,31397209250
000155,두산우,38900,39400,500,1.29,13601,533421400
042670,두산인프라코어,10100,10250,150,1.49,13007657,133801214430
034020,두산중공업,12250,12700,450,3.67,4376275,55416514750
336260,두산퓨얼셀,49000,50900,1900,3.88,646906,32285684600
33626K,두산퓨얼셀1우,15000,15450,450,3.0,72129,1097575400
33626L,두산퓨얼셀2우B,18200,18450,250,1.37,10522,192642850
016740,두올,4965,5150,185,3.73,2168956,11054134175
192650,드림텍,9680,9540,-140,-1.45,357057,3432792060
024090,디씨엠,15450,15500,50,0.32,71462,1103338550
003160,디아이,6830,6860,30,0.44,173562,1195923230
092200,디아이씨,3100,3050,-50,-1.61,238460,726748915
013570,디와이,5590,5550,-40,-0.72,176656,978509670
210540,디와이파워,18500,18900,400,2.16,157344,2973296350
007340,디티알오토모티브,30400,30200,-200,-0.66,25123,755831650
026890,디피씨,11850,11800,-50,-0.42,844582,10027575450
115390,락앤락,14750,14750,0,0.0,47439,699425150
032350,롯데관광개발,19650,18950,-700,-3.56,888640,16986009250
330590,롯데리츠,5050,5170,120,2.38,1326234,6779907670
000400,롯데손해보험,1745,1800,55,3.15,7091528,12970112570
023530,롯데쇼핑,125000,127000,2000,1.6,112622,14345798500
004000,롯데정밀화학,57000,57400,400,0.7,141210,8146161200
286940,롯데정보통신,38100,38100,0,0.0,18654,709937150
280360,롯데제과,128000,128000,0,0.0,11912,1537010000
004990,롯데지주,32900,33650,750,2.28,226895,7597961450
00499K,롯데지주우,58500,58600,100,0.17,494,28980500
005300,롯데칠성,127000,127000,0,0.0,32272,4118446000
005305,롯데칠성우,62700,62900,200,0.32,1040,65369300
011170,롯데케미칼,307500,304500,-3000,-0.98,209625,64157674000
002270,롯데푸드,370000,375000,5000,1.35,2834,1067193000
071840,롯데하이마트,40300,41400,1100,2.73,211561,8745831050
027740,마니커,711,708,-3,-0.42,1593451,1126826449
204320,만도,66300,66400,100,0.15,453325,29958700200
001080,만호제강,19700,20050,350,1.78,16985,336634050
088980,맥쿼리인프라,11400,11600,200,1.75,1843322,21319031200
094800,맵스리얼티1,4310,4440,130,3.02,161624,709119890
138040,메리츠금융지주,14900,15300,400,2.68,127415,1924608900
008560,메리츠증권,4320,4370,50,1.16,1553328,6785943615
000060,메리츠화재,17750,17750,0,0.0,331764,5891685200
090370,메타랩스,1195,1195,0,0.0,1309829,1575319015
017180,명문제약,5320,5340,20,0.38,256738,1380991850
009900,명신산업,25350,25100,-250,-0.99,208126,5225063700
012690,모나리자,5140,5040,-100,-1.95,968489,4966693450
005360,모나미,5180,4950,-230,-4.44,446165,2244677665
204210,모두투어리츠,3280,3310,30,0.91,19014,62417635
009680,모토닉,12400,12350,-50,-0.4,58563,720030600
009580,무림PP,4905,4930,25,0.51,170709,842524820
009200,무림페이퍼,2945,2925,-20,-0.68,141072,414216160
033920,무학,6910,6890,-20,-0.29,18548,127682130
008420,문배철강,3720,3780,60,1.61,664764,2492273645
025560,미래산업,3245,3210,-35,-1.08,166897,536196555
007120,미래아이앤지,538,532,-6,-1.12,703277,375086948
006800,미래에셋대우,9560,9670,110,1.15,1286819,12416759900
00680K,미래에셋대우2우B,4340,4390,50,1.15,247453,1080625985
006805,미래에셋대우우,4790,4830,40,0.84,30060,144496525
357250,미래에셋맵스리츠,4845,4905,60,1.24,72286,352964190
085620,미래에셋생명,4255,4240,-15,-0.35,276298,1181440470
002840,미원상사,213000,228500,15500,7.28,31574,7136999000
268280,미원에스씨,188500,191500,3000,1.59,18478,3567407000
107590,미원홀딩스,132500,159000,26500,20.0,59647,8867100500
134380,미원화학,83500,97000,13500,16.17,31186,2969101200
003650,미창석유,74200,73900,-300,-0.4,2098,154219300
155900,바다로19호,2560,2570,10,0.39,25483,65255770
003610,방림,2255,2280,25,1.11,261649,594237015
001340,백광산업,4695,4680,-15,-0.32,11914458,57273148535
035150,백산,10500,10700,200,1.9,8759957,97124036500
002410,범양건영,4170,4065,-105,-2.52,395863,1609131945
096300,베트남개발1,229,229,0,0.0,133218,30551579
007210,벽산,2560,2645,85,3.32,2186829,5746455610
002760,보락,2235,2185,-50,-2.24,437834,966803425
003850,보령제약,21450,21350,-100,-0.47,380075,8146467650
000890,보해양조,1045,1045,0,0.0,1919446,1995416880
003000,부광약품,23550,23400,-150,-0.64,514137,11957496400
001270,부국증권,22400,22450,50,0.22,3066,68532700
001275,부국증권우,19900,19900,0,0.0,1897,37767800
026940,부국철강,4010,4150,140,3.49,183184,747037245
015350,부산가스,55800,57600,1800,3.23,3029,171409800
011390,부산산업,125500,124500,-1000,-0.8,6148,766122500
005030,부산주공,633,641,8,1.26,475173,306195802
002070,비비안,3385,3425,40,1.18,396326,1358166490
100220,비상교육,6810,6770,-40,-0.59,33582,227294750
030790,비케이탑스,12500,12100,-400,-3.2,180884,2203077950
352820,빅히트,235500,242000,6500,2.76,396518,93967922500
005180,빙그레,59100,59200,100,0.17,28098,1661579300
003960,사조대림,17800,17800,0,0.0,32685,582870150
008040,사조동아원,1305,1330,25,1.92,3655648,4887380080
007160,사조산업,50100,50300,200,0.4,107504,5544993950
014710,사조씨푸드,5890,5790,-100,-1.7,316864,1865261890
006090,사조오양,10600,10700,100,0.94,33244,354173150
001470,삼부토건,3465,3385,-80,-2.31,2587932,8772242540
006400,삼성SDI,635000,647000,12000,1.89,316869,202414012000
006405,삼성SDI우,440500,441000,500,0.11,9933,4344121000
006660,삼성공조,9400,9640,240,2.55,180876,1721324240
028260,삼성물산,123500,123000,-500,-0.4,457545,56349545500
02826K,삼성물산우B,116500,116000,-500,-0.43,2615,303329000
207940,삼성바이오로직스,718000,725000,7000,0.97,52111,37828612000
032830,삼성생명,75600,77200,1600,2.12,377861,29177468000
018260,삼성에스디에스,184000,186500,2500,1.36,121544,22569212500
028050,삼성엔지니어링,13300,13700,400,3.01,2576728,35208294550
009150,삼성전기,187000,186500,-500,-0.27,352465,65325915000
009155,삼성전기우,113000,112500,-500,-0.44,11993,1345283000
005930,삼성전자,81200,81500,300,0.37,12845778,1044261903000
005935,삼성전자우,73400,73800,400,0.54,1254208,92312468000
001360,삼성제약,6140,6080,-60,-0.98,1053151,6424634150
010140,삼성중공업,6830,7240,410,6.0,49173711,353958770360
010145,삼성중공우,364500,390000,25500,7.0,27078,11162243500
016360,삼성증권,39000,39250,250,0.64,254124,9962724100
068290,삼성출판사,47250,47600,350,0.74,1161354,55716480200
029780,삼성카드,34000,33850,-150,-0.44,74825,2547221350
000810,삼성화재,188500,186000,-2500,-1.33,129501,24249299500
000815,삼성화재우,144500,144000,-500,-0.35,5866,842852500
006110,삼아알미늄,9750,9640,-110,-1.13,72180,697220810
145990,삼양사,57800,58000,200,0.35,16466,950840900
145995,삼양사우,40100,41000,900,2.24,528,21908500
003230,삼양식품,89400,88500,-900,-1.01,34645,3073233900
002170,삼양통상,67300,66500,-800,-1.19,23031,1532958900
272550,삼양패키징,24300,24200,-100,-0.41,41015,984597000
000070,삼양홀딩스,91600,92700,1100,1.2,22277,2064916100
000075,삼양홀딩스우,59300,59600,300,0.51,339,20115200
002810,삼영무역,14600,14550,-50,-0.34,24368,353668350
005680,삼영전자,11250,11100,-150,-1.33,83871,933821700
003720,삼영화학,2680,2760,80,2.99,305463,837791615
023000,삼원강재,3505,3475,-30,-0.86,97681,340408895
004380,삼익THK,12600,12650,50,0.4,85136,1062809000
002450,삼익악기,1585,1585,0,0.0,294858,466863205
004440,삼일씨엔에스,16000,16100,100,0.63,437164,7059157050
000520,삼일제약,20200,20150,-50,-0.25,18822,378598450
009770,삼정펄프,29350,29600,250,0.85,2767,81641800
005500,삼진제약,24150,24050,-100,-0.41,44090,1063289900
004690,삼천리,80300,80100,-200,-0.25,14009,1123997600
010960,삼호개발,4745,4740,-5,-0.11,141351,672558880
004450,삼화왕관,37800,37500,-300,-0.79,1957,73486150
009470,삼화전기,22400,23750,1350,6.03,294880,6930275500
011230,삼화전자,3780,3775,-5,-0.13,42203,158563060
001820,삼화콘덴서,66200,66500,300,0.45,58065,3848245100
000390,삼화페인트,12350,12650,300,2.43,307950,3858261950
001290,상상인증권,1115,1160,45,4.04,232272,264578710
041650,상신브레이크,4280,4275,-5,-0.12,95566,407041680
075180,새론오토모티브,5980,5920,-60,-1.0,9302,55702830
007540,샘표,50900,51200,300,0.59,12730,650040500
248170,샘표식품,47400,47400,0,0.0,11407,539364700
007860,서연,16950,17300,350,2.06,7463038,127277475850
200880,서연이화,9400,9400,0,0.0,1135153,10590059750
017390,서울가스,87400,88000,600,0.69,2845,249624200
004410,서울식품,417,408,-9,-2.16,29180026,12056392095
004415,서울식품우,5030,5020,-10,-0.2,7096,35631810
021050,서원,2505,2485,-20,-0.8,495545,1230475375
008490,서흥,51200,51400,200,0.39,43302,2224706600
007610,선도전기,3410,3430,20,0.59,72452,247861900
136490,선진,16700,17400,700,4.19,134146,2306609750
002820,선창산업,4405,4450,45,1.02,9596,42482510
014910,성문전자,2070,2075,5,0.24,510587,1065596440
014915,성문전자우,8060,8070,10,0.12,3021,24362350
003080,성보화학,5480,5740,260,4.74,1247951,7020555860
004980,성신양회,8480,8950,470,5.54,2536773,22510004920
004985,성신양회우,12900,13400,500,3.88,70873,946520200
011300,성안,787,787,0,0.0,0,0
000180,성창기업지주,2315,2310,-5,-0.22,1088277,2492269530
002420,세기상사,61600,61600,0,0.0,0,0
004360,세방,13050,12900,-150,-1.15,194400,2508243550
004365,세방우,6980,6970,-10,-0.14,1536,10713090
004490,세방전지,76500,75500,-1000,-1.31,134692,10204353400
001430,세아베스틸,17150,17500,350,2.04,242212,4226258750
306200,세아제강,86200,87900,1700,1.97,11542,1006840700
003030,세아제강지주,46300,48800,2500,5.4,32681,1576062000
019440,세아특수강,12700,13200,500,3.94,42869,557885050
058650,세아홀딩스,77700,77600,-100,-0.13,1008,78512300
013000,세우글로벌,2470,2470,0,0.0,0,0
091090,세원셀론텍,1760,1840,80,4.55,905381,1637302750
021820,세원정공,8090,8090,0,0.0,0,0
067830,세이브존IC,3550,3460,-90,-2.54,194656,675561440
033530,세종공업,8800,8830,30,0.34,101570,893563340
075580,세진중공업,5490,5850,360,6.56,1431848,8270041850
027970,세하,1910,1910,0,0.0,1923146,3683098805
145210,세화아이엠씨,612,622,10,1.63,2477864,1541657472
308170,센트랄모텍,29700,29550,-150,-0.51,120368,3553112300
012600,센트럴인사이트,3480,3005,-475,-13.65,2370056,7262094605
068270,셀트리온,307500,314000,6500,2.11,815381,253723646000
336370,솔루스첨단소재,46000,46100,100,0.22,167261,7658218550
33637K,솔루스첨단소재1우,14950,14900,-50,-0.33,7234,107565850
33637L,솔루스첨단소재2우B,24350,24100,-250,-1.03,2019,48886650
248070,솔루엠,26100,26500,400,1.53,2254452,59932992950
004430,송원산업,19550,19700,150,0.77,478340,9398268400
017550,수산중공업,3850,3895,45,1.17,777863,3016964060
053210,스카이라이프,8530,8600,70,0.82,65790,563176620
134790,시디즈,61400,61500,100,0.16,2784,171345700
016590,신대양제지,80800,80400,-400,-0.5,27784,2223171600
029530,신도리코,29950,30100,150,0.5,22470,674017650
004970,신라교역,10450,10450,0,0.0,33929,353830650
011930,신성이엔지,3220,3155,-65,-2.02,3566412,11253775705
005390,신성통상,1680,1660,-20,-1.19,1095207,1840102250
004170,신세계,280000,281500,1500,0.54,104756,29602560000
035510,신세계IC,149000,147000,-2000,-1.34,12186,1783964000
034300,신세계건설,48300,48000,-300,-0.62,58838,2819302750
031430,신세계인터내셔날,211000,207500,-3500,-1.66,39198,8170256000
031440,신세계푸드,73600,73600,0,0.0,8027,587492500
006880,신송홀딩스,4490,4635,145,3.23,75757,348812665
005800,신영와코루,97100,96600,-500,-0.51,248,23981200
001720,신영증권,57900,58500,600,1.04,33602,1962174100
001725,신영증권우,57800,58300,500,0.87,7423,432197800
009270,신원,1475,1460,-15,-1.02,414271,607971450
009275,신원우,33900,34900,1000,2.95,2004,69920050
002700,신일전자,2280,2200,-80,-3.51,4605921,10147142425
019170,신풍제약,94800,92000,-2800,-2.95,1356332,124841357300
019175,신풍제약우,94000,91500,-2500,-2.66,15071,1379496500
002870,신풍제지,3760,3825,65,1.73,4778940,18569014690
293940,신한알파리츠,7560,7700,140,1.85,367722,2822506580
055550,신한지주,35850,36550,700,1.95,2905443,106048159250
001770,신화실업,24300,23650,-650,-2.67,9367,223603700
004080,신흥,11900,12200,300,2.52,6128,72916900
102280,쌍방울,610,611,1,0.16,1403975,856698552
003410,쌍용양회,7000,7550,550,7.86,19975688,148760407060
003620,쌍용차,2770,2770,0,0.0,0,0
004770,써니전자,3300,3375,75,2.27,1608215,5393506290
015540,쎌마테라퓨틱스,6170,6600,430,6.97,3983910,25260832590
004920,씨아이테크,970,970,0,0.0,108636,105108508
112610,씨에스윈드,71300,74700,3400,4.77,956513,69968903100
008700,아남전자,3125,3085,-40,-1.28,1111034,3438075105
002790,아모레G,64500,64800,300,0.47,177256,11485270200
00279K,아모레G3우전환,41150,41400,250,0.61,6932,286026400
002795,아모레G우,22000,21900,-100,-0.45,22638,496489450
090430,아모레퍼시픽,259500,258000,-1500,-0.58,230184,59629304350
090435,아모레퍼시픽우,82500,82700,200,0.24,46139,3813772100
002030,아세아,96800,99400,2600,2.69,15772,1561395100
183190,아세아시멘트,94900,100500,5600,5.9,73749,7364140000
002310,아세아제지,47400,46650,-750,-1.58,58226,2724514050
267850,아시아나IDT,22700,22800,100,0.44,61691,1407976450
020560,아시아나항공,15150,15600,450,2.97,588533,9140260700
122900,아이마켓코리아,8940,9020,80,0.89,96831,870198420
010780,아이에스동서,55100,56800,1700,3.09,164163,9309630300
001780,알루코,4700,4695,-5,-0.11,640309,3014990900
018250,애경산업,24750,24600,-150,-0.61,50963,1257591750
161000,애경유화,10800,10950,150,1.39,366361,3992786200
011090,에넥스,2105,2125,20,0.95,10063025,21951315855
005850,에스엘,22050,21900,-150,-0.68,197767,4311109400
012750,에스원,81700,82700,1000,1.22,76017,6289188600
023960,에쓰씨엔지니어링,4775,4790,15,0.31,317039,1513262540
298690,에어부산,3735,3745,10,0.27,604533,2264281155
140910,에이리츠,7610,7650,40,0.53,15610,119661360
078520,에이블씨엔씨,7490,7490,0,0.0,40038,298947970
015260,에이엔피,1490,1475,-15,-1.01,264938,395305210
007460,에이프로젠KIC,2015,2030,15,0.74,3900222,7960782135
003060,에이프로젠제약,1160,1210,50,4.31,2577021,3081393520
244920,에이플러스에셋,8700,9350,650,7.47,1713918,15642298160
036570,엔씨소프트,906000,898000,-8000,-0.88,173281,155177809250
138250,엔에스쇼핑,11600,11750,150,1.29,62162,728262850
085310,엔케이,1290,1350,60,4.65,971031,1282517170
009810,엔케이물산,630,622,-8,-1.27,2232196,1390021163
900140,엘브이엠씨홀딩스,4090,4040,-50,-1.22,1137380,4589061340
014440,영보화학,4115,4120,5,0.12,61118,249043460
111770,영원무역,39200,40150,950,2.42,142051,5670367800
009970,영원무역홀딩스,40400,40400,0,0.0,13582,549429700
003520,영진약품,6210,6210,0,0.0,445022,2761349720
000670,영풍,575000,590000,15000,2.61,2119,1243481000
006740,영풍제지,7230,7100,-130,-1.8,300074,2169266990
012280,영화금속,1805,1765,-40,-2.22,1543997,2734939400
012160,영흥,1120,1135,15,1.34,332518,375246365
015360,예스코홀딩스,33850,33800,-50,-0.15,934,31619300
007310,오뚜기,571000,569000,-2000,-0.35,2968,1694010000
002630,오리엔트바이오,1415,1295,-120,-8.48,16792668,22089550130
271560,오리온,129000,128500,-500,-0.39,53645,6888651000
001800,오리온홀딩스,14000,14150,150,1.07,150905,2129739250
070960,용평리조트,4660,4620,-40,-0.86,202894,946766135
316140,우리금융지주,9980,10000,20,0.2,2007029,20177598450
033660,우리금융캐피탈,10800,10750,-50,-0.46,24235,260352600
004720,우리들제약,9050,9020,-30,-0.33,55428,499118130
118000,우리들휴브레인,2590,2580,-10,-0.39,474579,1232390775
010050,우리종금,664,665,1,0.15,3568066,2367852407
006980,우성사료,4245,4090,-155,-3.65,2906462,12008736965
017370,우신시스템,6000,6030,30,0.5,145751,862551150
105840,우진,4445,4525,80,1.8,203951,919260950
010400,우진아이엔에스,7800,7800,0,0.0,27033,211743980
049800,우진플라임,6640,6650,10,0.15,19363,127085620
016880,웅진,3050,2955,-95,-3.11,8075144,23727060860
095720,웅진씽크빅,3210,3080,-130,-4.05,2733698,8506197650
005820,원림,24500,23950,-550,-2.24,10634,256840950
010600,웰바이오텍,2775,2910,135,4.86,1621534,4713947770
008600,윌비스,1590,1600,10,0.63,574160,918551740
033270,유나이티드제약,50800,50800,0,0.0,174323,8881331600
014830,유니드,65600,65800,200,0.3,31684,2089662700
000910,유니온,9120,9130,10,0.11,2886249,26797897510
047400,유니온머티리얼,4110,4085,-25,-0.61,1808087,7442788760
011330,유니켐,1600,1585,-15,-0.94,658757,1043580130
077500,유니퀘스트,11900,12150,250,2.1,333721,4012825700
002920,유성기업,3125,3120,-5,-0.16,37674,117157545
000700,유수홀딩스,5800,6180,380,6.55,196439,1191442680
003470,유안타증권,3245,3310,65,2.0,1152138,3818607975
003475,유안타증권우,3010,3450,440,14.62,5318284,18966286840
011690,유양디앤유,2440,2440,0,0.0,0,0
072130,유엔젤,4030,4070,40,0.99,84835,345152860
000220,유유제약,15150,14950,-200,-1.32,275548,4096035300
000225,유유제약1우,13400,13600,200,1.49,24692,334705300
000227,유유제약2우B,33300,32700,-600,-1.8,942,30740600
001200,유진투자증권,3810,3840,30,0.79,282118,1077168380
000100,유한양행,60800,61700,900,1.48,152697,9369308800
000105,유한양행우,58800,59900,1100,1.87,1979,117652500
003460,유화증권,2550,2515,-35,-1.37,366552,925987770
003465,유화증권우,2545,2565,20,0.79,3572,9357645
008730,율촌화학,19550,19800,250,1.28,78915,1553172400
008250,이건산업,9450,9520,70,0.74,106072,1009906130
025820,이구산업,2995,2855,-140,-4.67,728244,2087130960
214320,이노션,59800,60000,200,0.33,26654,1599340700
088260,이리츠코크렙,5660,5770,110,1.94,122700,706098250
139480,이마트,174500,175500,1000,0.57,131583,23038117500
007660,이수페타시스,3340,3370,30,0.9,84938,284292385
005950,이수화학,11750,11800,50,0.43,277759,3254626600
015020,이스타코,1295,1245,-50,-3.86,3277170,4193592395
093230,이아이디,370,378,8,2.16,105997739,39703237677
074610,이엔플러스,4680,4595,-85,-1.82,920317,4185246940
102460,이연제약,17350,17200,-150,-0.86,25492,439545950
084680,이월드,3470,3435,-35,-1.01,522926,1800117170
350520,이지스레지던스리츠,4830,4910,80,1.66,87417,424624445
334890,이지스밸류리츠,4755,4855,100,2.1,115110,555876880
000760,이화산업,21550,21550,0,0.0,36667,778993150
014990,인디에프,1295,1300,5,0.39,135669,176032265
101140,인바이오젠,3610,3545,-65,-1.8,473585,1684191245
006490,인스코비,3995,3310,-685,-17.15,23295302,82173258150
023800,인지컨트롤스,14850,14550,-300,-2.02,189953,2785767700
034590,인천도시가스,25700,25800,100,0.39,1438,36917500
129260,인터지스,3790,3920,130,3.43,5545841,22974146345
023810,인팩,6840,6790,-50,-0.73,29557,198717000
249420,일동제약,16000,15850,-150,-0.94,104585,1657720600
000230,일동홀딩스,14550,14400,-150,-1.03,13419,193139100
013360,일성건설,1400,1525,125,8.93,2656029,3898119330
003120,일성신약,82200,82000,-200,-0.24,2073,170342500
003200,일신방직,90500,92100,1600,1.77,5732,524618300
007110,일신석재,1875,1895,20,1.07,301139,566358535
007570,일양약품,33700,34000,300,0.89,149342,5070991550
007575,일양약품우,31600,32100,500,1.58,4834,155038750
008500,일정실업,15550,15750,200,1.29,896,13966700
081000,일진다이아,40100,40300,200,0.5,59204,2384230200
020760,일진디스플,4400,4330,-70,-1.59,146870,639922235
020150,일진머티리얼즈,64000,66900,2900,4.53,398818,26194405300
103590,일진전기,3750,3825,75,2.0,255170,970918135
015860,일진홀딩스,4995,5040,45,0.9,153774,772546260
226320,잇츠한불,26900,27050,150,0.56,38610,1050244450
317400,자이에스앤디,10900,10950,50,0.46,204519,2248997300
033240,자화전자,17150,16750,-400,-2.33,127582,2142013550
000950,전방,38350,40950,2600,6.78,11905,473594100
348950,제이알글로벌리츠,5240,5300,60,1.15,4606598,24246294220
194370,제이에스코퍼레이션,17900,21000,3100,17.32,770130,15530248250
025620,제이준코스메틱,1605,1610,5,0.31,1396859,2337281445
036420,제이콘텐트리,50800,52700,1900,3.74,275166,14416669200
030000,제일기획,21100,21350,250,1.18,305355,6520447800
271980,제일약품,40100,40400,300,0.75,38625,1557319200
001560,제일연마,7570,7800,230,3.04,20889,162064860
002620,제일파마홀딩스,18550,18450,-100,-0.54,6702,123304800
006220,제주은행,7800,7810,10,0.13,768572,6053776450
089590,제주항공,23550,23900,350,1.49,213836,5129282050
004910,조광페인트,6620,6900,280,4.23,190599,1286067550
004700,조광피혁,56600,55700,-900,-1.59,4052,226739900
001550,조비,21150,21200,50,0.24,33519,713270850
000480,조선내화,79300,79300,0,0.0,2488,197851800
120030,조선선재,111000,115000,4000,3.6,10234,1164394500
018470,조일알미늄,598,597,-1,-0.17,270796,162062743
002600,조흥,179500,177500,-2000,-1.11,147,26407500
185750,종근당,134500,137000,2500,1.86,226797,30979171500
063160,종근당바이오,55900,56900,1000,1.79,163249,9227871300
001630,종근당홀딩스,101000,102500,1500,1.49,20652,2118723500
044380,주연테크,1030,1065,35,3.4,1646223,1742593265
013890,지누스,80900,81600,700,0.87,27060,2201621900
013870,지엠비코리아,7240,7240,0,0.0,73002,528226960
071320,지역난방공사,37550,37850,300,0.8,8028,302453300
010580,지코,306,306,0,0.0,0,0
035000,지투알,5520,5570,50,0.91,37533,208853530
088790,진도,5220,5100,-120,-2.3,642941,3299754680
003780,진양산업,9300,9500,200,2.15,1345202,12704740250
010640,진양폴리,4450,4360,-90,-2.02,829874,3660682265
100250,진양홀딩스,3020,2960,-60,-1.99,765581,2267712335
051630,진양화학,6370,6830,460,7.22,2980485,19900555580
272450,진에어,20250,20350,100,0.49,367601,7446223200
011000,진원생명과학,11900,12100,200,1.68,606286,7188608100
002780,진흥기업,3965,3850,-115,-2.9,3191208,12444664975
002787,진흥기업2우B,12650,13000,350,2.77,15054,199479700
002785,진흥기업우B,6800,8020,1220,17.94,756930,6124291640
009310,참엔지니어링,1595,1645,50,3.13,570791,923587495
000650,천일고속,64200,64400,200,0.31,515,32909100
033250,체시스,1535,1545,10,0.65,180286,276705140
035720,카카오,485000,495000,10000,2.06,384547,189218651000
006380,카프로,3720,3765,45,1.21,137332,514492510
109070,컨버즈,4100,4100,0,0.0,0,0
001620,케이비아이동국실업,888,891,3,0.34,158225,140202844
029460,케이씨,26800,26650,-150,-0.56,57302,1522505800
344820,케이씨씨글라스,49200,48300,-900,-1.83,223782,11072767100
281820,케이씨텍,27050,26750,-300,-1.11,55321,1481413450
145270,케이탑리츠,1380,1415,35,2.54,362595,509489435
357120,코람코에너지리츠,4960,5020,60,1.21,343533,1725764185
007815,코리아써우,6100,5930,-170,-2.79,21664,127367040
007810,코리아써키트,12600,12450,-150,-1.19,136734,1699987500
00781K,코리아써키트2우B,6400,6400,0,0.0,460,2915480
003690,코리안리,8350,8420,70,0.84,169271,1427184190
192820,코스맥스,123500,124500,1000,0.81,59174,7335291500
044820,코스맥스비티아이,15750,15750,0,0.0,12529,197039200
005070,코스모신소재,18900,18800,-100,-0.53,208226,3893104350
005420,코스모화학,10750,10650,-100,-0.93,254746,2704232000
071950,코아스,1175,1180,5,0.43,119637,140287715
002020,코오롱,23300,23550,250,1.07,84134,1977086500
003070,코오롱글로벌,19800,20650,850,4.29,144078,2963211350
003075,코오롱글로벌우,25650,25950,300,1.17,1324,34324600
144620,코오롱머티리얼,3090,3090,0,0.0,104805,325096155
002025,코오롱우,13900,13850,-50,-0.36,18113,251097750
120110,코오롱인더,62600,62700,100,0.16,407443,25554592000
120115,코오롱인더우,27200,27000,-200,-0.74,31620,855962950
138490,코오롱플라스틱,6250,6250,0,0.0,122974,775971300
021240,코웨이,65300,65300,0,0.0,230412,15085658400
031820,콤텍시스템,1465,1480,15,1.02,803542,1181033335
192400,쿠쿠홀딩스,121500,122500,1000,0.82,5518,679450000
284740,쿠쿠홈시스,43350,43150,-200,-0.46,44867,1930098650
015590,큐로,648,638,-10,-1.54,14776786,9751401469
264900,크라운제과,9980,10000,20,0.2,22047,220288130
26490K,크라운제과우,10550,10350,-200,-1.9,14657,152572300
005740,크라운해태홀딩스,9660,9620,-40,-0.41,15032,144668510
005745,크라운해태홀딩스우,14250,14500,250,1.75,38582,553076050
020120,키다리스튜디오,12850,13450,600,4.67,374132,4982533950
039490,키움증권,127500,127000,-500,-0.39,98617,12541871000
012170,키위미디어그룹,1105,1105,0,0.0,0,0
014580,태경비케이,4495,4450,-45,-1.0,263245,1175993875
015890,태경산업,6280,6120,-160,-2.55,445597,2748296290
006890,태경케미컬,14100,14150,50,0.35,246139,3543194250
003240,태광산업,946000,931000,-15000,-1.59,1144,1073843000
011280,태림포장,5070,5100,30,0.59,249691,1279745690
004100,태양금속,1625,1545,-80,-4.92,6898581,11679764210
004105,태양금속우,2940,2990,50,1.7,48296,144985670
009410,태영건설,12400,12500,100,0.81,201835,2532113350
009415,태영건설우,11750,12000,250,2.13,10337,123717000
001420,태원물산,4060,4055,-5,-0.12,18638,75473010
007980,태평양물산,1850,1825,-25,-1.35,237879,435531185
055490,테이팩스,47500,51800,4300,9.05,172642,8634033300
078000,텔코웨어,11350,11550,200,1.76,12253,140429900
214420,토니모리,8040,8080,40,0.5,26353,211855880
019180,티에이치엔,3140,3060,-80,-2.55,138192,425863135
363280,티와이홀딩스,24400,24650,250,1.02,186111,4567098550
36328K,티와이홀딩스우,21250,21300,50,0.24,6458,137988000
091810,티웨이항공,2825,2820,-5,-0.18,428691,1206534335
004870,티웨이홀딩스,1410,1415,5,0.35,191881,269614455
005690,파미셀,15550,15550,0,0.0,320733,5006152000
036580,팜스코,7160,7180,20,0.28,278006,2034916230
028670,팬오션,6560,6830,270,4.12,28542317,196334455590
010820,퍼스텍,2450,2645,195,7.96,3497714,9110945305
016800,퍼시스,29450,29450,0,0.0,375,11065300
001020,페이퍼코리아,2255,2260,5,0.22,81373,183011315
090080,평화산업,1105,1105,0,0.0,77340,84911710
010770,평화홀딩스,3675,3635,-40,-1.09,23235,84443400
058430,포스코강판,30500,30050,-450,-1.48,356152,10666521250
047050,포스코인터내셔널,20950,20450,-500,-2.39,1101536,22540090750
003670,포스코케미칼,146500,146000,-500,-0.34,189933,27698211000
007630,폴루스바이오팜,1225,1225,0,0.0,0,0
017810,풀무원,16900,16950,50,0.3,39902,673718550
103140,풍산,31900,32550,650,2.04,298478,9635171500
005810,풍산홀딩스,22150,22550,400,1.81,27800,623198300
950210,프레스티지바이오파마,30500,30300,-200,-0.66,628922,19119537250
033180,필룩스,3815,3795,-20,-0.52,1145581,4367461230
086790,하나금융지주,40750,40750,0,0.0,1297853,53470586200
293480,하나제약,24050,24350,300,1.25,51307,1250458700
039130,하나투어,67400,67500,100,0.15,95884,6485595300
172580,하이골드12호,2115,2130,15,0.71,4669,9897025
153360,하이골드3호,1320,1320,0,0.0,28597,37890920
071090,하이스틸,28000,29300,1300,4.64,39279,1125051200
019490,하이트론,9970,9940,-30,-0.3,314557,3039550520
000080,하이트진로,38400,38250,-150,-0.39,447561,17173388600
000087,하이트진로2우B,20300,20200,-100,-0.49,4451,89586950
000140,하이트진로홀딩스,15900,15800,-100,-0.63,22058,349960450
000145,하이트진로홀딩스우,15150,15200,50,0.33,575,8719050
152550,한국ANKOR유전,1665,1670,5,0.3,5559,9265485
036460,한국가스공사,32650,32800,150,0.46,200972,6563885050
005430,한국공항,41000,40500,-500,-1.22,16098,651825200
071050,한국금융지주,86300,86800,500,0.58,153128,13275523600
071055,한국금융지주우,63200,63400,200,0.32,12716,803048100
010040,한국내화,4070,4020,-50,-1.23,144319,584018310
025540,한국단자,70600,71200,600,0.85,31192,2218928200
004090,한국석유,246000,248500,2500,1.02,28731,7175017000
002200,한국수출포장,23600,23600,0,0.0,32550,763420700
002960,한국쉘석유,248000,248000,0,0.0,1614,400738500
000240,한국앤컴퍼니,17950,18750,800,4.46,428553,7927377100
123890,한국자산신탁,4040,4170,130,3.22,799806,3298305835
015760,한국전력,23100,23250,150,0.65,1822468,42292431650
006200,한국전자홀딩스,1490,1585,95,6.38,22082620,34781180680
009540,한국조선해양,118500,132000,13500,11.39,1926320,246265278500
023350,한국종합기술,6690,6690,0,0.0,59770,401284380
025890,한국주강,1805,1870,65,3.6,126980,233066005
000970,한국주철관,9010,8980,-30,-0.33,129847,1163388170
104700,한국철강,9460,9760,300,3.17,994866,9832484920
017960,한국카본,11500,12350,850,7.39,2706518,32797428050
161890,한국콜마,56900,57100,200,0.35,110195,6273782300
024720,한국콜마홀딩스,29050,29100,50,0.17,92591,2681866700
161390,한국타이어앤테크놀로지,45700,45800,100,0.22,241661,11012306150
034830,한국토지신탁,2095,2185,90,4.3,3373166,7299025070
007280,한국특수형강,1930,1940,10,0.52,187252,362238795
168490,한국패러랠,1960,1960,0,0.0,12619,24712945
010100,한국프랜지,3000,3035,35,1.17,410369,1236638495
047810,한국항공우주,36500,37400,900,2.47,1401440,52715153850
123690,한국화장품,12000,11950,-50,-0.42,61790,739147950
003350,한국화장품제조,35400,35350,-50,-0.14,9116,322766550
011500,한농화성,17050,16650,-400,-2.35,388169,6481484900
002390,한독,27300,27350,50,0.18,34778,947052800
014790,한라,5060,5120,60,1.19,222304,1136099200
060980,한라홀딩스,40300,40300,0,0.0,45165,1813772200
053690,한미글로벌,10100,10750,650,6.44,351764,3709039850
042700,한미반도체,24300,24100,-200,-0.82,522152,12578005550
008930,한미사이언스,59100,58700,-400,-0.68,65892,3876547300
128940,한미약품,318500,317000,-1500,-0.47,21492,6841405000
009240,한샘,106500,114000,7500,7.04,246510,27689142000
020000,한섬,41750,41750,0,0.0,89738,3738378850
003680,한성기업,7910,7880,-30,-0.38,24203,190360830
105630,한세실업,21850,20950,-900,-4.12,356592,7592446200
069640,한세엠케이,3675,3625,-50,-1.36,16217,59234150
016450,한세예스24홀딩스,7790,8040,250,3.21,79934,632714180
010420,한솔PNS,1970,1970,0,0.0,98414,193116405
009180,한솔로지스틱스,3285,3490,205,6.24,10811010,38000508390
213500,한솔제지,14100,14000,-100,-0.71,199600,2802184500
014680,한솔케미칼,238000,243500,5500,2.31,66296,16045245000
004710,한솔테크닉스,10150,10150,0,0.0,168782,1708443200
004150,한솔홀딩스,3715,3745,30,0.81,344324,1283195650
025750,한솔홈데코,2000,2020,20,1.0,1074690,2143683130
004960,한신공영,19000,19200,200,1.05,53335,1021022100
011700,한신기계,1870,1880,10,0.53,135562,254198590
001750,한양증권,10500,10500,0,0.0,20362,213122700
001755,한양증권우,15850,16600,750,4.73,31203,521157250
018880,한온시스템,17550,18750,1200,6.84,6069802,113268655400
009420,한올바이오파마,22750,22950,200,0.88,195164,4472549000
014130,한익스프레스,5960,6220,260,4.36,649782,4012495250
300720,한일시멘트,132500,141000,8500,6.42,29416,4104276000
002220,한일철강,2255,2305,50,2.22,36373,82796745
006390,한일현대시멘트,39950,41450,1500,3.75,119111,4885904350
003300,한일홀딩스,11750,12150,400,3.4,93189,1127205200
051600,한전KPS,28500,29250,750,2.63,505586,14632744750
052690,한전기술,20550,20800,250,1.22,159998,3326741800
130660,한전산업,4690,4690,0,0.0,142131,662185140
002320,한진,43200,43650,450,1.04,89437,3899608150
097230,한진중공업,6960,7190,230,3.3,272149,1940126060
003480,한진중공업홀딩스,3805,3815,10,0.26,70526,269545380
180640,한진칼,58200,58600,400,0.69,57568,3390106300
18064K,한진칼우,40550,40150,-400,-0.99,2471,99408850
005110,한창,1205,1240,35,2.9,720320,885925445
009460,한창제지,2340,2325,-15,-0.64,718408,1671926270
000880,한화,29400,30200,800,2.72,467424,14064696850
00088K,한화3우B,13800,14050,250,1.81,52876,737879300
088350,한화생명,2985,3035,50,1.68,3610018,10986324885
000370,한화손해보험,4860,4870,10,0.21,1532999,7483952870
009830,한화솔루션,48000,47700,-300,-0.63,2536507,121663030200
009835,한화솔루션우,58500,58800,300,0.51,10560,618836700
272210,한화시스템,19100,20200,1100,5.76,2040897,40470224400
012450,한화에어로스페이스,39100,40000,900,2.3,868923,34924134700
000885,한화우,37850,38900,1050,2.77,2653,105198900
003530,한화투자증권,2870,2980,110,3.83,3160119,9284211870
003535,한화투자증권우,4255,4570,315,7.4,570027,2610495690
195870,해성디에스,32450,31750,-700,-2.16,220597,7018932950
101530,해태제과식품,8230,8230,0,0.0,21345,175428810
143210,핸즈코퍼레이션,6940,6810,-130,-1.87,118960,804049350
000720,현대건설,43650,44050,400,0.92,817833,36053672250
267270,현대건설기계,52200,50800,-1400,-2.68,559223,28444734700
000725,현대건설우,172500,175000,2500,1.45,1480,258424000
005440,현대그린푸드,10400,10400,0,0.0,585962,6087002600
086280,현대글로비스,190500,196500,6000,3.15,219621,42588186000
064350,현대로템,20150,20550,400,1.99,1273609,26051985900
079430,현대리바트,17250,17900,650,3.77,690187,12171178200
012330,현대모비스,284500,283500,-1000,-0.35,354580,100568621500
010620,현대미포조선,57800,63700,5900,10.21,1384604,86807837700
069960,현대백화점,87000,89000,2000,2.3,360355,32080811900
004560,현대비앤지스틸,17450,17750,300,1.72,160176,2847533650
004565,현대비앤지스틸우,91100,90500,-600,-0.66,2419,220009600
011760,현대상사,19250,19400,150,0.78,144098,2782065700
004310,현대약품,7810,7820,10,0.13,346517,2715157690
322000,현대에너지솔루션,35500,35550,50,0.14,56088,1983175600
017800,현대엘리베이,44050,45300,1250,2.84,497824,22483598750
307950,현대오토에버,120500,125000,4500,3.73,76472,9288227000
011210,현대위아,78500,77800,-700,-0.89,206190,16043882700
267260,현대일렉트릭,20250,20150,-100,-0.49,439098,8880856950
004020,현대제철,44600,46400,1800,4.04,2695386,123831300250
267250,현대중공업지주,271000,291000,20000,7.38,189015,53732286000
005380,현대차,218000,215500,-2500,-1.15,1480861,317323290500
005387,현대차2우B,97300,97700,400,0.41,58440,5681519600
005389,현대차3우B,93500,93800,300,0.32,9709,905007500
005385,현대차우,98800,98900,100,0.1,81143,8013586500
001500,현대차증권,12250,12400,150,1.22,74501,914587650
227840,현대코퍼레이션홀딩스,14700,14350,-350,-2.38,312699,4484702650
126560,현대퓨처넷,5100,4860,-240,-4.71,2653675,13135546730
001450,현대해상,23750,23500,-250,-1.05,546957,12956549165
057050,현대홈쇼핑,80300,80000,-300,-0.37,21870,1756460500
093240,형지엘리트,3990,3825,-165,-4.14,1154906,4499260790
003010,혜인,7610,7590,-20,-0.26,12231865,95873766600
111110,호전실업,10250,10450,200,1.95,56957,584623700
008770,호텔신라,87400,87200,-200,-0.23,425680,37148392100
008775,호텔신라우,83600,83800,200,0.24,5058,423571400
002460,화성산업,11750,12000,250,2.13,100528,1206070300
378850,화승알앤에이,5460,5230,-230,-4.21,566921,2975731810
241590,화승엔터프라이즈,16600,17100,500,3.01,1026370,17331908250
006060,화승인더,7690,7700,10,0.13,582689,4433208200
013520,화승코퍼레이션,1810,1785,-25,-1.38,587501,1050957830
010690,화신,4965,5000,35,0.7,194303,962359770
133820,화인베스틸,2525,2605,80,3.17,437720,1126358765
010660,화천기계,2465,2435,-30,-1.22,147089,358263955
000850,화천기공,32800,32850,50,0.15,6251,206033050
016580,환인제약,18250,18250,0,0.0,58587,1067283000
032560,황금에스티,8300,8340,40,0.48,62254,518559920
004800,효성,84600,87400,2800,3.31,148978,12908958500
094280,효성ITX,19200,19250,50,0.26,39631,757808950
298040,효성중공업,74300,76900,2600,3.5,151116,11465230100
298050,효성첨단소재,381000,415000,34000,8.92,261403,105172240000
298020,효성티앤씨,591000,611000,20000,3.38,130267,79476115000
298000,효성화학,336500,343000,6500,1.93,114858,39263547500
093370,후성,10650,10700,50,0.47,491012,5213791600
081660,휠라홀딩스,44000,44650,650,1.48,605535,27071038050
005870,휴니드,6920,8280,1360,19.65,16300504,134360359230
079980,휴비스,8800,8720,-80,-0.91,254241,2216933360
005010,휴스틸,9880,9750,-130,-1.32,48513,474873060
069260,휴켐스,24700,24600,-100,-0.4,311296,7617662800
000540,흥국화재,3925,3920,-5,-0.13,92550,361934985
000547,흥국화재2우B,20000,20350,350,1.75,765,15589400
000545,흥국화재우,8040,8100,60,0.75,33702,273996260
003280,흥아해운,258,258,0,0.0,0,0
