티커,종목명,시가,종가,변동폭,등락률,거래량,거래대금
095570,AJ네트웍스,5800,5800,0,0.0,174747,1021649320
006840,AK홀딩스,34800,34400,-400,-1.15,28837,995057350
027410,BGF,6930,6910,-20,-0.29,508006,3496175820
282330,BGF리테일,186000,185500,-500,-0.27,10759,1991375000
138930,BNK금융지주,7610,7530,-80,-1.05,2435021,18328594060
001460,BYC,446000,445500,-500,-0.11,154,68640500
001465,BYC우,191000,190000,-1000,-0.52,156,29412500
001040,CJ,110000,109000,-1000,-0.91,79070,8627661500
079160,CJCGV,32550,32200,-350,-1.08,363193,11724327000
00104K,CJ4우전환,90500,90300,-200,-0.22,2957,265628900
000120,CJ대한통운,166500,167000,500,0.3,37022,6177521000
011150,CJ씨푸드,4805,4770,-35,-0.73,258361,1234255145
011155,CJ씨푸드1우,42800,42400,-400,-0.93,577,24412200
001045,CJ우,65800,66000,200,0.3,2376,156768800
097950,CJ제일제당,455000,457500,2500,0.55,32810,14986225000
097955,CJ제일제당우,209500,211500,2000,0.95,6442,1352630500
000590,CS홀딩스,71300,71900,600,0.84,1807,129516000
012030,DB,1085,1080,-5,-0.46,694496,749021390
016610,DB금융투자,7410,7420,10,0.13,200647,1479970620
005830,DB손해보험,49550,49150,-400,-0.81,145161,7165095350
000990,DB하이텍,54400,55400,1000,1.84,414493,22798937200
000995,DB하이텍1우,121500,126000,4500,3.7,1465,187280500
139130,DGB금융지주,9160,9030,-130,-1.42,920536,8347656570
001530,DI동일,184500,181500,-3000,-1.63,5185,942222000
000210,DL,81200,81100,-100,-0.12,109575,8880639100
001880,DL건설,36950,37550,600,1.62,100885,3765970600
000215,DL우,46750,46450,-300,-0.64,7132,331716850
375500,DL이앤씨,138500,140000,1500,1.08,88763,12372084500
37550K,DL이앤씨우,79800,79900,100,0.13,7786,621372900
004840,DRB동일,8480,8240,-240,-2.83,188106,1552942270
155660,DSR,7060,7280,220,3.12,217778,1578292950
069730,DSR제강,6510,6710,200,3.07,352422,2364600540
017940,E1,59700,58300,-1400,-2.35,19336,1128424400
365550,ESR켄달스퀘어리츠,7440,7440,0,0.0,594653,4414603830
383220,FF,516000,505000,-11000,-2.13,35606,18092261000
007700,FF홀딩스,37600,37650,50,0.13,96794,3643102900
114090,GKL,18050,17850,-200,-1.11,508907,9055038900
078930,GS,47300,46900,-400,-0.85,212926,9993544300
006360,GS건설,43100,42850,-250,-0.58,262843,11256709650
001250,GS글로벌,3185,3130,-55,-1.73,1080677,3422807350
007070,GS리테일,37950,38350,400,1.05,379136,14558657950
078935,GS우,38700,38650,-50,-0.13,3456,133430300
012630,HDC,13600,13450,-150,-1.1,349470,4703302000
039570,HDC아이콘트롤스,14350,14500,150,1.05,106047,1519786650
089470,HDC현대EP,6080,6070,-10,-0.16,79517,482768360
294870,HDC현대산업개발,30000,29300,-700,-2.33,1049511,30866591600
011200,HMM,44850,46250,1400,3.12,9209422,422463659650
082740,HSD엔진,10150,10050,-100,-0.99,321410,3240972350
003560,IHQ,2100,2055,-45,-2.14,2413284,5036912130
175330,JB금융지주,7470,7320,-150,-2.01,551166,4048691530
234080,JW생명과학,19300,19000,-300,-1.55,76223,1451386750
001060,JW중외제약,29350,29150,-200,-0.68,37583,1096449400
001067,JW중외제약2우B,70200,70400,200,0.28,445,31038000
001065,JW중외제약우,47850,47350,-500,-1.04,1241,58364700
096760,JW홀딩스,4710,4675,-35,-0.74,110155,517099290
105560,KB금융,57000,56200,-800,-1.4,1080418,60552794100
002380,KCC,317500,317500,0,0.0,39453,12679773000
009070,KCTC,8100,8210,110,1.36,6129004,49579919050
009440,KC그린홀딩스,5490,5410,-80,-1.46,182723,994601850
119650,KC코트렐,7540,7420,-120,-1.59,65500,484985380
092220,KEC,2570,2570,0,0.0,4353676,11419106410
016380,KG동부제철,19950,20100,150,0.75,265802,5321901250
016385,KG동부제철우,140500,140500,0,0.0,216,30139500
001390,KG케미칼,29400,29650,250,0.85,70336,2074178050
033180,KH필룩스,3245,3220,-25,-0.77,1017953,3279833510
001940,KISCO홀딩스,19700,19700,0,0.0,15608,306841650
025000,KPX케미칼,65500,65300,-200,-0.31,10849,709706600
092230,KPX홀딩스,71200,71900,700,0.98,5545,396765800
000040,KR모터스,1305,1285,-20,-1.53,2636650,3369424605
044450,KSS해운,12300,12400,100,0.81,104839,1294277400
030200,KT,33050,32700,-350,-1.06,925700,30275670450
033780,KTG,84400,84300,-100,-0.12,309273,26096756500
030210,KTB투자증권,7750,7830,80,1.03,2805167,22053402440
058850,KTcs,3445,3340,-105,-3.05,1260931,4297214895
058860,KTis,3290,3240,-50,-1.52,260957,850732055
093050,LF,20300,20400,100,0.49,56781,1155987650
003550,LG,98000,98100,100,0.1,237584,23323950100
034220,LG디스플레이,22850,23150,300,1.31,2163910,50100272000
001120,LG상사,30750,30600,-150,-0.49,136981,4177635450
051900,LG생활건강,1545000,1546000,1000,0.06,11192,17248041000
051905,LG생활건강우,712000,710000,-2000,-0.28,1635,1160022000
003555,LG우,73000,73000,0,0.0,19681,1436147900
032640,LG유플러스,15650,15450,-200,-1.28,1820730,28158400950
011070,LG이노텍,211000,219000,8000,3.79,289796,62748207500
066570,LG전자,151500,157500,6000,3.96,1741300,272882683000
066575,LG전자우,74600,76600,2000,2.68,145164,11073089600
108670,LG하우시스,95300,96100,800,0.84,37103,3561351300
108675,LG하우시스우,43300,43400,100,0.23,4051,175419600
037560,LG헬로비전,7890,8250,360,4.56,85458704,739090466150
051910,LG화학,850000,827000,-23000,-2.71,220818,183303933281
051915,LG화학우,379000,380500,1500,0.4,17034,6435288000
079550,LIG넥스원,43350,42500,-850,-1.96,195799,8340080950
006260,LS,71400,71600,200,0.28,81193,5782113500
010120,LSELECTRIC,57900,57500,-400,-0.69,66887,3837766000
000680,LS네트웍스,3850,3780,-70,-1.82,206264,789502165
229640,LS전선아시아,9160,8900,-260,-2.84,761858,6828343600
383800,LX홀딩스,10700,10900,200,1.87,849624,9266361300
38380K,LX홀딩스1우,20750,20950,200,0.96,47996,1006026650
023150,MH에탄올,10250,10400,150,1.46,38462,398323400
035420,NAVER,372500,387000,14500,3.89,1208589,465177833500
181710,NHN,76500,77200,700,0.92,80116,6199965100
005940,NH투자증권,12850,12650,-200,-1.56,576044,7292589650
005945,NH투자증권우,11200,11100,-100,-0.89,78974,873824500
338100,NH프라임리츠,5030,4990,-40,-0.8,109101,545173550
034310,NICE,18850,18900,50,0.27,41754,784661850
008260,NI스틸,5490,5600,110,2.0,3110520,17840618310
004250,NPC,4435,4375,-60,-1.35,229741,1008028080
004255,NPC우,2880,2900,20,0.69,23651,68543720
010060,OCI,122500,123000,500,0.41,162027,19984740500
005490,POSCO,349500,344500,-5000,-1.43,389363,134455217000
010950,S-Oil,101000,102500,1500,1.49,174247,17737472000
010955,S-Oil우,61800,61400,-400,-0.65,28296,1729616800
034120,SBS,48850,47200,-1650,-3.38,168420,8035115650
101060,SBS미디어홀딩스,2180,2175,-5,-0.23,1450268,3145698350
005090,SGC에너지,49800,52600,2800,5.62,276222,14242733550
001380,SG글로벌,3785,3650,-135,-3.57,744799,2706783480
004060,SG세계물산,866,854,-12,-1.39,2920983,2518230670
002360,SH에너지화학,1200,1245,45,3.75,4874601,5979224965
009160,SIMPAC,4255,4280,25,0.59,51638,221783905
123700,SJM,6030,5950,-80,-1.33,134658,806606770
025530,SJM홀딩스,5180,5180,0,0.0,67438,351093360
034730,SK,286500,287500,1000,0.35,219730,63297542000
011790,SKC,140000,140500,500,0.36,332265,46698230960
018670,SK가스,126500,122500,-4000,-3.16,43926,5436493500
001740,SK네트웍스,6170,6210,40,0.65,681601,4202634490
001745,SK네트웍스우,125000,123500,-1500,-1.2,362,44482500
006120,SK디스커버리,54900,54500,-400,-0.73,72369,3982195500
006125,SK디스커버리우,42750,42600,-150,-0.35,4097,175405500
210980,SK디앤디,35100,35400,300,0.85,40701,1436031850
068400,SK렌터카,14950,14800,-150,-1.0,123996,1847228900
302440,SK바이오사이언스,157000,159000,2000,1.27,345361,55041301500
326030,SK바이오팜,121500,119000,-2500,-2.06,354305,42445398000
361610,SK아이이테크놀로지,157500,148000,-9500,-6.03,740629,110955543500
03473K,SK우,261500,258500,-3000,-1.15,4074,1056451500
096770,SK이노베이션,274500,277500,3000,1.09,368117,101277269500
096775,SK이노베이션우,188000,189000,1000,0.53,4814,906112000
001510,SK증권,1060,1050,-10,-0.94,5513356,5812061235
001515,SK증권우,5200,5100,-100,-1.92,19731,100629690
285130,SK케미칼,261500,265000,3500,1.34,48783,12874271000
28513K,SK케미칼우,118000,117000,-1000,-0.85,4447,523879500
017670,SK텔레콤,334000,333000,-1000,-0.3,159207,53103169500
000660,SK하이닉스,128000,127000,-1000,-0.78,2022730,256163790000
064960,SNT모티브,69200,67500,-1700,-2.46,94505,6412174700
100840,SNT에너지,23000,22900,-100,-0.43,146469,3304683550
003570,SNT중공업,9920,10450,530,5.34,116581,1191488810
036530,SNT홀딩스,21650,21450,-200,-0.92,28786,622487500
005610,SPC삼립,91000,88900,-2100,-2.31,24751,2213902400
011810,STX,9020,9020,0,0.0,52302,473282070
077970,STX엔진,13200,13500,300,2.27,55789,747969750
071970,STX중공업,7040,6910,-130,-1.85,430290,2981698630
002820,SUNL,6470,6480,10,0.15,25153,162870690
084870,TBH글로벌,2810,2730,-80,-2.85,551864,1525209655
002710,TCC스틸,4720,4730,10,0.21,417559,1977831065
002900,TYM,1870,1880,10,0.53,9572937,17950917560
024070,WISCOM,4830,4690,-140,-2.9,378355,1787444705
037270,YGPLUS,6120,6190,70,1.14,1317618,8131907460
000500,가온전선,35600,35500,-100,-0.28,68149,2400041700
000860,강남제비스코,28850,29650,800,2.77,20499,604726750
035250,강원랜드,28200,28150,-50,-0.18,607522,17166727250
011420,갤럭시아에스엠,2395,2480,85,3.55,273198,671312580
002100,경농,16350,16400,50,0.31,176126,2880006750
009450,경동나비엔,65600,65800,200,0.3,103814,6852338400
267290,경동도시가스,25000,24900,-100,-0.4,12602,313709050
012320,경동인베스트,40850,40900,50,0.12,6106,246810900
000050,경방,15200,15250,50,0.33,31495,475395150
214390,경보제약,12700,12850,150,1.18,78870,1003735400
012610,경인양행,7170,7170,0,0.0,166713,1196442040
009140,경인전자,32950,32250,-700,-2.12,12298,399342200
013580,계룡건설,36150,36450,300,0.83,38215,1388042600
012200,계양전기,5060,5060,0,0.0,425087,2152889650
012205,계양전기우,8200,8240,40,0.49,4752,39140450
002140,고려산업,4150,4335,185,4.46,4375305,19260839755
010130,고려아연,436500,437500,1000,0.23,24220,10609533000
002240,고려제강,26150,26150,0,0.0,43740,1150186300
009290,광동제약,9170,9230,60,0.65,128346,1183660090
017040,광명전기,3270,3490,220,6.73,7833955,26334088715
017900,광전자,2610,2585,-25,-0.96,285517,737376780
037710,광주신세계,199000,194500,-4500,-2.26,2404,471427500
030610,교보증권,9040,8850,-190,-2.1,177961,1580360610
339770,교촌에프앤비,19550,19550,0,0.0,53286,1037146150
007690,국도화학,68700,69500,800,1.16,32913,2296218500
005320,국동,3400,3385,-15,-0.44,243556,826480390
001140,국보,1690,1775,85,5.03,1263770,2163611725
002720,국제약품,7310,7240,-70,-0.96,69854,507365530
083420,그린케미칼,12750,12550,-200,-1.57,1112296,13407869750
014530,극동유화,5170,5320,150,2.9,344096,1814126820
014280,금강공업,8230,8060,-170,-2.07,153420,1243382220
014285,금강공업우,14000,14200,200,1.43,3985,56551350
008870,금비,87300,88000,700,0.8,2872,251976800
001570,금양,5400,5350,-50,-0.93,238207,1267021570
002990,금호건설,13000,12650,-350,-2.69,947389,11814567950
002995,금호건설우,37850,37200,-650,-1.72,3031,114320450
011780,금호석유,217000,217500,500,0.23,197608,42657574230
011785,금호석유우,113000,114000,1000,0.88,26191,2949826000
214330,금호에이치티,2315,2375,60,2.59,2975461,7048919555
001210,금호전기,3480,3390,-90,-2.59,170737,583590170
073240,금호타이어,7280,6730,-550,-7.55,3531005,24085325580
092440,기신정기,5330,5450,120,2.25,90683,489959800
000270,기아,89800,88500,-1300,-1.45,2159724,190739051500
024110,기업은행,10650,10600,-50,-0.47,1373168,14474299200
013700,까뮤이앤씨,2705,2700,-5,-0.18,975099,2650974620
004540,깨끗한나라,6370,6550,180,2.83,300504,1952584060
004545,깨끗한나라우,34700,35450,750,2.16,7023,248391800
001260,남광토건,16900,17250,350,2.07,40832,697692600
008350,남선알미늄,3725,3695,-30,-0.81,981146,3633425410
008355,남선알미우,40050,39800,-250,-0.62,1368,54477750
004270,남성,3770,3750,-20,-0.53,126982,477796500
003920,남양유업,596000,584000,-12000,-2.01,5572,3258498000
003925,남양유업우,284500,280500,-4000,-1.41,805,225767000
025860,남해화학,10000,10400,400,4.0,607300,6220986000
005720,넥센,5460,5410,-50,-0.92,58358,315475580
005725,넥센우,3905,3915,10,0.26,5106,19968730
002350,넥센타이어,8600,8670,70,0.81,398657,3470576140
002355,넥센타이어1우B,3705,3725,20,0.54,4014,15036180
003580,넥스트사이언스,14050,12650,-1400,-9.96,3642037,45417967400
251270,넷마블,141000,141000,0,0.0,521016,74242487000
090350,노루페인트,12900,13450,550,4.26,320333,4267075700
090355,노루페인트우,36350,39600,3250,8.94,36464,1451058100
000320,노루홀딩스,15000,15000,0,0.0,65102,978184750
000325,노루홀딩스우,95100,112000,16900,17.77,54858,6029526000
006280,녹십자,326000,329000,3000,0.92,45961,15135554000
005250,녹십자홀딩스,34050,34400,350,1.03,161002,5546804450
005257,녹십자홀딩스2우,88000,88500,500,0.57,640,56679900
004370,농심,301500,316000,14500,4.81,158068,49125783000
072710,농심홀딩스,82500,83300,800,0.97,12734,1056390600
058730,다스코,5790,5840,50,0.86,95424,556035300
023590,다우기술,28000,27700,-300,-1.07,144383,4023709100
019680,대교,4770,5240,470,9.85,31281735,170990681985
019685,대교우B,3160,4105,945,29.91,10550293,41364429085
006370,대구백화점,13950,13900,-50,-0.36,20209,278189500
008060,대덕,8690,8770,80,0.92,803521,7090627850
00806K,대덕1우,14250,14950,700,4.91,32392,484164050
353200,대덕전자,15550,15650,100,0.64,636065,9916882350
35320K,대덕전자1우,16150,16650,500,3.1,71594,1180297250
000490,대동,11350,11600,250,2.2,299633,3472996750
008110,대동전자,7960,8040,80,1.01,18538,149220330
005750,대림BCo,7960,7980,20,0.25,126898,996859250
006570,대림통상,4505,4780,275,6.1,664186,2855074095
001680,대상,28450,28000,-450,-1.58,430925,12040280900
001685,대상우,21600,21300,-300,-1.39,18743,396703800
084690,대상홀딩스,11550,11450,-100,-0.87,123907,1415636900
084695,대상홀딩스우,14400,14450,50,0.35,22099,321639500
128820,대성산업,5300,5300,0,0.0,165119,880637500
117580,대성에너지,6950,6980,30,0.43,344041,2393380300
016710,대성홀딩스,36250,36500,250,0.69,28849,1058279150
003540,대신증권,18450,18450,0,0.0,192108,3527242900
003547,대신증권2우B,17100,16550,-550,-3.22,56030,926619350
003545,대신증권우,16400,16750,350,2.13,103633,1732362450
009190,대양금속,5700,5690,-10,-0.18,2362563,13423484690
014160,대영포장,2605,2755,150,5.76,11686404,32271389300
047040,대우건설,8830,8650,-180,-2.04,4658657,40427145950
009320,대우부품,2680,2655,-25,-0.93,2177079,5816906985
042660,대우조선해양,38050,38050,0,0.0,1105191,43032636950
003090,대웅,37450,38050,600,1.6,231892,8802663450
069620,대웅제약,158500,159000,500,0.32,52260,8305538000
000430,대원강업,4425,4500,75,1.69,230242,1033720555
006340,대원전선,2295,2200,-95,-4.14,8659096,19350764340
006345,대원전선우,3575,3585,10,0.28,236641,852068285
003220,대원제약,16000,15950,-50,-0.31,112368,1805502850
024890,대원화성,3055,3075,20,0.65,888749,2727433200
002880,대유에이텍,1215,1235,20,1.65,925212,1142116720
000300,대유플러스,1410,1410,0,0.0,8616413,12142157555
012800,대창,2540,2575,35,1.38,5513997,14241813180
015230,대창단조,8720,8700,-20,-0.23,95460,830238810
001070,대한방직,44000,44000,0,0.0,58016,2586988950
006650,대한유화,251500,250000,-1500,-0.6,49809,12588455500
001440,대한전선,3105,3005,-100,-3.22,63193042,189131287580
084010,대한제강,21100,21750,650,3.08,343412,7411899000
001790,대한제당,3435,3385,-50,-1.46,498522,1694428235
001795,대한제당우,4340,4380,40,0.92,158359,692294060
001130,대한제분,176000,176500,500,0.28,3654,642380500
003490,대한항공,34500,34150,-350,-1.01,3095574,105598841050
003495,대한항공우,45750,45350,-400,-0.87,20262,917856800
005880,대한해운,3440,3445,5,0.15,4016460,13952845725
003830,대한화섬,158500,167000,8500,5.36,2875,475217500
016090,대현,2895,2900,5,0.17,204410,590893645
069460,대호에이엘,4230,4475,245,5.79,4372429,19629310395
192080,더블유게임즈,67000,65300,-1700,-2.54,95385,6271200100
012510,더존비즈온,82900,82600,-300,-0.36,216012,17781641400
004830,덕성,25350,27400,2050,8.09,1638620,43978572100
004835,덕성우,39400,40900,1500,3.81,29994,1206171550
024900,덕양산업,3820,3755,-65,-1.7,569356,2153925040
145720,덴티움,64800,64900,100,0.15,91289,5951300700
002150,도화엔지니어링,9270,9260,-10,-0.11,47068,436232750
001230,동국제강,22500,22550,50,0.22,1200750,26984484350
023450,동남합성,53400,53900,500,0.94,1312,70901700
004140,동방,6470,6630,160,2.47,2049689,13453519080
007590,동방아그로,9930,8760,-1170,-11.78,239892,2097380090
005960,동부건설,13550,13900,350,2.58,176132,2423556800
005965,동부건설우,59700,57300,-2400,-4.02,24186,1403051800
026960,동서,31150,30700,-450,-1.44,105107,3236375250
002210,동성제약,10500,10600,100,0.95,69513,733201750
102260,동성케미컬,6140,6400,260,4.23,519919,3277580550
000640,동아쏘시오홀딩스,125000,125000,0,0.0,11926,1492121500
170900,동아에스티,87300,87100,-200,-0.23,33122,2902636600
028100,동아지질,22400,22700,300,1.34,95752,2168017750
282690,동아타이어,13050,13000,-50,-0.38,9173,119071700
001520,동양,1970,2285,315,15.99,187845073,427933146745
001527,동양2우B,22050,28650,6600,29.93,90858,2549293250
001529,동양3우B,63000,81900,18900,30.0,18350,1478914500
084670,동양고속,26050,25850,-200,-0.77,12425,321152900
082640,동양생명,5620,5620,0,0.0,170449,960122330
001525,동양우,11000,14300,3300,30.0,188595,2615795900
008970,동양철관,1645,1795,150,9.12,46112758,82335224830
092780,동양피스톤,6550,6680,130,1.98,679999,4569724490
049770,동원FB,226500,230000,3500,1.55,10813,2464067500
018500,동원금속,1205,1245,40,3.32,1480820,1804936190
006040,동원산업,274000,274000,0,0.0,8878,2433592000
030720,동원수산,9580,9770,190,1.98,126795,1232371240
014820,동원시스템즈,45450,45450,0,0.0,28833,1312255000
014825,동원시스템즈우,38300,38550,250,0.65,647,24919650
163560,동일고무벨트,10800,10800,0,0.0,180068,1946812850
004890,동일산업,98900,98900,0,0.0,1531,151226200
002690,동일제강,4785,4790,5,0.1,118908,567518545
000020,동화약품,14900,14650,-250,-1.68,107560,1587349750
000150,두산,91300,89200,-2100,-2.3,190773,17006660400
000157,두산2우B,141500,139000,-2500,-1.77,38862,5213632000
241560,두산밥캣,49450,49750,300,0.61,185728,9220839800
000155,두산우,65300,63400,-1900,-2.91,44542,2797575200
042670,두산인프라코어,14650,14650,0,0.0,4657667,65147881450
034020,두산중공업,23750,23550,-200,-0.84,15423461,354163629850
336260,두산퓨얼셀,47400,48850,1450,3.06,1591493,77308103400
33626K,두산퓨얼셀1우,17050,16650,-400,-2.35,1005747,17254708150
33626L,두산퓨얼셀2우B,25800,26150,350,1.36,1615485,43321060600
016740,두올,5220,5140,-80,-1.53,388891,2017156330
192650,드림텍,11000,11050,50,0.45,388096,4316928550
024090,디씨엠,19550,17250,-2300,-11.76,58964,1037690050
003160,디아이,7200,7250,50,0.69,95495,690045300
092200,디아이씨,6920,6600,-320,-4.62,1012919,6809329470
013570,디와이,6560,6650,90,1.37,302052,2005413260
210540,디와이파워,17150,16850,-300,-1.75,179357,3042469450
007340,디티알오토모티브,41000,39100,-1900,-4.63,44137,1730287550
026890,디피씨,14150,13950,-200,-1.41,777486,10906574450
115390,락앤락,14550,14450,-100,-0.69,46880,675302500
032350,롯데관광개발,22550,21750,-800,-3.55,926579,20420638050
330590,롯데리츠,6140,6110,-30,-0.49,662079,4044049800
000400,롯데손해보험,2100,2105,5,0.24,1020027,2104396350
023530,롯데쇼핑,122000,125000,3000,2.46,196310,24219049000
004000,롯데정밀화학,64700,66600,1900,2.94,242797,16128238300
286940,롯데정보통신,44050,41100,-2950,-6.7,181341,7604710250
280360,롯데제과,143500,146500,3000,2.09,8293,1211299000
004990,롯데지주,42650,42450,-200,-0.47,481572,20211932850
00499K,롯데지주우,65500,65600,100,0.15,1219,79442900
005300,롯데칠성,158500,157500,-1000,-0.63,42165,6601985000
005305,롯데칠성우,84800,84500,-300,-0.35,869,73094500
011170,롯데케미칼,265500,268500,3000,1.13,145822,38970187000
002270,롯데푸드,454500,457500,3000,0.66,2731,1243382500
071840,롯데하이마트,39650,39350,-300,-0.76,82789,3263668400
027740,마니커,793,790,-3,-0.38,1951892,1546755164
204320,만도,64300,64400,100,0.16,770430,49731468300
001080,만호제강,22400,22700,300,1.34,12170,275092800
088980,맥쿼리인프라,12650,12600,-50,-0.4,1112902,13977024950
094800,맵스리얼티1,4990,4960,-30,-0.6,51164,254374460
138040,메리츠금융지주,17350,17300,-50,-0.29,195334,3400776600
008560,메리츠증권,4345,4295,-50,-1.15,1973887,8478106525
000060,메리츠화재,17550,17400,-150,-0.85,369190,6445091650
090370,메타랩스,1160,1160,0,0.0,279576,323144035
017180,명문제약,5560,5560,0,0.0,218426,1214247670
009900,명신산업,25800,26600,800,3.1,547714,14512766800
012690,모나리자,5390,5460,70,1.3,744101,4063526690
005360,모나미,5880,5860,-20,-0.34,1065958,6325707250
204210,모두투어리츠,5140,5110,-30,-0.58,59256,300251250
009680,모토닉,12450,12350,-100,-0.8,27686,342594850
009580,무림PP,5370,5800,430,8.01,11639573,69914408230
009200,무림페이퍼,3110,3855,745,23.95,32884478,128743100925
033920,무학,9180,9620,440,4.79,274549,2618848940
008420,문배철강,5240,5350,110,2.1,1019437,5460046050
025560,미래산업,19800,18900,-900,-4.55,67489,1274531750
007120,미래아이앤지,604,603,-1,-0.17,1488433,900022201
357250,미래에셋맵스리츠,5180,5210,30,0.58,88416,458945600
085620,미래에셋생명,4315,4270,-45,-1.04,176895,757128460
006800,미래에셋증권,9600,9530,-70,-0.73,1441250,13757805450
00680K,미래에셋증권2우B,4815,4795,-20,-0.42,268631,1288786340
006805,미래에셋증권우,6350,6340,-10,-0.16,106125,669565350
002840,미원상사,217000,216000,-1000,-0.46,1231,267024500
268280,미원에스씨,181000,178500,-2500,-1.38,640,114296000
107590,미원홀딩스,128000,126500,-1500,-1.17,1417,179963000
134380,미원화학,81800,81400,-400,-0.49,937,76897000
003650,미창석유,86400,86200,-200,-0.23,869,74928300
155900,바다로19호,2725,2705,-20,-0.73,71032,192637455
003610,방림,2670,2690,20,0.75,162596,433627160
001340,백광산업,6500,6480,-20,-0.31,1437936,9326371590
035150,백산,9410,9220,-190,-2.02,348846,3250196170
002410,범양건영,4090,4090,0,0.0,94562,384543745
096300,베트남개발1,228,228,0,0.0,359118,82449457
007210,벽산,4150,4210,60,1.45,650687,2721096375
002760,보락,2440,2395,-45,-1.84,567699,1370055195
003850,보령제약,23100,23300,200,0.87,204370,4763653250
000890,보해양조,1210,1185,-25,-2.07,4230947,5054608470
003000,부광약품,21300,21450,150,0.7,359369,7700036000
001270,부국증권,25200,25200,0,0.0,4331,108673750
001275,부국증권우,22300,22400,100,0.45,158,3539300
026940,부국철강,4810,4765,-45,-0.94,152866,725146235
015350,부산가스,64300,65000,700,1.09,5722,370047400
011390,부산산업,160000,159000,-1000,-0.63,16665,2637257000
005030,부산주공,666,666,0,0.0,3395508,2309323473
002070,비비안,3800,3860,60,1.58,996309,3810768635
100220,비상교육,10700,11400,700,6.54,615186,6918933700
030790,비케이탑스,7690,7990,300,3.9,126263,986521620
005180,빙그레,65500,66300,800,1.22,126221,8367375500
003960,사조대림,25450,25200,-250,-0.98,70381,1768291400
008040,사조동아원,1430,1435,5,0.35,734812,1047552555
007160,사조산업,67000,65900,-1100,-1.64,37272,2451629700
014710,사조씨푸드,6620,6670,50,0.76,250706,1675718940
006090,사조오양,12100,12300,200,1.65,52156,638858850
001470,삼부토건,2860,2840,-20,-0.7,766571,2164786815
006400,삼성SDI,638000,639000,1000,0.16,210814,134925053000
006405,삼성SDI우,408500,414000,5500,1.35,8042,3315922000
006660,삼성공조,15200,15200,0,0.0,132346,2008739450
028260,삼성물산,140500,139000,-1500,-1.07,378676,52518705500
02826K,삼성물산우B,135500,134000,-1500,-1.11,8712,1164480000
207940,삼성바이오로직스,845000,853000,8000,0.95,60306,51201604000
032830,삼성생명,81800,80900,-900,-1.1,273200,22123496100
018260,삼성에스디에스,187500,187500,0,0.0,79950,14918069500
028050,삼성엔지니어링,21200,21400,200,0.94,1831043,39185625650
009150,삼성전기,176000,177000,1000,0.57,223886,39530131000
009155,삼성전기우,107500,108500,1000,0.93,10692,1157771500
005930,삼성전자,81000,80500,-500,-0.62,10550078,850453174124
005935,삼성전자우,74300,74200,-100,-0.13,764898,56648724300
001360,삼성제약,8200,8230,30,0.37,4654957,38401032830
010140,삼성중공업,7010,6880,-130,-1.85,7282843,50284511640
010145,삼성중공우,310500,306000,-4500,-1.45,1707,520200500
016360,삼성증권,45150,44750,-400,-0.89,237447,10638022800
068290,삼성출판사,43950,43600,-350,-0.8,91947,4025866650
029780,삼성카드,34150,34250,100,0.29,330208,11353184000
000810,삼성화재,210500,209500,-1000,-0.48,105283,21957492000
000815,삼성화재우,163500,162500,-1000,-0.61,10592,1715132000
006110,삼아알미늄,11700,11700,0,0.0,88840,1038046500
145990,삼양사,66000,66300,300,0.45,33309,2187038100
145995,삼양사우,50000,49900,-100,-0.2,638,31794200
003230,삼양식품,89100,90300,1200,1.35,38066,3414888900
002170,삼양통상,78300,79000,700,0.89,4910,385997000
272550,삼양패키징,27550,28150,600,2.18,21578,610513650
000070,삼양홀딩스,109500,109000,-500,-0.46,41584,4483374000
000075,삼양홀딩스우,75400,76000,600,0.8,238,18040300
002810,삼영무역,16850,16850,0,0.0,5068,85113250
005680,삼영전자,13300,13100,-200,-1.5,140600,1846020700
003720,삼영화학,2910,2865,-45,-1.55,481958,1383935450
023000,삼원강재,3835,3840,5,0.13,78965,303020535
004380,삼익THK,13700,13800,100,0.73,48736,668833400
002450,삼익악기,1985,2010,25,1.26,1003022,2012495525
004440,삼일씨엔에스,14450,14100,-350,-2.42,53020,751173900
000520,삼일제약,9620,9620,0,0.0,38496,368813480
009770,삼정펄프,36500,36600,100,0.27,1374,50531050
005500,삼진제약,27700,27800,100,0.36,162540,4570332600
004690,삼천리,96600,96400,-200,-0.21,5835,560886500
010960,삼호개발,6200,6300,100,1.61,191582,1199976280
004450,삼화왕관,44200,44200,0,0.0,834,36931850
009470,삼화전기,33000,33800,800,2.42,65743,2184320600
011230,삼화전자,4030,4050,20,0.5,23069,93592325
001820,삼화콘덴서,59800,60200,400,0.67,35587,2138687900
000390,삼화페인트,12450,12500,50,0.4,69578,868839250
001290,상상인증권,1445,1420,-25,-1.73,219185,311896425
041650,상신브레이크,5150,5200,50,0.97,669432,3484615330
075180,새론오토모티브,6220,6360,140,2.25,26238,165259170
007540,샘표,58300,58600,300,0.51,8096,473617400
248170,샘표식품,60000,61500,1500,2.5,24401,1486556000
007860,서연,19400,20450,1050,5.41,648344,13085474550
200880,서연이화,9360,9380,20,0.21,220164,2073357250
017390,서울가스,133000,135500,2500,1.88,30094,4171246500
004410,서울식품,353,360,7,1.98,11281606,4053304453
004415,서울식품우,5600,5600,0,0.0,8578,47036610
021050,서원,2640,2625,-15,-0.57,503970,1330763225
008490,서흥,56800,56400,-400,-0.7,19435,1090792600
007610,선도전기,4125,4130,5,0.12,322841,1323929795
136490,선진,17200,17450,250,1.45,128955,2246119050
014910,성문전자,2780,2835,55,1.98,517861,1447351260
014915,성문전자우,10500,11850,1350,12.86,39254,448635900
003080,성보화학,5270,5370,100,1.9,365246,1971975200
004980,성신양회,12950,12800,-150,-1.16,362007,4614962000
004985,성신양회우,18300,18050,-250,-1.37,19279,346346650
011300,성안,787,787,0,0.0,0,0
000180,성창기업지주,2910,2855,-55,-1.89,573611,1652222610
002420,세기상사,6160,6160,0,0.0,0,0
004360,세방,15050,14850,-200,-1.33,91826,1371086350
004365,세방우,8870,8910,40,0.45,2759,24659860
004490,세방전지,109000,104500,-4500,-4.13,209829,22016839500
001430,세아베스틸,31150,31550,400,1.28,276237,8775170350
306200,세아제강,112000,111500,-500,-0.45,7071,784320000
003030,세아제강지주,70000,71500,1500,2.14,9145,651323600
019440,세아특수강,17150,17050,-100,-0.58,13064,224284050
058650,세아홀딩스,105000,105000,0,0.0,780,82059000
013000,세우글로벌,2470,2470,0,0.0,0,0
091090,세원이앤씨,2080,2005,-75,-3.61,1335127,2690511120
021820,세원정공,8090,8090,0,0.0,0,0
067830,세이브존IC,4050,3990,-60,-1.48,116235,462734205
033530,세종공업,8770,8780,10,0.11,106291,934123220
075580,세진중공업,7700,7490,-210,-2.73,889946,6639210920
027970,세하,2150,2200,50,2.33,1204225,2660859810
145210,세화아이엠씨,843,833,-10,-1.19,1871042,1562688501
308170,센트랄모텍,27700,27500,-200,-0.72,38895,1070317450
012600,센트럴인사이트,2490,2490,0,0.0,0,0
068270,셀트리온,265500,281000,15500,5.84,1522976,422164878500
336370,솔루스첨단소재,50400,50000,-400,-0.79,195418,9790253500
33637K,솔루스첨단소재1우,17000,17100,100,0.59,28648,488758100
33637L,솔루스첨단소재2우B,29300,28750,-550,-1.88,38436,1135115950
248070,솔루엠,27900,28450,550,1.97,1798623,51550249950
004430,송원산업,20500,20200,-300,-1.46,306927,6209662250
017550,수산중공업,4860,4505,-355,-7.3,3036191,13904216225
053210,스카이라이프,10800,11000,200,1.85,380248,4152603950
134790,시디즈,77000,77200,200,0.26,3501,267891900
016590,신대양제지,91000,92300,1300,1.43,9775,902331600
029530,신도리코,34300,35200,900,2.62,15533,542451900
004970,신라교역,15450,14600,-850,-5.5,70345,1031846200
011930,신성이엔지,2940,2895,-45,-1.53,1211608,3534396085
005390,신성통상,3230,3325,95,2.94,23070318,77423949660
004170,신세계,299500,300000,500,0.17,63462,19015344000
035510,신세계IC,179500,198500,19000,10.58,79338,15398821000
034300,신세계건설,44850,44700,-150,-0.33,20516,917568200
031430,신세계인터내셔날,223500,222000,-1500,-0.67,28740,6394704500
031440,신세계푸드,105000,102000,-3000,-2.86,21837,2233874000
006880,신송홀딩스,5430,5410,-20,-0.37,56227,308011710
005800,신영와코루,125500,125500,0,0.0,717,90181500
001720,신영증권,66300,64600,-1700,-2.56,6996,452717800
001725,신영증권우,64400,64600,200,0.31,1202,77607900
009270,신원,1985,1990,5,0.25,1142830,2264021330
009275,신원우,50400,49900,-500,-0.99,2758,137627700
002700,신일전자,2020,2030,10,0.5,1416031,2867262615
019170,신풍제약,79300,75800,-3500,-4.41,5603962,449247360900
019175,신풍제약우,117000,121000,4000,3.42,613142,77658312000
002870,신풍제지,3455,3575,120,3.47,1943643,7071426450
293940,신한알파리츠,8420,8200,-220,-2.61,193282,1601760150
055550,신한지주,42300,41150,-1150,-2.72,1726142,71254539750
001770,신화실업,30200,30200,0,0.0,7436,222718100
004080,신흥,14650,14700,50,0.34,5635,82127350
102280,쌍방울,909,1070,161,17.71,271802136,255191592238
003410,쌍용CE,8250,8240,-10,-0.12,1005222,8283665560
003620,쌍용차,2770,2770,0,0.0,0,0
004770,써니전자,3730,3730,0,0.0,940610,3557239220
015540,쎌마테라퓨틱스,6410,6410,0,0.0,0,0
004920,씨아이테크,1435,1460,25,1.74,501274,728844890
112610,씨에스윈드,80000,81600,1600,2.0,744101,60972171000
008700,아남전자,2880,3000,120,4.17,1676694,4974707865
002790,아모레G,75600,75400,-200,-0.26,159831,11987518300
00279K,아모레G3우전환,50000,50400,400,0.8,2866,143062500
002795,아모레G우,27200,27100,-100,-0.37,19270,519574450
090430,아모레퍼시픽,277000,278500,1500,0.54,84138,23419264000
090435,아모레퍼시픽우,99000,99600,600,0.61,13013,1294702500
002030,아세아,132000,132000,0,0.0,6228,814684500
183190,아세아시멘트,134500,132000,-2500,-1.86,16369,2160929000
002310,아세아제지,54000,55200,1200,2.22,75076,4124230600
012170,아센디오,2910,2900,-10,-0.34,36316,107265765
267850,아시아나IDT,24350,24350,0,0.0,0,0
020560,아시아나항공,17200,17200,0,0.0,0,0
122900,아이마켓코리아,11000,10950,-50,-0.45,160775,1764881550
010780,아이에스동서,59400,59100,-300,-0.51,48584,2872926900
001780,알루코,5280,5180,-100,-1.89,2520673,13291322690
018250,애경산업,28800,28700,-100,-0.35,161775,4597569050
161000,애경유화,12200,12100,-100,-0.82,117785,1437218950
011090,에넥스,3170,3100,-70,-2.21,2633783,8316854980
005850,에스엘,33650,33600,-50,-0.15,247480,8294023700
012750,에스원,83200,82600,-600,-0.72,49242,4066433800
023960,에쓰씨엔지니어링,4535,4435,-100,-2.21,312018,1383429060
298690,에어부산,3575,3575,0,0.0,0,0
140910,에이리츠,14900,14450,-450,-3.02,145145,2075330050
078520,에이블씨엔씨,9370,9950,580,6.19,624816,6080905770
015260,에이엔피,1800,1810,10,0.56,340883,613875675
007460,에이프로젠KIC,2565,2465,-100,-3.9,61941580,163959471530
003060,에이프로젠제약,1265,1245,-20,-1.58,3935573,4980480235
244920,에이플러스에셋,8660,8640,-20,-0.23,102676,884387350
036570,엔씨소프트,841000,858000,17000,2.02,55683,47665947000
138250,엔에스쇼핑,14400,14450,50,0.35,56504,811593200
380440,엔에이치스팩19호,2175,2170,-5,-0.23,138711,300345325
085310,엔케이,1380,1375,-5,-0.36,702170,966615960
009810,엔케이물산,860,860,0,0.0,5859661,5078503536
900140,엘브이엠씨홀딩스,3965,3960,-5,-0.13,522203,2071602070
014440,영보화학,4950,4995,45,0.91,100282,498317920
111770,영원무역,44900,45300,400,0.89,60702,2744674650
009970,영원무역홀딩스,51300,49450,-1850,-3.61,28903,1429238400
003520,영진약품,6080,6070,-10,-0.16,487859,2963087910
000670,영풍,681000,672000,-9000,-1.32,1848,1240747000
006740,영풍제지,7540,7680,140,1.86,1380620,10846203040
012280,영화금속,2045,2080,35,1.71,1676867,3470369205
012160,영흥,1235,1250,15,1.21,738418,922408435
015360,예스코홀딩스,40450,40050,-400,-0.99,1867,74821800
007310,오뚜기,542000,547000,5000,0.92,6943,3784717000
002630,오리엔트바이오,1700,1665,-35,-2.06,1219377,2033335410
271560,오리온,117500,121000,3500,2.98,118835,14254167500
001800,오리온홀딩스,17700,17800,100,0.56,162143,2882036200
070960,용평리조트,5940,6120,180,3.03,827507,5080513900
316140,우리금융지주,11400,11300,-100,-0.88,1593112,17988666850
033660,우리금융캐피탈,11600,11650,50,0.43,72996,854407100
118000,우리들휴브레인,1910,1900,-10,-0.52,152468,289261910
010050,우리종금,1145,1125,-20,-1.75,49194713,56565017175
006980,우성사료,36600,37300,700,1.91,16657,619724650
017370,우신시스템,5580,5570,-10,-0.18,55998,312357360
105840,우진,8130,8500,370,4.55,1924968,15897600890
010400,우진아이엔에스,9160,9120,-40,-0.44,13328,121833310
049800,우진플라임,4160,4170,10,0.24,81654,339984020
016880,웅진,3180,3390,210,6.6,5412744,18114876740
095720,웅진씽크빅,4115,4230,115,2.79,1098899,4601840470
005820,원림,26050,26500,450,1.73,4796,127587050
010600,웰바이오텍,3555,3450,-105,-2.95,1540390,5260107305
008600,윌비스,2540,2620,80,3.15,2338667,6120667480
033270,유나이티드제약,51100,51500,400,0.78,108778,5567999200
014830,유니드,76500,77000,500,0.65,26214,2021485100
000910,유니온,8390,8410,20,0.24,328637,2772226490
047400,유니온머티리얼,4195,4240,45,1.07,1450550,6143559985
011330,유니켐,1720,1760,40,2.33,762987,1336175615
077500,유니퀘스트,11450,11200,-250,-2.18,169997,1912861000
002920,유성기업,3875,3770,-105,-2.71,269639,1027454795
000700,유수홀딩스,8130,7470,-660,-8.12,267503,2040231110
003470,유안타증권,4825,4895,70,1.45,977051,4734587400
003475,유안타증권우,4845,4850,5,0.1,33316,160745185
011690,유양디앤유,2440,2440,0,0.0,0,0
072130,유엔젤,4255,4270,15,0.35,91216,388867285
000220,유유제약,9200,9080,-120,-1.3,212993,1937745600
000225,유유제약1우,13800,13900,100,0.72,20552,285083500
000227,유유제약2우B,27750,27700,-50,-0.18,6029,168233800
001200,유진투자증권,4700,4640,-60,-1.28,522770,2418729390
000100,유한양행,65200,65100,-100,-0.15,158330,10288937900
000105,유한양행우,61300,61300,0,0.0,1532,93679800
003460,유화증권,2775,2770,-5,-0.18,52100,144381230
003465,유화증권우,2860,2775,-85,-2.97,2416,6727095
008730,율촌화학,21500,22150,650,3.02,119366,2635990000
008250,이건산업,14850,14300,-550,-3.7,353302,5092199400
025820,이구산업,4470,4575,105,2.35,6591720,30159678695
214320,이노션,65600,64700,-900,-1.37,25999,1686540400
088260,이리츠코크렙,6550,6400,-150,-2.29,133980,865517350
139480,이마트,159500,158500,-1000,-0.63,69283,11010454000
007660,이수페타시스,4140,4050,-90,-2.17,2302578,9361046455
005950,이수화학,12650,12450,-200,-1.58,266439,3330473100
015020,이스타코,3650,3720,70,1.92,5150281,19112104725
093230,이아이디,562,548,-14,-2.49,45145666,24905043417
074610,이엔플러스,4375,4380,5,0.11,298187,1300032515
102460,이연제약,44700,41700,-3000,-6.71,2227012,98509916250
084680,이월드,3775,3745,-30,-0.79,751470,2821515405
350520,이지스레지던스리츠,5240,5240,0,0.0,83232,436212290
334890,이지스밸류리츠,5550,5590,40,0.72,123214,688662810
000760,이화산업,21700,21400,-300,-1.38,4294,92035700
014990,인디에프,1605,1600,-5,-0.31,344821,551658365
101140,인바이오젠,3120,3110,-10,-0.32,203529,638295085
006490,인스코비,3020,3085,65,2.15,994052,3045515860
023800,인지컨트롤스,17700,17550,-150,-0.85,126109,2206383800
034590,인천도시가스,28650,28650,0,0.0,4366,124695200
129260,인터지스,4250,4210,-40,-0.94,167189,710340340
023810,인팩,14600,15000,400,2.74,283680,4290257100
249420,일동제약,16050,16000,-50,-0.31,82763,1327731900
000230,일동홀딩스,14500,14400,-100,-0.69,13333,192346650
013360,일성건설,2700,2820,120,4.44,1854955,5114678295
003120,일성신약,87800,86100,-1700,-1.94,8191,709415800
003200,일신방직,115000,117500,2500,2.17,6296,739848500
007110,일신석재,2235,2280,45,2.01,920385,2082406530
007570,일양약품,37600,37300,-300,-0.8,156721,5875151750
007575,일양약품우,38650,38250,-400,-1.03,3838,147064450
008500,일정실업,18600,18600,0,0.0,1273,23673450
081000,일진다이아,45850,45250,-600,-1.31,193124,8795605900
020760,일진디스플,4430,4420,-10,-0.23,45447,200654020
020150,일진머티리얼즈,68100,69200,1100,1.62,298727,20674268900
103590,일진전기,5490,5520,30,0.55,967053,5234381830
015860,일진홀딩스,5800,5780,-20,-0.34,209115,1214241390
226320,잇츠한불,29500,29850,350,1.19,51315,1524391100
317400,자이에스앤디,10650,10700,50,0.47,171305,1827935100
033240,자화전자,21250,20900,-350,-1.65,105522,2208791150
000950,전방,41000,41050,50,0.12,2970,123978950
348950,제이알글로벌리츠,5240,5220,-20,-0.38,2202995,11425643620
194370,제이에스코퍼레이션,18250,18400,150,0.82,28272,520996350
025620,제이준코스메틱,2065,2055,-10,-0.48,253218,514996215
036420,제이콘텐트리,52900,52800,-100,-0.19,52937,2783985100
030000,제일기획,24950,24600,-350,-1.4,467369,11430600650
271980,제일약품,42650,42600,-50,-0.12,26083,1115579550
001560,제일연마,8520,8520,0,0.0,6909,58846850
002620,제일파마홀딩스,25000,25000,0,0.0,11338,282203550
006220,제주은행,7430,7350,-80,-1.08,225333,1667725870
089590,제주항공,28300,28250,-50,-0.18,199491,5572154950
004910,조광페인트,8510,8580,70,0.82,70622,605575660
004700,조광피혁,55700,55800,100,0.18,4125,228883600
001550,조비,24000,24000,0,0.0,40605,971461150
000480,조선내화,93300,92900,-400,-0.43,1551,143999500
120030,조선선재,128500,131000,2500,1.95,5199,673516500
018470,조일알미늄,982,979,-3,-0.31,1557389,1529128395
002600,조흥,201500,199500,-2000,-0.99,465,93141000
185750,종근당,132000,133500,1500,1.14,42815,5654146500
063160,종근당바이오,57200,57200,0,0.0,31943,1829722500
001630,종근당홀딩스,108500,109000,500,0.46,10980,1196596000
044380,주연테크,1160,1180,20,1.72,641278,750995275
013890,지누스,97500,99900,2400,2.46,82373,8219435100
013870,지엠비코리아,7470,7420,-50,-0.67,126627,939323540
071320,지역난방공사,47400,46200,-1200,-2.53,28572,1338871150
010580,지코,306,306,0,0.0,0,0
035000,지투알,7060,7030,-30,-0.42,34625,242639360
088790,진도,5350,5310,-40,-0.75,103052,549818010
003780,진양산업,5790,5720,-70,-1.21,127858,734841390
010640,진양폴리,4000,4070,70,1.75,93712,378355620
100250,진양홀딩스,3270,3230,-40,-1.22,235119,757194810
051630,진양화학,4225,4235,10,0.24,43890,185296445
272450,진에어,24250,23700,-550,-2.27,274709,6516657200
011000,진원생명과학,20050,22200,2150,10.72,12208626,277264192700
002780,진흥기업,2855,3075,220,7.71,20262739,61832519355
002787,진흥기업2우B,18750,20000,1250,6.67,42619,840118950
002785,진흥기업우B,7980,8280,300,3.76,23079,190162000
009310,참엔지니어링,1540,1540,0,0.0,121385,186665005
000650,천일고속,79100,78400,-700,-0.88,2498,196375600
033250,체시스,1715,1710,-5,-0.29,142195,241222160
035720,카카오,135500,142500,7000,5.17,6240394,878512781000
006380,카프로,4640,4680,40,0.86,126063,583915885
109070,컨버즈,4100,4100,0,0.0,0,0
001620,케이비아이동국실업,1075,1075,0,0.0,1723924,1874826995
029460,케이씨,26600,26450,-150,-0.56,44046,1165078250
344820,케이씨씨글라스,63000,62900,-100,-0.16,83781,5305471700
281820,케이씨텍,27650,27600,-50,-0.18,64559,1778394450
145270,케이탑리츠,1830,1785,-45,-2.46,818128,1473288355
357120,코람코에너지리츠,6100,6030,-70,-1.15,204846,1240930630
007815,코리아써우,7600,7600,0,0.0,12245,92326820
007810,코리아써키트,12600,12600,0,0.0,60049,751160400
00781K,코리아써키트2우B,9360,9300,-60,-0.64,5317,49602720
003690,코리안리,9420,9300,-120,-1.27,434923,4057466250
192820,코스맥스,132500,132000,-500,-0.38,69355,9144038500
044820,코스맥스비티아이,20600,20350,-250,-1.21,31978,658304100
005070,코스모신소재,25600,25700,100,0.39,592498,15157301700
005420,코스모화학,11350,11750,400,3.52,510020,5952196850
071950,코아스,1625,1560,-65,-4.0,1411966,2235045935
002020,코오롱,30750,30600,-150,-0.49,38902,1190008000
003070,코오롱글로벌,24000,23850,-150,-0.63,42800,1027772750
003075,코오롱글로벌우,31900,32550,650,2.04,2641,85539150
144620,코오롱머티리얼,3050,3025,-25,-0.82,81917,246876215
002025,코오롱우,21250,21300,50,0.24,5883,125335150
120110,코오롱인더,64200,63200,-1000,-1.56,164654,10444323200
120115,코오롱인더우,31200,30900,-300,-0.96,14350,446061000
138490,코오롱플라스틱,6520,6650,130,1.99,216422,1446730390
021240,코웨이,79000,78200,-800,-1.01,151762,11865966900
031820,콤텍시스템,1290,1275,-15,-1.16,608357,780279775
192400,쿠쿠홀딩스,135000,132000,-3000,-2.22,7519,998421500
284740,쿠쿠홈시스,47550,47250,-300,-0.63,48100,2280726450
015590,큐로,629,624,-5,-0.79,1127560,705757108
264900,크라운제과,13850,14000,150,1.08,69436,971327100
26490K,크라운제과우,21950,23000,1050,4.78,19844,455677800
005740,크라운해태홀딩스,11950,12000,50,0.42,86395,1036236950
005745,크라운해태홀딩스우,20450,21600,1150,5.62,14323,309781950
020120,키다리스튜디오,15700,15000,-700,-4.46,218018,3298684200
039490,키움증권,119000,117500,-1500,-1.26,182540,21440344500
014580,태경비케이,4920,4835,-85,-1.73,309180,1510783840
015890,태경산업,6900,6860,-40,-0.58,218973,1495900650
006890,태경케미컬,14700,14900,200,1.36,470639,7125052850
003240,태광산업,1291000,1277000,-14000,-1.08,1283,1648130000
011280,태림포장,4780,4915,135,2.82,801283,3968068395
004100,태양금속,1760,1725,-35,-1.99,604651,1048011700
004105,태양금속우,3620,3550,-70,-1.93,37508,133475445
009410,태영건설,13050,12900,-150,-1.15,170527,2210181700
009415,태영건설우,17700,17650,-50,-0.28,61490,1078249100
001420,태원물산,5490,5320,-170,-3.1,68547,370327260
007980,태평양물산,2650,2600,-50,-1.89,417440,1086743630
055490,테이팩스,52100,52400,300,0.58,14653,768381700
078000,텔코웨어,12800,12950,150,1.17,11647,149769650
214420,토니모리,10650,10400,-250,-2.35,126877,1326971450
019180,티에이치엔,3605,3560,-45,-1.25,549345,2004539185
363280,티와이홀딩스,28600,28350,-250,-0.87,96700,2728932950
36328K,티와이홀딩스우,27900,27750,-150,-0.54,12557,348171150
091810,티웨이항공,4975,4930,-45,-0.9,2293519,11403884890
004870,티웨이홀딩스,1690,1670,-20,-1.18,1001395,1701007075
005690,파미셀,16800,16850,50,0.3,366240,6176958150
036580,팜스코,7290,7320,30,0.41,101761,743176870
004720,팜젠사이언스,10150,10250,100,0.99,115088,1177427250
028670,팬오션,6900,6870,-30,-0.43,9897226,69252402160
010820,퍼스텍,2935,2935,0,0.0,349275,1024644255
016800,퍼시스,44000,42800,-1200,-2.73,4900,210713600
001020,페이퍼코리아,2375,2410,35,1.47,242856,586684855
090080,평화산업,1635,1735,100,6.12,43574626,80285555175
010770,평화홀딩스,5470,5040,-430,-7.86,2959948,16038067285
058430,포스코강판,61000,60300,-700,-1.15,103841,6306223600
047050,포스코인터내셔널,21250,21450,200,0.94,546622,11648097300
003670,포스코케미칼,143500,147000,3500,2.44,250034,36556076000
007630,폴루스바이오팜,1225,1225,0,0.0,0,0
017810,풀무원,21100,20700,-400,-1.9,290205,5971600300
103140,풍산,39500,39200,-300,-0.76,213729,8399649700
005810,풍산홀딩스,28950,28650,-300,-1.04,19817,566675550
950210,프레스티지바이오파마,28350,28200,-150,-0.53,141400,3998697150
086790,하나금융지주,45850,44900,-950,-2.07,1228205,55182179150
293480,하나제약,23050,23000,-50,-0.22,40626,929983450
039130,하나투어,90000,87700,-2300,-2.56,263876,23193682700
172580,하이골드12호,2515,2510,-5,-0.2,31543,79182800
153360,하이골드3호,1835,1845,10,0.54,63596,116858190
352820,하이브,275500,282000,6500,2.36,502504,141410418000
071090,하이스틸,3685,3720,35,0.95,624765,2344775890
019490,하이트론,11500,11450,-50,-0.43,271310,3039734500
000080,하이트진로,39900,39150,-750,-1.88,678649,26733639950
000087,하이트진로2우B,24100,23850,-250,-1.04,9472,225541800
000140,하이트진로홀딩스,18500,17950,-550,-2.97,76750,1388480900
000145,하이트진로홀딩스우,20300,20150,-150,-0.74,6292,126494350
152550,한국ANKOR유전,1595,1605,10,0.63,13329,21396595
036460,한국가스공사,38100,38550,450,1.18,696586,26657085100
005430,한국공항,53500,51600,-1900,-3.55,28970,1507024500
071050,한국금융지주,106500,105000,-1500,-1.41,174909,18335913700
071055,한국금융지주우,92800,89800,-3000,-3.23,79954,7195774400
010040,한국내화,4700,4875,175,3.72,453718,2190915330
025540,한국단자,93000,91400,-1600,-1.72,52428,4832370500
004090,한국석유,16700,16600,-100,-0.6,137494,2263686750
002200,한국수출포장,25500,25950,450,1.76,19525,504797950
002960,한국쉘석유,283000,282500,-500,-0.18,3075,866215000
000240,한국앤컴퍼니,20450,19800,-650,-3.18,372646,7431954550
123890,한국자산신탁,4970,4990,20,0.4,207268,1030923545
015760,한국전력,26150,26700,550,2.1,4357592,115638420000
006200,한국전자홀딩스,1405,1410,5,0.36,885167,1239897285
009540,한국조선해양,140000,138500,-1500,-1.07,225098,31299649500
023350,한국종합기술,8190,8080,-110,-1.34,81801,660756510
025890,한국주강,2770,2925,155,5.6,626832,1823062675
000970,한국주철관,10050,10150,100,1.0,327909,3302873790
104700,한국철강,10000,10350,350,3.5,147798,1514399600
017960,한국카본,12100,12150,50,0.41,247521,2997489250
161890,한국콜마,60300,60500,200,0.33,124887,7499885200
024720,한국콜마홀딩스,31150,31050,-100,-0.32,39483,1223362200
161390,한국타이어앤테크놀로지,53600,52700,-900,-1.68,192254,10109645300
034830,한국토지신탁,2390,2400,10,0.42,681268,1628381560
007280,한국특강,3690,3675,-15,-0.41,155359,576137655
168490,한국패러랠,2005,2010,5,0.25,12359,24742490
010100,한국프랜지,3550,3615,65,1.83,2752236,10075206620
047810,한국항공우주,34300,33900,-400,-1.17,519963,17615929350
123690,한국화장품,12850,12750,-100,-0.78,84941,1085853650
003350,한국화장품제조,38550,38450,-100,-0.26,19957,766413600
011500,한농화성,14500,14500,0,0.0,63423,917473550
002390,한독,28050,27900,-150,-0.53,43913,1227340250
014790,한라,5840,5810,-30,-0.51,216447,1252969160
060980,한라홀딩스,44200,43950,-250,-0.57,59429,2619092900
053690,한미글로벌,12250,12200,-50,-0.41,54513,664397500
042700,한미반도체,33300,32950,-350,-1.05,339312,11180572750
008930,한미사이언스,68200,69400,1200,1.76,66213,4560047100
128940,한미약품,326000,331000,5000,1.53,43862,14438661000
009240,한샘,109500,110000,500,0.46,55311,6084859500
020000,한섬,43500,42850,-650,-1.49,94439,4067842350
003680,한성기업,9450,9130,-320,-3.39,88058,809245180
105630,한세실업,23800,24200,400,1.68,319421,7749128500
069640,한세엠케이,4860,4795,-65,-1.34,40196,194399160
016450,한세예스24홀딩스,9640,9900,260,2.7,217563,2140676650
010420,한솔PNS,2400,2560,160,6.67,1346582,3354104180
009180,한솔로지스틱스,5130,5140,10,0.19,35454719,178857861100
213500,한솔제지,15850,16000,150,0.95,232427,3718496600
014680,한솔케미칼,250500,250500,0,0.0,17849,4487338000
004710,한솔테크닉스,8840,8890,50,0.57,194223,1726786710
004150,한솔홀딩스,4835,4755,-80,-1.65,346942,1650238180
025750,한솔홈데코,2215,2215,0,0.0,1657583,3672325700
004960,한신공영,25000,24850,-150,-0.6,25225,628874800
011700,한신기계,2760,2660,-100,-3.62,1147764,3076283505
001750,한양증권,16350,16450,100,0.61,48548,786396100
001755,한양증권우,23450,23250,-200,-0.85,1307,30270850
018880,한온시스템,17450,18100,650,3.72,1681513,30086963550
009420,한올바이오파마,21250,21400,150,0.71,115465,2464214400
014130,한익스프레스,7230,7060,-170,-2.35,466765,3329472700
300720,한일시멘트,169500,164000,-5500,-3.24,11679,1930203500
002220,한일철강,3160,3135,-25,-0.79,195799,614689830
006390,한일현대시멘트,41500,41250,-250,-0.6,58748,2421038250
003300,한일홀딩스,14200,14200,0,0.0,72835,1035364700
051600,한전KPS,43500,43600,100,0.23,518853,22210065450
052690,한전기술,52400,53600,1200,2.29,553860,28795998200
130660,한전산업,8420,8940,520,6.18,7128081,61553256020
002320,한진,41950,42800,850,2.03,187175,7975465100
097230,한진중공업,8920,8970,50,0.56,272904,2475900180
003480,한진중공업홀딩스,6040,5970,-70,-1.16,368653,2228207920
180640,한진칼,79000,74500,-4500,-5.7,368225,27725011000
18064K,한진칼우,50200,48900,-1300,-2.59,17235,842337450
005110,한창,1325,1325,0,0.0,809312,1070932545
009460,한창제지,2770,2825,55,1.99,52454542,156716199585
000880,한화,32450,32350,-100,-0.31,378122,12324857100
00088K,한화3우B,15750,15600,-150,-0.95,38165,598052000
088350,한화생명,3705,3735,30,0.81,3609089,13464492910
000370,한화손해보험,4565,4505,-60,-1.31,596901,2687284200
009830,한화솔루션,45950,45000,-950,-2.07,1525586,69268525750
009835,한화솔루션우,57000,56000,-1000,-1.75,13814,780538100
272210,한화시스템,17300,17550,250,1.45,366296,6388276250
012450,한화에어로스페이스,49000,48200,-800,-1.63,365346,17691474200
000885,한화우,47750,47000,-750,-1.57,3134,147516450
003530,한화투자증권,5110,4995,-115,-2.25,3163420,15938477010
003535,한화투자증권우,16350,16950,600,3.67,90585,1509801050
195870,해성디에스,35150,34750,-400,-1.14,111766,3889495150
101530,해태제과식품,10450,10350,-100,-0.96,40358,421324000
143210,핸즈코퍼레이션,6740,6710,-30,-0.45,28635,191892820
000720,현대건설,55600,55700,100,0.18,630041,35003448900
267270,현대건설기계,53400,53700,300,0.56,210229,11360875700
000725,현대건설우,214500,213500,-1000,-0.47,1116,238350500
005440,현대그린푸드,11400,11500,100,0.88,2323080,27029741300
086280,현대글로비스,191000,189500,-1500,-0.79,137901,25929939500
064350,현대로템,25000,26000,1000,4.0,7916778,204066989700
079430,현대리바트,19650,19850,200,1.02,226057,4485138300
012330,현대모비스,287000,288000,1000,0.35,258108,73779400000
010620,현대미포조선,85200,84800,-400,-0.47,206499,17512313600
069960,현대백화점,89900,89200,-700,-0.78,131852,11773577600
004560,현대비앤지스틸,20750,20700,-50,-0.24,226491,4677326050
004565,현대비앤지스틸우,97700,96400,-1300,-1.33,679,65482800
004310,현대약품,7140,7100,-40,-0.56,147261,1045703740
322000,현대에너지솔루션,31950,31550,-400,-1.25,42317,1336581850
017800,현대엘리베이,55300,55600,300,0.54,256463,14253050800
307950,현대오토에버,124000,120500,-3500,-2.82,118758,14402945000
011210,현대위아,92800,89600,-3200,-3.45,582864,52691157500
267260,현대일렉트릭,21800,21850,50,0.23,168369,3685969900
004020,현대제철,53300,53600,300,0.56,1001094,53796048600
267250,현대중공업지주,72500,72700,200,0.28,128556,9329261600
005380,현대차,238500,238000,-500,-0.21,561560,133136551500
005387,현대차2우B,116500,115500,-1000,-0.86,66884,7712868000
005389,현대차3우B,106500,107000,500,0.47,8315,888404500
005385,현대차우,116000,116000,0,0.0,38669,4469583000
001500,현대차증권,13850,13750,-100,-0.72,114000,1566287300
011760,현대코퍼레이션,21500,21150,-350,-1.63,50143,1066110750
227840,현대코퍼레이션홀딩스,15100,15100,0,0.0,106192,1600868450
126560,현대퓨처넷,4820,4860,40,0.83,985510,4821130350
001450,현대해상,23800,23850,50,0.21,438214,10448603950
057050,현대홈쇼핑,89400,90000,600,0.67,36174,3245742400
093240,형지엘리트,5380,5310,-70,-1.3,714004,3802733080
003010,혜인,7400,7440,40,0.54,241754,1812691870
111110,호전실업,14900,14550,-350,-2.35,75465,1106190150
008770,호텔신라,98700,98800,100,0.1,367520,36347396900
008775,호텔신라우,95300,94200,-1100,-1.15,15047,1427453800
002460,화성산업,13200,13250,50,0.38,37448,492331000
378850,화승알앤에이,5850,6610,760,12.99,4467534,29948803010
241590,화승엔터프라이즈,17750,17600,-150,-0.85,186240,3281377600
006060,화승인더,7990,8030,40,0.5,399602,3215363550
013520,화승코퍼레이션,2285,2970,685,29.98,36535714,103642273735
010690,화신,8260,7600,-660,-7.99,1723667,13472275680
133820,화인베스틸,2790,2835,45,1.61,415062,1180621715
010660,화천기계,2890,2865,-25,-0.87,91708,261842560
000850,화천기공,39000,38700,-300,-0.77,1944,75695500
016580,환인제약,21900,22000,100,0.46,89174,1961325550
032560,황금에스티,9390,9380,-10,-0.11,72117,676411340
004800,효성,98500,98500,0,0.0,42611,4205565900
094280,효성ITX,21750,21800,50,0.23,74380,1603823650
298040,효성중공업,77800,76600,-1200,-1.54,168210,12952184200
298050,효성첨단소재,361000,372500,11500,3.19,85804,31784012000
298020,효성티앤씨,707000,735000,28000,3.96,85958,62286373000
298000,효성화학,317000,323000,6000,1.89,34025,11005314000
093370,후성,10250,10250,0,0.0,484114,4969106650
081660,휠라홀딩스,54300,53400,-900,-1.66,352368,18902948900
005870,휴니드,8680,8660,-20,-0.23,252844,2193999050
079980,휴비스,10800,10950,150,1.39,279531,3076543400
005010,휴스틸,14450,14550,100,0.69,64216,928814550
069260,휴켐스,22050,22000,-50,-0.23,135945,2986168200
000540,흥국화재,4615,4535,-80,-1.73,100544,455740200
000547,흥국화재2우B,31900,32500,600,1.88,2346,75955800
000545,흥국화재우,11450,11700,250,2.18,4997,58159050
003280,흥아해운,258,258,0,0.0,0,0
