티커,종목명,시가,종가,변동폭,등락률,거래량,거래대금
095570,AJ네트웍스,4195,4185,-10,-0.24,184672,771860860
006840,AK홀딩스,30100,29950,-150,-0.5,170870,5057877250
027410,BGF,5950,6780,830,13.95,16025304,107558313580
282330,BGF리테일,155500,160500,5000,3.22,124596,19769608000
138930,BNK금융지주,5630,5580,-50,-0.89,1794875,10032706460
001460,BYC,318000,316500,-1500,-0.47,557,175081000
001465,BYC우,149500,151000,1500,1.0,222,33381500
001040,CJ,108000,104500,-3500,-3.24,217996,22916667500
079160,CJCGV,29950,29800,-150,-0.5,550420,16411466900
00104K,CJ4우전환,83600,81000,-2600,-3.11,28793,2352417200
000120,CJ대한통운,172000,169500,-2500,-1.45,62947,10696673500
011150,CJ씨푸드,5000,4885,-115,-2.3,476671,2348541520
011155,CJ씨푸드1우,39950,39750,-200,-0.5,878,34390950
001045,CJ우,65700,64700,-1000,-1.52,14271,928823100
097950,CJ제일제당,471000,461000,-10000,-2.12,104761,48363364000
097955,CJ제일제당우,224000,230000,6000,2.68,25372,5789765000
000590,CS홀딩스,59400,58300,-1100,-1.85,6304,368902200
012030,DB,881,898,17,1.93,1742094,1553526562
016610,DB금융투자,5290,5130,-160,-3.02,124629,645908490
005830,DB손해보험,40550,39800,-750,-1.85,282244,11284967550
000990,DB하이텍,70300,67300,-3000,-4.27,1724188,117689654400
000995,DB하이텍1우,132500,127000,-5500,-4.15,4369,564991000
139130,DGB금융지주,6920,6860,-60,-0.87,522980,3588814010
001530,DI동일,195500,198500,3000,1.53,25684,4924590000
000210,DL,74600,70100,-4500,-6.03,921840,66501301100
000215,DL우,42950,41400,-1550,-3.61,74437,3111876250
375500,DL이앤씨,127500,126500,-1000,-0.78,934050,120027548000
37550K,DL이앤씨우,87700,81000,-6700,-7.64,209696,17456316000
004840,DRB동일,7640,7500,-140,-1.83,77739,583040710
155660,DSR,6010,6010,0,0.0,133440,793540370
069730,DSR제강,5200,5110,-90,-1.73,146526,751866490
017940,E1,41600,41350,-250,-0.6,19642,809045600
365550,ESR켄달스퀘어리츠,5300,5400,100,1.89,506936,2710939910
007700,FF,107000,101500,-5500,-5.14,114658,11765891500
114090,GKL,16650,16100,-550,-3.3,566559,9180952600
078930,GS,38850,38100,-750,-1.93,440774,16899557300
006360,GS건설,42300,41500,-800,-1.89,1056251,44053041500
001250,GS글로벌,2365,2415,50,2.11,7257229,17952215495
007070,GS리테일,36450,36050,-400,-1.1,326436,11782596650
078935,GS우,30600,30400,-200,-0.65,7689,232893450
012630,HDC,11950,11600,-350,-2.93,569657,6643667600
039570,HDC아이콘트롤스,11550,11450,-100,-0.87,73810,845950900
089470,HDC현대EP,7230,7030,-200,-2.77,252732,1786433380
294870,HDC현대산업개발,31150,29750,-1400,-4.49,1265372,38034328050
011200,HMM,14450,14050,-400,-2.77,6461281,90624135250
082740,HSD엔진,7950,7920,-30,-0.38,452815,3601728320
003560,IHQ,1660,1660,0,0.0,1886717,3113759235
175330,JB금융지주,5600,5580,-20,-0.36,442495,2466131050
234080,JW생명과학,22550,22650,100,0.44,441232,10164201600
001060,JW중외제약,32900,32200,-700,-2.13,146976,4803702900
001067,JW중외제약2우B,55500,55500,0,0.0,486,26859400
001065,JW중외제약우,37350,37250,-100,-0.27,588,21955750
096760,JW홀딩스,5480,5500,20,0.36,197024,1082213850
105560,KB금융,44100,43000,-1100,-2.49,2304802,99953250550
002380,KCC,221000,218500,-2500,-1.13,59845,13198939000
009070,KCTC,4270,4220,-50,-1.17,737247,3102788065
009440,KC그린홀딩스,5480,5440,-40,-0.73,143913,788388610
119650,KC코트렐,11650,11450,-200,-1.72,576142,6694733850
092220,KEC,3145,3125,-20,-0.64,7902569,24867805970
016380,KG동부제철,12000,11600,-400,-3.33,252547,2940529700
016385,KG동부제철우,111000,117500,6500,5.86,761,87932500
001390,KG케미칼,24050,23450,-600,-2.49,143734,3396282550
001940,KISCO홀딩스,14650,14700,50,0.34,25312,370440900
025000,KPX케미칼,56000,55700,-300,-0.54,13307,741134600
092230,KPX홀딩스,58100,57700,-400,-0.69,4914,284258900
000040,KR모터스,1030,1005,-25,-2.43,841752,852514845
044450,KSS해운,11150,11050,-100,-0.9,98381,1085487600
030200,KT,24750,24150,-600,-2.42,2453955,59707682050
033780,KTG,81600,81200,-400,-0.49,840755,68664473800
030210,KTB투자증권,3860,3770,-90,-2.33,320173,1213035830
058850,KTcs,2540,2455,-85,-3.35,806562,1997918310
058860,KTis,2900,2820,-80,-2.76,246765,703538220
093050,LF,15350,15250,-100,-0.65,207265,3180608450
003550,LG,110500,104500,-6000,-5.43,863557,92539642000
034220,LG디스플레이,23550,24100,550,2.34,6844903,162475277600
001120,LG상사,27750,27200,-550,-1.98,422060,11458842850
051900,LG생활건강,1676000,1626000,-50000,-2.98,52449,86045910810
051905,LG생활건강우,750000,755000,5000,0.67,12400,9363526000
003555,LG우,77900,76700,-1200,-1.54,77371,6000861200
032640,LG유플러스,12500,12350,-150,-1.2,5568987,69575451300
011070,LG이노텍,210500,224500,14000,6.65,1625867,369892819000
066570,LG전자,178000,170000,-8000,-4.49,3706727,643397004500
066575,LG전자우,90000,89300,-700,-0.78,1051326,95193406500
108670,LG하우시스,84300,88800,4500,5.34,1622302,153600282200
108675,LG하우시스우,39000,41200,2200,5.64,1258686,60712312900
037560,LG헬로비전,4930,4820,-110,-2.23,1524272,7357097600
051910,LG화학,990000,955000,-35000,-3.54,476393,460566003000
051915,LG화학우,496500,495500,-1000,-0.2,66479,32870970500
079550,LIG넥스원,40600,40500,-100,-0.25,353343,14262756550
006260,LS,74200,70700,-3500,-4.72,476498,34027910600
010120,LSELECTRIC,69400,67300,-2100,-3.03,213046,14479793900
000680,LS네트웍스,2830,2750,-80,-2.83,187743,525117405
229640,LS전선아시아,7880,7750,-130,-1.65,183912,1431197490
023150,MH에탄올,8950,9050,100,1.12,159122,1435208580
035420,NAVER,349000,342000,-7000,-2.01,1247284,427933056500
181710,NHN,73100,71800,-1300,-1.78,160416,11571739600
005940,NH투자증권,11850,11500,-350,-2.95,1186355,13851020200
005945,NH투자증권우,8550,8520,-30,-0.35,156209,1333453660
338100,NH프라임리츠,4200,4210,10,0.24,41094,173140440
034310,NICE,17850,17900,50,0.28,94247,1679940600
008260,NI스틸,3185,3185,0,0.0,606895,1937908265
004250,NPC,3580,3660,80,2.23,750316,2753594940
004255,NPC우,2295,2510,215,9.37,66994,159594685
010060,OCI,106000,106000,0,0.0,227709,24253036000
005490,POSCO,264500,257500,-7000,-2.65,524918,135817794000
100840,STC,16200,15950,-250,-1.54,70381,1126645450
064960,ST모티브,77000,74700,-2300,-2.99,190498,14200420900
003570,ST중공업,6560,6730,170,2.59,172029,1159722450
036530,ST홀딩스,16850,16200,-650,-3.86,65867,1071684300
010950,S-Oil,72600,70700,-1900,-2.62,784230,55638583800
010955,S-Oil우,41150,40550,-600,-1.46,29080,1179217600
034120,SBS,25250,25200,-50,-0.2,79963,2024100550
101060,SBS미디어홀딩스,1910,1915,5,0.26,137987,264646290
005090,SGC에너지,38250,37650,-600,-1.57,80767,3051139100
004060,SG세계물산,708,697,-11,-1.55,2292740,1614974315
001380,SG충방,2775,2755,-20,-0.72,1986832,5564733600
002360,SH에너지화학,937,958,21,2.24,4444684,4277945026
009160,SIMPAC,2840,2830,-10,-0.35,138509,392264010
123700,SJM,4080,3885,-195,-4.78,138110,544974880
025530,SJM홀딩스,3695,3715,20,0.54,26992,99079710
034730,SK,355000,340000,-15000,-4.23,946865,326917447500
011790,SKC,125500,130000,4500,3.59,572105,72535772500
018670,SK가스,106000,105500,-500,-0.47,31220,3307262000
001740,SK네트웍스,5590,5490,-100,-1.79,2129290,11874566870
001745,SK네트웍스우,114500,115500,1000,0.87,1292,148726000
006120,SK디스커버리,68900,69700,800,1.16,369786,26013661300
006125,SK디스커버리우,56300,57100,800,1.42,56699,3266809600
210980,SK디앤디,44850,44400,-450,-1.0,86655,3857631200
068400,SK렌터카,11400,10900,-500,-4.39,243391,2663358600
326030,SK바이오팜,152000,152000,0,0.0,245969,37518856000
03473K,SK우,304000,313500,9500,3.13,64085,20037967500
096770,SK이노베이션,286500,287500,1000,0.35,1601489,465426033000
096775,SK이노베이션우,198000,199500,1500,0.76,77463,15546679000
001510,SK증권,919,904,-15,-1.63,8621470,7892718515
001515,SK증권우,5130,5100,-30,-0.58,29963,154251880
285130,SK케미칼,414000,439500,25500,6.16,899309,394031245000
28513K,SK케미칼우,183500,190000,6500,3.54,132736,25246061000
017670,SK텔레콤,263000,254000,-9000,-3.42,463678,119026267000
000660,SK하이닉스,135000,129000,-6000,-4.44,6270106,816274767458
005610,SPC삼립,76100,74100,-2000,-2.63,36674,2736395700
011810,STX,5700,5730,30,0.53,41426,237802830
077970,STX엔진,7460,7350,-110,-1.47,22942,169910820
071970,STX중공업,4050,3975,-75,-1.85,141472,564997555
084870,TBH글로벌,1810,1825,15,0.83,40339,72469825
002710,TCC스틸,5250,5250,0,0.0,269944,1412527380
024070,WISCOM,4695,4765,70,1.49,8324588,42959943855
037270,YGPLUS,7150,7560,410,5.73,4225913,31031709400
000500,가온전선,23750,23850,100,0.42,15845,376825150
000860,강남제비스코,22700,22600,-100,-0.44,27963,638418100
035250,강원랜드,25400,24750,-650,-2.56,1021652,25448932050
011420,갤럭시아에스엠,1555,1525,-30,-1.93,139237,214250635
002100,경농,13550,13300,-250,-1.85,92616,1231573400
009450,경동나비엔,50900,50400,-500,-0.98,79749,4014961450
267290,경동도시가스,18900,18650,-250,-1.32,19036,355486700
012320,경동인베스트,30300,29550,-750,-2.48,9012,268961000
000050,경방,12900,12800,-100,-0.78,46806,601216950
214390,경보제약,16300,16200,-100,-0.61,255945,4233593350
012610,경인양행,7470,7570,100,1.34,1268143,9608973610
009140,경인전자,28550,28000,-550,-1.93,8237,232648700
013580,계룡건설,33100,32500,-600,-1.81,79457,2583827600
012200,계양전기,4820,4950,130,2.7,4020400,20455800265
012205,계양전기우,7130,7240,110,1.54,5014,36918860
002140,고려산업,4480,4340,-140,-3.13,405182,1771911015
010130,고려아연,428500,413500,-15000,-3.5,101968,42811185000
002240,고려제강,15000,15100,100,0.67,30669,459520150
009290,광동제약,9630,9540,-90,-0.93,328636,3136712950
017040,광명전기,2195,2175,-20,-0.91,777834,1725043575
017900,광전자,2620,2675,55,2.1,681625,1797667815
037710,광주신세계,160500,158000,-2500,-1.56,2404,381923000
030610,교보증권,7800,7680,-120,-1.54,147909,1142815280
339770,교촌에프앤비,18100,18200,100,0.55,219910,4048971000
007690,국도화학,52000,51600,-400,-0.77,29982,1544478300
005320,국동,4830,4900,70,1.45,1833691,8992862515
001140,국보,1705,1660,-45,-2.64,582032,977833800
002720,국제약품,10000,9730,-270,-2.7,304858,3019534880
083420,그린케미칼,15850,15900,50,0.32,768315,12389532650
014530,극동유화,3410,3420,10,0.29,106801,365037355
014280,금강공업,5590,5490,-100,-1.79,223197,1223613270
014285,금강공업우,11200,11100,-100,-0.89,7857,87334000
008870,금비,71100,70400,-700,-0.98,3090,215805100
001570,금양,6620,6790,170,2.57,1055261,7068985430
002990,금호산업,9320,9180,-140,-1.5,234825,2164717080
002995,금호산업우,32050,32000,-50,-0.16,2177,70123250
011780,금호석유,196500,220500,24000,12.21,922812,194530252500
011785,금호석유우,95300,112500,17200,18.05,411345,43333997300
214330,금호에이치티,2350,2550,200,8.51,26557433,68467620715
001210,금호전기,3100,3050,-50,-1.61,43287,133146790
073240,금호타이어,4225,4180,-45,-1.07,923787,3835131690
092440,기신정기,3850,3865,15,0.39,83507,321922070
000270,기아차,93300,89700,-3600,-3.86,5807061,523904458500
024110,기업은행,8420,8280,-140,-1.66,3788576,31572584770
013700,까뮤이앤씨,3205,3215,10,0.31,1613886,5196491895
004540,깨끗한나라,4335,4380,45,1.04,359240,1586800590
004545,깨끗한나라우,19100,18900,-200,-1.05,4629,87602350
001260,남광토건,14000,13650,-350,-2.5,144427,1977983200
008350,남선알미늄,4505,4445,-60,-1.33,1387396,6211082460
008355,남선알미우,41100,40200,-900,-2.19,2434,98758000
004270,남성,4270,4170,-100,-2.34,1114652,4736042650
003920,남양유업,305000,302500,-2500,-0.82,1925,579841500
003925,남양유업우,185000,185000,0,0.0,383,70499500
025860,남해화학,9310,9120,-190,-2.04,590798,5404052560
005720,넥센,4860,4760,-100,-2.06,73726,353959940
005725,넥센우,2990,3000,10,0.33,3386,10146140
002350,넥센타이어,6890,6640,-250,-3.63,1141509,7713095400
002355,넥센타이어1우B,2705,2670,-35,-1.29,18768,50652605
003580,넥스트사이언스,5230,5130,-100,-1.91,213620,1102910830
251270,넷마블,130000,127500,-2500,-1.92,522203,66370308500
090350,노루페인트,9940,9930,-10,-0.1,521007,5241711480
090355,노루페인트우,12450,12350,-100,-0.8,2616,32176400
000320,노루홀딩스,11350,11500,150,1.32,114757,1320672550
000325,노루홀딩스우,17400,17100,-300,-1.72,423,7263100
006280,녹십자,462000,505000,43000,9.31,1619316,814748975500
005250,녹십자홀딩스,48850,49450,600,1.23,4500104,226435746000
005257,녹십자홀딩스2우,116000,119000,3000,2.59,13295,1609002500
004370,농심,298000,298000,0,0.0,57534,17164823000
072710,농심홀딩스,76600,76300,-300,-0.39,16502,1252826600
058730,다스코,5620,5460,-160,-2.85,240612,1341581700
023590,다우기술,24000,26350,2350,9.79,4413622,115149759400
019680,대교,3800,3820,20,0.53,143101,540914050
019685,대교우B,2635,2645,10,0.38,65329,170653210
006370,대구백화점,8390,8000,-390,-4.65,23332,188626570
008060,대덕,7260,7160,-100,-1.38,458865,3299458120
00806K,대덕1우,8850,8830,-20,-0.23,58230,520902810
353200,대덕전자,14900,15050,150,1.01,2182255,32867335800
35320K,대덕전자1우,9500,9570,70,0.74,66875,638953330
000490,대동공업,8050,7870,-180,-2.24,310569,2454517190
008110,대동전자,5280,5160,-120,-2.27,262640,1399411970
005750,대림BCo,6080,5980,-100,-1.64,74058,443632020
001880,대림건설,38800,37650,-1150,-2.96,176697,6677257100
006570,대림통상,4235,4220,-15,-0.35,2394,10088770
001680,대상,28950,28400,-550,-1.9,381016,10870327500
001685,대상우,20150,20400,250,1.24,18474,371158150
084690,대상홀딩스,10450,10550,100,0.96,269931,2871789700
084695,대상홀딩스우,8710,8820,110,1.26,8366,73583440
128820,대성산업,3345,3290,-55,-1.64,65995,217802320
117580,대성에너지,5230,5220,-10,-0.19,22784,118390320
016710,대성홀딩스,27350,27450,100,0.37,67042,1813338200
003540,대신증권,12800,12850,50,0.39,110047,1402154300
003547,대신증권2우B,9170,9180,10,0.11,23116,212515920
003545,대신증권우,9590,9660,70,0.73,145170,1394920360
009190,대양금속,4490,4460,-30,-0.67,1883361,8433388225
014160,대영포장,1690,1650,-40,-2.37,2716622,4509772125
047040,대우건설,6300,6160,-140,-2.22,3214890,19967553220
009320,대우부품,3200,3080,-120,-3.75,2700787,8450389265
042660,대우조선해양,28000,27000,-1000,-3.57,320942,8754456050
003090,대웅,52300,52700,400,0.76,1160339,62095044700
069620,대웅제약,163000,169000,6000,3.68,351022,59579481000
000430,대원강업,4345,4265,-80,-1.84,1465513,6428360045
006340,대원전선,1490,1445,-45,-3.02,1218393,1772375225
006345,대원전선우,2645,2610,-35,-1.32,40432,106327215
003220,대원제약,18750,18350,-400,-2.13,178088,3295008650
024890,대원화성,1840,1805,-35,-1.9,160069,290172145
002880,대유에이텍,1255,1175,-80,-6.37,5072643,6133469985
000300,대유플러스,875,865,-10,-1.14,2567138,2235288616
012800,대창,1595,1575,-20,-1.25,1260387,1988768795
015230,대창단조,7340,7950,610,8.31,639658,5080068770
001070,대한방직,40350,39700,-650,-1.61,10227,407177900
006650,대한유화,279500,274000,-5500,-1.97,158354,44171830500
001440,대한전선,1315,1285,-30,-2.28,41479423,52456330345
084010,대한제강,11850,11300,-550,-4.64,258557,2959181200
001790,대한제당,20850,20900,50,0.24,26280,542930200
001795,대한제당우,14950,14700,-250,-1.67,1644,24244200
001130,대한제분,150500,149000,-1500,-1.0,7710,1150807000
003490,대한항공,30350,30500,150,0.49,5548593,170589505100
003495,대한항공우,45300,46300,1000,2.21,730213,36428444800
005880,대한해운,3460,3360,-100,-2.89,6031505,20462239020
003830,대한화섬,111500,111000,-500,-0.45,1259,139868500
016090,대현,2030,2035,5,0.25,306375,623172390
069460,대호에이엘,2375,2320,-55,-2.32,315050,731295810
192080,더블유게임즈,65800,64200,-1600,-2.43,193780,12449064400
012510,더존비즈온,108000,104500,-3500,-3.24,215970,22779007500
004830,덕성,7400,7230,-170,-2.3,489178,3569192760
004835,덕성우,11900,11600,-300,-2.52,32942,387537900
024900,덕양산업,3890,3680,-210,-5.4,2104374,7838603225
145720,덴티움,48500,47100,-1400,-2.89,134782,6366277750
002150,도화엔지니어링,8450,8310,-140,-1.66,96857,808777830
001230,동국제강,8930,8630,-300,-3.36,1009869,8778153770
023450,동남합성,45500,45150,-350,-0.77,405,18348300
004140,동방,4800,4600,-200,-4.17,3606266,17063223685
007590,동방아그로,6770,6650,-120,-1.77,39692,263468610
005960,동부건설,13500,13400,-100,-0.74,92856,1242872050
005965,동부건설우,23450,23700,250,1.07,1736,41413400
026960,동서,32950,31050,-1900,-5.77,396943,12589780250
002210,동성제약,14400,13950,-450,-3.13,559702,8004908800
102260,동성코퍼레이션,5040,5030,-10,-0.2,146646,735733175
005190,동성화학,16150,16150,0,0.0,16682,269489100
000640,동아쏘시오홀딩스,126000,125500,-500,-0.4,43161,5434201000
170900,동아에스티,87200,87200,0,0.0,45630,3966203200
028100,동아지질,18100,17650,-450,-2.49,168446,3018387550
282690,동아타이어,10000,9950,-50,-0.5,39292,389610800
001520,동양,1325,1300,-25,-1.89,1119998,1460575475
001527,동양2우B,11450,11500,50,0.44,239,2737600
001529,동양3우B,30200,29800,-400,-1.32,376,11165050
084670,동양고속,24300,24200,-100,-0.41,5969,144150850
002900,동양물산,1570,1525,-45,-2.87,2823192,4335078965
082640,동양생명,3995,3965,-30,-0.75,156651,628178605
001525,동양우,6920,6890,-30,-0.43,210,1444500
008970,동양철관,1200,1190,-10,-0.83,1837885,2188828395
092780,동양피스톤,6770,6640,-130,-1.92,226975,1518223810
049770,동원FB,187500,184500,-3000,-1.6,12080,2231079000
018500,동원금속,1115,1170,55,4.93,10803896,12497118775
006040,동원산업,251500,248500,-3000,-1.19,3343,831080500
030720,동원수산,9560,9470,-90,-0.94,142181,1356814400
014820,동원시스템즈,42000,41550,-450,-1.07,190335,7998190500
014825,동원시스템즈우,31700,31300,-400,-1.26,1566,49444400
163560,동일고무벨트,10450,10250,-200,-1.91,103888,1068353750
004890,동일산업,79200,78100,-1100,-1.39,1381,107943500
002690,동일제강,2855,2865,10,0.35,434341,1229364350
000020,동화약품,17000,16700,-300,-1.76,271418,4547931850
000150,두산,57300,57500,200,0.35,167405,9562580800
000157,두산2우B,66900,66900,0,0.0,712,47906100
241560,두산밥캣,33000,33200,200,0.61,326820,10838042850
000155,두산우,42000,42000,0,0.0,19405,811270650
042670,두산인프라코어,8430,8400,-30,-0.36,2367889,19846089510
034020,두산중공업,13250,13300,50,0.38,3704644,50011419950
336260,두산퓨얼셀,63200,60400,-2800,-4.43,1976696,120423454100
33626K,두산퓨얼셀1우,21500,20750,-750,-3.49,612347,12721692700
33626L,두산퓨얼셀2우B,23700,22750,-950,-4.01,81358,1843773700
016740,두올,3900,4130,230,5.9,10721493,45024151810
192650,드림텍,11050,11350,300,2.71,697829,7870310000
024090,디씨엠,12300,12100,-200,-1.63,7855,95831600
003160,디아이,5460,5500,40,0.73,1033323,5766871630
092200,디아이씨,4775,4920,145,3.04,5659361,29135524420
013570,디와이,5700,5500,-200,-3.51,520656,2875256580
210540,디와이파워,13150,12950,-200,-1.52,88612,1146156800
007340,디티알오토모티브,28400,27750,-650,-2.29,43338,1205540700
026890,디피씨,10900,11000,100,0.92,15139839,170224028150
115390,락앤락,12100,11900,-200,-1.65,335000,4002439350
032350,롯데관광개발,16650,16250,-400,-2.4,417573,6804004350
330590,롯데리츠,5240,5100,-140,-2.67,977517,5042200800
000400,롯데손해보험,1820,1800,-20,-1.1,752766,1360490850
023530,롯데쇼핑,117500,114500,-3000,-2.55,183587,21098530500
004000,롯데정밀화학,60500,58800,-1700,-2.81,241207,14357311800
286940,롯데정보통신,41850,41600,-250,-0.6,40465,1681731600
280360,롯데제과,112000,112500,500,0.45,13328,1498198500
004990,롯데지주,36350,35150,-1200,-3.3,368892,13139681150
00499K,롯데지주우,64300,63900,-400,-0.62,2392,153202900
005300,롯데칠성,125000,124500,-500,-0.4,33855,4206173500
005305,롯데칠성우,65100,65300,200,0.31,4384,284718400
011170,롯데케미칼,287500,282000,-5500,-1.91,310821,88577136500
002270,롯데푸드,350500,356500,6000,1.71,10373,3705623000
071840,롯데하이마트,42100,41000,-1100,-2.61,170825,7013429700
027740,마니커,719,708,-11,-1.53,3371449,2404222282
204320,만도,78200,76700,-1500,-1.92,799988,61828097900
001080,만호제강,19750,19800,50,0.25,11311,223082350
088980,맥쿼리인프라,10600,10800,200,1.89,1117157,11992508350
094800,맵스리얼티1,3880,3885,5,0.13,115329,448007320
138040,메리츠금융지주,9730,9730,0,0.0,239113,2303462400
008560,메리츠증권,3600,3530,-70,-1.94,2701070,9534339540
000060,메리츠화재,15850,15950,100,0.63,488952,7728356150
090370,메타랩스,1075,1050,-25,-2.33,410042,433226900
017180,명문제약,7160,7040,-120,-1.68,798676,5668634580
009900,명신산업,43350,42200,-1150,-2.65,767103,32919439650
012690,모나리자,4825,4855,30,0.62,426803,2067482815
005360,모나미,5730,5810,80,1.4,493860,2863689120
204210,모두투어리츠,3015,3015,0,0.0,646565,1949341425
009680,모토닉,14300,14250,-50,-0.35,537272,7752221350
009580,무림PP,4775,4680,-95,-1.99,511861,2413389885
009200,무림페이퍼,2965,2920,-45,-1.52,283513,828309210
033920,무학,7500,7430,-70,-0.93,65403,484426300
008420,문배철강,3500,3410,-90,-2.57,889897,3070290815
025560,미래산업,3260,3380,120,3.68,1747444,6009358065
007120,미래아이앤지,456,449,-7,-1.54,1472582,667165214
006800,미래에셋대우,9910,9650,-260,-2.62,3309965,32319822250
00680K,미래에셋대우2우B,4510,4495,-15,-0.33,635685,2859673805
006805,미래에셋대우우,5030,4990,-40,-0.8,91203,456188620
357250,미래에셋맵스리츠,4720,4715,-5,-0.11,15118,71264325
085620,미래에셋생명,3850,3840,-10,-0.26,166812,638735180
002840,미원상사,138500,134500,-4000,-2.89,3209,439886500
268280,미원에스씨,108500,106000,-2500,-2.3,1043,110637500
107590,미원홀딩스,77000,75700,-1300,-1.69,2800,212226500
134380,미원화학,62800,62000,-800,-1.27,2295,142482200
003650,미창석유,63400,64000,600,0.95,3201,202281800
155900,바다로19호,2255,2250,-5,-0.22,12091,27107485
003610,방림,2080,2025,-55,-2.64,301526,614095015
001340,백광산업,4535,4385,-150,-3.31,2407591,10632458590
035150,백산,5820,5850,30,0.52,143059,831964030
002410,범양건영,5460,5440,-20,-0.37,504058,2717286650
096300,베트남개발1,238,237,-1,-0.42,173262,41001886
007210,벽산,2680,2640,-40,-1.49,598402,1586968390
002760,보락,2335,2280,-55,-2.36,397858,917158290
003850,보령제약,21850,21250,-600,-2.75,615345,13339973650
000890,보해양조,997,975,-22,-2.21,4941770,4843991257
003000,부광약품,24450,23800,-650,-2.66,548883,13172246250
001270,부국증권,20950,21100,150,0.72,3541,74523300
001275,부국증권우,19500,19450,-50,-0.26,2336,45454600
026940,부국철강,4210,4135,-75,-1.78,165309,685582705
015350,부산가스,54600,54500,-100,-0.18,900,48788100
011390,부산산업,137000,137000,0,0.0,20526,2800570500
005030,부산주공,739,729,-10,-1.35,607711,445582561
002070,비비안,5460,5350,-110,-2.01,2576762,13666128830
100220,비상교육,6580,6520,-60,-0.91,19744,128673250
030790,비케이탑스,16100,16050,-50,-0.31,284865,4499050500
352820,빅히트,203500,210500,7000,3.44,906368,185034203500
005180,빙그레,57800,57700,-100,-0.17,39845,2282744800
003960,사조대림,17200,17000,-200,-1.16,39623,672652200
008040,사조동아원,1040,1030,-10,-0.96,414038,424515640
007160,사조산업,35050,34700,-350,-1.0,17804,621036550
014710,사조씨푸드,5720,5710,-10,-0.17,164175,936919460
006090,사조오양,11000,10900,-100,-0.91,112773,1220559100
001470,삼부토건,3985,3840,-145,-3.64,2667856,10351752215
006400,삼성SDI,790000,790000,0,0.0,472724,375782100000
006405,삼성SDI우,506000,564000,58000,11.46,79397,43483709000
006660,삼성공조,9050,8940,-110,-1.22,59393,531522490
028260,삼성물산,146000,141500,-4500,-3.08,997821,142452367000
02826K,삼성물산우B,139500,136000,-3500,-2.51,19872,2724593500
207940,삼성바이오로직스,790000,802000,12000,1.52,277731,226002202000
032830,삼성생명,78500,76600,-1900,-2.42,555941,42995563000
018260,삼성에스디에스,207500,202500,-5000,-2.41,275079,56502722000
028050,삼성엔지니어링,13550,13300,-250,-1.85,1435197,19201224450
009150,삼성전기,214500,217000,2500,1.17,957107,208618322000
009155,삼성전기우,142000,154500,12500,8.8,223103,33574031500
005930,삼성전자,89400,86700,-2700,-3.02,33178936,2899318433100
005935,삼성전자우,79200,78100,-1100,-1.39,2820164,220930183900
001360,삼성제약,9950,9670,-280,-2.81,9236754,88866006320
010140,삼성중공업,6900,6770,-130,-1.88,4529474,30839452490
010145,삼성중공우,328000,328500,500,0.15,674,221579500
016360,삼성증권,41300,40400,-900,-2.18,811369,33161878200
068290,삼성출판사,24950,24400,-550,-2.2,102475,2526271150
029780,삼성카드,32300,31750,-550,-1.7,151840,4853757400
000810,삼성화재,180000,176500,-3500,-1.94,225825,40194323000
000815,삼성화재우,137500,137000,-500,-0.36,16613,2276756500
006110,삼아알미늄,12650,12450,-200,-1.58,227846,2834033550
145990,삼양사,64000,65200,1200,1.88,144714,9360427200
145995,삼양사우,44900,44900,0,0.0,2668,120768900
003230,삼양식품,100500,99200,-1300,-1.29,58308,5790933700
002170,삼양통상,66200,65200,-1000,-1.51,8334,540521900
272550,삼양패키징,20900,20850,-50,-0.24,34427,714068200
000070,삼양홀딩스,91400,94800,3400,3.72,79156,7379755400
000075,삼양홀딩스우,53300,54500,1200,2.25,2406,137634700
002810,삼영무역,13900,13850,-50,-0.36,42545,586881700
005680,삼영전자,10600,10600,0,0.0,85054,913142050
003720,삼영화학,3260,3380,120,3.68,778943,2643143375
023000,삼원강재,2890,2895,5,0.17,118143,341385430
004380,삼익THK,12250,12150,-100,-0.82,115364,1417078700
002450,삼익악기,1535,1505,-30,-1.95,245450,372882945
004440,삼일씨엔에스,14750,13850,-900,-6.1,138630,1954391700
000520,삼일제약,20750,20600,-150,-0.72,58228,1215405100
009770,삼정펄프,29900,30150,250,0.84,3082,91540800
005500,삼진제약,26150,25850,-300,-1.15,49687,1295392400
004690,삼천리,83300,83400,100,0.12,11957,990108500
010960,삼호개발,4655,4610,-45,-0.97,246196,1136084795
004450,삼화왕관,39100,38750,-350,-0.9,2125,82117700
009470,삼화전기,24550,26300,1750,7.13,642416,16967486650
011230,삼화전자,4410,4350,-60,-1.36,317408,1431466005
001820,삼화콘덴서,77500,79500,2000,2.58,517973,41516559300
000390,삼화페인트,12350,12800,450,3.64,2481152,33704159050
001290,상상인증권,1170,1165,-5,-0.43,152260,176372805
041650,상신브레이크,5050,4810,-240,-4.75,1975161,9893625190
075180,새론오토모티브,6550,6510,-40,-0.61,19617,128109060
007540,샘표,51200,51000,-200,-0.39,12198,626155200
248170,샘표식품,54700,53200,-1500,-2.74,20733,1107935000
007860,서연,8980,8660,-320,-3.56,435461,3815849940
200880,서연이화,8170,7940,-230,-2.82,426111,3416962110
017390,서울가스,89200,89300,100,0.11,858,76156300
004410,서울식품,211,205,-6,-2.84,26035439,5455317650
004415,서울식품우,4865,4900,35,0.72,17777,87173980
021050,서원,2490,2455,-35,-1.41,279427,686118420
008490,서흥,54500,54000,-500,-0.92,36406,1963436300
007610,선도전기,3395,3240,-155,-4.57,361895,1196440005
136490,선진,14000,16250,2250,16.07,1433847,22185640900
002820,선창산업,4550,4515,-35,-0.77,21624,97100110
014910,성문전자,2100,2185,85,4.05,667060,1419789995
014915,성문전자우,8250,8460,210,2.55,15834,131803400
003080,성보화학,4670,4620,-50,-1.07,36346,167720480
004980,성신양회,8510,8230,-280,-3.29,448408,3721584520
004985,성신양회우,13250,12900,-350,-2.64,16256,210282250
011300,성안,1030,999,-31,-3.01,10571534,10616275611
000180,성창기업지주,2365,2345,-20,-0.85,541565,1267143545
002420,세기상사,61600,61600,0,0.0,0,0
004360,세방,15800,15450,-350,-2.22,248945,3842732650
004365,세방우,7740,7730,-10,-0.13,4361,34045890
004490,세방전지,112500,111000,-1500,-1.33,194628,21806395000
001430,세아베스틸,12750,13000,250,1.96,667631,8688574850
306200,세아제강,103000,102500,-500,-0.49,13311,1355449500
003030,세아제강지주,47100,46900,-200,-0.42,11716,550833400
019440,세아특수강,11650,11600,-50,-0.43,15104,175026450
058650,세아홀딩스,75700,75000,-700,-0.92,789,59334100
013000,세우글로벌,3275,3215,-60,-1.83,1034799,3326656410
091090,세원셀론텍,3125,3055,-70,-2.24,649572,1980267355
021820,세원정공,8090,8090,0,0.0,0,0
067830,세이브존IC,3230,3140,-90,-2.79,128611,406682480
033530,세종공업,10600,10400,-200,-1.89,649646,6793318400
075580,세진중공업,6150,6040,-110,-1.79,225863,1376086610
027970,세하,1830,1805,-25,-1.37,593919,1078510045
145210,세화아이엠씨,702,710,8,1.14,2716352,1893143041
308170,센트랄모텍,32950,33000,50,0.15,462668,15403640200
012600,센트럴인사이트,11250,11000,-250,-2.22,527968,5858615750
068270,셀트리온,321000,322500,1500,0.47,1256043,412546931000
336370,솔루스첨단소재,56300,54400,-1900,-3.37,634940,34966880600
33637K,솔루스첨단소재1우,20150,19700,-450,-2.23,134255,2664626800
33637L,솔루스첨단소재2우B,34900,33250,-1650,-4.73,17350,583660350
004430,송원산업,16000,16200,200,1.25,743460,12162717600
017550,수산중공업,4945,4770,-175,-3.54,3604488,17072399215
053210,스카이라이프,8860,8810,-50,-0.56,201791,1793958400
134790,시디즈,56700,57200,500,0.88,6447,369593500
016590,신대양제지,63400,62200,-1200,-1.89,13970,871069200
029530,신도리코,25850,26000,150,0.58,42602,1105171150
004970,신라교역,10050,10000,-50,-0.5,58349,585734930
011930,신성이엔지,3345,3365,20,0.6,4298034,14448949310
005390,신성통상,1620,1600,-20,-1.23,594613,954316165
004170,신세계,255000,248000,-7000,-2.75,155454,38927385500
035510,신세계IC,140500,138000,-2500,-1.78,18477,2538470000
034300,신세계건설,50800,48600,-2200,-4.33,178992,8886576900
031430,신세계인터내셔날,188500,185500,-3000,-1.59,81992,15311463500
031440,신세계푸드,69900,69900,0,0.0,21499,1492780500
006880,신송홀딩스,4135,4080,-55,-1.33,10553,43152980
005800,신영와코루,99100,98700,-400,-0.4,321,31600100
001720,신영증권,54500,54200,-300,-0.55,7847,424704800
001725,신영증권우,53400,53500,100,0.19,5264,281214000
009270,신원,1550,1530,-20,-1.29,542021,830897585
009275,신원우,38200,38250,50,0.13,383,14593400
002700,신일전자,2020,2000,-20,-0.99,1400574,2799013190
019170,신풍제약,99800,92500,-7300,-7.31,1881531,179277638200
019175,신풍제약우,99900,93500,-6400,-6.41,30557,2931148200
002870,신풍제지,2845,2820,-25,-0.88,346513,980078015
293940,신한알파리츠,7030,7010,-20,-0.28,44428,311709860
055550,신한지주,32950,32350,-600,-1.82,2463663,80412542700
001770,신화실업,25850,24800,-1050,-4.06,102493,2665448300
004080,신흥,11050,11450,400,3.62,38627,445734250
102280,쌍방울,682,673,-9,-1.32,5391607,3648895044
003410,쌍용양회,6870,6730,-140,-2.04,1465618,9910370680
003620,쌍용차,2770,2770,0,0.0,0,0
004770,써니전자,4735,4680,-55,-1.16,856582,4037450600
015540,쎌마테라퓨틱스,8400,8610,210,2.5,2069857,17295784970
004920,씨아이테크,905,908,3,0.33,127617,115732546
112610,씨에스윈드,171000,166000,-5000,-2.92,195783,32920679500
008700,아남전자,3320,3250,-70,-2.11,5346677,17585937810
002790,아모레G,66400,63700,-2700,-4.07,229952,14797291700
00279K,아모레G3우전환,42550,41100,-1450,-3.41,11040,456499950
002795,아모레G우,27350,26400,-950,-3.47,164207,4312488100
090430,아모레퍼시픽,246000,238000,-8000,-3.25,423762,101294769500
090435,아모레퍼시픽우,94700,92200,-2500,-2.64,194797,17919315900
002030,아세아,96500,95500,-1000,-1.04,3443,328632000
183190,아세아시멘트,91800,88400,-3400,-3.7,12061,1076000300
002310,아세아제지,41400,40550,-850,-2.05,52795,2144053650
267850,아시아나IDT,24600,24000,-600,-2.44,62954,1528532950
020560,아시아나항공,16500,16000,-500,-3.03,1357914,22084591150
122900,아이마켓코리아,8710,8940,230,2.64,310199,2724443660
010780,아이에스동서,57800,56000,-1800,-3.11,155501,8795874100
033660,아주캐피탈,11550,11450,-100,-0.87,99778,1151348000
001780,알루코,5430,5330,-100,-1.84,3418073,18516434490
018250,애경산업,27000,26400,-600,-2.22,394598,10537244150
161000,애경유화,9510,9420,-90,-0.95,554735,5330125960
011090,에넥스,2025,2080,55,2.72,7746848,15924582620
005850,에스엘,26950,26200,-750,-2.78,671931,17772848100
012750,에스원,86200,84700,-1500,-1.74,105746,9062352900
023960,에쓰씨엔지니어링,7040,6100,-940,-13.35,2230434,13983854140
298690,에어부산,3870,3795,-75,-1.94,740224,2831474350
140910,에이리츠,6840,6770,-70,-1.02,20724,139244740
078520,에이블씨엔씨,8160,7930,-230,-2.82,199802,1604450420
015260,에이엔피,1630,1590,-40,-2.45,377942,600049750
007460,에이프로젠KIC,1970,1945,-25,-1.27,2116914,4160362775
003060,에이프로젠제약,1255,1240,-15,-1.2,2085594,2599388055
244920,에이플러스에셋,5350,5280,-70,-1.31,124157,660493120
036570,엔씨소프트,995000,953000,-42000,-4.22,127191,122878911000
138250,엔에스쇼핑,13200,13000,-200,-1.52,96487,1259014300
085310,엔케이,1490,1465,-25,-1.68,2690312,3939788245
009810,엔케이물산,539,538,-1,-0.19,1558571,840982203
900140,엘브이엠씨홀딩스,4390,4660,270,6.15,3232213,14758851750
014440,영보화학,4285,4240,-45,-1.05,167478,707856310
111770,영원무역,35200,35000,-200,-0.57,198535,6872431100
009970,영원무역홀딩스,39500,39600,100,0.25,24359,953135750
003520,영진약품,7320,7170,-150,-2.05,963332,6991781030
000670,영풍,538000,522000,-16000,-2.97,26959,14102511000
006740,영풍제지,5690,5620,-70,-1.23,90024,511028560
012280,영화금속,2790,2690,-100,-3.58,3234921,8763610970
012160,영흥,1350,1310,-40,-2.96,1780662,2357343025
015360,예스코홀딩스,34600,34950,350,1.01,3742,130283250
007310,오뚜기,582000,574000,-8000,-1.37,9329,5391629000
002630,오리엔트바이오,2205,2340,135,6.12,52532392,126360900320
271560,오리온,126000,123000,-3000,-2.38,189918,23668410000
001800,오리온홀딩스,13150,13100,-50,-0.38,222793,2914531650
070960,용평리조트,4565,4490,-75,-1.64,293691,1323906615
316140,우리금융지주,9520,9310,-210,-2.21,2478368,23258017430
004720,우리들제약,10650,10350,-300,-2.82,540669,5739494850
118000,우리들휴브레인,2720,2630,-90,-3.31,869417,2315273900
010050,우리종금,525,526,1,0.19,2411641,1269695663
006980,우성사료,3320,3295,-25,-0.75,550366,1813482385
017370,우신시스템,4735,4715,-20,-0.42,276222,1315628785
105840,우진,4250,4200,-50,-1.18,180469,756860400
010400,우진아이엔에스,8040,7990,-50,-0.62,26370,210078390
049800,우진플라임,5640,5740,100,1.77,30848,175941680
016880,웅진,1070,1060,-10,-0.93,110720,118548525
095720,웅진씽크빅,2730,2745,15,0.55,389802,1064815865
005820,원림,20000,20050,50,0.25,5144,102490050
010600,웰바이오텍,2730,2660,-70,-2.56,650561,1744880380
008600,윌비스,1625,1550,-75,-4.62,2273139,3589497375
033270,유나이티드제약,60000,54300,-5700,-9.5,1849285,106980125800
014830,유니드,55400,53900,-1500,-2.71,74145,3973199800
000910,유니온,6170,6070,-100,-1.62,271406,1653219380
047400,유니온머티리얼,3945,3885,-60,-1.52,835481,3254398825
011330,유니켐,1495,1510,15,1.0,440569,656491195
077500,유니퀘스트,14800,14900,100,0.68,1599245,24050005050
002920,유성기업,3340,3355,15,0.45,441034,1468509590
000700,유수홀딩스,5550,5570,20,0.36,15394,84951870
003470,유안타증권,3350,3240,-110,-3.28,761744,2491266410
003475,유안타증권우,2545,2530,-15,-0.59,46762,118413140
011690,유양디앤유,1220,1220,0,0.0,0,0
072130,유엔젤,4000,4060,60,1.5,139491,567148140
000220,유유제약,13850,13750,-100,-0.72,72810,1011032550
000225,유유제약1우,12200,12250,50,0.41,5747,70516500
000227,유유제약2우B,29900,30000,100,0.33,1545,48849100
001200,유진투자증권,4260,4085,-175,-4.11,905702,3763363735
000100,유한양행,72800,71400,-1400,-1.92,531777,38333973100
000105,유한양행우,67900,67000,-900,-1.33,9376,630054200
003460,유화증권,2285,2270,-15,-0.66,19157,43411955
003465,유화증권우,2395,2380,-15,-0.63,571,1362295
008730,율촌화학,26000,25100,-900,-3.46,224674,5685548600
008250,이건산업,11000,10750,-250,-2.27,245394,2650723550
025820,이구산업,2040,1960,-80,-3.92,403700,800865365
214320,이노션,62800,61100,-1700,-2.71,167274,10293887800
088260,이리츠코크렙,5160,5190,30,0.58,46780,242224240
139480,이마트,183500,174500,-9000,-4.9,644663,113244739000
007660,이수페타시스,3795,3765,-30,-0.79,681157,2560806815
005950,이수화학,14650,15250,600,4.1,1336514,19934193300
015020,이스타코,723,714,-9,-1.24,306872,218788780
093230,이아이디,286,282,-4,-1.4,9708291,2745533673
074610,이엔플러스,3985,3870,-115,-2.89,311053,1211466700
102460,이연제약,22150,21500,-650,-2.93,763318,16602818650
084680,이월드,3415,3360,-55,-1.61,566334,1918172600
350520,이지스레지던스리츠,4850,4850,0,0.0,24560,118981260
334890,이지스밸류리츠,4765,4795,30,0.63,89424,428664385
000760,이화산업,16550,16550,0,0.0,1896,31423700
014990,인디에프,1570,1540,-30,-1.91,223696,348166200
101140,인바이오젠,4015,3970,-45,-1.12,891845,3583866210
006490,인스코비,2480,2505,25,1.01,1254175,3140834805
023800,인지컨트롤스,23150,24850,1700,7.34,575032,13617134850
034590,인천도시가스,24900,24650,-250,-1.0,6681,164900800
129260,인터지스,3650,3665,15,0.41,691430,2551703325
023810,인팩,7590,7550,-40,-0.53,26440,197894160
249420,일동제약,19650,19850,200,1.02,1251990,25146997950
000230,일동홀딩스,15450,15250,-200,-1.29,46776,709825550
013360,일성건설,1465,1425,-40,-2.73,613568,877661270
003120,일성신약,83200,84200,1000,1.2,9320,784540400
003200,일신방직,89300,87300,-2000,-2.24,9200,806263400
007110,일신석재,2010,1980,-30,-1.49,947091,1882930880
007570,일양약품,54700,53200,-1500,-2.74,164858,8800334600
007575,일양약품우,62900,62000,-900,-1.43,1783,110448000
008500,일정실업,17550,17750,200,1.14,3402,59892900
081000,일진다이아,52500,52000,-500,-0.95,171229,8874516300
020760,일진디스플,5700,5500,-200,-3.51,288049,1591288800
020150,일진머티리얼즈,64200,66000,1800,2.8,492624,31655357700
103590,일진전기,3810,3570,-240,-6.3,1100551,4010957560
015860,일진홀딩스,7820,6710,-1110,-14.19,6418809,45155573990
226320,잇츠한불,28900,28850,-50,-0.17,222721,6429084050
317400,자이에스앤디,13200,13250,50,0.38,157176,2087128800
033240,자화전자,22700,22250,-450,-1.98,243598,5417516150
000950,전방,35000,33650,-1350,-3.86,10628,360764700
348950,제이알글로벌리츠,5120,5140,20,0.39,200393,1025050660
194370,제이에스코퍼레이션,8050,8070,20,0.25,41499,332693470
025620,제이준코스메틱,2425,2410,-15,-0.62,169795,404804430
036420,제이콘텐트리,43700,43500,-200,-0.46,159060,6823331700
030000,제일기획,20300,20000,-300,-1.48,606802,12202519750
271980,제일약품,52700,51300,-1400,-2.66,93230,4854934200
001560,제일연마,7120,7210,90,1.26,18363,132543200
002620,제일파마홀딩스,19500,19650,150,0.77,15833,308294500
006220,제주은행,4195,4080,-115,-2.74,268904,1121823975
089590,제주항공,21450,21250,-200,-0.93,398996,8496403650
004910,조광페인트,6440,6500,60,0.93,858488,5881531700
004700,조광피혁,60000,58500,-1500,-2.5,4521,267562600
001550,조비,20850,20350,-500,-2.4,41613,852740000
000480,조선내화,79600,80000,400,0.5,5653,450107300
120030,조선선재,112500,111000,-1500,-1.33,4802,531365500
018470,조일알미늄,614,610,-4,-0.65,555183,338623818
002600,조흥,173500,175500,2000,1.15,100,17368000
185750,종근당,209500,206000,-3500,-1.67,220922,46568774000
063160,종근당바이오,73800,75000,1200,1.63,194108,14600444500
001630,종근당홀딩스,119000,119000,0,0.0,38379,4613124500
044380,주연테크,1055,1040,-15,-1.42,393136,412701645
013890,지누스,108000,107500,-500,-0.46,105434,11423470000
013870,지엠비코리아,8930,8890,-40,-0.45,485378,4340439860
071320,지역난방공사,39250,38900,-350,-0.89,13933,541300550
010580,지코,306,306,0,0.0,0,0
035000,지투알,6130,6000,-130,-2.12,25748,154722920
088790,진도,4080,3975,-105,-2.57,162464,650909890
003780,진양산업,4550,4470,-80,-1.76,232790,1049852300
010640,진양폴리,3660,3545,-115,-3.14,98326,350917685
100250,진양홀딩스,2755,2740,-15,-0.54,140089,383303885
051630,진양화학,4465,4345,-120,-2.69,190079,832581720
272450,진에어,17500,17650,150,0.86,410174,7150928550
011000,진원생명과학,19350,18850,-500,-2.58,840018,16020148250
002780,진흥기업,2945,2800,-145,-4.92,613464,1733823335
002787,진흥기업2우B,12350,12200,-150,-1.21,478,5950150
002785,진흥기업우B,6190,6150,-40,-0.65,5824,35539460
009310,참엔지니어링,1675,1680,5,0.3,1019264,1718446535
000650,천일고속,68200,68100,-100,-0.15,1786,120808400
033250,체시스,2060,1995,-65,-3.16,521181,1043257130
035720,카카오,473500,461000,-12500,-2.64,812266,377869140500
006380,카프로,3835,3795,-40,-1.04,206023,783144345
109070,컨버즈,4100,4100,0,0.0,0,0
001620,케이비아이동국실업,875,853,-22,-2.51,612755,523545431
029460,케이씨,29100,29500,400,1.37,192779,5705795450
344820,케이씨씨글라스,39400,38050,-1350,-3.43,139336,5346433850
281820,케이씨텍,30500,30250,-250,-0.82,153173,4621912150
145270,케이탑리츠,1690,1700,10,0.59,5601143,9423465945
357120,코람코에너지리츠,4765,4775,10,0.21,131754,627169445
007815,코리아써우,7410,7410,0,0.0,3782,27733090
007810,코리아써키트,17300,16600,-700,-4.05,848950,14291737700
00781K,코리아써키트2우B,7640,7550,-90,-1.18,2370,17806550
003690,코리안리,7720,7730,10,0.13,440352,3399801830
192820,코스맥스,112000,109500,-2500,-2.23,198357,21646029000
044820,코스맥스비티아이,18050,17650,-400,-2.22,26047,460403300
005070,코스모신소재,20750,20200,-550,-2.65,666670,13606394250
005420,코스모화학,13800,13150,-650,-4.71,1104425,14714544700
071950,코아스,1290,1265,-25,-1.94,830041,1053461555
002020,코오롱,22950,22850,-100,-0.44,65988,1522460400
003070,코오롱글로벌,19350,18800,-550,-2.84,147770,2804018850
003075,코오롱글로벌우,26700,27550,850,3.18,3766,102542000
144620,코오롱머티리얼,3700,3670,-30,-0.81,513184,1909002750
002025,코오롱우,14500,14500,0,0.0,8900,128614450
120110,코오롱인더,45500,44300,-1200,-2.64,606925,27480342250
120115,코오롱인더우,24350,23750,-600,-2.46,39135,943776150
138490,코오롱플라스틱,5600,5490,-110,-1.96,455893,2530243790
021240,코웨이,73900,73800,-100,-0.14,318935,23733991300
031820,콤텍시스템,1540,1580,40,2.6,6699736,10629207895
192400,쿠쿠홀딩스,103000,98900,-4100,-3.98,20213,2010940600
284740,쿠쿠홈시스,42800,42800,0,0.0,110446,4643399900
015590,큐로,622,630,8,1.29,6629534,4226649134
264900,크라운제과,9270,9360,90,0.97,37918,350503870
26490K,크라운제과우,10100,10300,200,1.98,14315,144972740
005740,크라운해태홀딩스,9130,9070,-60,-0.66,27939,253434000
005745,크라운해태홀딩스우,13050,12950,-100,-0.77,9807,126503250
020120,키다리스튜디오,13500,13300,-200,-1.48,402466,5517822850
039490,키움증권,145000,148000,3000,2.07,481911,72290308000
012170,키위미디어그룹,1105,1105,0,0.0,0,0
014580,태경비케이,5140,5140,0,0.0,2102985,10614849215
015890,태경산업,5920,5850,-70,-1.18,65720,381909470
006890,태경케미컬,16150,16300,150,0.93,872530,14280310300
003240,태광산업,848000,836000,-12000,-1.42,1955,1639227000
011280,태림포장,5260,5210,-50,-0.95,352984,1838108360
004100,태양금속,1285,1290,5,0.39,224479,288689090
004105,태양금속우,3060,3080,20,0.65,28089,87173990
009410,태영건설,12950,12600,-350,-2.7,506033,6441183250
009415,태영건설우,12350,12500,150,1.21,31421,389734350
001420,태원물산,4460,4430,-30,-0.67,30384,132912400
007980,태평양물산,2140,2095,-45,-2.1,722926,1518303770
055490,테이팩스,40500,40400,-100,-0.25,61379,2472279200
078000,텔코웨어,11950,11900,-50,-0.42,19225,228119450
214420,토니모리,9230,9060,-170,-1.84,48457,440112550
019180,티에이치엔,3785,3665,-120,-3.17,359888,1320825875
363280,티와이홀딩스,26450,26250,-200,-0.76,465398,12086081250
36328K,티와이홀딩스우,25000,24900,-100,-0.4,21110,525442150
091810,티웨이항공,2850,2810,-40,-1.4,941367,2652982225
004870,티웨이홀딩스,1330,1335,5,0.38,1230760,1607055490
005690,파미셀,16050,15650,-400,-2.49,776071,12338202550
036580,팜스코,7580,8350,770,10.16,1484458,12383337030
028670,팬오션,5170,4955,-215,-4.16,3831840,19264031145
010820,퍼스텍,2465,2460,-5,-0.2,827147,2040824175
016800,퍼시스,29700,29700,0,0.0,1615,48198150
001020,페이퍼코리아,2710,2605,-105,-3.87,254256,670435310
090080,평화산업,1320,1320,0,0.0,1292416,1722137115
010770,평화홀딩스,4360,4655,295,6.77,577864,2708582330
058430,포스코강판,17800,17350,-450,-2.53,89622,1565532550
047050,포스코인터내셔널,16350,16000,-350,-2.14,1130211,18378471800
003670,포스코케미칼,140000,138500,-1500,-1.07,316795,43784567500
007630,폴루스바이오팜,1225,1225,0,0.0,0,0
017810,풀무원,17950,17650,-300,-1.67,137704,2435298350
103140,풍산,30800,31200,400,1.3,1317135,41774980750
005810,풍산홀딩스,38000,46100,8100,21.32,1805937,81205363100
033180,필룩스,5300,4960,-340,-6.42,12207930,62264343985
086790,하나금융지주,36250,35300,-950,-2.62,2060109,73517824550
293480,하나제약,25600,25200,-400,-1.56,96984,2458756450
039130,하나투어,63500,62200,-1300,-2.05,173926,10845697700
172580,하이골드12호,1985,1990,5,0.25,7038,13970325
153360,하이골드3호,1195,1180,-15,-1.26,13039,15444220
071090,하이스틸,20250,20350,100,0.49,6473,131409650
019490,하이트론,6890,6350,-540,-7.84,544966,3557349280
000080,하이트진로,34600,33700,-900,-2.6,614153,20883968600
000087,하이트진로2우B,21250,21200,-50,-0.24,3293,69314950
000140,하이트진로홀딩스,15850,15950,100,0.63,51477,819385550
000145,하이트진로홀딩스우,14850,14700,-150,-1.01,1980,29340100
152550,한국ANKOR유전,1635,1640,5,0.31,46345,75795200
036460,한국가스공사,34000,34350,350,1.03,570895,19467844200
005430,한국공항,42600,39900,-2700,-6.34,42731,1763008250
071050,한국금융지주,88100,86900,-1200,-1.36,431009,37824365600
071055,한국금융지주우,63300,63500,200,0.32,24714,1570179600
010040,한국내화,4100,4060,-40,-0.98,162674,659416810
025540,한국단자,79400,76400,-3000,-3.78,122260,9471543500
004090,한국석유,115500,116500,1000,0.87,5131,592234000
002200,한국수출포장,23700,23500,-200,-0.84,19313,453792450
002960,한국쉘석유,243000,250000,7000,2.88,5495,1350817000
000240,한국앤컴퍼니,16950,16300,-650,-3.83,659650,10985590750
123890,한국자산신탁,3980,3925,-55,-1.38,508682,2003183960
015760,한국전력,24450,24350,-100,-0.41,5116704,125975801650
006200,한국전자홀딩스,955,964,9,0.94,317845,304483182
009540,한국조선해양,109000,106000,-3000,-2.75,544091,58311604500
023350,한국종합기술,7440,7310,-130,-1.75,180359,1324984790
025890,한국주강,1700,1665,-35,-2.06,51201,86485895
000970,한국주철관,8730,8670,-60,-0.69,90238,780785950
104700,한국철강,7690,7800,110,1.43,352450,2749158820
017960,한국카본,13250,13100,-150,-1.13,1424342,18890731200
161890,한국콜마,55300,55300,0,0.0,394333,21568947700
024720,한국콜마홀딩스,29450,29050,-400,-1.36,160942,4674357700
161390,한국타이어앤테크놀로지,44500,43950,-550,-1.24,390637,17065639750
034830,한국토지신탁,2030,2010,-20,-0.99,1129018,2264974785
007280,한국특수형강,1930,1900,-30,-1.55,126723,242902240
168490,한국패러랠,1910,1905,-5,-0.26,50377,96182405
010100,한국프랜지,3260,3170,-90,-2.76,1079063,3431526490
047810,한국항공우주,32850,33300,450,1.37,2208515,73842603550
123690,한국화장품,13100,12950,-150,-1.15,132186,1711458400
003350,한국화장품제조,38200,37700,-500,-1.31,38784,1460424900
011500,한농화성,18200,17700,-500,-2.75,394647,6972173250
002390,한독,30800,30600,-200,-0.65,64444,1969937400
014790,한라,5700,5630,-70,-1.23,379013,2121350370
060980,한라홀딩스,48900,48500,-400,-0.82,131769,6500968150
053690,한미글로벌,11050,10600,-450,-4.07,192101,2048715100
042700,한미반도체,20750,21050,300,1.45,725851,15186251150
008930,한미사이언스,82800,80500,-2300,-2.78,368367,30111736500
128940,한미약품,383000,378000,-5000,-1.31,133436,51004610500
009240,한샘,100500,99200,-1300,-1.29,67360,6709900800
020000,한섬,32300,32500,200,0.62,93924,3017697300
003680,한성기업,8860,8570,-290,-3.27,99205,856359660
105630,한세실업,16850,16950,100,0.59,287567,4833259300
069640,한세엠케이,3450,3400,-50,-1.45,24098,81837795
016450,한세예스24홀딩스,7610,7450,-160,-2.1,121213,919494920
010420,한솔PNS,1855,1810,-45,-2.43,253762,463079935
009180,한솔로지스틱스,3090,3030,-60,-1.94,807771,2449983650
213500,한솔제지,13550,13650,100,0.74,211185,2883996550
014680,한솔케미칼,209000,204000,-5000,-2.39,74825,15299133500
004710,한솔테크닉스,11300,11000,-300,-2.65,458875,5082868800
004150,한솔홀딩스,3770,3725,-45,-1.19,176648,658927000
025750,한솔홈데코,2240,2210,-30,-1.34,3091578,6927195010
004960,한신공영,20850,20400,-450,-2.16,86229,1753029750
011700,한신기계,1735,1700,-35,-2.02,404483,691018845
001750,한양증권,10100,10350,250,2.48,142671,1468953850
001755,한양증권우,16700,16800,100,0.6,1027,17197600
018880,한온시스템,18200,17950,-250,-1.37,2506713,46364963600
009420,한올바이오파마,35150,35150,0,0.0,332752,11728438500
014130,한익스프레스,6840,6600,-240,-3.51,244798,1640910040
300720,한일시멘트,113000,110500,-2500,-2.21,9794,1080091000
002220,한일철강,2235,2140,-95,-4.25,102989,224585260
006390,한일현대시멘트,38450,38150,-300,-0.78,125517,4732677100
003300,한일홀딩스,11250,10950,-300,-2.67,41911,461448750
051600,한전KPS,28150,28000,-150,-0.53,231703,6495552200
052690,한전기술,17400,17850,450,2.59,198571,3498387650
130660,한전산업,4985,4760,-225,-4.51,866602,4199707340
002320,한진,46100,45400,-700,-1.52,116931,5332606600
097230,한진중공업,7470,7200,-270,-3.61,126514,919174010
003480,한진중공업홀딩스,4455,4300,-155,-3.48,113266,492538450
180640,한진칼,65000,63400,-1600,-2.46,102044,6532551300
18064K,한진칼우,47350,46950,-400,-0.84,6767,319310750
005110,한창,1570,1490,-80,-5.1,1983667,3014883850
009460,한창제지,2220,2185,-35,-1.58,1212379,2666157160
000880,한화,34600,35850,1250,3.61,2296395,83215453950
00088K,한화3우B,15400,15900,500,3.25,454653,7200452900
088350,한화생명,3010,2895,-115,-3.82,4600763,13462940590
000370,한화손해보험,3530,3450,-80,-2.27,507876,1769158935
009830,한화솔루션,55900,54600,-1300,-2.33,2147145,118455686700
009835,한화솔루션우,68200,67300,-900,-1.32,26649,1795711400
272210,한화시스템,18500,17750,-750,-4.05,2317765,42024674800
012450,한화에어로스페이스,43050,44600,1550,3.6,2067691,92910852950
000885,한화우,47600,48500,900,1.89,10375,505387850
003530,한화투자증권,3105,2995,-110,-3.54,3094809,9407854815
003535,한화투자증권우,4420,4220,-200,-4.52,159788,681244225
195870,해성디에스,34700,36750,2050,5.91,1236045,45569594900
101530,해태제과식품,8200,8140,-60,-0.73,37312,303946870
143210,핸즈코퍼레이션,8200,8050,-150,-1.83,135521,1092949370
000720,현대건설,45000,44000,-1000,-2.22,1104455,49065223850
267270,현대건설기계,36300,37750,1450,3.99,179884,6565602550
000725,현대건설우,179500,180000,500,0.28,752,136387500
005440,현대그린푸드,9520,9520,0,0.0,1571026,14960344510
086280,현대글로비스,227500,217500,-10000,-4.4,619574,136380984000
064350,현대로템,21150,21400,250,1.18,3033602,64126031200
079430,현대리바트,17000,17750,750,4.41,814283,14239357450
012330,현대모비스,347500,338000,-9500,-2.73,913545,313992688500
010620,현대미포조선,48400,47650,-750,-1.55,329986,15771267950
069960,현대백화점,84000,82300,-1700,-2.02,227526,18831573100
004560,현대비앤지스틸,12700,16500,3800,29.92,519934,8578907200
004565,현대비앤지스틸우,68500,89000,20500,29.93,9393,835977000
011760,현대상사,17300,17050,-250,-1.45,71832,1224402950
004310,현대약품,7660,7580,-80,-1.04,1273946,9798640770
322000,현대에너지솔루션,41000,40500,-500,-1.22,130992,5358299850
017800,현대엘리베이,44650,44250,-400,-0.9,390994,17369063000
307950,현대오토에버,140000,136500,-3500,-2.5,114367,15693449500
011210,현대위아,105500,99900,-5600,-5.31,1101172,110619505000
267260,현대일렉트릭,18300,18350,50,0.27,313110,5750139450
004020,현대제철,45000,43650,-1350,-3.0,1032075,45448222300
267250,현대중공업지주,271000,261000,-10000,-3.69,92136,24288663000
005380,현대차,260000,251500,-8500,-3.27,1846817,469759121500
005387,현대차2우B,120000,115000,-5000,-4.17,180599,20953058500
005389,현대차3우B,114000,110000,-4000,-3.51,37086,4128918500
005385,현대차우,123000,120000,-3000,-2.44,267474,32565548000
001500,현대차증권,14200,14000,-200,-1.41,243699,3417206300
227840,현대코퍼레이션홀딩스,11100,10950,-150,-1.35,46601,511678050
126560,현대퓨처넷,3790,3745,-45,-1.19,204208,764990995
001450,현대해상,20650,20800,150,0.73,453941,9421561500
057050,현대홈쇼핑,83700,81800,-1900,-2.27,56688,4663340300
093240,형지엘리트,4685,4795,110,2.35,3915952,19259312470
003010,혜인,5420,5420,0,0.0,295260,1596461610
111110,호전실업,10250,10400,150,1.46,616421,6671118850
008770,호텔신라,88500,85500,-3000,-3.39,958081,82661978700
008775,호텔신라우,90100,88600,-1500,-1.66,39687,3495958100
002460,화성산업,12250,12150,-100,-0.82,79296,961536950
013520,화승알앤에이,2695,2745,50,1.86,696085,1930242865
241590,화승엔터프라이즈,13550,13350,-200,-1.48,140649,1883357250
006060,화승인더,6870,7190,320,4.66,1562881,11083439470
010690,화신,4750,4650,-100,-2.11,1545717,7536289370
133820,화인베스틸,2820,2765,-55,-1.95,444301,1235783630
010660,화천기계,2620,2565,-55,-2.1,320379,820639155
000850,화천기공,32950,32800,-150,-0.46,2423,79674850
016580,환인제약,18050,18550,500,2.77,868864,16481082250
032560,황금에스티,8670,8760,90,1.04,249146,2186713230
004800,효성,78000,76500,-1500,-1.92,146015,11234927700
094280,효성ITX,22050,22000,-50,-0.23,85159,1870116250
298040,효성중공업,73200,72900,-300,-0.41,190200,13793093800
298050,효성첨단소재,219000,221000,2000,0.91,272478,60140829500
298020,효성티앤씨,290000,284000,-6000,-2.07,56293,15958108500
298000,효성화학,180500,181000,500,0.28,30998,5612914500
093370,후성,12950,12800,-150,-1.16,1967317,25585721050
081660,휠라홀딩스,47100,45850,-1250,-2.65,351441,16211599450
005870,휴니드,7010,6960,-50,-0.71,401148,2757230610
079980,휴비스,8170,8150,-20,-0.24,178825,1451944490
005010,휴스틸,7940,7870,-70,-0.88,38336,300179780
069260,휴켐스,23150,23000,-150,-0.65,245138,5645751450
000540,흥국화재,3395,3775,380,11.19,3797242,14464811175
000547,흥국화재2우B,20000,20000,0,0.0,675,13588100
000545,흥국화재우,8180,8310,130,1.59,22149,183585150
003280,흥아해운,258,258,0,0.0,0,0
