티커,종목명,시가,종가,변동폭,등락률,거래량,거래대금
095570,AJ네트웍스,5900,5850,-50,-0.85,92877,538632680
006840,AK홀딩스,27050,26700,-350,-1.29,11045,293945700
027410,BGF,6050,5970,-80,-1.32,199192,1186699090
282330,BGF리테일,173000,173000,0,0.0,23323,3997764000
138930,BNK금융지주,8590,8580,-10,-0.12,2563057,22006682260
001460,BYC,456000,446500,-9500,-2.08,2274,1015171500
001465,BYC우,185000,183000,-2000,-1.08,227,41274000
001040,CJ,99900,98000,-1900,-1.9,105573,10350771000
079160,CJCGV,29100,29600,500,1.72,419021,12165579750
00104K,CJ4우전환,81800,80800,-1000,-1.22,15398,1238927700
000120,CJ대한통운,159500,156500,-3000,-1.88,49522,7746553000
011150,CJ씨푸드,4005,3925,-80,-2.0,150690,591139185
011155,CJ씨푸드1우,39950,39800,-150,-0.38,186,7283950
001045,CJ우,61000,60300,-700,-1.15,1500,90195600
097950,CJ제일제당,416500,410500,-6000,-1.44,51544,21057007000
097955,CJ제일제당우,200000,199500,-500,-0.25,5408,1075515500
000590,CS홀딩스,64200,64300,100,0.16,3243,206335100
012030,DB,1015,1015,0,0.0,1230647,1235416550
016610,DB금융투자,6600,6580,-20,-0.3,177012,1152914790
005830,DB손해보험,64900,62300,-2600,-4.01,218046,13946415600
000990,DB하이텍,54600,53300,-1300,-2.38,965584,50811412700
000995,DB하이텍1우,104000,103000,-1000,-0.96,299,30684500
139130,DGB금융지주,9620,9650,30,0.31,816660,7876911590
001530,DI동일,336000,322500,-13500,-4.02,26385,8466299000
000210,DL,76300,73600,-2700,-3.54,338312,25194895600
001880,DL건설,31300,30550,-750,-2.4,46950,1424842100
000215,DL우,45550,44300,-1250,-2.74,5082,225202150
375500,DL이앤씨,134500,133000,-1500,-1.12,106752,14063285000
37550K,DL이앤씨우,76400,76200,-200,-0.26,7481,568391000
004840,DRB동일,6460,6420,-40,-0.62,16136,102869930
155660,DSR,9900,10550,650,6.57,1466161,14919092080
069730,DSR제강,9560,9660,100,1.05,1153028,11065292480
017940,E1,60600,60600,0,0.0,40602,2448783100
365550,ESR켄달스퀘어리츠,6430,6400,-30,-0.47,259217,1659257510
383220,FF,700000,678000,-22000,-3.14,59016,39627878000
007700,FF홀딩스,36150,34750,-1400,-3.87,146113,5144235350
114090,GKL,16250,16250,0,0.0,265917,4285887100
078930,GS,45750,44450,-1300,-2.84,339547,15234291550
006360,GS건설,43250,42450,-800,-1.85,579097,24486150450
001250,GS글로벌,2580,2580,0,0.0,407329,1029907355
007070,GS리테일,32800,31900,-900,-2.74,501363,16059470000
078935,GS우,37250,37100,-150,-0.4,7660,282662050
012630,HDC,11150,10950,-200,-1.79,219267,2401238500
039570,HDC아이콘트롤스,12250,12100,-150,-1.22,21541,259932100
089470,HDC현대EP,5980,6080,100,1.67,395645,2377878020
294870,HDC현대산업개발,27450,27050,-400,-1.46,405298,10929442000
011200,HMM,38150,36800,-1350,-3.54,4575600,168344753800
082740,HSD엔진,7320,7270,-50,-0.68,337147,2422108070
003560,IHQ,1555,1520,-35,-2.25,1096044,1663265880
175330,JB금융지주,8500,8690,190,2.24,545956,4677756020
234080,JW생명과학,16300,16000,-300,-1.84,64710,1032478950
001060,JW중외제약,25700,25150,-550,-2.14,76626,1928950650
001067,JW중외제약2우B,60000,56500,-3500,-5.83,629,35901400
001065,JW중외제약우,32250,31500,-750,-2.33,1698,53457350
096760,JW홀딩스,3930,3875,-55,-1.4,91720,353235340
105560,KB금융,54500,55200,700,1.28,2471338,135454184600
002380,KCC,435500,435000,-500,-0.11,60245,26019968500
344820,KCC글라스,71000,69900,-1100,-1.55,176544,12197048500
009070,KCTC,6160,6040,-120,-1.95,190052,1145676530
009440,KC그린홀딩스,5500,5380,-120,-2.18,103047,551638770
119650,KC코트렐,7160,7020,-140,-1.96,207778,1445244900
092220,KEC,2365,2410,45,1.9,3323390,7752296795
016380,KG동부제철,13950,13450,-500,-3.58,331277,4404445250
016385,KG동부제철우,111000,110000,-1000,-0.9,105,11521500
001390,KG케미칼,33200,32450,-750,-2.26,125606,4091115550
033180,KH필룩스,3445,3420,-25,-0.73,1501088,5064472225
001940,KISCO홀딩스,21400,21250,-150,-0.7,13928,292315150
025000,KPX케미칼,62400,62000,-400,-0.64,6239,385209600
092230,KPX홀딩스,65700,65500,-200,-0.3,2928,190779800
000040,KR모터스,1025,1015,-10,-0.98,346385,350074835
044450,KSS해운,11300,11350,50,0.44,103156,1151947550
030200,KT,32450,32400,-50,-0.15,770964,24854509000
033780,KTG,80900,80500,-400,-0.49,501532,40404254700
030210,KTB투자증권,6460,6380,-80,-1.24,459057,2892545320
058850,KTcs,2705,2635,-70,-2.59,224369,591899050
058860,KTis,2580,2525,-55,-2.13,139830,352747535
093050,LF,18200,18000,-200,-1.1,72598,1303324500
003550,LG,93800,90300,-3500,-3.73,335314,30619583500
034220,LG디스플레이,19500,19050,-450,-2.31,1716678,32722002800
051900,LG생활건강,1343000,1333000,-10000,-0.74,51091,67686949000
051905,LG생활건강우,657000,648000,-9000,-1.37,2877,1867385000
003555,LG우,69100,68300,-800,-1.16,8624,585688500
032640,LG유플러스,14700,14850,150,1.02,1560740,22926266500
011070,LG이노텍,211500,207500,-4000,-1.89,241079,49659068500
066570,LG전자,132500,129500,-3000,-2.26,1435656,185365100000
066575,LG전자우,67400,66400,-1000,-1.48,56847,3745548000
037560,LG헬로비전,7350,7090,-260,-3.54,816717,5805029010
051910,LG화학,776000,767000,-9000,-1.16,346422,262474804000
051915,LG화학우,384500,376500,-8000,-2.08,30481,11495442500
079550,LIG넥스원,50300,49150,-1150,-2.29,215841,10531397350
006260,LS,64200,63600,-600,-0.93,90583,5768356300
010120,LSELECTRIC,68300,66500,-1800,-2.64,110062,7301204600
000680,LS네트웍스,3845,3680,-165,-4.29,191884,713499930
229640,LS전선아시아,8730,8650,-80,-0.92,117749,1015125650
001120,LX인터내셔널,32400,33100,700,2.16,1513778,49405319800
108670,LX하우시스,80800,79200,-1600,-1.98,70259,5521657600
108675,LX하우시스우,37500,36700,-800,-2.13,4283,157361400
383800,LX홀딩스,9670,9510,-160,-1.65,461988,4400832960
38380K,LX홀딩스1우,15300,14900,-400,-2.61,13332,198969400
023150,MH에탄올,14450,14750,300,2.08,602487,8820457950
035420,NAVER,392500,387000,-5500,-1.4,664216,255576821500
181710,NHN,69700,69800,100,0.14,42966,2970569900
005940,NH투자증권,13000,12750,-250,-1.92,872760,11148422050
005945,NH투자증권우,12300,12200,-100,-0.81,117613,1428355550
338100,NH프라임리츠,4840,4820,-20,-0.41,35006,168758525
034310,NICE,17700,17450,-250,-1.41,42542,740168450
008260,NI스틸,4255,4175,-80,-1.88,181449,749704645
004250,NPC,7050,6810,-240,-3.4,847733,5734212880
004255,NPC우,3245,3165,-80,-2.47,31395,99374800
010060,OCI,156500,160500,4000,2.56,805702,127489718000
178920,PI첨단소재,58100,57000,-1100,-1.89,197942,11147425800
005490,POSCO,335500,330000,-5500,-1.64,342327,112772932500
010950,S-Oil,115000,112000,-3000,-2.61,592610,66306018000
010955,S-Oil우,63900,63400,-500,-0.78,29897,1889977700
034120,SBS,59500,58900,-600,-1.01,188505,10892201300
101060,SBS미디어홀딩스,2085,2085,0,0.0,126420,262160010
005090,SGC에너지,52200,53000,800,1.53,170624,8966382500
001380,SG글로벌,2355,2290,-65,-2.76,180381,417521205
004060,SG세계물산,721,716,-5,-0.69,709932,502325909
001770,SHD,28600,28400,-200,-0.7,8184,231024050
002360,SH에너지화학,1135,1140,5,0.44,23061853,26786193870
009160,SIMPAC,8610,9470,860,9.99,3913790,36111688630
123700,SJM,4565,4635,70,1.53,291691,1377306285
025530,SJM홀딩스,3695,3645,-50,-1.35,19013,68870225
034730,SK,262500,261000,-1500,-0.57,193809,50209398500
011790,SKC,192500,199000,6500,3.38,822244,159458473000
018670,SK가스,166500,168000,1500,0.9,76826,13019770000
001740,SK네트웍스,5170,5130,-40,-0.77,639007,3261185370
001745,SK네트웍스우,98000,97600,-400,-0.41,180,17570700
006120,SK디스커버리,48400,47700,-700,-1.45,103080,4892800350
006125,SK디스커버리우,39950,39400,-550,-1.38,12426,491370900
210980,SK디앤디,34850,33900,-950,-2.73,73740,2510672750
068400,SK렌터카,12100,12050,-50,-0.41,59416,705422400
395400,SK리츠,5980,6000,20,0.33,1331439,7915831560
302440,SK바이오사이언스,270500,273500,3000,1.11,1423518,386278434500
326030,SK바이오팜,104500,102000,-2500,-2.39,315717,32100776000
361610,SK아이이테크놀로지,216500,217500,1000,0.46,403378,86142730000
03473K,SK우,241500,240000,-1500,-0.62,2239,533741500
096770,SK이노베이션,261000,265500,4500,1.72,1258073,333526041000
096775,SK이노베이션우,158500,163000,4500,2.84,23823,3871128000
001510,SK증권,881,876,-5,-0.57,2818417,2454624609
001515,SK증권우,4185,4110,-75,-1.79,18720,76881360
285130,SK케미칼,271500,268000,-3500,-1.29,183207,48630262500
28513K,SK케미칼우,140000,142000,2000,1.43,47911,6621386500
017670,SK텔레콤,315500,319000,3500,1.11,374739,119285007000
000660,SK하이닉스,103500,100000,-3500,-3.38,6353977,637439976900
064960,SNT모티브,51100,50700,-400,-0.78,33070,1664284700
100840,SNT에너지,22600,24600,2000,8.85,636082,15432108350
003570,SNT중공업,9760,9770,10,0.1,23921,230223710
036530,SNT홀딩스,18600,18600,0,0.0,7620,141637400
005610,SPC삼립,78600,77700,-900,-1.15,9499,740290700
011810,STX,4630,4530,-100,-2.16,134425,608822000
077970,STX엔진,10250,10050,-200,-1.95,48702,488203480
071970,STX중공업,5220,5200,-20,-0.38,189420,968220580
002820,SUNL,5540,5350,-190,-3.43,38697,204069850
084870,TBH글로벌,3015,3035,20,0.66,214624,630233700
002710,TCC스틸,8660,8720,60,0.69,2798471,24832855720
002900,TYM,2305,2310,5,0.22,2596495,5887303520
024070,WISCOM,4415,4325,-90,-2.04,139725,601448320
037270,YGPLUS,6670,6730,60,0.9,928584,6149598730
000500,가온전선,29100,28550,-550,-1.89,13588,386667550
000860,강남제비스코,26450,26700,250,0.95,15665,409214000
035250,강원랜드,28400,28750,350,1.23,1441654,41021523700
011420,갤럭시아에스엠,2125,2100,-25,-1.18,203632,419816885
002100,경농,14350,13900,-450,-3.14,89651,1248875700
009450,경동나비엔,63400,60900,-2500,-3.94,107298,6560472600
267290,경동도시가스,26150,25800,-350,-1.34,146108,3821645900
012320,경동인베스트,39300,39900,600,1.53,17207,675225150
000050,경방,13550,13550,0,0.0,13941,187388250
214390,경보제약,10450,10450,0,0.0,101868,1053931900
012610,경인양행,6980,6900,-80,-1.15,177254,1212908540
009140,경인전자,25600,25050,-550,-2.15,12139,300845500
013580,계룡건설,38850,38550,-300,-0.77,118107,4499122600
012200,계양전기,4415,4530,115,2.6,183401,814695145
012205,계양전기우,7690,7700,10,0.13,4107,31443780
002140,고려산업,3405,3325,-80,-2.35,255983,850539585
010130,고려아연,507000,502000,-5000,-0.99,57809,28864359000
002240,고려제강,30950,31000,50,0.16,93449,2804325800
009290,광동제약,8140,7940,-200,-2.46,128366,1026099210
017040,광명전기,3340,3320,-20,-0.6,5144549,17231491520
017900,광전자,2835,2830,-5,-0.18,162336,450355055
037710,광주신세계,197000,198500,1500,0.76,4867,953712000
030610,교보증권,8440,8430,-10,-0.12,84290,707232790
339770,교촌에프앤비,19200,19000,-200,-1.04,76727,1445717750
007690,국도화학,78400,78700,300,0.38,117569,9012097300
005320,국동,3205,3600,395,12.32,49525590,174428073505
001140,국보,1590,1650,60,3.77,2730397,4336703225
002720,국제약품,6900,6760,-140,-2.03,496821,3388307850
083420,그린케미칼,10300,10250,-50,-0.49,142821,1445258550
014530,극동유화,4605,4700,95,2.06,667311,3072268405
014280,금강공업,8190,8070,-120,-1.47,107904,866757600
014285,금강공업우,13500,13000,-500,-3.7,8178,106709750
008870,금비,72900,70900,-2000,-2.74,2427,171473900
001570,금양,4950,5140,190,3.84,1017084,5139374340
002990,금호건설,13000,13000,0,0.0,174969,2256613400
002995,금호건설우,33900,32800,-1100,-3.24,938,30871100
011780,금호석유,191500,192500,1000,0.52,184062,35056441000
011785,금호석유우,121500,121000,-500,-0.41,27749,3321126500
214330,금호에이치티,2540,2505,-35,-1.38,15785067,40334353575
001210,금호전기,3475,3425,-50,-1.44,126755,434688185
073240,금호타이어,5710,5500,-210,-3.68,612828,3396658360
092440,기신정기,4300,4305,5,0.12,32835,139909140
000270,기아,80100,81400,1300,1.62,1955635,156925755300
024110,기업은행,10400,10300,-100,-0.96,1219978,12593839100
013700,까뮤이앤씨,2610,2630,20,0.77,530251,1378252120
004540,깨끗한나라,4815,4730,-85,-1.77,177193,835378915
004545,깨끗한나라우,23050,22450,-600,-2.6,1033,23464050
001260,남광토건,15250,15150,-100,-0.66,26048,388064050
008350,남선알미늄,3455,3325,-130,-3.76,4576015,15266889410
008355,남선알미우,30000,29150,-850,-2.83,4326,125503000
004270,남성,3020,3330,310,10.26,7895283,26847018745
003920,남양유업,439000,425500,-13500,-3.08,8549,3616948000
003925,남양유업우,215000,211500,-3500,-1.63,275,58287000
025860,남해화학,11350,11000,-350,-3.08,784564,8627791800
005720,넥센,5010,5010,0,0.0,44432,222801700
005725,넥센우,3570,3520,-50,-1.4,1670,5880430
002350,넥센타이어,7870,7630,-240,-3.05,162988,1250165390
002355,넥센타이어1우B,3600,3490,-110,-3.06,14812,51956565
003580,넥스트사이언스,29600,30750,1150,3.89,1833349,55965019550
251270,넷마블,116000,114500,-1500,-1.29,217282,24798876500
090350,노루페인트,10500,10450,-50,-0.48,76832,790533150
090355,노루페인트우,21350,20400,-950,-4.45,3938,80833900
000320,노루홀딩스,12500,12650,150,1.2,17226,213001000
000325,노루홀딩스우,47800,45600,-2200,-4.6,6528,297909550
006280,녹십자,330000,332500,2500,0.76,221886,73759179500
005250,녹십자홀딩스,31200,31950,750,2.4,382324,12318050800
005257,녹십자홀딩스2우,74100,78000,3900,5.26,2434,185692500
004370,농심,282500,279500,-3000,-1.06,19669,5480144000
072710,농심홀딩스,74600,74300,-300,-0.4,3007,222911300
058730,다스코,5510,5510,0,0.0,51911,278311890
023590,다우기술,24550,24250,-300,-1.22,144832,3495463400
145210,다이나믹디자인,515,506,-9,-1.75,910834,458290781
019680,대교,4490,4385,-105,-2.34,131759,577774830
019685,대교우B,3540,3505,-35,-0.99,125245,433488535
006370,대구백화점,11000,10900,-100,-0.91,18722,202149050
008060,대덕,7150,7100,-50,-0.7,167911,1185501520
00806K,대덕1우,10600,10400,-200,-1.89,9141,95484850
353200,대덕전자,17100,16800,-300,-1.75,761853,12697460700
35320K,대덕전자1우,14000,13800,-200,-1.43,11929,162960350
000490,대동,10150,10150,0,0.0,251145,2513552150
008110,대동전자,7690,7530,-160,-2.08,25653,191804300
005750,대림BCo,7400,7290,-110,-1.49,50241,362814160
006570,대림통상,3845,3750,-95,-2.47,13080,49045390
001680,대상,24250,23800,-450,-1.86,174357,4152769150
001685,대상우,18600,18700,100,0.54,4141,75619900
084690,대상홀딩스,10250,10350,100,0.98,86104,877142050
084695,대상홀딩스우,11350,11350,0,0.0,6223,68744250
128820,대성산업,5350,5350,0,0.0,6962252,38367263060
117580,대성에너지,10650,11350,700,6.57,16985021,197142435200
016710,대성홀딩스,40550,40700,150,0.37,24629,994207700
003540,대신증권,20450,20350,-100,-0.49,174666,3513968350
003547,대신증권2우B,17500,17550,50,0.29,68396,1180676400
003545,대신증권우,18300,18150,-150,-0.82,138821,2492442200
009190,대양금속,5380,5240,-140,-2.6,565593,2952165910
014160,대영포장,2520,2455,-65,-2.58,861207,2110290965
047040,대우건설,6820,6700,-120,-1.76,1419297,9484441800
009320,대우부품,2345,2375,30,1.28,282086,655196795
042660,대우조선해양,26750,26400,-350,-1.31,419970,11038879650
003090,대웅,33850,32800,-1050,-3.1,155458,5108680800
069620,대웅제약,147500,144000,-3500,-2.37,52341,7520931000
000430,대원강업,4145,4095,-50,-1.21,204654,832047595
006340,대원전선,2100,2040,-60,-2.86,874996,1777940815
006345,대원전선우,3780,3650,-130,-3.44,19860,71686845
003220,대원제약,18650,19250,600,3.22,1558690,30253043300
024890,대원화성,3395,4410,1015,29.9,38852171,157976106465
002880,대유에이텍,1225,1365,140,11.43,43615893,60490398065
000300,대유플러스,1360,1355,-5,-0.37,3857432,5261618915
012800,대창,2160,2110,-50,-2.31,967498,2032232770
015230,대창단조,7500,7370,-130,-1.73,48540,352470700
001070,대한방직,43500,43500,0,0.0,10639,460826350
006650,대한유화,233500,225000,-8500,-3.64,76243,17200667500
001440,대한전선,2450,2440,-10,-0.41,8563387,20551396240
084010,대한제강,20600,20800,200,0.97,240652,4887095450
001790,대한제당,3265,3375,110,3.37,6922550,23683398145
001795,대한제당우,3400,3470,70,2.06,257807,897601345
001130,대한제분,162000,161500,-500,-0.31,4175,667453500
003490,대한항공,33700,33500,-200,-0.59,3540550,117314192000
003495,대한항공우,40200,40000,-200,-0.5,5515,219678650
005880,대한해운,2955,2890,-65,-2.2,1421029,4100537085
003830,대한화섬,142500,139500,-3000,-2.11,711,99395500
016090,대현,3155,3175,20,0.63,11606621,37781684255
069460,대호에이엘,4105,3990,-115,-2.8,203371,813001540
192080,더블유게임즈,63300,62400,-900,-1.42,81422,5047732800
012510,더존비즈온,99000,95800,-3200,-3.23,261360,25189560900
004830,덕성,16250,15750,-500,-3.08,566628,8894288750
004835,덕성우,21650,20750,-900,-4.16,57416,1196141100
024900,덕양산업,3030,3130,100,3.3,673631,2131975540
145720,덴티움,78600,77400,-1200,-1.53,54964,4210547200
002150,도화엔지니어링,8150,8030,-120,-1.47,61876,497244880
001230,동국제강,18500,18450,-50,-0.27,738119,13389502650
023450,동남합성,71700,64400,-7300,-10.18,14690,971627500
004140,동방,4065,4110,45,1.11,1328688,5424561010
007590,동방아그로,7560,7420,-140,-1.85,20690,153607110
005960,동부건설,14750,15050,300,2.03,139594,2064544450
005965,동부건설우,45650,44750,-900,-1.97,8384,388141650
026960,동서,29100,29000,-100,-0.34,105840,3056641900
002210,동성제약,9990,9900,-90,-0.9,88058,869851840
102260,동성케미컬,5780,5730,-50,-0.87,59319,338026570
000640,동아쏘시오홀딩스,117500,118500,1000,0.85,19495,2250046000
170900,동아에스티,75400,75000,-400,-0.53,25894,1934920500
028100,동아지질,20000,19600,-400,-2.0,60111,1181184550
282690,동아타이어,12450,12400,-50,-0.4,30431,377674450
001520,동양,1605,1580,-25,-1.56,820535,1291217480
001527,동양2우B,16000,15950,-50,-0.31,196,3140500
001529,동양3우B,37000,35550,-1450,-3.92,2796,98300400
084670,동양고속,22050,22050,0,0.0,5552,121374400
082640,동양생명,7050,7050,0,0.0,475602,3330247540
001525,동양우,8020,7980,-40,-0.5,3304,26258190
008970,동양철관,1505,1460,-45,-2.99,1059820,1548633875
092780,동양피스톤,9670,10450,780,8.07,5595401,58110876780
049770,동원FB,203500,201500,-2000,-0.98,4135,830678500
018500,동원금속,1005,985,-20,-1.99,328270,323527362
006040,동원산업,231000,226500,-4500,-1.95,5618,1275378000
030720,동원수산,9650,9620,-30,-0.31,71355,677144420
014820,동원시스템즈,65500,64400,-1100,-1.68,74797,4754833000
014825,동원시스템즈우,36800,35250,-1550,-4.21,1942,68680700
163560,동일고무벨트,8400,8300,-100,-1.19,21958,181345280
004890,동일산업,110000,108500,-1500,-1.36,8519,906384000
002690,동일제강,3665,3600,-65,-1.77,94361,339218400
000020,동화약품,16500,18550,2050,12.42,10756122,197548273850
000150,두산,102000,98000,-4000,-3.92,70471,6962521100
000157,두산2우B,120000,118000,-2000,-1.67,1062,124536000
241560,두산밥캣,39500,39750,250,0.63,187060,7372238800
000155,두산우,70100,69100,-1000,-1.43,7401,514411000
042670,두산인프라코어,9650,9450,-200,-2.07,1366051,12942178830
034020,두산중공업,21000,20450,-550,-2.62,4289388,87553660500
336260,두산퓨얼셀,51700,51500,-200,-0.39,675132,34296794000
33626K,두산퓨얼셀1우,16300,16150,-150,-0.92,35851,573983500
33626L,두산퓨얼셀2우B,21000,20850,-150,-0.71,7808,161063200
016740,두올,5350,5250,-100,-1.87,516380,2715041790
192650,드림텍,10650,10450,-200,-1.88,354225,3652561550
024090,디씨엠,19200,18750,-450,-2.34,26201,492777600
003160,디아이,8110,7920,-190,-2.34,199152,1577730000
092200,디아이씨,5460,5460,0,0.0,426965,2332372340
377190,디앤디플랫폼리츠,5310,5290,-20,-0.38,352982,1860510180
013570,디와이,5310,5220,-90,-1.69,84910,440495000
210540,디와이파워,13100,12950,-150,-1.15,69430,895938450
007340,디티알오토모티브,46050,46250,200,0.43,16055,733872100
026890,디피씨,14550,14350,-200,-1.37,465085,6627821600
115390,락앤락,11450,11400,-50,-0.44,81288,919554450
032350,롯데관광개발,21200,21000,-200,-0.94,628740,13112473550
089860,롯데렌탈,40700,39400,-1300,-3.19,389810,15443938150
330590,롯데리츠,5520,5500,-20,-0.36,466621,2563199580
000400,롯데손해보험,1850,1885,35,1.89,526757,977642220
023530,롯데쇼핑,104500,101500,-3000,-2.87,126449,12843916000
004000,롯데정밀화학,93900,98500,4600,4.9,1093910,107503965700
286940,롯데정보통신,36750,36050,-700,-1.9,37432,1352005100
280360,롯데제과,128000,125500,-2500,-1.95,4357,547785500
004990,롯데지주,34250,33700,-550,-1.61,158032,5330165650
00499K,롯데지주우,52400,51200,-1200,-2.29,173,8870800
005300,롯데칠성,146500,144500,-2000,-1.37,24813,3600873000
005305,롯데칠성우,73800,73200,-600,-0.81,1058,77387700
011170,롯데케미칼,263500,256500,-7000,-2.66,201326,51879438500
002270,롯데푸드,415000,406000,-9000,-2.17,1256,510678000
071840,롯데하이마트,29850,29400,-450,-1.51,67382,1982165450
027740,마니커,470,463,-7,-1.49,1379957,642380256
204320,만도,57600,56600,-1000,-1.74,358954,20294090600
001080,만호제강,22150,22000,-150,-0.68,4405,96129400
088980,맥쿼리인프라,12600,12700,100,0.79,826897,10475311350
094800,맵스리얼티1,4720,4735,15,0.32,24725,116719880
138040,메리츠금융지주,33500,34050,550,1.64,168588,5612263900
008560,메리츠증권,5030,4980,-50,-0.99,1462083,7262299235
000060,메리츠화재,30000,29700,-300,-1.0,200860,5988510800
090370,메타랩스,1070,1075,5,0.47,231151,246626665
017180,명문제약,5290,5240,-50,-0.95,175710,910831680
009900,명신산업,27600,27300,-300,-1.09,451491,12210399400
012690,모나리자,4165,4100,-65,-1.56,389699,1584056010
005360,모나미,4910,5090,180,3.67,573201,2871884535
204210,모두투어리츠,4090,4010,-80,-1.96,35293,139904550
009680,모토닉,11050,10800,-250,-2.26,53919,578228850
009580,무림PP,4495,4410,-85,-1.89,108284,477853590
009200,무림페이퍼,2865,2780,-85,-2.97,145802,405530380
033920,무학,11950,11600,-350,-2.93,301881,3540427400
008420,문배철강,4490,4410,-80,-1.78,126398,555328845
025560,미래산업,13900,13850,-50,-0.36,23071,317020350
007120,미래아이앤지,561,545,-16,-2.85,1583025,860903809
357250,미래에셋맵스리츠,5020,5020,0,0.0,58325,293066290
085620,미래에셋생명,4875,4900,25,0.51,270294,1332183795
006800,미래에셋증권,8710,8560,-150,-1.72,1503684,12906047500
00680K,미래에셋증권2우B,4790,4740,-50,-1.04,373427,1778364670
006805,미래에셋증권우,5870,5760,-110,-1.87,22999,132747070
002840,미원상사,221500,210500,-11000,-4.97,3403,721803500
268280,미원에스씨,194500,193500,-1000,-0.51,2566,490661000
107590,미원홀딩스,128000,129000,1000,0.78,1924,246030500
134380,미원화학,79600,79100,-500,-0.63,132,10468100
003650,미창석유,80900,79800,-1100,-1.36,873,69754600
155900,바다로19호,2985,2935,-50,-1.68,108990,316635645
003610,방림,2585,2595,10,0.39,323617,833931450
001340,백광산업,6290,6730,440,7.0,5187226,33652502380
035150,백산,8700,8110,-590,-6.78,993458,8037528110
002410,범양건영,8510,8550,40,0.47,2618032,22515993460
096300,베트남개발1,239,238,-1,-0.42,166579,39509589
007210,벽산,4005,3895,-110,-2.75,634705,2458714135
002760,보락,2215,2235,20,0.9,566517,1248413130
003850,보령제약,16350,16250,-100,-0.61,240853,3899328000
000890,보해양조,998,999,1,0.1,1339437,1335813628
003000,부광약품,20900,20600,-300,-1.44,897190,18701437600
001270,부국증권,24750,24850,100,0.4,5456,133044200
001275,부국증권우,22900,22850,-50,-0.22,912,20817300
026940,부국철강,5400,5410,10,0.19,1065793,5673655030
015350,부산가스,84500,84400,-100,-0.12,18095,1527717700
011390,부산산업,138000,135000,-3000,-2.17,8204,1095638000
005030,부산주공,713,711,-2,-0.28,813051,572438631
002070,비비안,3250,3195,-55,-1.69,171699,545663150
100220,비상교육,8940,8780,-160,-1.79,53569,466743440
030790,비케이탑스,6570,4600,-1970,-29.98,5332255,25495642190
005180,빙그레,56700,56600,-100,-0.18,24815,1402922100
003960,사조대림,27900,28400,500,1.79,39961,1112643050
008040,사조동아원,1335,1295,-40,-3.0,1102867,1425841205
007160,사조산업,51900,50700,-1200,-2.31,36189,1821674100
014710,사조씨푸드,5410,5250,-160,-2.96,53232,279938630
006090,사조오양,10450,10300,-150,-1.44,48300,494935300
001470,삼부토건,2365,2275,-90,-3.81,3638637,8326027350
006400,삼성SDI,715000,709000,-6000,-0.84,305935,214585859000
006405,삼성SDI우,397500,389500,-8000,-2.01,6598,2565461000
006660,삼성공조,18450,17600,-850,-4.61,134231,2351689600
028260,삼성물산,125000,122500,-2500,-2.0,404898,49506335500
02826K,삼성물산우B,115000,112000,-3000,-2.61,7876,887151000
207940,삼성바이오로직스,871000,874000,3000,0.34,102177,87794457000
032830,삼성생명,74000,72900,-1100,-1.49,373355,27326037200
018260,삼성에스디에스,160500,160500,0,0.0,111429,17750610500
028050,삼성엔지니어링,25950,26150,200,0.77,3856728,100621150350
009150,삼성전기,182000,176500,-5500,-3.02,476126,83777085000
009155,삼성전기우,97500,95100,-2400,-2.46,12976,1234298300
005930,삼성전자,76300,74100,-2200,-2.88,23992458,1783148126490
005935,삼성전자우,71600,70500,-1100,-1.54,3027961,210506643400
001360,삼성제약,6890,6680,-210,-3.05,575896,3845654230
010140,삼성중공업,6230,6160,-70,-1.12,3323539,20356919370
010145,삼성중공우,261000,257000,-4000,-1.53,755,194764000
016360,삼성증권,47850,47200,-650,-1.36,409484,19288378150
068290,삼성출판사,36000,35200,-800,-2.22,80018,2800749300
029780,삼성카드,33700,33500,-200,-0.59,151423,5078477600
000810,삼성화재,233000,231500,-1500,-0.64,105976,24686850500
000815,삼성화재우,174500,174000,-500,-0.29,11048,1917415000
006110,삼아알미늄,32350,30350,-2000,-6.18,451312,13785230600
145990,삼양사,72500,71700,-800,-1.1,36300,2571934900
145995,삼양사우,45500,45050,-450,-0.99,406,18137500
003230,삼양식품,81100,81300,200,0.25,36703,3015822300
002170,삼양통상,65900,66500,600,0.91,4100,270074300
272550,삼양패키징,30000,30550,550,1.83,39934,1205058300
000070,삼양홀딩스,113500,112000,-1500,-1.32,56163,6221381500
000075,삼양홀딩스우,68500,68900,400,0.58,190,12920500
002810,삼영무역,15400,15400,0,0.0,16714,255439950
005680,삼영전자,12500,12300,-200,-1.6,105030,1281872100
003720,삼영화학,3080,3045,-35,-1.14,323499,971818850
023000,삼원강재,3345,3345,0,0.0,44535,146746895
004380,삼익THK,11950,12200,250,2.09,233378,2883846650
002450,삼익악기,1880,1880,0,0.0,259036,484693260
004440,삼일씨엔에스,11400,11600,200,1.75,46430,535226400
000520,삼일제약,8500,8420,-80,-0.94,87571,742087410
009770,삼정펄프,31850,31200,-650,-2.04,1130,35256800
005500,삼진제약,25000,25050,50,0.2,53864,1327445600
004690,삼천리,101500,98600,-2900,-2.86,46242,4648390300
010960,삼호개발,5420,5300,-120,-2.21,104359,551172420
004450,삼화왕관,43800,43150,-650,-1.48,1141,49425650
009470,삼화전기,30050,30150,100,0.33,71216,2082539100
011230,삼화전자,4030,4025,-5,-0.12,85693,338104340
001820,삼화콘덴서,61800,59400,-2400,-3.88,160030,9494145100
000390,삼화페인트,9980,9920,-60,-0.6,64714,637837270
001290,상상인증권,1230,1220,-10,-0.81,133448,161217615
041650,상신브레이크,4145,4065,-80,-1.93,62014,250380780
075180,새론오토모티브,5950,5890,-60,-1.01,18853,110168740
007540,샘표,44400,44150,-250,-0.56,3507,154891350
248170,샘표식품,46500,46000,-500,-1.08,9808,449773850
007860,서연,12250,11800,-450,-3.67,325789,3844927100
200880,서연이화,7780,7700,-80,-1.03,184948,1402453300
017390,서울가스,178000,177000,-1000,-0.56,16783,3025382500
004410,서울식품,346,335,-11,-3.18,6755044,2258729441
004415,서울식품우,4730,4610,-120,-2.54,2307,10639140
021050,서원,2375,2310,-65,-2.74,869840,1985996325
008490,서흥,52900,52100,-800,-1.51,18540,966522800
007610,선도전기,4550,4290,-260,-5.71,1571326,6835256605
136490,선진,14350,14650,300,2.09,177639,2569547300
014910,성문전자,2480,2450,-30,-1.21,139251,335068525
014915,성문전자우,9480,9500,20,0.21,417,3949400
003080,성보화학,4200,4130,-70,-1.67,55907,230110275
004980,성신양회,10900,10700,-200,-1.83,236634,2497928850
004985,성신양회우,15550,15150,-400,-2.57,9998,150952900
011300,성안,787,787,0,0.0,0,0
000180,성창기업지주,2760,2740,-20,-0.72,223068,613029585
002420,세기상사,6160,6160,0,0.0,0,0
004360,세방,13150,12900,-250,-1.9,109217,1393801850
004365,세방우,7580,7360,-220,-2.9,9430,69750260
004490,세방전지,87200,86100,-1100,-1.26,60945,5203325600
001430,세아베스틸,26400,26200,-200,-0.76,134670,3453795000
306200,세아제강,113500,109500,-4000,-3.52,23553,2586001000
003030,세아제강지주,140000,131000,-9000,-6.43,28037,3772517500
019440,세아특수강,16750,16400,-350,-2.09,15834,261554450
058650,세아홀딩스,113000,114000,1000,0.88,522,58567500
013000,세우글로벌,6490,5880,-610,-9.4,4051418,24708582240
091090,세원이앤씨,911,893,-18,-1.98,818888,735041002
021820,세원정공,8090,8090,0,0.0,0,0
067830,세이브존IC,3310,3280,-30,-0.91,32530,106498440
033530,세종공업,11850,12250,400,3.38,1406757,16811664300
075580,세진중공업,5830,6110,280,4.8,397687,2303501420
027970,세하,1815,1785,-30,-1.65,203266,362120060
308170,센트랄모텍,22050,24500,2450,11.11,1170192,29123577700
012600,센트럴인사이트,2490,2490,0,0.0,0,0
068270,셀트리온,263500,261000,-2500,-0.95,471947,122656568500
336370,솔루스첨단소재,68800,70600,1800,2.62,566817,38896584200
33637K,솔루스첨단소재1우,18800,19000,200,1.06,27715,516656650
33637L,솔루스첨단소재2우B,30850,30750,-100,-0.32,4697,143392350
248070,솔루엠,28100,28300,200,0.71,489408,13651229750
004430,송원산업,20100,19750,-350,-1.74,258105,5073356850
017550,수산중공업,2800,2755,-45,-1.61,393070,1077367515
053210,스카이라이프,9930,9770,-160,-1.61,70754,692588370
134790,시디즈,70100,70200,100,0.14,1911,132427800
016590,신대양제지,95400,94800,-600,-0.63,21968,2074269300
029530,신도리코,31800,32150,350,1.1,18876,603650800
004970,신라교역,12900,12800,-100,-0.78,6179,78755900
011930,신성이엔지,2375,2520,145,6.11,20310094,51708675440
005390,신성통상,3910,3705,-205,-5.24,2753206,10224875240
004170,신세계,265000,263500,-1500,-0.57,55557,14565667500
035510,신세계IC,225500,227000,1500,0.67,17320,3840089500
034300,신세계건설,40100,39650,-450,-1.12,17376,684450200
031430,신세계인터내셔날,193000,191500,-1500,-0.78,19405,3702507000
031440,신세계푸드,100000,98500,-1500,-1.5,20944,2037552100
006880,신송홀딩스,5310,5270,-40,-0.75,30666,160234190
005800,신영와코루,119000,117500,-1500,-1.26,361,42636000
001720,신영증권,62800,62400,-400,-0.64,3055,189776100
001725,신영증권우,63000,62800,-200,-0.32,1135,70744600
009270,신원,3350,3210,-140,-4.18,21313380,69205220195
009275,신원우,53600,50900,-2700,-5.04,2291,116797100
002700,신일전자,1880,1880,0,0.0,1200913,2239248310
019170,신풍제약,63400,58000,-5400,-8.52,2280363,133188867400
019175,신풍제약우,89600,81200,-8400,-9.38,62835,5204166100
002870,신풍제지,2540,2445,-95,-3.74,116810,287179470
293940,신한알파리츠,8240,8090,-150,-1.82,167711,1349261740
055550,신한지주,40150,39850,-300,-0.75,1504973,59918577900
004080,신흥,18500,17650,-850,-4.59,33834,600997100
102280,쌍방울,691,676,-15,-2.17,3297977,2237944115
003410,쌍용CE,8190,8010,-180,-2.2,1234182,9831494380
003620,쌍용차,2770,2770,0,0.0,0,0
004770,써니전자,3360,3325,-35,-1.04,354013,1168900820
015540,쎌마테라퓨틱스,6410,6410,0,0.0,0,0
004920,씨아이테크,1125,1120,-5,-0.44,998922,1092725085
112610,씨에스윈드,76700,75700,-1000,-1.3,362405,27171065400
008700,아남전자,2485,2420,-65,-2.62,621561,1504664755
002790,아모레G,49200,49750,550,1.12,173618,8570730600
00279K,아모레G3우전환,38000,37950,-50,-0.13,11454,429840950
002795,아모레G우,19800,19450,-350,-1.77,26282,512056450
090430,아모레퍼시픽,178000,180000,2000,1.12,309076,55178378208
090435,아모레퍼시픽우,71600,71500,-100,-0.14,22557,1607818300
002030,아세아,143000,141000,-2000,-1.4,8534,1189731000
183190,아세아시멘트,132500,130000,-2500,-1.89,16448,2127025500
002310,아세아제지,44750,44300,-450,-1.01,98615,4383326400
012170,아센디오,1950,1890,-60,-3.08,69353,130199670
267850,아시아나IDT,22650,22350,-300,-1.32,65957,1481285700
020560,아시아나항공,27000,27100,100,0.37,1285849,34356544650
122900,아이마켓코리아,11900,11800,-100,-0.84,267826,3126562750
010780,아이에스동서,47050,46400,-650,-1.38,107038,4940165050
139990,아주스틸,19500,18550,-950,-4.87,527129,9870581200
001780,알루코,4780,4700,-80,-1.67,1272454,6007607230
018250,애경산업,23150,22650,-500,-2.16,49016,1114848150
161000,애경유화,15350,15500,150,0.98,737102,11090946150
011090,에넥스,2805,2670,-135,-4.81,1584020,4258544445
137310,에스디바이오센서,46700,45050,-1650,-3.53,602999,27230106150
005850,에스엘,27500,27800,300,1.09,99558,2722599300
012750,에스원,84500,83500,-1000,-1.18,59133,4938710800
023960,에쓰씨엔지니어링,4810,4800,-10,-0.21,250221,1200239200
298690,에어부산,3350,3435,85,2.54,1981741,6703831395
140910,에이리츠,11000,11000,0,0.0,33030,351802800
078520,에이블씨엔씨,7870,7850,-20,-0.25,151863,1187471840
015260,에이엔피,2340,2470,130,5.56,1957276,4713394605
007460,에이프로젠MED,1865,1865,0,0.0,2281926,4206715020
003060,에이프로젠제약,1065,1040,-25,-2.35,1259271,1306331715
244920,에이플러스에셋,8920,9650,730,8.18,4384538,43256976870
036570,엔씨소프트,571000,574000,3000,0.53,172387,98087717000
138250,엔에스쇼핑,14850,14700,-150,-1.01,121743,1770353650
380440,엔에이치스팩19호,2145,2150,5,0.23,212925,456160805
085310,엔케이,1125,1110,-15,-1.33,567545,620939325
009810,엔케이물산,1865,1820,-45,-2.41,2726502,4959628525
900140,엘브이엠씨홀딩스,3190,3170,-20,-0.63,371183,1157002670
097520,엠씨넥스,40050,38900,-1150,-2.87,159333,6221114400
014440,영보화학,4555,4405,-150,-3.29,96806,425965975
111770,영원무역,44000,44300,300,0.68,117099,5141667400
009970,영원무역홀딩스,47300,46750,-550,-1.16,10333,484466500
003520,영진약품,5060,5020,-40,-0.79,447463,2235085425
000670,영풍,682000,672000,-10000,-1.47,1561,1051914000
006740,영풍제지,6870,6720,-150,-2.18,60620,406971040
012280,영화금속,2225,2190,-35,-1.57,1757635,3891857040
012160,영흥,1120,1110,-10,-0.89,668960,742775995
015360,예스코홀딩스,39550,39350,-200,-0.51,6840,272855750
007310,오뚜기,494500,490000,-4500,-0.91,5424,2663582000
002630,오리엔트바이오,1405,1395,-10,-0.71,964514,1344431185
271560,오리온,120500,117500,-3000,-2.49,77192,9091551000
001800,오리온홀딩스,16750,16600,-150,-0.9,128768,2127171250
011690,와이투솔루션,2440,2440,0,0.0,0,0
070960,용평리조트,5930,5800,-130,-2.19,360961,2095131610
316140,우리금융지주,11350,11350,0,0.0,2622377,29598741700
118000,우리들휴브레인,1645,1635,-10,-0.61,440567,710407420
010050,우리종금,880,872,-8,-0.91,3789588,3312783594
006980,우성사료,31100,30850,-250,-0.8,10343,316783850
017370,우신시스템,4150,4855,705,16.99,10531446,52448341520
105840,우진,9900,10150,250,2.53,5167949,52255262520
010400,우진아이엔에스,8170,8170,0,0.0,15383,124686750
049800,우진플라임,4755,4630,-125,-2.63,64416,299837540
016880,웅진,2345,2300,-45,-1.92,695727,1599691815
095720,웅진씽크빅,3355,3310,-45,-1.34,320098,1059523695
005820,원림,21000,20650,-350,-1.67,1894,38908350
010600,웰바이오텍,1965,1955,-10,-0.51,518921,993701050
008600,윌비스,2225,2110,-115,-5.17,1273952,2706037400
033270,유나이티드제약,53500,54300,800,1.5,216859,11717148000
014830,유니드,138000,131500,-6500,-4.71,393537,51377393500
000910,유니온,6270,6210,-60,-0.96,72620,448113390
047400,유니온머티리얼,3060,2960,-100,-3.27,285058,840488605
011330,유니켐,1560,1520,-40,-2.56,1279303,1929282555
077500,유니퀘스트,10100,10050,-50,-0.5,136530,1365760850
002920,유성기업,3500,3490,-10,-0.29,145676,501683940
000700,유수홀딩스,5840,5870,30,0.51,30868,179287110
003470,유안타증권,4075,4000,-75,-1.84,423160,1693339525
003475,유안타증권우,4150,4130,-20,-0.48,25042,102246450
072130,유엔젤,4920,4925,5,0.1,214505,1036117995
000220,유유제약,8060,7960,-100,-1.24,106102,840623950
000225,유유제약1우,10350,10150,-200,-1.93,14994,150509460
000227,유유제약2우B,23600,22900,-700,-2.97,745,17177400
001200,유진투자증권,3875,3795,-80,-2.06,195234,742271115
000100,유한양행,61200,60900,-300,-0.49,205678,12500967300
000105,유한양행우,58800,58100,-700,-1.19,2005,116808700
003460,유화증권,2685,2685,0,0.0,62349,165285320
003465,유화증권우,2810,2780,-30,-1.07,870,2421015
008730,율촌화학,24000,24600,600,2.5,299402,7233896850
008250,이건산업,13650,13350,-300,-2.2,188097,2508119000
025820,이구산업,4355,4220,-135,-3.1,515683,2176557505
214320,이노션,59600,59200,-400,-0.67,57796,3426836300
088260,이리츠코크렙,5980,6030,50,0.84,112103,674052360
139480,이마트,169500,165000,-4500,-2.65,175653,29088517500
007660,이수페타시스,3720,3685,-35,-0.94,1066325,3868513160
005950,이수화학,16250,16600,350,2.15,1744725,27926899950
015020,이스타코,4165,4140,-25,-0.6,1881878,7871717275
093230,이아이디,421,422,1,0.24,11099393,4635232828
074610,이엔플러스,3720,3690,-30,-0.81,116971,431764305
102460,이연제약,53900,52700,-1200,-2.23,197266,10325997000
084680,이월드,2580,2525,-55,-2.13,500309,1260015540
350520,이지스레지던스리츠,5180,5210,30,0.58,174512,909471580
334890,이지스밸류리츠,5740,5800,60,1.05,124960,723187800
000760,이화산업,17250,16750,-500,-2.9,4215,70502800
014990,인디에프,1870,1790,-80,-4.28,2833244,5077517575
101140,인바이오젠,4280,4335,55,1.29,953860,4036540030
006490,인스코비,6020,5980,-40,-0.66,2512641,14971271860
023800,인지컨트롤스,14000,14200,200,1.43,82607,1165674150
034590,인천도시가스,29450,29350,-100,-0.34,41966,1256176900
129260,인터지스,3925,3975,50,1.27,259702,1017677605
023810,인팩,13400,14550,1150,8.58,1827361,26884543400
249420,일동제약,14000,13950,-50,-0.36,47194,655166900
000230,일동홀딩스,13500,13450,-50,-0.37,15149,203353600
013360,일성건설,5900,5930,30,0.51,25928799,159055118810
003120,일성신약,79600,79700,100,0.13,1383,109356000
003200,일신방직,113500,113500,0,0.0,6994,792066000
007110,일신석재,2980,2905,-75,-2.52,5845667,16960064515
007570,일양약품,31750,31000,-750,-2.36,103928,3223164600
007575,일양약품우,31200,30900,-300,-0.96,1481,45842400
008500,일정실업,21000,20600,-400,-1.9,4890,99862400
081000,일진다이아,41500,40800,-700,-1.69,140807,5669081700
020760,일진디스플,3925,3815,-110,-2.8,116934,447364730
020150,일진머티리얼즈,100500,106500,6000,5.97,1452438,150358738000
103590,일진전기,5820,5740,-80,-1.37,354600,2028164980
271940,일진하이솔루스,74300,75100,800,1.08,274582,20575244800
015860,일진홀딩스,7180,7210,30,0.42,1140582,8163940920
226320,잇츠한불,22600,22250,-350,-1.55,13569,299818450
317400,자이에스앤디,9440,9240,-200,-2.12,180443,1670507630
033240,자화전자,17700,17800,100,0.56,158952,2825127350
000950,전방,41950,40700,-1250,-2.98,3921,159995850
348950,제이알글로벌리츠,5560,5530,-30,-0.54,812159,4473880330
194370,제이에스코퍼레이션,21750,22450,700,3.22,138931,3078399700
025620,제이준코스메틱,1260,1225,-35,-2.78,456836,559681975
036420,제이콘텐트리,51800,51500,-300,-0.58,302063,15431274250
030000,제일기획,22250,21850,-400,-1.8,485369,10598655550
271980,제일약품,37400,36500,-900,-2.41,30533,1116826450
001560,제일연마,8500,8320,-180,-2.12,15167,126495770
002620,제일파마홀딩스,18500,18000,-500,-2.7,17143,309729700
006220,제주은행,6260,6270,10,0.16,233896,1470104750
089590,제주항공,23300,23500,200,0.86,213693,4997584150
004910,조광페인트,8180,8130,-50,-0.61,38601,311615690
004700,조광피혁,57300,57300,0,0.0,2123,120334000
001550,조비,26800,25550,-1250,-4.66,143814,3709025550
000480,조선내화,89100,87700,-1400,-1.57,1940,170203200
120030,조선선재,105000,104000,-1000,-0.95,3445,355792000
018470,조일알미늄,3320,3170,-150,-4.52,5516598,17338069275
002600,조흥,196500,192000,-4500,-2.29,191,36732000
185750,종근당,119000,117000,-2000,-1.68,39950,4679537500
063160,종근당바이오,46900,45500,-1400,-2.99,49984,2273264550
001630,종근당홀딩스,86700,85300,-1400,-1.61,18129,1543532700
044380,주연테크,1155,1125,-30,-2.6,1149836,1294131750
013890,지누스,74900,74000,-900,-1.2,72006,5310561800
013870,지엠비코리아,6840,6790,-50,-0.73,59146,397329710
071320,지역난방공사,44400,44950,550,1.24,43861,1955732050
010580,지코,306,306,0,0.0,0,0
035000,지투알,6720,6650,-70,-1.04,41991,276388120
088790,진도,3555,3400,-155,-4.36,69687,238386420
003780,진양산업,5750,5690,-60,-1.04,220706,1247018550
010640,진양폴리,3780,3720,-60,-1.59,46629,172592150
100250,진양홀딩스,3070,3085,15,0.49,64059,195986805
051630,진양화학,3895,3830,-65,-1.67,37143,143058695
272450,진에어,23000,23150,150,0.65,184727,4224428150
011000,진원생명과학,33600,36750,3150,9.38,2010709,69724082900
002780,진흥기업,2345,2305,-40,-1.71,1052917,2413211640
002787,진흥기업2우B,15800,15300,-500,-3.16,1222,18696600
002785,진흥기업우B,6010,6010,0,0.0,1128,6725270
009310,참엔지니어링,1340,1310,-30,-2.24,324165,423181975
000650,천일고속,69000,68500,-500,-0.72,1169,79692600
033250,체시스,1420,1385,-35,-2.46,114314,157590585
035720,카카오,117500,116500,-1000,-0.85,3172350,367003429400
323410,카카오뱅크,70600,69300,-1300,-1.84,1151274,79340827400
006380,카프로,5090,4995,-95,-1.87,619301,3064732890
109070,컨버즈,4100,4100,0,0.0,0,0
001620,케이비아이동국실업,1210,1220,10,0.83,795805,948870815
029460,케이씨,22650,22300,-350,-1.55,48843,1084716200
281820,케이씨텍,25000,24750,-250,-1.0,105502,2553868750
145270,케이탑리츠,1550,1495,-55,-3.55,629470,943495725
357120,코람코에너지리츠,6390,6400,10,0.16,168014,1075373320
007815,코리아써우,7030,6910,-120,-1.71,2821,19477480
007810,코리아써키트,13100,12850,-250,-1.91,328634,4171158350
00781K,코리아써키트2우B,8630,8800,170,1.97,739,6363430
003690,코리안리,9490,9580,90,0.95,348506,3319324220
192820,코스맥스,126500,128500,2000,1.58,78304,9815006000
044820,코스맥스비티아이,18550,17950,-600,-3.23,14203,255375000
005070,코스모신소재,48300,49450,1150,2.38,984074,47552026750
005420,코스모화학,18750,18600,-150,-0.8,895750,16398799500
071950,코아스,1390,1355,-35,-2.52,428477,584030590
002020,코오롱,41200,41650,450,1.09,185589,7514581750
003070,코오롱글로벌,32050,30950,-1100,-3.43,347460,10755237100
003075,코오롱글로벌우,35250,34600,-650,-1.84,2786,95306650
144620,코오롱머티리얼,3075,3075,0,0.0,0,0
002025,코오롱우,23250,23200,-50,-0.22,16660,377606050
120110,코오롱인더,109000,111500,2500,2.29,550634,60298434500
120115,코오롱인더우,49250,49500,250,0.51,65599,3204818250
138490,코오롱플라스틱,19300,19700,400,2.07,6206942,122120980900
021240,코웨이,73600,72800,-800,-1.09,186208,13570078500
031820,콤텍시스템,952,945,-7,-0.74,968824,914045068
192400,쿠쿠홀딩스,22500,22000,-500,-2.22,18039,399482200
284740,쿠쿠홈시스,43100,42950,-150,-0.35,57450,2486047250
015590,큐로,515,510,-5,-0.97,1161446,590170875
264900,크라운제과,10200,10000,-200,-1.96,38517,386057760
26490K,크라운제과우,14900,14450,-450,-3.02,7721,112461300
005740,크라운해태홀딩스,9410,9150,-260,-2.76,25576,233716700
005745,크라운해태홀딩스우,15150,14400,-750,-4.95,5651,82011150
259960,크래프톤,500000,500000,0,0.0,262394,129740388500
020120,키다리스튜디오,15550,15200,-350,-2.25,143645,2177150850
039490,키움증권,114500,109500,-5000,-4.37,151363,16657040000
014580,태경비케이,6190,5990,-200,-3.23,691415,4111877510
015890,태경산업,6440,6390,-50,-0.78,133320,847141440
006890,태경케미컬,15300,15500,200,1.31,73776,1116542250
003240,태광산업,1150000,1123000,-27000,-2.35,957,1081681000
011280,태림포장,4315,4250,-65,-1.51,139990,592640345
004100,태양금속,2000,1985,-15,-0.75,776716,1513189150
004105,태양금속우,3425,3375,-50,-1.46,71197,238341570
009410,태영건설,11350,11400,50,0.44,89463,1011825750
009415,태영건설우,13650,13950,300,2.2,7365,98488500
001420,태원물산,5100,5020,-80,-1.57,40123,197985200
007980,태평양물산,2865,2930,65,2.27,1101115,3145395035
055490,테이팩스,82000,81700,-300,-0.37,44499,3587448100
078000,텔코웨어,11250,11200,-50,-0.44,14062,156514950
214420,토니모리,7240,7170,-70,-0.97,26477,188742160
019180,티에이치엔,3495,3475,-20,-0.57,179469,612260330
363280,티와이홀딩스,28100,28150,50,0.18,139790,3858523500
36328K,티와이홀딩스우,24400,23850,-550,-2.25,16327,390458950
091810,티웨이항공,4130,4195,65,1.57,827485,3401928455
004870,티웨이홀딩스,1420,1420,0,0.0,426810,602020555
005690,파미셀,14900,14600,-300,-2.01,486309,7078243900
036580,팜스코,6110,6230,120,1.96,180145,1092851780
004720,팜젠사이언스,14600,14800,200,1.37,637237,9291385850
028670,팬오션,7730,7410,-320,-4.14,6560036,48976912290
010820,퍼스텍,2375,2315,-60,-2.53,330203,762670900
016800,퍼시스,38400,37850,-550,-1.43,5793,216591150
001020,페이퍼코리아,2400,2420,20,0.83,170382,405731830
090080,평화산업,2225,2215,-10,-0.45,1884599,4194660160
010770,평화홀딩스,5100,5260,160,3.14,98475,507477980
058430,포스코강판,63000,61800,-1200,-1.9,42384,2600818500
047050,포스코인터내셔널,24800,24350,-450,-1.81,1959042,47835085050
003670,포스코케미칼,165500,177500,12000,7.25,1299953,221806441000
007630,폴루스바이오팜,1225,1225,0,0.0,0,0
017810,풀무원,16450,16150,-300,-1.82,103963,1671973050
103140,풍산,33950,33400,-550,-1.62,151221,5055625200
005810,풍산홀딩스,30550,30000,-550,-1.8,23188,699218850
950210,프레스티지바이오파마,29600,29000,-600,-2.03,500650,14559214850
086790,하나금융지주,45700,45550,-150,-0.33,1481164,67463132460
293480,하나제약,21950,21700,-250,-1.14,30781,667641650
039130,하나투어,89600,89500,-100,-0.11,148529,13100084500
172580,하이골드12호,2630,2625,-5,-0.19,73880,192902085
153360,하이골드3호,2245,2250,5,0.22,19589,43641310
352820,하이브,283500,287000,3500,1.23,227365,64531926000
071090,하이스틸,3515,3430,-85,-2.42,240774,822571690
019490,하이트론,4500,4100,-400,-8.89,149761,643506925
000080,하이트진로,33350,33000,-350,-1.05,198110,6531412550
000087,하이트진로2우B,20700,20550,-150,-0.72,1315,26867700
000140,하이트진로홀딩스,14200,14100,-100,-0.7,9923,139160450
000145,하이트진로홀딩스우,17350,17300,-50,-0.29,816,13938850
152550,한국ANKOR유전,1555,1560,5,0.32,13699,21311280
036460,한국가스공사,47750,48300,550,1.15,4529395,218039017450
005430,한국공항,56500,56600,100,0.18,45569,2559132300
071050,한국금융지주,86600,83800,-2800,-3.23,373661,31358136100
071055,한국금융지주우,67400,66100,-1300,-1.93,24891,1644278900
010040,한국내화,4415,4285,-130,-2.94,60331,258680525
025540,한국단자,77500,75500,-2000,-2.58,36127,2733949700
004090,한국석유,13800,14150,350,2.54,413084,5784839750
002200,한국수출포장,26850,26650,-200,-0.74,20339,542992400
002960,한국쉘석유,276500,277500,1000,0.36,1569,432520000
000240,한국앤컴퍼니,16100,15750,-350,-2.17,192032,3030091550
123890,한국자산신탁,4640,4565,-75,-1.62,351216,1601098840
015760,한국전력,23550,23650,100,0.42,1856988,43506908850
006200,한국전자홀딩스,1505,1530,25,1.66,5788461,9130554955
009540,한국조선해양,101500,101500,0,0.0,373727,37613407600
023350,한국종합기술,8200,8140,-60,-0.73,86787,693370680
025890,한국주강,2760,3220,460,16.67,9182178,29709936120
000970,한국주철관,10250,10100,-150,-1.46,163638,1643510860
104700,한국철강,10050,9840,-210,-2.09,89705,877161880
017960,한국카본,11700,11750,50,0.43,356644,4110429250
161890,한국콜마,45050,44300,-750,-1.66,139932,6163504450
024720,한국콜마홀딩스,22500,22300,-200,-0.89,33215,733321750
161390,한국타이어앤테크놀로지,44500,43800,-700,-1.57,274245,12091316800
034830,한국토지신탁,2480,2460,-20,-0.81,1225690,2983983505
007280,한국특강,3435,3370,-65,-1.89,74806,252408460
168490,한국패러랠,2060,2050,-10,-0.49,41027,84050430
010100,한국프랜지,3000,2935,-65,-2.17,178639,518906265
047810,한국항공우주,33150,32550,-600,-1.81,652517,21053834500
123690,한국화장품,9760,9580,-180,-1.84,39021,374364950
003350,한국화장품제조,29000,28600,-400,-1.38,8639,243840700
011500,한농화성,16750,16800,50,0.3,727808,11899086000
002390,한독,25100,24800,-300,-1.2,28117,695684900
014790,한라,6500,6250,-250,-3.85,886934,5635565870
060980,한라홀딩스,53000,55500,2500,4.72,257985,13943350200
053690,한미글로벌,10850,10500,-350,-3.23,116852,1225746600
042700,한미반도체,32200,30900,-1300,-4.04,468064,14416608500
008930,한미사이언스,61500,61700,200,0.33,173268,10513699300
128940,한미약품,275500,273000,-2500,-0.91,47866,12962191500
009240,한샘,119000,118500,-500,-0.42,141852,16724374500
020000,한섬,39900,39350,-550,-1.38,80937,3159973000
003680,한성기업,7000,6860,-140,-2.0,18032,124186220
105630,한세실업,22500,22550,50,0.22,304717,6802066050
069640,한세엠케이,5590,5380,-210,-3.76,67517,368686930
016450,한세예스24홀딩스,8330,8270,-60,-0.72,56871,468633650
010420,한솔PNS,2180,2175,-5,-0.23,258186,553676345
009180,한솔로지스틱스,4600,4530,-70,-1.52,822569,3688717615
213500,한솔제지,15950,16150,200,1.25,160811,2558419700
014680,한솔케미칼,359500,349500,-10000,-2.78,98889,34495080000
004710,한솔테크닉스,7130,7000,-130,-1.82,153705,1074093680
004150,한솔홀딩스,4005,3985,-20,-0.5,80250,319832950
025750,한솔홈데코,1890,1855,-35,-1.85,1126646,2074971170
004960,한신공영,20300,20200,-100,-0.49,30692,612589050
011700,한신기계,3500,3390,-110,-3.14,1034197,3480193180
001750,한양증권,18550,18450,-100,-0.54,39086,716967050
001755,한양증권우,21900,21450,-450,-2.05,3474,74337100
018880,한온시스템,15850,15500,-350,-2.21,904690,14000267000
009420,한올바이오파마,21600,21250,-350,-1.62,290035,6151327850
014130,한익스프레스,6310,6200,-110,-1.74,61102,377620340
300720,한일시멘트,17900,18150,250,1.4,199199,3548653450
002220,한일철강,3350,3310,-40,-1.19,139241,452439575
006390,한일현대시멘트,34300,33250,-1050,-3.06,17151,570868400
003300,한일홀딩스,14150,14100,-50,-0.35,28115,391767100
051600,한전KPS,38400,38100,-300,-0.78,249439,9426074650
052690,한전기술,51100,49250,-1850,-3.62,306461,15152373400
130660,한전산업,15050,15350,300,1.99,3099252,46744301650
002320,한진,37250,36850,-400,-1.07,34661,1272279350
097230,한진중공업,9480,9500,20,0.21,134001,1243267550
003480,한진중공업홀딩스,5040,4960,-80,-1.59,78518,394068305
180640,한진칼,62400,60200,-2200,-3.53,157486,9518469400
18064K,한진칼우,39750,39500,-250,-0.63,781,30760150
005110,한창,1270,1235,-35,-2.76,916590,1129048295
009460,한창제지,2145,2115,-30,-1.4,415901,881798495
372910,한컴라이프케어,9000,8650,-350,-3.89,419778,3657501650
000880,한화,35600,34150,-1450,-4.07,611868,20972664350
00088K,한화3우B,16650,16300,-350,-2.1,184818,3000441100
088350,한화생명,3595,3605,10,0.28,8414013,30178781680
000370,한화손해보험,4490,4505,15,0.33,4617807,21521922040
009830,한화솔루션,43750,44100,350,0.8,3625913,159606470100
009835,한화솔루션우,46750,46150,-600,-1.28,5320,244206250
272210,한화시스템,18200,17650,-550,-3.02,2079639,36499529400
012450,한화에어로스페이스,50600,48400,-2200,-4.35,829121,40294393850
000885,한화우,42000,40200,-1800,-4.29,2889,116238450
003530,한화투자증권,4445,4365,-80,-1.8,1182543,5143931565
003535,한화투자증권우,12350,12100,-250,-2.02,47912,570306750
195870,해성디에스,41350,41000,-350,-0.85,325480,13017848350
101530,해태제과식품,8710,8580,-130,-1.49,12624,109016960
143210,핸즈코퍼레이션,5520,5470,-50,-0.91,32505,177397430
000720,현대건설,52100,51500,-600,-1.15,528795,27001235200
267270,현대건설기계,41100,40700,-400,-0.97,144939,5812498400
000725,현대건설우,187500,184000,-3500,-1.87,459,83801000
005440,현대그린푸드,9510,9280,-230,-2.42,288290,2680462380
086280,현대글로비스,169500,168000,-1500,-0.88,161250,26929903000
064350,현대로템,24450,24100,-350,-1.43,1430504,34166852000
079430,현대리바트,16750,16800,50,0.3,58750,974389250
012330,현대모비스,253000,253500,500,0.2,301222,75690674000
010620,현대미포조선,69900,68300,-1600,-2.29,459448,31174994600
069960,현대백화점,80300,79400,-900,-1.12,123070,9766952900
004560,현대비앤지스틸,18000,17800,-200,-1.11,74039,1309468000
004565,현대비앤지스틸우,80900,80000,-900,-1.11,453,35996600
004310,현대약품,5730,5650,-80,-1.4,176047,987557280
322000,현대에너지솔루션,24800,24500,-300,-1.21,53368,1289836750
017800,현대엘리베이,49750,48100,-1650,-3.32,344265,16630332400
307950,현대오토에버,101500,99500,-2000,-1.97,101472,10072105200
011210,현대위아,79100,80000,900,1.14,265890,20928394600
267260,현대일렉트릭,26600,26900,300,1.13,493616,13062245700
004020,현대제철,48200,47150,-1050,-2.18,800132,37647833650
329180,현대중공업,100000,107500,7500,7.5,1435139,149302669100
267250,현대중공업지주,65900,64400,-1500,-2.28,181476,11726402800
005380,현대차,201500,201500,0,0.0,934463,186654009000
005387,현대차2우B,96700,96300,-400,-0.41,97232,9349784700
005389,현대차3우B,91900,91000,-900,-0.98,15567,1416671000
005385,현대차우,98700,97200,-1500,-1.52,49007,4761171500
001500,현대차증권,12550,12450,-100,-0.8,104724,1296246250
011760,현대코퍼레이션,19350,19050,-300,-1.55,51360,976072550
227840,현대코퍼레이션홀딩스,13400,13200,-200,-1.49,31582,413747200
126560,현대퓨처넷,4430,4595,165,3.72,618205,2797267490
001450,현대해상,25750,25350,-400,-1.55,667649,17049590850
057050,현대홈쇼핑,71800,71000,-800,-1.11,20113,1431248700
093240,형지엘리트,3930,3875,-55,-1.4,496883,1941023790
003010,혜인,5990,5820,-170,-2.84,82024,473923300
111110,호전실업,14450,14950,500,3.46,101917,1475743700
008770,호텔신라,87700,86500,-1200,-1.37,437633,37684666200
008775,호텔신라우,88900,87100,-1800,-2.02,11388,992159900
002460,화성산업,14400,14550,150,1.04,146455,2113117900
378850,화승알앤에이,5770,5680,-90,-1.56,63213,358342630
241590,화승엔터프라이즈,16600,16500,-100,-0.6,346244,5693315200
006060,화승인더,6880,6800,-80,-1.16,183890,1246768880
013520,화승코퍼레이션,2585,2580,-5,-0.19,195295,495182020
010690,화신,8500,8610,110,1.29,412274,3442375630
133820,화인베스틸,3065,3010,-55,-1.79,145412,434227580
010660,화천기계,2845,2860,15,0.53,153114,434230985
000850,화천기공,38000,37450,-550,-1.45,3789,140765100
016580,환인제약,18950,18600,-350,-1.85,43775,810810700
032560,황금에스티,9620,9450,-170,-1.77,154227,1461536150
004800,효성,118500,118000,-500,-0.42,50173,5849208000
094280,효성ITX,20100,20250,150,0.75,22473,450544500
298040,효성중공업,76500,76600,100,0.13,72482,5478375100
298050,효성첨단소재,798000,789000,-9000,-1.13,73933,58078494000
298020,효성티앤씨,667000,673000,6000,0.9,45993,30369440000
298000,효성화학,381500,372500,-9000,-2.36,32690,12129306000
093370,후성,20500,20500,0,0.0,5173429,104117026150
081660,휠라홀딩스,43900,42350,-1550,-3.53,491529,20904086250
005870,휴니드,7920,7650,-270,-3.41,167254,1285429600
079980,휴비스,10300,10150,-150,-1.46,111638,1124106330
005010,휴스틸,17050,16450,-600,-3.52,111778,1838048850
069260,휴켐스,29800,29000,-800,-2.68,889526,25784755950
000540,흥국화재,3800,3755,-45,-1.18,127907,484968030
000547,흥국화재2우B,29500,29650,150,0.51,1496,44423200
000545,흥국화재우,9470,9380,-90,-0.95,1562,14756700
003280,흥아해운,4390,4520,130,2.96,16008171,71599658210
