티커,종목명,시가,종가,변동폭,등락률,거래량,거래대금
095570,AJ네트웍스,5620,5500,-120,-2.14,204653,1129527430
006840,AK홀딩스,26800,26500,-300,-1.12,20692,546758400
027410,BGF,5680,5680,0,0.0,119940,678592850
282330,BGF리테일,171500,170500,-1000,-0.58,13645,2326331500
138930,BNK금융지주,8890,9150,260,2.92,2458638,22483294360
001460,BYC,427500,416000,-11500,-2.69,674,285007500
001465,BYC우,180000,180000,0,0.0,10,1800000
001040,CJ,99600,100500,900,0.9,63524,6360766100
079160,CJCGV,31150,30850,-300,-0.96,341786,10576536650
00104K,CJ4우전환,82200,82600,400,0.49,5722,471810700
000120,CJ대한통운,149500,149500,0,0.0,31259,4680945500
011150,CJ씨푸드,3945,3975,30,0.76,126405,501214160
011155,CJ씨푸드1우,40200,40500,300,0.75,21,851000
001045,CJ우,61100,61000,-100,-0.16,9079,549397700
097950,CJ제일제당,406500,399500,-7000,-1.72,33642,13497640500
097955,CJ제일제당우,200500,197000,-3500,-1.75,6713,1324470500
000590,CS홀딩스,64000,64100,100,0.16,1230,78892400
012030,DB,1020,1015,-5,-0.49,589264,600349045
016610,DB금융투자,7170,7230,60,0.84,182186,1317927540
005830,DB손해보험,65300,66600,1300,1.99,137287,9085211100
000990,DB하이텍,53000,53200,200,0.38,557446,29982500700
000995,DB하이텍1우,103500,103500,0,0.0,47,4905500
139130,DGB금융지주,10450,10650,200,1.91,840561,8967624950
001530,DI동일,334000,326500,-7500,-2.25,13609,4459410000
000210,DL,69100,68200,-900,-1.3,122935,8405660800
001880,DL건설,29500,29400,-100,-0.34,16255,476553700
000215,DL우,41900,41200,-700,-1.67,4242,176125750
375500,DL이앤씨,135500,133500,-2000,-1.48,63745,8547279500
37550K,DL이앤씨우,77200,76300,-900,-1.17,6727,513097800
004840,DRB동일,5940,5970,30,0.51,15438,91445190
155660,DSR,8080,8120,40,0.5,284198,2315273440
069730,DSR제강,8090,7880,-210,-2.6,262638,2104747710
017940,E1,55900,55900,0,0.0,11114,621706100
365550,ESR켄달스퀘어리츠,6400,6400,0,0.0,262119,1680604880
383220,FF,867000,850000,-17000,-1.96,24199,20757067000
007700,FF홀딩스,38000,40700,2700,7.11,466105,18773113700
114090,GKL,17400,16850,-550,-3.16,608442,10357343950
078930,GS,45300,44500,-800,-1.77,194538,8688070950
006360,GS건설,41650,41150,-500,-1.2,356196,14660886800
001250,GS글로벌,2785,2750,-35,-1.26,1432396,3964202810
007070,GS리테일,32850,32250,-600,-1.83,252880,8219133000
078935,GS우,37200,37050,-150,-0.4,7161,265536600
012630,HDC,10650,10650,0,0.0,85034,907597200
039570,HDC아이콘트롤스,12200,12000,-200,-1.64,12551,152019150
089470,HDC현대EP,6180,6130,-50,-0.81,208214,1277553330
294870,HDC현대산업개발,26200,26100,-100,-0.38,244971,6421413000
011200,HMM,30000,29200,-800,-2.67,3508550,103393929450
082740,HSD엔진,8040,7810,-230,-2.86,475424,3731366930
003560,IHQ,1780,1790,10,0.56,15061213,27532479445
175330,JB금융지주,9170,9080,-90,-0.98,405017,3700254010
234080,JW생명과학,15550,15750,200,1.29,37234,581929550
001060,JW중외제약,24700,24450,-250,-1.01,35815,874888650
001067,JW중외제약2우B,54900,55300,400,0.73,110,6044200
001065,JW중외제약우,33300,33500,200,0.6,369,12232150
096760,JW홀딩스,3745,3760,15,0.4,24349,91531910
105560,KB금융,55400,56100,700,1.26,1221886,68338769900
002380,KCC,372500,360500,-12000,-3.22,40020,14574575500
344820,KCC글라스,64300,64600,300,0.47,65062,4196007500
009070,KCTC,6510,6540,30,0.46,402995,2682486300
009440,KC그린홀딩스,5130,5150,20,0.39,92000,480342020
119650,KC코트렐,7160,7300,140,1.96,342678,2513515260
092220,KEC,3510,3530,20,0.57,33539256,117408899970
016380,KG동부제철,12650,12050,-600,-4.74,603013,7374316850
016385,KG동부제철우,102500,103000,500,0.49,106,10859000
001390,KG케미칼,33500,33100,-400,-1.19,93065,3083126300
033180,KH필룩스,3150,3135,-15,-0.48,584178,1839915980
001940,KISCO홀딩스,21250,20500,-750,-3.53,23054,477995100
025000,KPX케미칼,60200,59100,-1100,-1.83,7861,464764800
092230,KPX홀딩스,65900,65700,-200,-0.3,976,64241400
000040,KR모터스,1015,1005,-10,-0.99,313505,315393480
044450,KSS해운,11400,11250,-150,-1.32,50064,560470750
030200,KT,31650,31600,-50,-0.16,501730,15896202100
033780,KTG,82000,82000,0,0.0,239411,19643558200
030210,KTB투자증권,6500,6440,-60,-0.92,230295,1486255480
058850,KTcs,2695,2700,5,0.19,87598,238230600
058860,KTis,2590,2585,-5,-0.19,76360,199032445
093050,LF,18650,18500,-150,-0.8,38356,713749800
003550,LG,96100,95200,-900,-0.94,132214,12673219100
034220,LG디스플레이,18050,18000,-50,-0.28,2244262,40850085200
051900,LG생활건강,1370000,1390000,20000,1.46,30609,42611639000
051905,LG생활건강우,677000,684000,7000,1.03,3971,2717449000
003555,LG우,68100,68300,200,0.29,4045,276088200
032640,LG유플러스,14700,15000,300,2.04,2371026,35366930700
011070,LG이노텍,197000,194000,-3000,-1.52,176927,34647972500
066570,LG전자,126500,125000,-1500,-1.19,579159,73032664000
066575,LG전자우,65200,64600,-600,-0.92,15999,1037149900
037560,LG헬로비전,7480,7420,-60,-0.8,1004283,7503723390
051910,LG화학,831000,840000,9000,1.08,273548,232759254000
051915,LG화학우,403500,406500,3000,0.74,16332,6673499500
079550,LIG넥스원,48850,47200,-1650,-3.38,127463,6060870800
006260,LS,65800,65300,-500,-0.76,53703,3522929600
010120,LSELECTRIC,64400,63500,-900,-1.4,41033,2620806600
000680,LS네트웍스,3365,3395,30,0.89,86129,293126565
229640,LS전선아시아,8700,8480,-220,-2.53,99441,851049530
001120,LX인터내셔널,30150,29000,-1150,-3.81,755442,22114371200
108670,LX하우시스,74200,73500,-700,-0.94,42242,3111023500
108675,LX하우시스우,35300,34850,-450,-1.27,3158,110510350
383800,LX홀딩스,8950,8950,0,0.0,174199,1566312470
38380K,LX홀딩스1우,14050,13950,-100,-0.71,2899,40559100
023150,MH에탄올,13050,12700,-350,-2.68,218798,2804802500
035420,NAVER,407500,407500,0,0.0,591636,243820144500
181710,NHN,72900,72800,-100,-0.14,56383,4148426400
005940,NH투자증권,13150,13150,0,0.0,460025,6049982500
005945,NH투자증권우,12150,12300,150,1.23,82049,1005569400
338100,NH프라임리츠,4880,4890,10,0.2,62162,304553030
034310,NICE,18150,18000,-150,-0.83,27717,497810200
008260,NI스틸,4255,4240,-15,-0.35,43473,184707390
004250,NPC,6980,6850,-130,-1.86,385900,2657608600
004255,NPC우,3290,3270,-20,-0.61,8816,28920200
010060,OCI,143500,139500,-4000,-2.79,313954,44167443000
178920,PI첨단소재,56800,56300,-500,-0.88,70921,3982256300
005490,POSCO,320000,309500,-10500,-3.28,474504,148976062500
010950,S-Oil,106000,104000,-2000,-1.89,366679,38166061000
010955,S-Oil우,63800,62600,-1200,-1.88,11734,737890200
034120,SBS,59500,59100,-400,-0.67,132023,7960707700
101060,SBS미디어홀딩스,2120,2105,-15,-0.71,297823,628917435
005090,SGC에너지,49900,49800,-100,-0.2,58600,2896013850
001380,SG글로벌,2315,2340,25,1.08,558188,1337154710
004060,SG세계물산,715,719,4,0.56,597533,429186428
001770,SHD,29350,29050,-300,-1.02,7650,224070950
002360,SH에너지화학,1160,1145,-15,-1.29,2961907,3437422785
009160,SIMPAC,8710,8240,-470,-5.4,797855,6747530650
123700,SJM,4765,4840,75,1.57,41685,201990365
025530,SJM홀딩스,3795,3805,10,0.26,12814,48798575
034730,SK,260000,258500,-1500,-0.58,106897,27694830500
011790,SKC,168000,166500,-1500,-0.89,436585,71730761500
018670,SK가스,150000,148000,-2000,-1.33,17291,2573143500
001740,SK네트웍스,5220,5200,-20,-0.38,323330,1688299430
001745,SK네트웍스우,87900,87700,-200,-0.23,325,28513200
006120,SK디스커버리,51000,50700,-300,-0.59,75983,3864102100
006125,SK디스커버리우,41650,41450,-200,-0.48,6919,286270200
210980,SK디앤디,34000,33150,-850,-2.5,25950,870443800
068400,SK렌터카,12200,12100,-100,-0.82,68082,819933500
395400,SK리츠,6550,6610,60,0.92,1649632,11015231960
302440,SK바이오사이언스,232000,220000,-12000,-5.17,732660,163185591000
326030,SK바이오팜,100500,99700,-800,-0.8,151370,15120812500
361610,SK아이이테크놀로지,193500,179000,-14500,-7.49,827838,151321313500
03473K,SK우,228500,228500,0,0.0,789,180106000
096770,SK이노베이션,256500,258000,1500,0.58,270085,69972727000
096775,SK이노베이션우,155000,156000,1000,0.65,3565,556595500
001510,SK증권,967,966,-1,-0.1,4690873,4564752572
001515,SK증권우,4425,4330,-95,-2.15,27223,118479340
285130,SK케미칼,320500,312500,-8000,-2.5,303127,95594053000
28513K,SK케미칼우,177000,174000,-3000,-1.69,69248,12100667000
017670,SK텔레콤,299500,298500,-1000,-0.33,350553,104360351900
000660,SK하이닉스,97700,97900,200,0.2,2010529,197390236450
064960,SNT모티브,53100,52200,-900,-1.69,38465,2022712700
100840,SNT에너지,23650,23000,-650,-2.75,72009,1688751950
003570,SNT중공업,8930,8880,-50,-0.56,25286,224353080
036530,SNT홀딩스,17900,17900,0,0.0,3905,69519950
005610,SPC삼립,77700,79500,1800,2.32,15773,1238385200
011810,STX,4345,4355,10,0.23,64009,278111435
077970,STX엔진,10300,10350,50,0.49,15360,157476200
071970,STX중공업,5030,5080,50,0.99,92602,467647000
002820,SUNL,5650,5650,0,0.0,12651,71271080
084870,TBH글로벌,2900,2810,-90,-3.1,113976,326818020
002710,TCC스틸,8800,8980,180,2.05,1433744,12945843670
002900,TYM,2160,2115,-45,-2.08,1324395,2815625570
024070,WISCOM,4050,4045,-5,-0.12,36709,148055080
037270,YGPLUS,7520,7480,-40,-0.53,4803605,36792434990
000500,가온전선,29150,28850,-300,-1.03,5350,155189950
000860,강남제비스코,26550,26250,-300,-1.13,6788,178720750
035250,강원랜드,29050,28900,-150,-0.52,745932,21518879850
011420,갤럭시아에스엠,2180,2225,45,2.06,235221,524632625
002100,경농,13700,14250,550,4.01,576027,8097550950
009450,경동나비엔,67300,67100,-200,-0.3,43328,2905598100
267290,경동도시가스,24900,24550,-350,-1.41,14606,360073000
012320,경동인베스트,38250,38100,-150,-0.39,2325,88421850
000050,경방,13300,13450,150,1.13,10601,141567150
214390,경보제약,10750,10600,-150,-1.4,37131,395148100
012610,경인양행,7360,7320,-40,-0.54,358204,2612646980
009140,경인전자,28650,28200,-450,-1.57,7137,202427400
013580,계룡건설,37750,37200,-550,-1.46,34562,1295810850
012200,계양전기,4625,4790,165,3.57,564725,2677264560
012205,계양전기우,7330,7310,-20,-0.27,9069,66243610
002140,고려산업,3405,3435,30,0.88,283812,975430760
010130,고려아연,607000,578000,-29000,-4.78,137063,79610572000
002240,고려제강,27700,27050,-650,-2.35,91170,2459808100
009290,광동제약,8000,7970,-30,-0.38,67428,538924460
017040,광명전기,3305,3335,30,0.91,1094224,3629663250
017900,광전자,3470,3505,35,1.01,2623398,9253068640
037710,광주신세계,199000,197000,-2000,-1.01,1250,246670500
030610,교보증권,8540,8580,40,0.47,88338,757585620
339770,교촌에프앤비,18300,18300,0,0.0,42051,766305400
007690,국도화학,73600,71200,-2400,-3.26,66513,4768882600
005320,국동,3300,3095,-205,-6.21,1438532,4545896365
001140,국보,2015,2065,50,2.48,14328894,29395967965
002720,국제약품,6340,6500,160,2.52,151660,975707190
083420,그린케미칼,11300,11300,0,0.0,1128519,12758089750
014530,극동유화,4575,4625,50,1.09,297715,1380004160
014280,금강공업,8090,8060,-30,-0.37,27264,219855280
014285,금강공업우,13000,13050,50,0.38,2033,26618200
008870,금비,66800,67300,500,0.75,971,65066700
001570,금양,5420,5500,80,1.48,1283824,7069529450
002990,금호건설,12200,11900,-300,-2.46,148833,1781061850
002995,금호건설우,32200,32250,50,0.16,404,13017950
011780,금호석유,180500,182000,1500,0.83,173759,31821787000
011785,금호석유우,116500,116500,0,0.0,19780,2315381500
214330,금호에이치티,2220,2245,25,1.13,1070613,2384290100
001210,금호전기,3665,3800,135,3.68,308108,1159223640
073240,금호타이어,5650,5570,-80,-1.42,222443,1251643910
092440,기신정기,4350,4360,10,0.23,45527,199263155
000270,기아,84300,83800,-500,-0.59,1326165,112380507900
024110,기업은행,10950,11100,150,1.37,2640254,29222126800
013700,까뮤이앤씨,2835,2895,60,2.12,1385640,3992783760
004540,깨끗한나라,4655,4670,15,0.32,82645,387943180
004545,깨끗한나라우,24400,24650,250,1.02,1164,28843250
001260,남광토건,15500,15950,450,2.9,68644,1086365500
008350,남선알미늄,3150,3090,-60,-1.9,1623669,5056352300
008355,남선알미우,26100,26100,0,0.0,1608,42270450
004270,남성,3680,3810,130,3.53,3741547,14171517910
003920,남양유업,421500,423500,2000,0.47,1555,658226500
003925,남양유업우,193500,192500,-1000,-0.52,206,40175000
025860,남해화학,11450,13750,2300,20.09,14570395,191577944250
005720,넥센,5060,4975,-85,-1.68,18931,94733765
005725,넥센우,3670,3670,0,0.0,248,904670
002350,넥센타이어,7830,7470,-360,-4.6,383844,2917406850
002355,넥센타이어1우B,3435,3430,-5,-0.15,1208,4103140
003580,넥스트사이언스,26450,24500,-1950,-7.37,1027078,25769547000
251270,넷마블,127500,126000,-1500,-1.18,168967,21502359000
090350,노루페인트,10100,10050,-50,-0.5,28726,289312500
090355,노루페인트우,22000,20700,-1300,-5.91,4411,92703700
000320,노루홀딩스,12550,12450,-100,-0.8,10466,130180750
000325,노루홀딩스우,49750,47000,-2750,-5.53,9383,445161050
006280,녹십자,272000,269500,-2500,-0.92,46913,12702739500
005250,녹십자홀딩스,30400,29900,-500,-1.64,71974,2173139100
005257,녹십자홀딩스2우,71400,69700,-1700,-2.38,735,51118400
004370,농심,291000,289500,-1500,-0.52,12707,3674652000
072710,농심홀딩스,78000,77900,-100,-0.13,1731,134401900
058730,다스코,5380,5320,-60,-1.12,24623,132127100
023590,다우기술,23650,23850,200,0.85,77928,1862752950
145210,다이나믹디자인,503,520,17,3.38,550553,284448171
019680,대교,4400,4420,20,0.45,91920,403047085
019685,대교우B,3430,3420,-10,-0.29,43287,148455425
006370,대구백화점,11050,11300,250,2.26,15063,165945700
008060,대덕,7340,7370,30,0.41,184578,1361902680
00806K,대덕1우,10750,10400,-350,-3.26,6975,73527550
353200,대덕전자,16800,16800,0,0.0,556124,9455084150
35320K,대덕전자1우,13550,13400,-150,-1.11,6634,89449950
000490,대동,9910,9760,-150,-1.51,179954,1764737110
008110,대동전자,7010,6990,-20,-0.29,14442,101064770
005750,대림BCo,7600,7480,-120,-1.58,35411,266327140
006570,대림통상,3740,3740,0,0.0,10617,39750695
001680,대상,24150,24050,-100,-0.41,79183,1905442050
001685,대상우,18450,18400,-50,-0.27,1540,28303700
084690,대상홀딩스,10250,10150,-100,-0.98,38120,386059200
084695,대상홀딩스우,11900,11800,-100,-0.84,2084,24674800
128820,대성산업,5360,5320,-40,-0.75,429941,2308371250
117580,대성에너지,11600,11250,-350,-3.02,1069404,12449226800
016710,대성홀딩스,42400,42600,200,0.47,51769,2186809400
003540,대신증권,20950,21450,500,2.39,207173,4394294300
003547,대신증권2우B,18550,18700,150,0.81,36894,686978700
003545,대신증권우,19200,19300,100,0.52,124963,2407779250
009190,대양금속,5320,5260,-60,-1.13,241282,1281791910
014160,대영포장,2350,2410,60,2.55,912583,2194690460
047040,대우건설,6690,6720,30,0.45,1035873,6918565510
009320,대우부품,3300,3300,0,0.0,18680290,61826757040
042660,대우조선해양,23650,23600,-50,-0.21,380989,8998382750
003090,대웅,33100,32950,-150,-0.45,57963,1925359500
069620,대웅제약,144500,143000,-1500,-1.04,27178,3920445000
000430,대원강업,4650,4385,-265,-5.7,1419395,6375999535
006340,대원전선,2015,1990,-25,-1.24,550703,1099291305
006345,대원전선우,3460,3500,40,1.16,12109,41906970
003220,대원제약,17650,17750,100,0.57,147056,2618396650
024890,대원화성,5910,6100,190,3.21,8113490,49710813600
002880,대유에이텍,2115,2080,-35,-1.65,10700177,22237958945
000300,대유플러스,1490,1455,-35,-2.35,3204026,4709193135
012800,대창,2260,2180,-80,-3.54,1324432,2924587365
015230,대창단조,7580,7550,-30,-0.4,21389,161200650
001070,대한방직,46100,45950,-150,-0.33,4924,226476650
006650,대한유화,208500,205500,-3000,-1.44,39798,8239309000
001440,대한전선,2365,2335,-30,-1.27,5399809,12589597070
084010,대한제강,20100,19650,-450,-2.24,116311,2300400500
001790,대한제당,3455,3575,120,3.47,2246731,7968539905
001795,대한제당우,3700,3755,55,1.49,80397,298790290
001130,대한제분,161000,159500,-1500,-0.93,2283,365513500
003490,대한항공,30750,30550,-200,-0.65,2365364,72165996750
003495,대한항공우,40100,39900,-200,-0.5,3017,120669550
005880,대한해운,2890,2845,-45,-1.56,1979912,5694162955
003830,대한화섬,137000,137500,500,0.36,331,45191500
016090,대현,3080,3060,-20,-0.65,902716,2790345805
069460,대호에이엘,3870,3775,-95,-2.45,170534,648878735
192080,더블유게임즈,65800,64700,-1100,-1.67,515500,33251014700
012510,더존비즈온,96600,94900,-1700,-1.76,59674,5704127600
004830,덕성,16900,16000,-900,-5.33,646429,10556530500
004835,덕성우,23800,22600,-1200,-5.04,67978,1551824650
024900,덕양산업,3150,3155,5,0.16,107038,340546250
145720,덴티움,75700,73000,-2700,-3.57,69707,5220325400
002150,도화엔지니어링,8090,8030,-60,-0.74,14744,118588100
001230,동국제강,18250,17500,-750,-4.11,683309,12137933300
023450,동남합성,65200,65200,0,0.0,1857,121637200
004140,동방,4535,4570,35,0.77,2958008,13885188605
007590,동방아그로,7480,7650,170,2.27,38434,290569110
005960,동부건설,15050,14850,-200,-1.33,78549,1169480250
005965,동부건설우,38500,38500,0,0.0,3330,128891950
026960,동서,29350,29250,-100,-0.34,60477,1767794700
002210,동성제약,9420,9350,-70,-0.74,52286,490354290
102260,동성케미컬,5840,5850,10,0.17,89455,525529540
000640,동아쏘시오홀딩스,111000,111500,500,0.45,4547,508965000
170900,동아에스티,74900,74200,-700,-0.93,14243,1058758700
028100,동아지질,19100,18950,-150,-0.79,32671,618536300
282690,동아타이어,13100,13050,-50,-0.38,21634,281549000
001520,동양,1615,1610,-5,-0.31,439423,708442105
001527,동양2우B,15000,14700,-300,-2.0,657,9677050
001529,동양3우B,38000,37700,-300,-0.79,517,19416500
084670,동양고속,21350,21300,-50,-0.23,2182,46539050
082640,동양생명,7510,7520,10,0.13,294737,2222385830
001525,동양우,7780,7870,90,1.16,517,4080400
008970,동양철관,1465,1480,15,1.02,860776,1271688540
092780,동양피스톤,9150,9080,-70,-0.77,342345,3127369090
049770,동원FB,212000,212500,500,0.24,2704,574764000
018500,동원금속,1030,1030,0,0.0,96720,99527710
006040,동원산업,230500,232000,1500,0.65,2121,491434000
030720,동원수산,9740,9800,60,0.62,30339,296588620
014820,동원시스템즈,62000,64200,2200,3.55,188731,12207865500
014825,동원시스템즈우,36500,37000,500,1.37,417,15439250
163560,동일고무벨트,8610,8750,140,1.63,37707,327702800
004890,동일산업,141000,142500,1500,1.06,1659,234586500
002690,동일제강,3730,3620,-110,-2.95,70647,259785015
000020,동화약품,17250,17400,150,0.87,817602,14197865600
000150,두산,97800,95600,-2200,-2.25,26625,2560160700
000157,두산2우B,117000,116000,-1000,-0.85,1563,180218500
241560,두산밥캣,39250,39000,-250,-0.64,129720,5041922900
000155,두산우,70800,70700,-100,-0.14,2328,164565800
034020,두산중공업,23000,21800,-1200,-5.22,10961988,244007677150
336260,두산퓨얼셀,51400,51900,500,0.97,620924,31822765800
33626K,두산퓨얼셀1우,15850,15900,50,0.32,24502,389423800
33626L,두산퓨얼셀2우B,20150,20100,-50,-0.25,5342,106678900
016740,두올,5080,5050,-30,-0.59,441596,2252482120
192650,드림텍,10200,10650,450,4.41,821202,8746836000
024090,디씨엠,19700,20800,1100,5.58,102731,2093243700
003160,디아이,7120,7170,50,0.7,169391,1212291340
092200,디아이씨,5340,5370,30,0.56,195662,1055989650
377190,디앤디플랫폼리츠,5380,5470,90,1.67,410657,2230295250
013570,디와이,5380,5400,20,0.37,90173,490415760
210540,디와이파워,13350,13250,-100,-0.75,77464,1034291400
007340,디티알오토모티브,52900,53500,600,1.13,25419,1353188400
026890,디피씨,15200,16100,900,5.92,9173608,148127478650
115390,락앤락,10950,10900,-50,-0.46,70722,766384650
032350,롯데관광개발,21650,21000,-650,-3.0,907766,19157944200
089860,롯데렌탈,40800,40650,-150,-0.37,122764,5048681200
330590,롯데리츠,5570,5650,80,1.44,613458,3459842080
000400,롯데손해보험,1940,1935,-5,-0.26,298524,576555130
023530,롯데쇼핑,104500,106500,2000,1.91,87634,9265952000
004000,롯데정밀화학,89200,89100,-100,-0.11,140890,12561585400
286940,롯데정보통신,36150,35200,-950,-2.63,39082,1387989400
280360,롯데제과,129000,129500,500,0.39,4390,568828000
004990,롯데지주,33300,33100,-200,-0.6,85726,2843260000
00499K,롯데지주우,52700,50800,-1900,-3.61,836,43095900
005300,롯데칠성,161000,162000,1000,0.62,18693,3018858500
005305,롯데칠성우,75300,75400,100,0.13,661,50162100
011170,롯데케미칼,244500,237500,-7000,-2.86,204488,48783206500
002270,롯데푸드,383500,387000,3500,0.91,909,351593500
071840,롯데하이마트,28700,28250,-450,-1.57,59138,1680334250
027740,마니커,434,434,0,0.0,0,0
204320,만도,63400,62300,-1100,-1.74,280910,17681742200
001080,만호제강,21450,21500,50,0.23,1879,40318450
088980,맥쿼리인프라,12950,13000,50,0.39,884338,11478335600
094800,맵스리얼티1,4900,4895,-5,-0.1,45734,223201310
138040,메리츠금융지주,33450,33100,-350,-1.05,72136,2405145150
008560,메리츠증권,4900,4905,5,0.1,962468,4712441565
000060,메리츠화재,29600,29150,-450,-1.52,199061,5817056300
090370,메타랩스,1065,1090,25,2.35,193036,209952330
017180,명문제약,5520,5800,280,5.07,1788514,10351903640
009900,명신산업,30350,30100,-250,-0.82,1367532,42156394100
012690,모나리자,4010,4020,10,0.25,72103,291358900
005360,모나미,4770,4810,40,0.84,132945,639794615
204210,모두투어리츠,4260,4300,40,0.94,12513,53557060
009680,모토닉,11200,11050,-150,-1.34,49397,547203500
009580,무림PP,4630,4575,-55,-1.19,103563,476824565
009200,무림페이퍼,2795,2790,-5,-0.18,35815,100438885
033920,무학,10350,10150,-200,-1.93,72382,743470150
008420,문배철강,4445,4435,-10,-0.22,87704,390252085
025560,미래산업,13600,13550,-50,-0.37,22466,304501050
007120,미래아이앤지,543,544,1,0.18,418330,227273141
357250,미래에셋맵스리츠,5070,5070,0,0.0,60592,306416150
085620,미래에셋생명,4580,4550,-30,-0.66,46867,213327435
006800,미래에셋증권,8740,8750,10,0.11,661149,5796693880
00680K,미래에셋증권2우B,4875,4865,-10,-0.21,147876,721048110
006805,미래에셋증권우,5660,5740,80,1.41,62147,356003650
002840,미원상사,212000,211500,-500,-0.24,2034,430021000
268280,미원에스씨,226000,219500,-6500,-2.88,4121,908451000
107590,미원홀딩스,145000,140000,-5000,-3.45,4104,593946000
134380,미원화학,80400,80400,0,0.0,336,27017900
003650,미창석유,78600,78600,0,0.0,987,77470500
155900,바다로19호,3090,3090,0,0.0,64669,199066030
003610,방림,2715,2700,-15,-0.55,197912,538372605
001340,백광산업,5740,5740,0,0.0,429374,2482110360
035150,백산,8270,8110,-160,-1.93,148108,1207128810
002410,범양건영,8230,8630,400,4.86,3061937,26278189660
096300,베트남개발1,238,238,0,0.0,214036,51066840
007210,벽산,3800,3725,-75,-1.97,301758,1135159420
002760,보락,2185,2180,-5,-0.23,211158,460471105
003850,보령제약,14600,14650,50,0.34,117860,1713959200
000890,보해양조,1005,1005,0,0.0,1043764,1055200510
003000,부광약품,13600,13700,100,0.74,466808,6378049250
001270,부국증권,24800,24900,100,0.4,583,14484450
001275,부국증권우,22950,23000,50,0.22,154,3541450
026940,부국철강,4995,4895,-100,-2.0,421386,2078505650
015350,부산가스,84200,84300,100,0.12,12343,1040100600
011390,부산산업,126000,126500,500,0.4,4653,585498500
005030,부산주공,669,669,0,0.0,287872,192090335
002070,비비안,3100,3110,10,0.32,142357,439598990
100220,비상교육,8370,8370,0,0.0,16752,139779800
030790,비케이탑스,4175,3915,-260,-6.23,202002,805838015
005180,빙그레,56900,56900,0,0.0,8303,472321400
003960,사조대림,28250,28200,-50,-0.18,24489,687767300
008040,사조동아원,1315,1330,15,1.14,2755859,3687369865
007160,사조산업,49800,49400,-400,-0.8,6159,305541000
014710,사조씨푸드,5360,5400,40,0.75,50285,272215080
006090,사조오양,10050,9830,-220,-2.19,51691,514054630
001470,삼부토건,2250,2175,-75,-3.33,2037314,4487549360
006400,삼성SDI,727000,727000,0,0.0,194324,141863866000
006405,삼성SDI우,389500,390500,1000,0.26,2799,1103775000
006660,삼성공조,16800,16550,-250,-1.49,34769,579097200
028260,삼성물산,121000,120500,-500,-0.41,177599,21461113500
02826K,삼성물산우B,110500,109000,-1500,-1.36,3048,335659000
207940,삼성바이오로직스,868000,875000,7000,0.81,43048,37741678000
032830,삼성생명,70700,70600,-100,-0.14,149050,10536512300
018260,삼성에스디에스,158500,155500,-3000,-1.89,84675,13233962000
028050,삼성엔지니어링,25000,24700,-300,-1.2,1052310,26359482000
009150,삼성전기,159500,158000,-1500,-0.94,678587,107733550500
009155,삼성전기우,90900,89900,-1000,-1.1,6567,592372100
005930,삼성전자,70600,70300,-300,-0.42,10151638,715666115800
005935,삼성전자우,64400,64400,0,0.0,842851,54372371500
001360,삼성제약,6100,6050,-50,-0.82,530213,3261868260
010140,삼성중공업,6050,6010,-40,-0.66,3826808,22962584540
010145,삼성중공우,261000,260500,-500,-0.19,549,142603000
016360,삼성증권,48150,48550,400,0.83,224543,10889473150
068290,삼성출판사,35000,35600,600,1.71,112013,4041949700
029780,삼성카드,35200,34900,-300,-0.85,108159,3792125450
000810,삼성화재,245000,247000,2000,0.82,51512,12654476000
000815,삼성화재우,181000,182500,1500,0.83,9595,1749606000
006110,삼아알미늄,31400,29500,-1900,-6.05,355374,10626607050
145990,삼양사,75100,72200,-2900,-3.86,67283,4920135300
145995,삼양사우,45250,44900,-350,-0.77,117,5275650
003230,삼양식품,82300,81600,-700,-0.85,20130,1647037800
002170,삼양통상,63900,64000,100,0.16,3128,199697100
272550,삼양패키징,28750,29250,500,1.74,8883,257745400
000070,삼양홀딩스,110500,107500,-3000,-2.71,22800,2492152500
000075,삼양홀딩스우,69700,69600,-100,-0.14,448,31034400
002810,삼영무역,15500,15550,50,0.32,5261,81827050
005680,삼영전자,11950,11950,0,0.0,31989,382596200
003720,삼영화학,3100,3070,-30,-0.97,188680,580989040
023000,삼원강재,3395,3370,-25,-0.74,30718,103718505
004380,삼익THK,12050,11850,-200,-1.66,19919,237617700
002450,삼익악기,1805,1795,-10,-0.55,99801,179942795
004440,삼일씨엔에스,11100,11000,-100,-0.9,26925,297679850
000520,삼일제약,8510,8400,-110,-1.29,48208,405136280
009770,삼정펄프,30200,30250,50,0.17,546,16391700
005500,삼진제약,25950,25800,-150,-0.58,29693,765319650
004690,삼천리,100000,98100,-1900,-1.9,11820,1169366900
010960,삼호개발,5280,5240,-40,-0.76,38567,202959090
004450,삼화왕관,43850,43850,0,0.0,330,14367000
009470,삼화전기,30000,30250,250,0.83,75324,2310549750
011230,삼화전자,3845,3880,35,0.91,51485,200480440
001820,삼화콘덴서,56900,56100,-800,-1.41,39386,2224793000
000390,삼화페인트,9500,9520,20,0.21,35947,344801920
001290,상상인증권,1235,1235,0,0.0,135050,166871045
041650,상신브레이크,4440,4490,50,1.13,247189,1116748000
075180,새론오토모티브,5780,5870,90,1.56,10040,58734510
007540,샘표,46000,46300,300,0.65,3756,173616250
248170,샘표식품,47850,47850,0,0.0,5451,259538300
007860,서연,13600,13000,-600,-4.41,391074,5137172850
200880,서연이화,7890,7670,-220,-2.79,143110,1114708150
017390,서울가스,172000,168000,-4000,-2.33,5301,895538000
004410,서울식품,343,337,-6,-1.75,3293979,1117310825
004415,서울식품우,4780,4780,0,0.0,2645,12695855
021050,서원,2250,2200,-50,-2.22,513655,1134722175
008490,서흥,48550,47750,-800,-1.65,42365,2031755100
007610,선도전기,4975,5050,75,1.51,1487800,7444144820
136490,선진,13700,13600,-100,-0.73,48538,662040800
014910,성문전자,2735,2710,-25,-0.91,191636,526697160
014915,성문전자우,9530,9410,-120,-1.26,215,2037460
003080,성보화학,4310,4325,15,0.35,59143,255478210
004980,성신양회,10300,10300,0,0.0,113394,1157941950
004985,성신양회우,15300,14900,-400,-2.61,3583,53842000
011300,성안,787,787,0,0.0,0,0
000180,성창기업지주,2695,2685,-10,-0.37,112897,303974885
002420,세기상사,6160,6160,0,0.0,0,0
004360,세방,12750,12600,-150,-1.18,30042,380384200
004365,세방우,7280,7240,-40,-0.55,7763,56626560
004490,세방전지,89400,86600,-2800,-3.13,58486,5146604200
001430,세아베스틸,24700,23850,-850,-3.44,72791,1756916300
306200,세아제강,108000,105000,-3000,-2.78,13263,1406697500
003030,세아제강지주,135500,134500,-1000,-0.74,9422,1261462500
019440,세아특수강,16300,16100,-200,-1.23,11698,189072200
058650,세아홀딩스,117500,116000,-1500,-1.28,438,51088000
013000,세우글로벌,3475,3485,10,0.29,1534483,5415323135
091090,세원이앤씨,923,903,-20,-2.17,1457003,1330583439
021820,세원정공,8090,8090,0,0.0,0,0
067830,세이브존IC,3245,3230,-15,-0.46,32343,104458170
033530,세종공업,11850,11600,-250,-2.11,783194,9261110500
075580,세진중공업,6360,6200,-160,-2.52,245174,1545088210
027970,세하,1800,1790,-10,-0.56,266842,472652305
308170,센트랄모텍,29150,28000,-1150,-3.95,389201,11154620900
012600,센트럴인사이트,2490,2490,0,0.0,0,0
068270,셀트리온,218000,219000,1000,0.46,522976,115656151500
336370,솔루스첨단소재,87600,87900,300,0.34,481911,43059897900
33637K,솔루스첨단소재1우,22450,22500,50,0.22,63352,1437650600
33637L,솔루스첨단소재2우B,31700,31850,150,0.47,9073,291779450
248070,솔루엠,28700,28400,-300,-1.05,481291,13733937250
004430,송원산업,17900,17600,-300,-1.68,164909,2917269750
017550,수산중공업,2850,2815,-35,-1.23,302351,856322305
053210,스카이라이프,10200,10550,350,3.43,226442,2363049800
134790,시디즈,67500,67200,-300,-0.44,1256,84611600
016590,신대양제지,87600,86400,-1200,-1.37,11423,986990300
029530,신도리코,33000,33200,200,0.61,11741,390644900
004970,신라교역,13250,13350,100,0.75,36705,490793300
011930,신성이엔지,2290,2270,-20,-0.87,844828,1934015875
005390,신성통상,3530,3515,-15,-0.42,1709781,6021681495
004170,신세계,255500,256500,1000,0.39,42119,10779053500
035510,신세계IC,219500,216000,-3500,-1.59,13900,3039176000
034300,신세계건설,39900,39550,-350,-0.88,6757,266907250
031430,신세계인터내셔날,175500,175000,-500,-0.28,22486,3964532500
031440,신세계푸드,91900,92200,300,0.33,16211,1490704200
006880,신송홀딩스,5250,5290,40,0.76,15345,80646270
005800,신영와코루,119500,117500,-2000,-1.67,233,27438000
001720,신영증권,63300,63500,200,0.32,5047,320174100
001725,신영증권우,64000,63900,-100,-0.16,385,24634700
009270,신원,3560,3930,370,10.39,77997730,295221574255
009275,신원우,50700,51700,1000,1.97,1217,63023700
002700,신일전자,2015,1980,-35,-1.74,1831208,3662025365
019170,신풍제약,61000,60800,-200,-0.33,497785,30694307600
019175,신풍제약우,80700,80300,-400,-0.5,16788,1364889100
002870,신풍제지,2435,2420,-15,-0.62,60571,147156570
293940,신한알파리츠,8070,8060,-10,-0.12,64804,522601880
055550,신한지주,39300,39800,500,1.27,1076886,42757016800
004080,신흥,15700,15950,250,1.59,7252,116091300
102280,쌍방울,679,685,6,0.88,1602146,1094417486
003410,쌍용CE,7700,7710,10,0.13,350375,2694672340
003620,쌍용차,2770,2770,0,0.0,0,0
004770,써니전자,3730,3905,175,4.69,2727425,10534212310
015540,쎌마테라퓨틱스,6410,6410,0,0.0,0,0
004920,씨아이테크,1010,1000,-10,-0.99,365275,364165106
112610,씨에스윈드,71700,70300,-1400,-1.95,262602,18695638000
008700,아남전자,2295,2370,75,3.27,6743863,16786882825
002790,아모레G,52000,52500,500,0.96,125673,6610018500
00279K,아모레G3우전환,39050,39050,0,0.0,6250,244725850
002795,아모레G우,19350,19350,0,0.0,22748,441332200
090430,아모레퍼시픽,190000,192500,2500,1.32,256326,49376556500
090435,아모레퍼시픽우,73200,73200,0,0.0,28923,2133322200
002030,아세아,135000,135500,500,0.37,4400,594962000
183190,아세아시멘트,128500,125000,-3500,-2.72,5896,747783500
002310,아세아제지,43950,43950,0,0.0,19970,881354650
012170,아센디오,2025,2310,285,14.07,3744268,8661221180
267850,아시아나IDT,20550,20600,50,0.24,14112,289665050
020560,아시아나항공,23150,23850,700,3.02,1089522,25608384950
122900,아이마켓코리아,11050,11150,100,0.9,143344,1602593650
010780,아이에스동서,46150,46700,550,1.19,75517,3509164100
139990,아주스틸,18400,19350,950,5.16,3560358,72492491750
001780,알루코,4295,4230,-65,-1.51,476168,2034633875
018250,애경산업,22600,22500,-100,-0.44,24471,552236200
161000,애경유화,15300,15000,-300,-1.96,336552,5066640050
011090,에넥스,2555,2535,-20,-0.78,538733,1377213620
137310,에스디바이오센서,46400,46450,50,0.11,249524,11660940950
005850,에스엘,33750,33850,100,0.3,187920,6367167350
012750,에스원,85000,83900,-1100,-1.29,43893,3692378100
023960,에쓰씨엔지니어링,4340,4305,-35,-0.81,282027,1231988570
298690,에어부산,2695,2685,-10,-0.37,1527413,4101900960
140910,에이리츠,11150,11150,0,0.0,21026,232212200
078520,에이블씨엔씨,8040,8150,110,1.37,60798,499126740
015260,에이엔피,2335,2275,-60,-2.57,298949,679377015
007460,에이프로젠MED,1800,1795,-5,-0.28,1018850,1834143135
003060,에이프로젠제약,1030,1025,-5,-0.49,554463,569551380
244920,에이플러스에셋,10650,11050,400,3.76,876146,9703100150
036570,엔씨소프트,629000,624000,-5000,-0.79,206803,130170055100
138250,엔에스쇼핑,15700,15150,-550,-3.5,83594,1281686050
380440,엔에이치스팩19호,2115,2095,-20,-0.95,57972,121583435
085310,엔케이,1155,1145,-10,-0.87,200495,229758500
009810,엔케이물산,1895,1900,5,0.26,1360340,2574865055
900140,엘브이엠씨홀딩스,3370,3330,-40,-1.19,176647,592590260
097520,엠씨넥스,42500,42950,450,1.06,93403,4022389750
014440,영보화학,4350,4315,-35,-0.8,34346,148838420
111770,영원무역,45500,44150,-1350,-2.97,140062,6243899150
009970,영원무역홀딩스,47600,47000,-600,-1.26,7026,331501400
003520,영진약품,4865,4895,30,0.62,261251,1281198510
000670,영풍,728000,710000,-18000,-2.47,2164,1548526000
006740,영풍제지,7030,6980,-50,-0.71,48370,338005510
012280,영화금속,2055,2090,35,1.7,1336775,2802219510
012160,영흥,1105,1110,5,0.45,3772613,4340628985
015360,예스코홀딩스,39200,38550,-650,-1.66,5607,215542150
007310,오뚜기,490000,486000,-4000,-0.82,2838,1383491500
002630,오리엔트바이오,1295,1285,-10,-0.77,428330,554313890
271560,오리온,119500,125000,5500,4.6,249680,31190443500
001800,오리온홀딩스,16600,16900,300,1.81,117615,1980326750
011690,와이투솔루션,2440,2440,0,0.0,0,0
070960,용평리조트,5980,6020,40,0.67,207680,1248545260
316140,우리금융지주,12350,12600,250,2.02,3563992,44690828500
118000,우리들휴브레인,1545,1540,-5,-0.32,451249,701003120
010050,우리종금,883,895,12,1.36,2844253,2552040186
006980,우성,30500,30650,150,0.49,29165,900400950
017370,우신시스템,6640,6700,60,0.9,21966063,162384993990
105840,우진,9510,9060,-450,-4.73,1069976,9948701960
010400,우진아이엔에스,8030,8030,0,0.0,3137,25177780
049800,우진플라임,4625,4635,10,0.22,88139,417368870
016880,웅진,2315,2240,-75,-3.24,699699,1577694065
095720,웅진씽크빅,3405,3370,-35,-1.03,245184,829649440
005820,원림,21700,21950,250,1.15,7001,154336200
010600,웰바이오텍,1840,1840,0,0.0,457430,832176910
008600,윌비스,1955,1935,-20,-1.02,478899,936066040
033270,유나이티드제약,47750,47600,-150,-0.31,37189,1776425950
014830,유니드,133500,132500,-1000,-0.75,141797,18995262500
000910,유니온,6460,6530,70,1.08,105432,686695570
047400,유니온머티리얼,3480,3395,-85,-2.44,963698,3311508885
011330,유니켐,1480,1455,-25,-1.69,444121,650408990
077500,유니퀘스트,10050,10150,100,1.0,58176,586260910
002920,유성기업,3455,3455,0,0.0,28164,97240635
000700,유수홀딩스,5970,5900,-70,-1.17,43302,256576960
003470,유안타증권,4445,4495,50,1.12,701738,3144216630
003475,유안타증권우,4480,4530,50,1.12,33008,147730060
072130,유엔젤,5270,5200,-70,-1.33,210306,1088012130
000220,유유제약,7600,7660,60,0.79,95678,731672550
000225,유유제약1우,10200,10250,50,0.49,9991,103555200
000227,유유제약2우B,23150,23750,600,2.59,2103,50914650
001200,유진투자증권,3945,3915,-30,-0.76,221639,872784310
000100,유한양행,63200,62200,-1000,-1.58,177601,11059450800
000105,유한양행우,59900,59500,-400,-0.67,608,36388200
003460,유화증권,2800,2805,5,0.18,56697,159014455
003465,유화증권우,2800,2780,-20,-0.71,3083,8550425
008730,율촌화학,22600,23150,550,2.43,78445,1794277650
008250,이건산업,13650,13750,100,0.73,237234,3313733900
025820,이구산업,4520,4245,-275,-6.08,1094902,4701922155
214320,이노션,60900,60400,-500,-0.82,36897,2239059600
088260,이리츠코크렙,6240,6300,60,0.96,61795,389667520
139480,이마트,162500,162000,-500,-0.31,113759,18485631036
007660,이수페타시스,3830,3805,-25,-0.65,320736,1223511440
005950,이수화학,15750,15950,200,1.27,686798,10989841450
015020,이스타코,3555,3620,65,1.83,866442,3134928075
093230,이아이디,390,376,-14,-3.59,21506727,8110836216
074610,이엔플러스,3485,3490,5,0.14,105942,371337475
102460,이연제약,42900,55700,12800,29.84,2613198,137662084050
084680,이월드,2470,2450,-20,-0.81,299902,737684005
350520,이지스레지던스리츠,5440,5440,0,0.0,106963,582867300
334890,이지스밸류리츠,5810,5890,80,1.38,64010,374776370
000760,이화산업,16750,16800,50,0.3,1226,20459450
014990,인디에프,1810,1890,80,4.42,2601612,4800735540
101140,인바이오젠,3510,3550,40,1.14,535572,1902907950
006490,인스코비,3625,3555,-70,-1.93,1396859,5024643290
023800,인지컨트롤스,17750,17000,-750,-4.23,348588,6071267350
034590,인천도시가스,29300,29000,-300,-1.02,2165,62754650
129260,인터지스,3640,3675,35,0.96,92620,339382745
023810,인팩,16450,17150,700,4.26,97937,1632455050
249420,일동제약,14000,14200,200,1.43,50895,725582250
000230,일동홀딩스,13150,13550,400,3.04,13643,183103100
013360,일성건설,6970,7260,290,4.16,6529361,47031005460
003120,일성신약,79200,78800,-400,-0.51,945,74562200
003200,일신방직,118000,116000,-2000,-1.69,11656,1347844000
007110,일신석재,2800,2885,85,3.04,4159753,11830643520
007570,일양약품,31850,31400,-450,-1.41,54656,1732658250
007575,일양약품우,30600,30000,-600,-1.96,1743,53031550
008500,일정실업,21600,21350,-250,-1.16,1370,29661750
081000,일진다이아,40100,39400,-700,-1.75,62327,2472664150
020760,일진디스플,3655,3720,65,1.78,47339,174878385
020150,일진머티리얼즈,117000,109500,-7500,-6.41,823707,91845296500
103590,일진전기,5850,5830,-20,-0.34,365637,2141933840
271940,일진하이솔루스,74700,76500,1800,2.41,454833,33946274900
015860,일진홀딩스,7260,7210,-50,-0.69,641231,4600066700
226320,잇츠한불,21250,21350,100,0.47,21723,460931300
317400,자이에스앤디,9260,9250,-10,-0.11,46771,429314600
033240,자화전자,17500,17100,-400,-2.29,117182,2015572100
000950,전방,40600,40550,-50,-0.12,868,35423450
348950,제이알글로벌리츠,5450,5470,20,0.37,565177,3086522680
194370,제이에스코퍼레이션,21500,21100,-400,-1.86,71059,1504230950
025620,제이준코스메틱,1190,1195,5,0.42,228491,274025020
036420,제이콘텐트리,64400,66500,2100,3.26,889972,59624565800
030000,제일기획,24000,24150,150,0.63,381688,9248481300
271980,제일약품,35600,35550,-50,-0.14,14927,533401500
001560,제일연마,9000,8870,-130,-1.44,19054,169204210
002620,제일파마홀딩스,18100,18100,0,0.0,8755,159135150
006220,제주은행,6370,6370,0,0.0,67923,433297150
089590,제주항공,21750,21400,-350,-1.61,104544,2224406600
004910,조광페인트,8260,8140,-120,-1.45,24789,203453810
004700,조광피혁,57300,56800,-500,-0.87,732,41568600
001550,조비,26300,28200,1900,7.22,1963801,55028136200
000480,조선내화,88400,88300,-100,-0.11,1123,99144600
120030,조선선재,103000,103500,500,0.49,2811,287334500
018470,조일알미늄,3065,2985,-80,-2.61,3559476,10559112135
002600,조흥,198000,195500,-2500,-1.26,107,21017500
185750,종근당,120500,120000,-500,-0.41,23736,2865779000
063160,종근당바이오,43150,43150,0,0.0,18492,795850150
001630,종근당홀딩스,84200,83500,-700,-0.83,7721,644494400
044380,주연테크,1135,1145,10,0.88,813360,936593910
013890,지누스,74500,75400,900,1.21,222500,16965949900
013870,지엠비코리아,7390,7280,-110,-1.49,665587,4888382430
071320,지역난방공사,43200,42950,-250,-0.58,6788,291090300
010580,지코,1530,1530,0,0.0,0,0
035000,지투알,6590,6560,-30,-0.46,90050,593204050
088790,진도,3395,3425,30,0.88,58949,200699070
003780,진양산업,6410,6480,70,1.09,157744,1017128760
010640,진양폴리,3925,3930,5,0.13,37175,146865745
100250,진양홀딩스,3105,3095,-10,-0.32,42582,131987580
051630,진양화학,4175,4190,15,0.36,38212,159569680
272450,진에어,20850,20550,-300,-1.44,204729,4195563850
011000,진원생명과학,27750,27950,200,0.72,420940,11744107200
002780,진흥기업,2235,2240,5,0.22,662502,1486817400
002787,진흥기업2우B,14800,14700,-100,-0.68,230,3366750
002785,진흥기업우B,6090,6080,-10,-0.16,662,4003240
009310,참엔지니어링,1260,1225,-35,-2.78,400570,491610545
000650,천일고속,68100,68400,300,0.44,313,21340200
033250,체시스,1425,1410,-15,-1.05,78986,112167135
035720,카카오,127500,128000,500,0.39,4959740,638092300500
323410,카카오뱅크,61300,59700,-1600,-2.61,1812030,110718714900
006380,카프로,4680,4565,-115,-2.46,879546,3999273795
109070,컨버즈,4100,4100,0,0.0,0,0
001620,케이비아이동국실업,1190,1165,-25,-2.1,806092,951202170
029460,케이씨,22400,22800,400,1.79,42544,949850000
281820,케이씨텍,21800,21550,-250,-1.15,76401,1648875650
381970,케이카,23350,23850,500,2.14,672744,16083884950
145270,케이탑리츠,1510,1510,0,0.0,309372,468708430
357120,코람코에너지리츠,6490,6490,0,0.0,109576,712281200
007815,코리아써우,6310,6210,-100,-1.58,3124,19611690
007810,코리아써키트,13650,13450,-200,-1.47,251367,3393620150
00781K,코리아써키트2우B,8440,8410,-30,-0.36,1798,14933700
003690,코리안리,10050,10200,150,1.49,506145,5129907400
192820,코스맥스,133000,131000,-2000,-1.5,72015,9606669000
044820,코스맥스비티아이,17900,17850,-50,-0.28,8762,154941700
005070,코스모신소재,49750,48250,-1500,-3.02,748528,36502338500
005420,코스모화학,18500,17800,-700,-3.78,695078,12486719950
071950,코아스,1275,1305,30,2.35,291441,378686240
002020,코오롱,36450,37250,800,2.19,109138,4076269200
003070,코오롱글로벌,27350,27100,-250,-0.91,77730,2134160250
003075,코오롱글로벌우,33500,33650,150,0.45,1592,53313500
144620,코오롱머티리얼,3075,3075,0,0.0,0,0
002025,코오롱우,21200,21750,550,2.59,8898,192810750
120110,코오롱인더,91800,96500,4700,5.12,831325,79716371500
120115,코오롱인더우,41650,42900,1250,3.0,36916,1587567100
138490,코오롱플라스틱,19000,19050,50,0.26,2333776,44904612950
021240,코웨이,83700,84300,600,0.72,146093,12268969300
031820,콤텍시스템,959,959,0,0.0,905248,869030360
192400,쿠쿠홀딩스,22400,22300,-100,-0.45,15329,343507150
284740,쿠쿠홈시스,43650,43850,200,0.46,42558,1877063200
015590,큐로,510,506,-4,-0.78,572304,291608313
264900,크라운제과,10200,10200,0,0.0,15418,157022050
26490K,크라운제과우,14200,14600,400,2.82,17219,247769600
005740,크라운해태홀딩스,9090,9230,140,1.54,18751,171560770
005745,크라운해태홀딩스우,13600,13650,50,0.37,3361,45861850
259960,크래프톤,493500,487000,-6500,-1.32,281768,139280408000
020120,키다리스튜디오,17150,18750,1600,9.33,1965361,35740085100
039490,키움증권,107500,108000,500,0.47,65594,7122327500
014580,태경비케이,5710,5690,-20,-0.35,295047,1695955530
015890,태경산업,6520,6450,-70,-1.07,235484,1524824340
006890,태경케미컬,13650,13950,300,2.2,84654,1182894700
003240,태광산업,1092000,1074000,-18000,-1.65,876,946749000
011280,태림포장,4155,4220,65,1.56,146512,617869550
004100,태양금속,1930,1845,-85,-4.4,625331,1176450635
004105,태양금속우,3145,3165,20,0.64,7716,24488350
009410,태영건설,11450,11400,-50,-0.44,96230,1087796650
009415,태영건설우,12950,13050,100,0.77,2084,26921400
001420,태원물산,5010,4950,-60,-1.2,21793,108008480
007980,태평양물산,3075,2955,-120,-3.9,1755750,5304283605
055490,테이팩스,78200,75300,-2900,-3.71,50927,3873050500
078000,텔코웨어,11000,11300,300,2.73,11574,127895200
214420,토니모리,6820,7150,330,4.84,86066,611768640
019180,티에이치엔,5130,5500,370,7.21,5420770,28812423250
363280,티와이홀딩스,28250,27950,-300,-1.06,68336,1936116750
36328K,티와이홀딩스우,23800,23300,-500,-2.1,8657,202525600
091810,티웨이항공,3980,3960,-20,-0.5,356366,1409346185
004870,티웨이홀딩스,1435,1410,-25,-1.74,406664,558133460
005690,파미셀,12550,12450,-100,-0.8,660499,8336242850
036580,팜스코,6340,6360,20,0.32,73833,470440170
004720,팜젠사이언스,10800,12500,1700,15.74,4293900,53176701100
028670,팬오션,6410,6270,-140,-2.18,6806737,42625577790
010820,퍼스텍,2325,2295,-30,-1.29,183126,419315560
016800,퍼시스,38800,38950,150,0.39,3371,131137900
001020,페이퍼코리아,1890,1895,5,0.26,72534,137731605
090080,평화산업,2280,2220,-60,-2.63,1188863,2716963340
010770,평화홀딩스,5420,5390,-30,-0.55,68734,368993580
058430,포스코강판,63000,61400,-1600,-2.54,124088,7724093300
047050,포스코인터내셔널,23100,22350,-750,-3.25,1338799,30179119750
003670,포스코케미칼,162000,155500,-6500,-4.01,677731,106101783000
007630,폴루스바이오팜,1225,1225,0,0.0,0,0
017810,풀무원,17650,17500,-150,-0.85,85871,1504979950
103140,풍산,35450,34200,-1250,-3.53,198808,6860015200
005810,풍산홀딩스,30600,30150,-450,-1.47,19446,585611400
950210,프레스티지바이오파마,25300,24800,-500,-1.98,255405,6371260550
086790,하나금융지주,44450,45550,1100,2.47,1230992,55726585100
293480,하나제약,20650,20800,150,0.73,21484,443944950
039130,하나투어,84200,82700,-1500,-1.78,135956,11290151800
172580,하이골드12호,2690,2665,-25,-0.93,43960,116785845
153360,하이골드3호,2450,2450,0,0.0,37994,92919865
352820,하이브,322000,319500,-2500,-0.78,769351,252397120000
071090,하이스틸,3430,3410,-20,-0.58,65638,226037910
019490,하이트론,3550,3440,-110,-3.1,61601,214418550
000080,하이트진로,35450,35700,250,0.71,390615,13826406050
000087,하이트진로2우B,21100,20800,-300,-1.42,5844,121837550
000140,하이트진로홀딩스,14950,15000,50,0.33,24354,363812050
000145,하이트진로홀딩스우,17400,17450,50,0.29,204,3568050
152550,한국ANKOR유전,1605,1605,0,0.0,1824,2932995
036460,한국가스공사,46900,46400,-500,-1.07,576744,26997176950
005430,한국공항,49800,49800,0,0.0,11550,574087050
071050,한국금융지주,86900,86500,-400,-0.46,107781,9334202700
071055,한국금융지주우,67900,68100,200,0.29,9896,674422600
010040,한국내화,4065,4170,105,2.58,124663,515601450
025540,한국단자,77700,76100,-1600,-2.06,24205,1854810000
004090,한국석유,13350,13200,-150,-1.12,94053,1247007550
002200,한국수출포장,25800,25800,0,0.0,12069,311261750
002960,한국쉘석유,284000,282000,-2000,-0.7,998,281777500
000240,한국앤컴퍼니,17750,17350,-400,-2.25,117273,2041508750
123890,한국자산신탁,4460,4475,15,0.34,73514,328864470
015760,한국전력,22950,22750,-200,-0.87,1254138,28633201750
006200,한국전자홀딩스,1755,1705,-50,-2.85,2607948,4507709450
009540,한국조선해양,96900,96400,-500,-0.52,151627,14680757300
023350,한국종합기술,7600,7640,40,0.53,26663,201677780
025890,한국주강,5430,5440,10,0.18,1017247,5558683740
000970,한국주철관,9950,9900,-50,-0.5,35864,355693820
104700,한국철강,9730,9520,-210,-2.16,61597,590428330
017960,한국카본,11750,11600,-150,-1.28,406650,4743163450
161890,한국콜마,46850,46750,-100,-0.21,56954,2671902650
024720,한국콜마홀딩스,24050,23800,-250,-1.04,28692,684239450
161390,한국타이어앤테크놀로지,45200,44000,-1200,-2.65,194061,8575202450
034830,한국토지신탁,2360,2405,45,1.91,718666,1721685385
007280,한국특강,3005,3030,25,0.83,172766,520102225
168490,한국패러랠,2090,2080,-10,-0.48,11696,24372140
010100,한국프랜지,2960,2985,25,0.84,80046,239619435
047810,한국항공우주,33850,32750,-1100,-3.25,1000320,33123045750
123690,한국화장품,9610,9670,60,0.62,14872,143699980
003350,한국화장품제조,29500,28900,-600,-2.03,13224,386147700
011500,한농화성,21300,21700,400,1.88,1356842,29124757650
002390,한독,24200,24300,100,0.41,12985,316128000
014790,한라,5760,5740,-20,-0.35,321892,1846254350
060980,한라홀딩스,52500,53800,1300,2.48,85072,4534766600
053690,한미글로벌,10900,10900,0,0.0,36085,390854800
042700,한미반도체,30650,30300,-350,-1.14,168512,5165562650
008930,한미사이언스,60100,59600,-500,-0.83,44583,2672189000
128940,한미약품,274000,272500,-1500,-0.55,12380,3378387500
009240,한샘,110000,114000,4000,3.64,223862,24996334000
020000,한섬,42400,42400,0,0.0,91701,3890121100
003680,한성기업,6820,6720,-100,-1.47,16121,108959990
105630,한세실업,25150,24700,-450,-1.79,241613,6045510800
069640,한세엠케이,5910,6070,160,2.71,159584,975827580
016450,한세예스24홀딩스,8220,8300,80,0.97,29304,242845990
010420,한솔PNS,2255,2260,5,0.22,175630,392917205
009180,한솔로지스틱스,4645,4785,140,3.01,2178227,10309872610
213500,한솔제지,15000,15100,100,0.67,91660,1389859650
014680,한솔케미칼,362500,346500,-16000,-4.41,118537,41410456806
004710,한솔테크닉스,6850,6850,0,0.0,88968,615280750
004150,한솔홀딩스,3855,3865,10,0.26,117860,456730670
025750,한솔홈데코,1935,1925,-10,-0.52,4651693,8982248740
004960,한신공영,19900,19900,0,0.0,21998,434819400
011700,한신기계,3670,3575,-95,-2.59,1094553,3933159645
001750,한양증권,18250,18150,-100,-0.55,27269,499432950
001755,한양증권우,22650,22400,-250,-1.1,1762,39621050
018880,한온시스템,15400,15250,-150,-0.97,310202,4749531150
009420,한올바이오파마,20800,20700,-100,-0.48,148112,3098335550
014130,한익스프레스,6220,6230,10,0.16,43490,269732730
300720,한일시멘트,15800,15500,-300,-1.9,195216,3051713450
002220,한일철강,3365,3400,35,1.04,61122,207525075
006390,한일현대시멘트,30950,30600,-350,-1.13,12364,378681150
003300,한일홀딩스,13700,13750,50,0.36,12260,168931350
051600,한전KPS,42850,40850,-2000,-4.67,406164,16784359050
052690,한전기술,61400,57500,-3900,-6.35,1021466,59865535600
130660,한전산업,17150,16200,-950,-5.54,2905423,47811680300
002320,한진,35100,35150,50,0.14,16851,591320450
097230,한진중공업,9940,9720,-220,-2.21,82171,804100030
003480,한진중공업홀딩스,4785,4765,-20,-0.42,19015,90050340
180640,한진칼,57700,57000,-700,-1.21,68041,3896209600
18064K,한진칼우,37550,37750,200,0.53,1491,56099700
005110,한창,1195,1230,35,2.93,655786,795028120
009460,한창제지,2080,2085,5,0.24,212514,444204785
372910,한컴라이프케어,8180,8360,180,2.2,234824,1960361970
000880,한화,33800,33500,-300,-0.89,331967,11160866350
00088K,한화3우B,16350,16300,-50,-0.31,30951,505682400
088350,한화생명,3605,3560,-45,-1.25,2842710,10210043105
000370,한화손해보험,4725,4795,70,1.48,923148,4412041510
009830,한화솔루션,45300,44000,-1300,-2.87,1363556,60492610400
009835,한화솔루션우,45300,44800,-500,-1.1,2569,115146250
272210,한화시스템,17500,16800,-700,-4.0,1314184,22276577450
012450,한화에어로스페이스,50900,48100,-2800,-5.5,1618118,78671825450
000885,한화우,39750,40050,300,0.75,528,21290100
003530,한화투자증권,5790,5750,-40,-0.69,31445742,184314628720
003535,한화투자증권우,16950,16250,-700,-4.13,205379,3452893100
195870,해성디에스,46100,44650,-1450,-3.15,281764,12801276700
101530,해태제과식품,8430,8420,-10,-0.12,19704,165692680
143210,핸즈코퍼레이션,5630,5540,-90,-1.6,13141,73280700
000720,현대건설,50900,50100,-800,-1.57,352599,17734316100
267270,현대건설기계,39900,39500,-400,-1.0,42819,1698635850
000725,현대건설우,160500,160000,-500,-0.31,251,39986000
005440,현대그린푸드,9860,9790,-70,-0.71,172370,1689132430
086280,현대글로비스,177500,175000,-2500,-1.41,77404,13557924000
042670,현대두산인프라코어,9270,9270,0,0.0,0,0
064350,현대로템,23800,23900,100,0.42,666376,15848725800
079430,현대리바트,16650,16400,-250,-1.5,36604,604406850
012330,현대모비스,272000,268000,-4000,-1.47,172245,46522654500
010620,현대미포조선,66600,65300,-1300,-1.95,183122,12107590400
069960,현대백화점,83400,83300,-100,-0.12,62807,5239485900
004560,현대비앤지스틸,18050,17700,-350,-1.94,67056,1195909100
004565,현대비앤지스틸우,80000,80900,900,1.13,115,9170800
004310,현대약품,5860,6000,140,2.39,166174,989910610
322000,현대에너지솔루션,24600,24100,-500,-2.03,60088,1484794600
017800,현대엘리베이,48250,48800,550,1.14,166856,8087450200
307950,현대오토에버,115000,120500,5500,4.78,264115,31662938500
011210,현대위아,85800,84000,-1800,-2.1,274035,23371661400
267260,현대일렉트릭,24150,23400,-750,-3.11,301793,7116520450
004020,현대제철,46350,45000,-1350,-2.91,723492,32875378350
329180,현대중공업,101500,100500,-1000,-0.99,269309,27108340500
267250,현대중공업지주,63900,62800,-1100,-1.72,214973,13562366600
005380,현대차,209000,209000,0,0.0,472664,98990986000
005387,현대차2우B,99800,99100,-700,-0.7,52920,5268003400
005389,현대차3우B,93500,93300,-200,-0.21,5107,476527700
005385,현대차우,99900,99500,-400,-0.4,41416,4133681400
001500,현대차증권,12950,12800,-150,-1.16,40906,526532300
011760,현대코퍼레이션,17950,18050,100,0.56,19495,349662950
227840,현대코퍼레이션홀딩스,13000,12900,-100,-0.77,21356,276128200
126560,현대퓨처넷,4980,4865,-115,-2.31,958843,4751351325
001450,현대해상,28250,28550,300,1.06,391396,11162234350
057050,현대홈쇼핑,72000,71700,-300,-0.42,11379,817611300
093240,형지엘리트,4050,4100,50,1.23,291380,1187477900
003010,혜인,6000,6010,10,0.17,52604,316700040
111110,호전실업,15150,15300,150,0.99,155633,2406048800
008770,호텔신라,91000,90000,-1000,-1.1,416996,37600476800
008775,호텔신라우,90300,89700,-600,-0.66,2787,250701300
002460,화성산업,13750,13800,50,0.36,82304,1149942700
378850,화승알앤에이,6250,6440,190,3.04,1196383,7749441430
241590,화승엔터프라이즈,18250,17550,-700,-3.84,113217,2012994650
006060,화승인더,6970,7030,60,0.86,165753,1161666590
013520,화승코퍼레이션,2750,2715,-35,-1.27,1115601,3064535610
010690,화신,9810,9710,-100,-1.02,550804,5419027030
133820,화인베스틸,3355,3455,100,2.98,633397,2168731045
010660,화천기계,2635,2630,-5,-0.19,32416,84936600
000850,화천기공,36600,36600,0,0.0,9263,335985600
016580,환인제약,18350,18550,200,1.09,21825,403431950
032560,황금에스티,9540,9370,-170,-1.78,154652,1454467940
004800,효성,108000,105500,-2500,-2.31,49061,5236287500
094280,효성ITX,19950,20000,50,0.25,15642,312563000
298040,효성중공업,71600,70100,-1500,-2.09,51246,3618269700
298050,효성첨단소재,764000,742000,-22000,-2.88,88673,67420987000
298020,효성티앤씨,625000,621000,-4000,-0.64,29556,18491528000
298000,효성화학,331000,321000,-10000,-3.02,21752,7079957000
093370,후성,22050,20950,-1100,-4.99,3147178,67061838250
081660,휠라홀딩스,36700,36650,-50,-0.14,911709,33516606850
005870,휴니드,7720,7570,-150,-1.94,59280,449560340
079980,휴비스,10100,9930,-170,-1.68,46673,465408860
005010,휴스틸,16400,15850,-550,-3.35,61091,986938850
069260,휴켐스,26700,26550,-150,-0.56,304533,8137577850
000540,흥국화재,3830,3995,165,4.31,294303,1173003250
000547,흥국화재2우B,28250,28500,250,0.88,212,6005000
000545,흥국화재우,8750,8810,60,0.69,2900,25435990
003280,흥아해운,3870,4160,290,7.49,20984041,89135982660
