티커,종목명,시가,종가,변동폭,등락률,거래량,거래대금
095570,AJ네트웍스,5040,4935,-105,-2.08,131987,650318565
006840,AK홀딩스,28950,29000,50,0.17,51872,1510992200
027410,BGF,7150,7060,-90,-1.26,921106,6562769600
282330,BGF리테일,163500,162000,-1500,-0.92,27042,4383338000
138930,BNK금융지주,6800,6750,-50,-0.74,1453521,9781966580
001460,BYC,380000,378500,-1500,-0.39,454,172708500
001465,BYC우,162500,162000,-500,-0.31,84,13562500
001040,CJ,93400,95200,1800,1.93,187273,17861045700
079160,CJCGV,26900,27050,150,0.56,171481,4613470200
00104K,CJ4우전환,74300,75700,1400,1.88,12553,948593800
000120,CJ대한통운,178000,175000,-3000,-1.69,69826,12296230000
011150,CJ씨푸드,5190,4885,-305,-5.88,12059775,61943354555
011155,CJ씨푸드1우,37550,37500,-50,-0.13,3601,137312800
001045,CJ우,58700,59200,500,0.85,4621,273886300
097950,CJ제일제당,416500,415000,-1500,-0.36,31214,12992704500
097955,CJ제일제당우,190500,191500,1000,0.52,4386,839988000
000590,CS홀딩스,75300,73000,-2300,-3.05,16741,1243128200
012030,DB,966,935,-31,-3.21,2438992,2307208944
016610,DB금융투자,6880,6630,-250,-3.63,308488,2065450340
005830,DB손해보험,46200,44800,-1400,-3.03,341869,15506900600
000990,DB하이텍,55000,55200,200,0.36,539295,29767469500
000995,DB하이텍1우,114000,115000,1000,0.88,1139,131129000
139130,DGB금융지주,8240,8130,-110,-1.33,773749,6295455220
001530,DI동일,177000,177500,500,0.28,18067,3213015500
000210,DL,84800,85200,400,0.47,166850,14153992400
001880,DL건설,36150,35500,-650,-1.8,97542,3467861000
000215,DL우,44100,44600,500,1.13,9867,438169850
375500,DL이앤씨,127500,127000,-500,-0.39,214142,27194043500
37550K,DL이앤씨우,75800,76400,600,0.79,17033,1300251300
004840,DRB동일,6790,6650,-140,-2.06,51165,343312410
155660,DSR,6050,5980,-70,-1.16,71965,431479740
069730,DSR제강,5760,5770,10,0.17,123817,714640430
017940,E1,45600,46400,800,1.75,34608,1603638250
365550,ESR켄달스퀘어리츠,6110,6160,50,0.82,193712,1195052280
007700,FF,157000,157000,0,0.0,167627,26640254500
114090,GKL,15950,15850,-100,-0.63,247469,3944649400
078930,GS,39050,39050,0,0.0,387828,15157163200
006360,GS건설,44750,43700,-1050,-2.35,1577508,69190265800
001250,GS글로벌,2695,2670,-25,-0.93,1192889,3202833865
007070,GS리테일,37700,37400,-300,-0.8,210276,7872535000
078935,GS우,33250,33600,350,1.05,8847,297063600
012630,HDC,12400,12400,0,0.0,316643,3928951300
039570,HDC아이콘트롤스,10400,10650,250,2.4,117198,1250674250
089470,HDC현대EP,6300,6250,-50,-0.79,157475,983818620
294870,HDC현대산업개발,28450,27950,-500,-1.76,706564,19899070200
011200,HMM,29900,29900,0,0.0,7991525,234834396850
082740,HSD엔진,8970,8900,-70,-0.78,614667,5480107880
003560,IHQ,2455,2345,-110,-4.48,4022453,9501508565
175330,JB금융지주,6630,6540,-90,-1.36,505079,3291354130
234080,JW생명과학,19650,19600,-50,-0.25,166156,3281685150
001060,JW중외제약,30200,30200,0,0.0,67651,2041297550
001067,JW중외제약2우B,64900,67300,2400,3.7,2237,148757300
001065,JW중외제약우,36950,39100,2150,5.82,5678,218205400
096760,JW홀딩스,4825,4860,35,0.73,139159,674039815
105560,KB금융,53400,53500,100,0.19,1479972,78352306734
002380,KCC,280500,274500,-6000,-2.14,61713,17177941000
009070,KCTC,6060,6060,0,0.0,474754,2890758250
009440,KC그린홀딩스,4930,4840,-90,-1.83,102097,500272965
119650,KC코트렐,9100,9140,40,0.44,136697,1237626600
092220,KEC,2360,2445,85,3.6,6049203,14784002940
016380,KG동부제철,15700,15250,-450,-2.87,684480,10576920400
016385,KG동부제철우,120000,120000,0,0.0,163,19475500
001390,KG케미칼,27700,28000,300,1.08,151751,4228234350
001940,KISCO홀딩스,17500,17400,-100,-0.57,55223,965633800
025000,KPX케미칼,66100,66400,300,0.45,4408,293415400
092230,KPX홀딩스,63100,64600,1500,2.38,25539,1639535200
000040,KR모터스,1375,1380,5,0.36,1373449,1887594265
044450,KSS해운,10900,10900,0,0.0,74134,809582250
030200,KT,27850,28100,250,0.9,949173,26635516000
033780,KTG,82000,82300,300,0.37,409664,33679193800
030210,KTB투자증권,6180,5780,-400,-6.47,2148178,12648078600
058850,KTcs,3025,2985,-40,-1.32,686642,2065568765
058860,KTis,3055,3040,-15,-0.49,224104,681858410
093050,LF,18750,18900,150,0.8,276154,5258047400
003550,LG,95000,95900,900,0.95,408947,39195926500
034220,LG디스플레이,24700,24650,-50,-0.2,3983903,98001553500
001120,LG상사,30550,30750,200,0.65,380919,11825602700
051900,LG생활건강,1564000,1563000,-1000,-0.06,19332,30316168000
051905,LG생활건강우,683000,684000,1000,0.15,6149,4205031048
003555,LG우,73500,74000,500,0.68,13541,1001582200
032640,LG유플러스,12600,13100,500,3.97,6485955,83983121850
011070,LG이노텍,208000,212500,4500,2.16,299509,63855092500
066570,LG전자,156500,157500,1000,0.64,1114768,175133007000
066575,LG전자우,72700,72600,-100,-0.14,122478,8883188500
108670,LG하우시스,87000,87200,200,0.23,82870,7219957600
108675,LG하우시스우,38950,38700,-250,-0.64,9618,373159750
037560,LG헬로비전,4935,4945,10,0.2,726165,3582901290
051910,LG화학,817000,868000,51000,6.24,713786,608823662000
051915,LG화학우,390000,407000,17000,4.36,53901,21711306000
079550,LIG넥스원,42500,43600,1100,2.59,183583,7939852000
006260,LS,65700,65300,-400,-0.61,143088,9342462100
010120,LSELECTRIC,60900,61000,100,0.16,64293,3906408800
000680,LS네트웍스,2940,3005,65,2.21,164675,494271970
229640,LS전선아시아,8050,7990,-60,-0.75,289316,2304196820
023150,MH에탄올,9460,9520,60,0.63,210788,2002153250
035420,NAVER,385500,388500,3000,0.78,586643,226337587000
181710,NHN,73100,73100,0,0.0,43539,3167351500
005940,NH투자증권,11950,11950,0,0.0,714532,8533404200
005945,NH투자증권우,10050,10050,0,0.0,109007,1092506030
338100,NH프라임리츠,4410,4420,10,0.23,27312,120538700
034310,NICE,17700,17750,50,0.28,139355,2472075850
008260,NI스틸,4025,3930,-95,-2.36,396346,1576682675
004250,NPC,4485,4400,-85,-1.9,263205,1165691715
004255,NPC우,2480,2485,5,0.2,18020,44635080
010060,OCI,118000,117500,-500,-0.42,214184,25064903500
005490,POSCO,329500,327000,-2500,-0.76,460293,151184122500
010950,S-Oil,78200,77800,-400,-0.51,522808,40816483500
010955,S-Oil우,43950,44100,150,0.34,11049,486897800
034120,SBS,22800,23950,1150,5.04,300693,7106103500
101060,SBS미디어홀딩스,2105,2090,-15,-0.71,210403,442022030
005090,SGC에너지,41100,41750,650,1.58,107542,4462016000
004060,SG세계물산,834,830,-4,-0.48,7995237,6677700745
001380,SG충방,4485,4665,180,4.01,15344949,72811783025
002360,SH에너지화학,988,992,4,0.4,1681414,1672922295
009160,SIMPAC,3630,3625,-5,-0.14,152146,556584565
123700,SJM,4270,4270,0,0.0,16965,72257600
025530,SJM홀딩스,3830,3820,-10,-0.26,19451,74092250
034730,SK,295500,299500,4000,1.35,339467,100839906500
011790,SKC,144000,145000,1000,0.69,319626,46205203500
018670,SK가스,103000,104000,1000,0.97,5762,595883500
001740,SK네트웍스,5520,5590,70,1.27,585170,3249065400
001745,SK네트웍스우,119500,119500,0,0.0,749,89394500
006120,SK디스커버리,58700,60100,1400,2.39,83942,5015990800
006125,SK디스커버리우,43000,43800,800,1.86,14002,614303300
210980,SK디앤디,36850,36950,100,0.27,88845,3264082650
068400,SK렌터카,10600,10650,50,0.47,60121,636454250
302440,SK바이오사이언스,132000,137500,5500,4.17,1445824,200822050000
326030,SK바이오팜,110000,114000,4000,3.64,906936,103213670890
03473K,SK우,268000,271000,3000,1.12,6400,1730507500
096770,SK이노베이션,266500,277000,10500,3.94,2471749,685137154000
096775,SK이노베이션우,202500,204000,1500,0.74,89958,18630866500
001510,SK증권,1055,1030,-25,-2.37,31795539,32852196535
001515,SK증권우,5730,5430,-300,-5.24,150125,829902590
285130,SK케미칼,263500,276000,12500,4.74,259622,70908348000
28513K,SK케미칼우,116500,127500,11000,9.44,55625,6901562000
017670,SK텔레콤,283000,300000,17000,6.01,640853,189295764250
000660,SK하이닉스,137500,139500,2000,1.45,2876178,398264674500
064960,SNT모티브,59800,60300,500,0.84,38712,2328257000
100840,SNT에너지,18100,18150,50,0.28,28098,505505850
003570,SNT중공업,7330,7540,210,2.86,46695,347937500
036530,SNT홀딩스,18350,18450,100,0.54,18425,339006150
005610,SPC삼립,74100,74500,400,0.54,23272,1731890400
011810,STX,6090,6230,140,2.3,128759,805180990
077970,STX엔진,8390,8190,-200,-2.38,87290,716018140
071970,STX중공업,4320,4305,-15,-0.35,343889,1471252035
084870,TBH글로벌,2010,2010,0,0.0,48391,97235430
002710,TCC스틸,4770,4855,85,1.78,5738829,28999678390
024070,WISCOM,4310,4310,0,0.0,1385398,5976171775
037270,YGPLUS,5700,5710,10,0.18,434860,2483854980
000500,가온전선,27100,26100,-1000,-3.69,157838,4194071050
000860,강남제비스코,30600,30000,-600,-1.96,38371,1152288750
035250,강원랜드,24750,25000,250,1.01,532749,13313443600
011420,갤럭시아에스엠,1860,1890,30,1.61,408556,769349695
002100,경농,13700,13850,150,1.09,102496,1406167850
009450,경동나비엔,51400,51900,500,0.97,82459,4238395800
267290,경동도시가스,20300,20200,-100,-0.49,10577,213488000
012320,경동인베스트,40400,40450,50,0.12,9240,375160000
000050,경방,13100,13050,-50,-0.38,19988,262255000
214390,경보제약,12750,12900,150,1.18,468799,6054927750
012610,경인양행,6950,7010,60,0.86,238167,1664790520
009140,경인전자,31100,30650,-450,-1.45,5794,177377450
013580,계룡건설,33850,33250,-600,-1.77,129087,4286127700
012200,계양전기,4495,4550,55,1.22,291182,1323904750
012205,계양전기우,7120,7150,30,0.42,3321,23703300
002140,고려산업,4475,4450,-25,-0.56,401315,1796790520
010130,고려아연,413000,417500,4500,1.09,40017,16619474500
002240,고려제강,25100,25100,0,0.0,206064,5224924150
009290,광동제약,8820,9040,220,2.49,813943,7401792120
017040,광명전기,2515,2550,35,1.39,455556,1151854310
017900,광전자,2380,2390,10,0.42,187619,446521585
037710,광주신세계,170500,172000,1500,0.88,3267,559739000
030610,교보증권,8570,8380,-190,-2.22,217085,1831767420
339770,교촌에프앤비,18750,18600,-150,-0.8,216305,4050837550
007690,국도화학,77400,82500,5100,6.59,181225,14893139800
005320,국동,3900,4030,130,3.33,660635,2626484800
001140,국보,2275,2275,0,0.0,1158572,2697051375
002720,국제약품,7530,7840,310,4.12,328331,2549467090
083420,그린케미칼,15700,16100,400,2.55,1240803,19648039400
014530,극동유화,5310,5180,-130,-2.45,2212467,11685764610
014280,금강공업,6590,6330,-260,-3.95,399800,2586832910
014285,금강공업우,13400,12950,-450,-3.36,5640,74747600
008870,금비,72100,72300,200,0.28,2872,206904800
001570,금양,4775,4720,-55,-1.15,285041,1350169915
002990,금호건설,9910,9930,20,0.2,255599,2536997260
002995,금호건설우,32100,32400,300,0.93,1869,60785700
011780,금호석유,248000,245000,-3000,-1.21,348982,85524348000
011785,금호석유우,104500,102500,-2000,-1.91,23573,2434866000
214330,금호에이치티,2340,2370,30,1.28,2733100,6404917855
001210,금호전기,2715,2935,220,8.1,520351,1495471425
073240,금호타이어,3800,3805,5,0.13,247955,939077715
092440,기신정기,5510,5260,-250,-4.54,828080,4425465500
000270,기아,84300,85500,1200,1.42,1852408,158080103800
024110,기업은행,9180,9200,20,0.22,1100465,10105165750
013700,까뮤이앤씨,2750,2820,70,2.55,2574159,7114674115
004540,깨끗한나라,7340,7490,150,2.04,1748454,12986644350
004545,깨끗한나라우,34900,36500,1600,4.58,37268,1361503350
001260,남광토건,14900,15200,300,2.01,115147,1723163750
008350,남선알미늄,3760,3835,75,1.99,2557250,9833939360
008355,남선알미우,33600,35800,2200,6.55,5764,202948750
004270,남성,4160,4110,-50,-1.2,984526,4101513445
003920,남양유업,350000,380000,30000,8.57,15157,5543110000
003925,남양유업우,178000,178000,0,0.0,516,92309500
025860,남해화학,9110,9160,50,0.55,371431,3394295200
005720,넥센,4975,4920,-55,-1.11,135190,664887395
005725,넥센우,3145,3145,0,0.0,12035,37904700
002350,넥센타이어,7800,7750,-50,-0.64,197848,1536428940
002355,넥센타이어1우B,3085,3095,10,0.32,5293,16366925
003580,넥스트사이언스,9040,9130,90,1.0,1682754,14875763580
251270,넷마블,140000,138500,-1500,-1.07,444932,61713455000
090350,노루페인트,12650,12650,0,0.0,820707,10286949250
090355,노루페인트우,15450,15150,-300,-1.94,38500,578293100
000320,노루홀딩스,14050,14200,150,1.07,84053,1185268400
000325,노루홀딩스우,18500,18750,250,1.35,2670,49178100
006280,녹십자,340000,369500,29500,8.68,264159,95306191500
005250,녹십자홀딩스,37200,38000,800,2.15,620198,23402713050
005257,녹십자홀딩스2우,93000,97900,4900,5.27,6340,614746100
004370,농심,293500,295500,2000,0.68,36919,10834719500
072710,농심홀딩스,78100,78300,200,0.26,5845,457023100
058730,다스코,5140,5260,120,2.33,89122,464329020
023590,다우기술,28450,28000,-450,-1.58,241629,6774818550
019680,대교,4360,4360,0,0.0,264171,1157416125
019685,대교우B,2790,2775,-15,-0.54,54531,151716305
006370,대구백화점,10500,10500,0,0.0,9386,98535400
008060,대덕,7050,7040,-10,-0.14,184329,1297986150
00806K,대덕1우,8880,8880,0,0.0,25568,226666120
353200,대덕전자,14250,14300,50,0.35,458850,6511107100
35320K,대덕전자1우,10700,10200,-500,-4.67,62978,655533800
000490,대동공업,11150,11100,-50,-0.45,1047040,11597063750
008110,대동전자,9150,10300,1150,12.57,2473666,26252632970
005750,대림BCo,7300,7260,-40,-0.55,462092,3472572230
006570,대림통상,4230,4175,-55,-1.3,19949,83680945
001680,대상,26600,26400,-200,-0.75,184751,4868795500
001685,대상우,19050,19150,100,0.52,8743,167087500
084690,대상홀딩스,10750,10750,0,0.0,159621,1706275500
084695,대상홀딩스우,11350,11300,-50,-0.44,129178,1444041400
128820,대성산업,4365,4375,10,0.23,269813,1195804210
117580,대성에너지,5530,5510,-20,-0.36,53593,295537050
016710,대성홀딩스,30200,31250,1050,3.48,74732,2275478800
003540,대신증권,16550,16200,-350,-2.11,219020,3550042700
003547,대신증권2우B,13800,13800,0,0.0,16805,230892500
003545,대신증권우,14100,14050,-50,-0.35,98792,1382579400
009190,대양금속,4170,4210,40,0.96,448510,1887325915
014160,대영포장,2990,3205,215,7.19,39563906,125122271450
047040,대우건설,6710,6620,-90,-1.34,4444023,29569488800
009320,대우부품,2520,2520,0,0.0,357406,898338630
042660,대우조선해양,29000,28900,-100,-0.34,269397,7806076700
003090,대웅,33150,33400,250,0.75,282507,9487389600
069620,대웅제약,134500,136500,2000,1.49,76130,10323050500
000430,대원강업,4360,4420,60,1.38,337498,1483452220
006340,대원전선,1510,1500,-10,-0.66,616786,931330840
006345,대원전선우,2540,2540,0,0.0,10851,27559605
003220,대원제약,16500,17000,500,3.03,222267,3748794750
024890,대원화성,2940,2900,-40,-1.36,7459602,22851894700
002880,대유에이텍,1110,1100,-10,-0.9,692953,761851790
000300,대유플러스,822,827,5,0.61,468311,385696381
012800,대창,1910,1865,-45,-2.36,2057222,3852945265
015230,대창단조,8000,7840,-160,-2.0,100629,798674030
001070,대한방직,41300,42550,1250,3.03,9903,418917850
006650,대한유화,311000,302000,-9000,-2.89,76217,23274624500
001440,대한전선,1215,1215,0,0.0,13823307,16470426450
084010,대한제강,17850,17750,-100,-0.56,595030,10771412000
001790,대한제당,36450,36450,0,0.0,0,0
001795,대한제당우,34250,34250,0,0.0,0,0
001130,대한제분,157000,156500,-500,-0.32,8580,1337944500
003490,대한항공,26800,26650,-150,-0.56,2585131,68540311200
003495,대한항공우,39500,39400,-100,-0.25,8458,333152650
005880,대한해운,2920,2930,10,0.34,2314099,6810228075
003830,대한화섬,147000,143500,-3500,-2.38,651,94365000
016090,대현,2405,2560,155,6.44,1455037,3747802880
069460,대호에이엘,2590,2550,-40,-1.54,298562,763535765
192080,더블유게임즈,69200,68900,-300,-0.43,235829,16421639200
012510,더존비즈온,88700,89100,400,0.45,213054,19016609000
004830,덕성,26550,26850,300,1.13,2280457,61911809650
004835,덕성우,42000,41900,-100,-0.24,1097455,46387356600
024900,덕양산업,3315,3390,75,2.26,1388049,4701464840
145720,덴티움,59800,61800,2000,3.34,179302,10963254600
002150,도화엔지니어링,9180,9020,-160,-1.74,273632,2481910850
001230,동국제강,18200,19000,800,4.4,6107032,118188395350
023450,동남합성,55900,56100,200,0.36,4804,268989700
004140,동방,6130,6160,30,0.49,1863794,11501272910
007590,동방아그로,7270,7260,-10,-0.14,37993,274080340
005960,동부건설,13450,13400,-50,-0.37,90967,1217129550
005965,동부건설우,25450,25650,200,0.79,1919,48868750
026960,동서,32000,32150,150,0.47,107620,3466635300
002210,동성제약,11900,12100,200,1.68,149545,1806850250
102260,동성코퍼레이션,5950,5960,10,0.17,293051,1752321060
005190,동성화학,17900,17900,0,0.0,0,0
000640,동아쏘시오홀딩스,117000,114500,-2500,-2.14,42621,4911387000
170900,동아에스티,85600,86700,1100,1.29,82042,7098636200
028100,동아지질,18450,18000,-450,-2.44,133052,2413570450
282690,동아타이어,11650,11750,100,0.86,18025,209954950
001520,동양,1450,1430,-20,-1.38,984166,1405463430
001527,동양2우B,11900,11850,-50,-0.42,704,8353350
001529,동양3우B,23850,23850,0,0.0,1252,29856900
084670,동양고속,23750,23800,50,0.21,7725,184248100
002900,동양물산,1690,1695,5,0.3,3131997,5305142145
082640,동양생명,4425,4415,-10,-0.23,157220,690407045
001525,동양우,6640,6470,-170,-2.56,886,5751700
008970,동양철관,1415,1370,-45,-3.18,3218444,4449413305
092780,동양피스톤,5830,5800,-30,-0.51,47099,272838110
049770,동원FB,193000,193000,0,0.0,6689,1293016000
018500,동원금속,1090,1100,10,0.92,495150,544066975
006040,동원산업,258000,258000,0,0.0,4737,1212545500
030720,동원수산,9450,9160,-290,-3.07,591449,5582306230
014820,동원시스템즈,48400,49300,900,1.86,52821,2580670100
014825,동원시스템즈우,36500,37100,600,1.64,1378,51165750
163560,동일고무벨트,9540,9580,40,0.42,68764,653133140
004890,동일산업,81200,83400,2200,2.71,2268,187530600
002690,동일제강,3530,3600,70,1.98,1738357,6329105590
000020,동화약품,15500,15300,-200,-1.29,186169,2860363250
000150,두산,49500,49250,-250,-0.51,56216,2767139300
000157,두산2우B,57700,58200,500,0.87,764,44252700
241560,두산밥캣,41150,41450,300,0.73,318017,13221371950
000155,두산우,39600,39750,150,0.38,5975,237064500
042670,두산인프라코어,10550,10650,100,0.95,2704839,28500347250
034020,두산중공업,13200,13450,250,1.89,2663212,35557164250
336260,두산퓨얼셀,50800,52800,2000,3.94,983753,51198269500
33626K,두산퓨얼셀1우,15250,15400,150,0.98,107962,1648701800
33626L,두산퓨얼셀2우B,18400,18550,150,0.82,10054,185182850
016740,두올,5200,5190,-10,-0.19,990808,5191582270
192650,드림텍,10050,10100,50,0.5,574174,5863497810
024090,디씨엠,20650,20550,-100,-0.48,18920,389637550
003160,디아이,7410,7250,-160,-2.16,296476,2164838390
092200,디아이씨,3230,3240,10,0.31,357042,1166934490
013570,디와이,5850,5880,30,0.51,186425,1101093550
210540,디와이파워,20750,20000,-750,-3.61,176141,3523695200
007340,디티알오토모티브,30250,30300,50,0.17,32393,975923300
026890,디피씨,20050,17350,-2700,-13.47,31137816,547726618250
115390,락앤락,15200,15250,50,0.33,106851,1625699200
032350,롯데관광개발,18900,18900,0,0.0,505371,9557863400
330590,롯데리츠,5300,5320,20,0.38,449379,2388394430
000400,롯데손해보험,1810,1825,15,0.83,451178,820070725
023530,롯데쇼핑,125500,125000,-500,-0.4,61170,7644370000
004000,롯데정밀화학,60700,60400,-300,-0.49,294041,17582093900
286940,롯데정보통신,38750,39250,500,1.29,51030,1994447900
280360,롯데제과,141000,141000,0,0.0,6583,922247000
004990,롯데지주,33350,33350,0,0.0,125693,4200267650
00499K,롯데지주우,60400,59800,-600,-0.99,987,59130600
005300,롯데칠성,133000,135500,2500,1.88,27348,3694338000
005305,롯데칠성우,66500,67100,600,0.9,3326,222528600
011170,롯데케미칼,291000,289000,-2000,-0.69,205723,59540002500
002270,롯데푸드,372500,373500,1000,0.27,3981,1485735500
071840,롯데하이마트,40650,40350,-300,-0.74,62000,2498351600
027740,마니커,748,742,-6,-0.8,8921509,6696449891
204320,만도,65700,66200,500,0.76,299871,19830038600
001080,만호제강,21050,20700,-350,-1.66,9959,205775750
088980,맥쿼리인프라,11750,11800,50,0.43,783467,9236849550
094800,맵스리얼티1,4395,4375,-20,-0.46,63801,280175135
138040,메리츠금융지주,15900,16050,150,0.94,196454,3114146950
008560,메리츠증권,4600,4575,-25,-0.54,1675567,7663379425
000060,메리츠화재,18550,18650,100,0.54,140786,2611561300
090370,메타랩스,1275,1240,-35,-2.75,1618915,2052305905
017180,명문제약,5320,5640,320,6.02,1418504,7917008190
009900,명신산업,26700,28700,2000,7.49,1200330,33678476550
012690,모나리자,5310,5470,160,3.01,1989407,10804244300
005360,모나미,6030,6220,190,3.15,40817304,269906521190
204210,모두투어리츠,3585,3600,15,0.42,73823,263163135
009680,모토닉,12500,13000,500,4.0,147773,1901203750
009580,무림PP,4775,5120,345,7.23,904473,4545860525
009200,무림페이퍼,2790,2950,160,5.73,1584321,4661896915
033920,무학,7800,8090,290,3.72,220748,1783904140
008420,문배철강,4715,4570,-145,-3.08,1553985,7248995715
025560,미래산업,3335,3335,0,0.0,0,0
007120,미래아이앤지,545,580,35,6.42,3433770,1928751976
357250,미래에셋맵스리츠,4940,4900,-40,-0.81,190235,934343770
085620,미래에셋생명,4040,4040,0,0.0,101551,409464150
006800,미래에셋증권,10250,10150,-100,-0.98,1705674,17268889250
00680K,미래에셋증권2우B,4780,4775,-5,-0.1,346153,1654353830
006805,미래에셋증권우,6180,5920,-260,-4.21,350138,2095510130
002840,미원상사,224000,226000,2000,0.89,4115,926460000
268280,미원에스씨,184500,184500,0,0.0,2378,435708500
107590,미원홀딩스,137500,132000,-5500,-4.0,23317,3128037500
134380,미원화학,85700,84500,-1200,-1.4,1396,118366000
003650,미창석유,78500,80100,1600,2.04,5255,415854100
155900,바다로19호,2600,2600,0,0.0,28926,75077760
003610,방림,2580,2505,-75,-2.91,638166,1600284910
001340,백광산업,5380,5240,-140,-2.6,2170712,11589925700
035150,백산,10000,10200,200,2.0,1618566,16515244730
002410,범양건영,4020,4020,0,0.0,213467,862147740
096300,베트남개발1,230,231,1,0.43,266707,61400356
007210,벽산,4265,4370,105,2.46,58555519,281451608765
002760,보락,2290,2300,10,0.44,779883,1796424705
003850,보령제약,21500,23000,1500,6.98,3104372,71053845500
000890,보해양조,1600,1595,-5,-0.31,43426879,69880691460
003000,부광약품,23200,23250,50,0.22,1216501,28473243950
001270,부국증권,25000,24600,-400,-1.6,10462,258713850
001275,부국증권우,21350,21500,150,0.7,1152,24729500
026940,부국철강,4710,4555,-155,-3.29,580679,2673151360
015350,부산가스,57800,57900,100,0.17,3548,205033300
011390,부산산업,133000,131500,-1500,-1.13,6979,925651500
005030,부산주공,648,648,0,0.0,323838,209136407
002070,비비안,3840,3770,-70,-1.82,1039097,3917610675
100220,비상교육,7130,7280,150,2.1,83333,602081260
030790,비케이탑스,11600,11150,-450,-3.88,159628,1812899000
352820,빅히트,252500,252500,0,0.0,320695,81243517500
005180,빙그레,63800,63300,-500,-0.78,55383,3558032400
003960,사조대림,19500,18800,-700,-3.59,138026,2625610150
008040,사조동아원,1390,1360,-30,-2.16,4424368,6123693755
007160,사조산업,52200,50500,-1700,-3.26,52158,2672481300
014710,사조씨푸드,7260,6760,-500,-6.89,23843523,177272683430
006090,사조오양,12200,11300,-900,-7.38,577825,6738337250
001470,삼부토건,2925,2870,-55,-1.88,2419664,6944474100
006400,삼성SDI,655000,690000,35000,5.34,908436,621715610018
006405,삼성SDI우,457000,475000,18000,3.94,15450,7269556000
006660,삼성공조,9950,9970,20,0.2,75509,743304200
028260,삼성물산,129500,135500,6000,4.63,1964722,265918708000
02826K,삼성물산우B,121500,129000,7500,6.17,49406,6363667500
207940,삼성바이오로직스,782000,784000,2000,0.26,62975,49249691000
032830,삼성생명,76000,76700,700,0.92,302371,23213968900
018260,삼성에스디에스,186500,189500,3000,1.61,139429,26416932000
028050,삼성엔지니어링,13850,13750,-100,-0.72,1562925,21579919600
009150,삼성전기,191000,191500,500,0.26,312071,59893211500
009155,삼성전기우,116000,117000,1000,0.86,17776,2070321500
005930,삼성전자,83200,84000,800,0.96,15238206,1276903128038
005935,삼성전자우,75100,75200,100,0.13,1481276,111106356416
001360,삼성제약,5830,6080,250,4.29,2802089,16868566040
010140,삼성중공업,7620,7610,-10,-0.13,8114474,62170278210
010145,삼성중공우,338500,333500,-5000,-1.48,2818,941258000
016360,삼성증권,41350,41100,-250,-0.6,450687,18484062000
068290,삼성출판사,50700,48800,-1900,-3.75,912143,46077968350
029780,삼성카드,34550,34150,-400,-1.16,56199,1927704400
000810,삼성화재,190500,190500,0,0.0,94981,18058206500
000815,삼성화재우,150000,150000,0,0.0,5591,838213500
006110,삼아알미늄,9680,9850,170,1.76,223366,2193678030
145990,삼양사,56700,57100,400,0.71,37973,2169653100
145995,삼양사우,42500,42000,-500,-1.18,4807,203524750
003230,삼양식품,90200,90600,400,0.44,22494,2032136700
002170,삼양통상,76400,77400,1000,1.31,7311,565002600
272550,삼양패키징,25900,25700,-200,-0.77,23038,590019550
000070,삼양홀딩스,91300,91500,200,0.22,24126,2198327500
000075,삼양홀딩스우,63100,64000,900,1.43,937,59590900
002810,삼영무역,15600,15600,0,0.0,32502,504721350
005680,삼영전자,12250,12000,-250,-2.04,262516,3153431150
003720,삼영화학,2920,3190,270,9.25,1551146,4860707660
023000,삼원강재,3795,3785,-10,-0.26,147555,558999350
004380,삼익THK,13200,13200,0,0.0,89391,1172840400
002450,삼익악기,1665,1665,0,0.0,415554,692754175
004440,삼일씨엔에스,15900,16000,100,0.63,107555,1713147950
000520,삼일제약,9930,10150,220,2.22,135299,1366445340
009770,삼정펄프,32600,32900,300,0.92,5901,193403500
005500,삼진제약,25500,25500,0,0.0,36818,935422100
004690,삼천리,79800,80100,300,0.38,22678,1813768900
010960,삼호개발,5190,5220,30,0.58,244559,1287544160
004450,삼화왕관,38900,39100,200,0.51,2457,95706700
009470,삼화전기,30950,31750,800,2.58,241996,7588144750
011230,삼화전자,4235,4190,-45,-1.06,80259,337834740
001820,삼화콘덴서,67000,67300,300,0.45,93817,6276886100
000390,삼화페인트,14700,14050,-650,-4.42,538365,7769811700
001290,상상인증권,1430,1435,5,0.35,344765,489537865
041650,상신브레이크,4730,4850,120,2.54,1933308,9202785665
075180,새론오토모티브,6040,6070,30,0.5,11605,70084030
007540,샘표,53900,55100,1200,2.23,29466,1618045200
248170,샘표식품,48600,48900,300,0.62,9306,454470000
007860,서연,19450,20250,800,4.11,1294294,25926507600
200880,서연이화,9580,9620,40,0.42,963968,9437521050
017390,서울가스,92600,95400,2800,3.02,5791,548918800
004410,서울식품,382,385,3,0.79,36854449,14152241925
004415,서울식품우,5070,5250,180,3.55,25810,133693950
021050,서원,2375,2365,-10,-0.42,348244,824978795
008490,서흥,51200,52400,1200,2.34,55152,2859356900
007610,선도전기,3745,3675,-70,-1.87,280144,1036634650
136490,선진,17300,17200,-100,-0.58,264446,4589575650
002820,선창산업,5570,5830,260,4.67,116932,674123440
014910,성문전자,2280,2280,0,0.0,299073,678454895
014915,성문전자우,8530,8460,-70,-0.82,8062,68367290
003080,성보화학,5060,5060,0,0.0,468936,2394244960
004980,성신양회,10550,10350,-200,-1.9,675638,6992167150
004985,성신양회우,14850,14500,-350,-2.36,38895,565748100
011300,성안,787,787,0,0.0,0,0
000180,성창기업지주,2580,2455,-125,-4.84,1246654,3119499505
002420,세기상사,61600,61600,0,0.0,0,0
004360,세방,13000,13550,550,4.23,1194174,16271516800
004365,세방우,7290,7600,310,4.25,24016,180959590
004490,세방전지,77800,92400,14600,18.77,2072771,188870488400
001430,세아베스틸,19800,19600,-200,-1.01,276583,5439803850
306200,세아제강,92400,92400,0,0.0,9800,906553700
003030,세아제강지주,58300,58500,200,0.34,7870,456683500
019440,세아특수강,14550,13950,-600,-4.12,37924,537666250
058650,세아홀딩스,88900,88300,-600,-0.67,900,79581300
013000,세우글로벌,2470,2470,0,0.0,0,0
091090,세원셀론텍,1755,1800,45,2.56,725598,1302624630
021820,세원정공,8090,8090,0,0.0,0,0
067830,세이브존IC,3830,3900,70,1.83,359844,1399018640
033530,세종공업,8790,8810,20,0.23,175529,1544833830
075580,세진중공업,6560,6750,190,2.9,959615,6407082880
027970,세하,2015,1960,-55,-2.73,1459463,2891686545
145210,세화아이엠씨,669,657,-12,-1.79,3278794,2154007810
308170,센트랄모텍,29250,29650,400,1.37,97920,2885536200
012600,센트럴인사이트,2490,2490,0,0.0,0,0
068270,셀트리온,310500,316000,5500,1.77,573517,180668333500
336370,솔루스첨단소재,49500,47050,-2450,-4.95,843062,40383113100
33637K,솔루스첨단소재1우,15500,15100,-400,-2.58,30395,461577300
33637L,솔루스첨단소재2우B,25400,25350,-50,-0.2,5323,135762100
248070,솔루엠,25500,25350,-150,-0.59,681834,17301835100
004430,송원산업,19900,19100,-800,-4.02,669744,12967038800
017550,수산중공업,7510,7250,-260,-3.46,1828479,13486554640
053210,스카이라이프,8960,9020,60,0.67,118997,1068897200
134790,시디즈,64700,63100,-1600,-2.47,2564,163244900
016590,신대양제지,81300,84500,3200,3.94,19838,1652145700
029530,신도리코,32200,31200,-1000,-3.11,40872,1281135950
004970,신라교역,11300,10800,-500,-4.42,117834,1286528500
011930,신성이엔지,3400,3360,-40,-1.18,4237994,14259268905
005390,신성통상,1805,1760,-45,-2.49,30775956,57826989160
004170,신세계,280000,280000,0,0.0,59138,16524883000
035510,신세계IC,162000,169000,7000,4.32,24345,4069417000
034300,신세계건설,50400,48500,-1900,-3.77,145577,7098878650
031430,신세계인터내셔날,207500,206000,-1500,-0.72,17606,3643500000
031440,신세계푸드,72500,73800,1300,1.79,20631,1520570300
006880,신송홀딩스,5150,5150,0,0.0,67875,348401260
005800,신영와코루,105000,105500,500,0.48,1282,134574000
001720,신영증권,58000,57700,-300,-0.52,5926,341504000
001725,신영증권우,56700,56200,-500,-0.88,1540,86851600
009270,신원,1585,1575,-10,-0.63,571277,898978680
009275,신원우,38900,36700,-2200,-5.66,4006,151545300
002700,신일전자,2270,2265,-5,-0.22,876058,1981112155
019170,신풍제약,90800,90100,-700,-0.77,570862,51618389000
019175,신풍제약우,89300,89200,-100,-0.11,7844,697438700
002870,신풍제지,4030,4035,5,0.12,800129,3238776490
293940,신한알파리츠,7500,7560,60,0.8,118280,893280780
055550,신한지주,37400,37250,-150,-0.4,1254276,46656318050
001770,신화실업,43300,40450,-2850,-6.58,35655,1448489100
004080,신흥,13200,14600,1400,10.61,364026,5356886250
102280,쌍방울,621,617,-4,-0.64,2470919,1529920058
003410,쌍용CE,7650,7660,10,0.13,1492704,11418308170
003620,쌍용차,2770,2770,0,0.0,0,0
004770,써니전자,3915,3945,30,0.77,1026443,4025039075
015540,쎌마테라퓨틱스,6410,6410,0,0.0,0,0
004920,씨아이테크,1685,1685,0,0.0,1734385,2944116495
112610,씨에스윈드,83700,81000,-2700,-3.23,710949,58494400900
008700,아남전자,3090,3080,-10,-0.32,944124,2900373425
002790,아모레G,66900,69100,2200,3.29,249594,17134515700
00279K,아모레G3우전환,42350,43000,650,1.53,15037,642930000
002795,아모레G우,22600,23350,750,3.32,96236,2225027700
090430,아모레퍼시픽,255500,268000,12500,4.89,300061,79625971500
090435,아모레퍼시픽우,86500,88700,2200,2.54,111804,9885418400
002030,아세아,122000,126000,4000,3.28,9377,1162068000
183190,아세아시멘트,108500,109000,500,0.46,19425,2137183000
002310,아세아제지,48950,52400,3450,7.05,203052,10532057750
267850,아시아나IDT,21500,21850,350,1.63,54933,1196718400
020560,아시아나항공,14900,14950,50,0.34,284127,4235185500
122900,아이마켓코리아,9330,9370,40,0.43,75194,702048690
010780,아이에스동서,58300,59600,1300,2.23,158323,9454798300
001780,알루코,5100,5050,-50,-0.98,1765244,8947202090
018250,애경산업,24400,24650,250,1.02,73663,1809079500
161000,애경유화,12400,12150,-250,-2.02,316540,3832638900
011090,에넥스,2490,2525,35,1.41,14049944,35912702945
005850,에스엘,24850,24900,50,0.2,196997,4906567900
012750,에스원,82300,82300,0,0.0,46693,3846215700
023960,에쓰씨엔지니어링,4550,4480,-70,-1.54,667091,2989729070
298690,에어부산,3640,3660,20,0.55,376819,1366627745
140910,에이리츠,10250,9500,-750,-7.32,767393,7451159200
078520,에이블씨엔씨,7510,7590,80,1.07,57935,438989000
015260,에이엔피,1450,1445,-5,-0.34,159972,229191755
007460,에이프로젠KIC,2150,2150,0,0.0,3685847,7908305410
003060,에이프로젠제약,1175,1220,45,3.83,4893502,5895305585
244920,에이플러스에셋,9350,9770,420,4.49,729305,6998686090
036570,엔씨소프트,906000,914000,8000,0.88,76606,69001727000
138250,엔에스쇼핑,12400,12500,100,0.81,106505,1318940050
085310,엔케이,1395,1400,5,0.36,872032,1212674815
009810,엔케이물산,649,654,5,0.77,1333059,869212931
900140,엘브이엠씨홀딩스,3720,3720,0,0.0,438966,1638180020
014440,영보화학,4385,4380,-5,-0.11,103001,452493620
111770,영원무역,40300,40150,-150,-0.37,85895,3453011200
009970,영원무역홀딩스,46250,45350,-900,-1.95,16069,737152050
003520,영진약품,6310,6500,190,3.01,1277419,8255740000
000670,영풍,606000,603000,-3000,-0.5,2684,1633100000
006740,영풍제지,7080,7220,140,1.98,226936,1626974850
012280,영화금속,1920,1930,10,0.52,1218233,2347740225
012160,영흥,1185,1200,15,1.27,558311,664996895
015360,예스코홀딩스,34300,34450,150,0.44,1755,60694900
007310,오뚜기,575000,574000,-1000,-0.17,2525,1447063000
002630,오리엔트바이오,1645,1590,-55,-3.34,2094391,3347025070
271560,오리온,127500,127500,0,0.0,51291,6568488500
001800,오리온홀딩스,16550,16600,50,0.3,353067,5798396550
070960,용평리조트,4750,4795,45,0.95,72101,343042730
316140,우리금융지주,10400,10350,-50,-0.48,2097569,21691656350
033660,우리금융캐피탈,11000,11000,0,0.0,34471,376665000
004720,우리들제약,10200,10050,-150,-1.47,387628,3936552140
118000,우리들휴브레인,2315,2355,40,1.73,634128,1473341200
010050,우리종금,902,858,-44,-4.88,71088940,62588928769
006980,우성사료,4085,4085,0,0.0,0,0
017370,우신시스템,5430,5530,100,1.84,191948,1038171990
105840,우진,5370,5030,-340,-6.33,4055407,22265570460
010400,우진아이엔에스,8640,8800,160,1.85,51070,447073150
049800,우진플라임,9320,9360,40,0.43,79412,731342160
016880,웅진,3355,3360,5,0.15,5527779,18585288850
095720,웅진씽크빅,4505,4740,235,5.22,25977814,128016198750
005820,원림,24600,24400,-200,-0.81,1701,41642350
010600,웰바이오텍,3520,3590,70,1.99,5203678,18358721585
008600,윌비스,1925,2205,280,14.55,37486182,82629380085
033270,유나이티드제약,49900,52100,2200,4.41,348388,17965760400
014830,유니드,68000,69400,1400,2.06,76124,5333252100
000910,유니온,9620,9380,-240,-2.49,2364779,22396890990
047400,유니온머티리얼,4380,4390,10,0.23,3175239,13864462340
011330,유니켐,1645,1645,0,0.0,1025741,1675246500
077500,유니퀘스트,11750,11850,100,0.85,128921,1524239000
002920,유성기업,3570,3525,-45,-1.26,438431,1557337475
000700,유수홀딩스,7290,7400,110,1.51,112929,833289550
003470,유안타증권,4330,4140,-190,-4.39,2380987,9923233525
003475,유안타증권우,4925,4470,-455,-9.24,1046240,4777383065
011690,유양디앤유,2440,2440,0,0.0,0,0
072130,유엔젤,4450,4595,145,3.26,984910,4599813730
000220,유유제약,10800,14000,3200,29.63,4204988,53288896300
000225,유유제약1우,11250,14600,3350,29.78,381526,5365400600
000227,유유제약2우B,25000,32500,7500,30.0,10243,322951900
001200,유진투자증권,4320,4225,-95,-2.2,1078456,4558770425
000100,유한양행,65800,65900,100,0.15,479352,31641259800
000105,유한양행우,64100,63900,-200,-0.31,4819,307801400
003460,유화증권,2710,2670,-40,-1.48,333591,897105930
003465,유화증권우,2700,2695,-5,-0.19,24506,66317115
008730,율촌화학,20050,21000,950,4.74,285151,5918992850
008250,이건산업,10900,10350,-550,-5.05,920194,9610487300
025820,이구산업,3075,3040,-35,-1.14,408894,1246379600
214320,이노션,60500,60700,200,0.33,55569,3364636900
088260,이리츠코크렙,5740,5700,-40,-0.7,46330,264948170
139480,이마트,169500,169500,0,0.0,163192,27681794000
007660,이수페타시스,3325,3405,80,2.41,312092,1060799790
005950,이수화학,11950,12300,350,2.93,1155179,14042961700
015020,이스타코,2030,1920,-110,-5.42,1431818,2760240975
093230,이아이디,306,382,76,24.84,554586624,200728102443
074610,이엔플러스,4355,4500,145,3.33,1391833,6197580720
102460,이연제약,19150,19200,50,0.26,340480,6558068050
084680,이월드,3260,3265,5,0.15,437269,1433073115
350520,이지스레지던스리츠,4940,4935,-5,-0.1,45903,226893465
334890,이지스밸류리츠,4940,4935,-5,-0.1,145747,719901040
000760,이화산업,21000,20400,-600,-2.86,7287,149530050
014990,인디에프,1310,1335,25,1.91,140400,186355675
101140,인바이오젠,4175,4070,-105,-2.51,1038021,4251202795
006490,인스코비,3020,3000,-20,-0.66,1083400,3249078095
023800,인지컨트롤스,18250,17900,-350,-1.92,415745,7601596000
034590,인천도시가스,26800,26700,-100,-0.37,1349,36196900
129260,인터지스,4720,4485,-235,-4.98,935586,4247039095
023810,인팩,8190,7990,-200,-2.44,147645,1162117980
249420,일동제약,16100,16050,-50,-0.31,114446,1831909050
000230,일동홀딩스,14700,14800,100,0.68,38991,578633400
013360,일성건설,2600,2570,-30,-1.15,2700104,6868306345
003120,일성신약,85200,85100,-100,-0.12,7733,659916500
003200,일신방직,100000,101500,1500,1.5,4759,479140700
007110,일신석재,2010,1990,-20,-1.0,857455,1716618135
007570,일양약품,34850,35500,650,1.87,423297,15002413150
007575,일양약품우,32850,34000,1150,3.5,19364,661516500
008500,일정실업,17200,17200,0,0.0,3714,62888250
081000,일진다이아,42600,43950,1350,3.17,185036,8089944850
020760,일진디스플,4545,4600,55,1.21,183437,846550370
020150,일진머티리얼즈,77000,76700,-300,-0.39,345618,26547050900
103590,일진전기,3975,3920,-55,-1.38,275946,1083452975
015860,일진홀딩스,5310,5310,0,0.0,246483,1306042430
226320,잇츠한불,25950,26350,400,1.54,53789,1412400700
317400,자이에스앤디,11350,11050,-300,-2.64,173780,1938403350
033240,자화전자,19750,20300,550,2.78,495679,9852990100
000950,전방,43500,43000,-500,-1.15,5516,237566400
348950,제이알글로벌리츠,5190,5200,10,0.19,7394371,37013899550
194370,제이에스코퍼레이션,18950,17950,-1000,-5.28,170379,3111138700
025620,제이준코스메틱,1700,1820,120,7.06,1137401,2027724905
036420,제이콘텐트리,49550,48750,-800,-1.61,156677,7615242600
030000,제일기획,21700,21750,50,0.23,388743,8495707900
271980,제일약품,41950,43350,1400,3.34,224507,9634573250
001560,제일연마,8000,8000,0,0.0,4968,39688860
002620,제일파마홀딩스,19800,20200,400,2.02,24824,497152800
006220,제주은행,7200,7220,20,0.28,227261,1640601620
089590,제주항공,21750,21950,200,0.92,255525,5604727850
004910,조광페인트,7960,7750,-210,-2.64,385102,3034607080
004700,조광피혁,55700,55800,100,0.18,3630,202185900
001550,조비,21250,21650,400,1.88,98294,2115193450
000480,조선내화,85600,85400,-200,-0.23,1677,143479500
120030,조선선재,134500,135500,1000,0.74,5764,781190500
018470,조일알미늄,698,687,-11,-1.58,844355,580256025
002600,조흥,182500,186500,4000,2.19,134,24565000
185750,종근당,143500,143500,0,0.0,126922,18330072500
063160,종근당바이오,56600,57700,1100,1.94,136381,7870685900
001630,종근당홀딩스,107500,107000,-500,-0.47,39140,4212855000
044380,주연테크,1215,1200,-15,-1.23,2463068,2934577250
013890,지누스,82200,83000,800,0.97,34212,2816576700
013870,지엠비코리아,7930,7890,-40,-0.5,89495,709292090
071320,지역난방공사,39250,39200,-50,-0.13,12831,500772600
010580,지코,306,306,0,0.0,0,0
035000,지투알,6160,6170,10,0.16,22544,139151700
088790,진도,5880,5770,-110,-1.87,568935,3377905640
003780,진양산업,5890,5780,-110,-1.87,1760610,10239152210
010640,진양폴리,3640,3620,-20,-0.55,247370,895990960
100250,진양홀딩스,2850,2865,15,0.53,288769,828640715
051630,진양화학,4625,4555,-70,-1.51,531330,2433079410
272450,진에어,17950,18150,200,1.11,385794,6969934450
011000,진원생명과학,14350,18650,4300,29.97,10281569,184902690900
002780,진흥기업,2925,2890,-35,-1.2,1393247,4059231110
002787,진흥기업2우B,13000,13250,250,1.92,1746,23007450
002785,진흥기업우B,6260,6190,-70,-1.12,9918,61282930
009310,참엔지니어링,1580,1580,0,0.0,221100,348949470
000650,천일고속,68700,67800,-900,-1.31,2020,137280400
033250,체시스,1645,1640,-5,-0.3,320612,526457915
035720,카카오,558000,558000,0,0.0,0,0
006380,카프로,3755,3710,-45,-1.2,309307,1146835790
109070,컨버즈,4100,4100,0,0.0,0,0
001620,케이비아이동국실업,866,872,6,0.69,367009,320111982
029460,케이씨,28650,28350,-300,-1.05,75514,2148429750
344820,케이씨씨글라스,52800,53300,500,0.95,129170,6926224600
281820,케이씨텍,31350,31000,-350,-1.12,169356,5250189350
145270,케이탑리츠,2690,2530,-160,-5.95,3336644,8625685575
357120,코람코에너지리츠,5210,5200,-10,-0.19,83272,434609390
007815,코리아써우,6040,6170,130,2.15,7107,43369560
007810,코리아써키트,12650,13050,400,3.16,265654,3449062700
00781K,코리아써키트2우B,6700,6800,100,1.49,2333,16083920
003690,코리안리,8600,8620,20,0.23,211072,1823641770
192820,코스맥스,119000,120000,1000,0.84,75427,9055843000
044820,코스맥스비티아이,16250,16300,50,0.31,15916,260149650
005070,코스모신소재,20550,20950,400,1.95,1018631,21609191050
005420,코스모화학,11400,11500,100,0.88,496120,5723857950
071950,코아스,1240,1225,-15,-1.21,336405,409722685
002020,코오롱,33950,32400,-1550,-4.57,441623,14659436700
003070,코오롱글로벌,21750,21350,-400,-1.84,97045,2086269400
003075,코오롱글로벌우,29600,29100,-500,-1.69,2967,86608150
144620,코오롱머티리얼,3160,3150,-10,-0.32,142101,448989035
002025,코오롱우,27600,23550,-4050,-14.67,486101,12171524000
120110,코오롱인더,64600,62000,-2600,-4.02,640241,39823422400
120115,코오롱인더우,32400,30250,-2150,-6.64,222988,6819098100
138490,코오롱플라스틱,6550,7020,470,7.18,3207228,22737880070
021240,코웨이,68000,67800,-200,-0.29,243598,16494920400
031820,콤텍시스템,1575,1625,50,3.17,6918161,11304523555
192400,쿠쿠홀딩스,131500,130500,-1000,-0.76,10634,1369245000
284740,쿠쿠홈시스,41950,42400,450,1.07,41575,1746827900
015590,큐로,654,659,5,0.76,3009524,1986221746
264900,크라운제과,14850,14200,-650,-4.38,1064877,15798297800
26490K,크라운제과우,16350,16750,400,2.45,97436,1628182100
005740,크라운해태홀딩스,10950,11250,300,2.74,305682,3424446600
005745,크라운해태홀딩스우,16600,16800,200,1.2,41674,699925400
020120,키다리스튜디오,13950,18100,4150,29.75,7715404,129758789500
039490,키움증권,137000,136000,-1000,-0.73,98209,13385979500
012170,키위미디어그룹,1105,1105,0,0.0,0,0
014580,태경비케이,4695,4670,-25,-0.53,319245,1496350625
015890,태경산업,7500,7260,-240,-3.2,496398,3656275620
006890,태경케미컬,13600,13600,0,0.0,92102,1244832450
003240,태광산업,1015000,1037000,22000,2.17,1109,1145776000
011280,태림포장,5280,5320,40,0.76,400635,2123252630
004100,태양금속,1620,1590,-30,-1.85,653061,1052238720
004105,태양금속우,3040,2995,-45,-1.48,21274,64270400
009410,태영건설,12300,12300,0,0.0,180537,2210474050
009415,태영건설우,15600,14700,-900,-5.77,85510,1279080400
001420,태원물산,4510,4580,70,1.55,103487,473422665
007980,태평양물산,2560,2735,175,6.84,9391386,25381838635
055490,테이팩스,54900,55500,600,1.09,49952,2795740000
078000,텔코웨어,11800,12000,200,1.69,42669,508210000
214420,토니모리,7840,8140,300,3.83,132427,1077692540
019180,티에이치엔,3290,3425,135,4.1,314609,1058466520
363280,티와이홀딩스,26600,26650,50,0.19,171970,4578011850
36328K,티와이홀딩스우,24800,24700,-100,-0.4,26251,648183000
091810,티웨이항공,2660,2675,15,0.56,358930,959836080
004870,티웨이홀딩스,1315,1320,5,0.38,165335,215652325
005690,파미셀,15300,16150,850,5.56,2408980,38436890550
036580,팜스코,7740,7740,0,0.0,289532,2245877690
028670,팬오션,6020,6140,120,1.99,5932007,36594684670
010820,퍼스텍,2610,2585,-25,-0.96,688509,1776462525
016800,퍼시스,30100,30000,-100,-0.33,2385,71885150
001020,페이퍼코리아,2395,2530,135,5.64,576129,1423553580
090080,평화산업,1185,1190,5,0.42,237254,281662230
010770,평화홀딩스,4095,4080,-15,-0.37,45179,182622810
058430,포스코강판,30450,30200,-250,-0.82,157778,4775212350
047050,포스코인터내셔널,20000,20300,300,1.5,1224793,25086589800
003670,포스코케미칼,169000,166500,-2500,-1.48,473494,79065031500
007630,폴루스바이오팜,1225,1225,0,0.0,0,0
017810,풀무원,18000,18050,50,0.28,128109,2332763050
103140,풍산,33000,33050,50,0.15,247703,8179701350
005810,풍산홀딩스,24350,24400,50,0.21,32867,796535250
950210,프레스티지바이오파마,29600,29650,50,0.17,669082,20124974700
033180,필룩스,3495,3815,320,9.16,34430407,131622440980
086790,하나금융지주,41600,41250,-350,-0.84,901354,37107131900
293480,하나제약,24850,25350,500,2.01,261207,6658977550
039130,하나투어,62100,62500,400,0.64,138439,8640294700
172580,하이골드12호,2110,2085,-25,-1.18,26012,54243155
153360,하이골드3호,1395,1410,15,1.08,52349,73424265
071090,하이스틸,2825,2795,-30,-1.06,375542,1036208380
019490,하이트론,9090,9390,300,3.3,220646,2042806040
000080,하이트진로,36200,36100,-100,-0.28,277447,10014484650
000087,하이트진로2우B,20450,20450,0,0.0,1670,34069150
000140,하이트진로홀딩스,16600,16550,-50,-0.3,15600,258525850
000145,하이트진로홀딩스우,15400,15550,150,0.97,3131,49123000
152550,한국ANKOR유전,1680,1685,5,0.3,813,1367755
036460,한국가스공사,33100,33300,200,0.6,168372,5579033350
005430,한국공항,40550,40850,300,0.74,13291,539714800
071050,한국금융지주,103500,107500,4000,3.86,944596,101039523472
071055,한국금융지주우,83900,93000,9100,10.85,1092877,103597733300
010040,한국내화,4350,4800,450,10.34,15391129,75607537375
025540,한국단자,83700,83900,200,0.24,66553,5619060100
004090,한국석유,281000,281000,0,0.0,0,0
002200,한국수출포장,25000,25250,250,1.0,26267,667877100
002960,한국쉘석유,254500,256000,1500,0.59,1691,432465000
000240,한국앤컴퍼니,18450,18700,250,1.36,217136,4025693850
123890,한국자산신탁,4995,5060,65,1.3,919187,4708957930
015760,한국전력,23850,23900,50,0.21,1458424,34776506400
006200,한국전자홀딩스,1375,1395,20,1.45,1576442,2167659830
009540,한국조선해양,131500,133000,1500,1.14,316209,42187189000
023350,한국종합기술,9610,8900,-710,-7.39,478534,4315632330
025890,한국주강,1975,1990,15,0.76,86896,172144285
000970,한국주철관,9410,9320,-90,-0.96,141876,1325074510
104700,한국철강,12000,11500,-500,-4.17,701742,8204654050
017960,한국카본,12150,12150,0,0.0,514278,6245780250
161890,한국콜마,56400,58200,1800,3.19,385653,22390328900
024720,한국콜마홀딩스,30800,30400,-400,-1.3,135839,4153561200
161390,한국타이어앤테크놀로지,52000,52300,300,0.58,252979,13331961000
034830,한국토지신탁,2490,2410,-80,-3.21,3004418,7360481230
007280,한국특수형강,2415,2340,-75,-3.11,697672,1649182585
168490,한국패러랠,1950,1955,5,0.26,12031,23509570
010100,한국프랜지,3065,3295,230,7.5,1567642,5056164845
047810,한국항공우주,35950,36000,50,0.14,650359,23443285800
123690,한국화장품,11900,12150,250,2.1,138447,1664828150
003350,한국화장품제조,34950,35500,550,1.57,22018,776126350
011500,한농화성,15850,16000,150,0.95,281711,4512861500
002390,한독,28200,28950,750,2.66,86520,2487901650
014790,한라,5500,5470,-30,-0.55,281607,1538957350
060980,한라홀딩스,42150,42250,100,0.24,72547,3052567000
053690,한미글로벌,11300,11550,250,2.21,759217,8824116650
042700,한미반도체,33000,31750,-1250,-3.79,1251729,40670375400
008930,한미사이언스,60300,60500,200,0.33,170518,10386598000
128940,한미약품,342000,346500,4500,1.32,87895,30402105000
009240,한샘,124000,120500,-3500,-2.82,97405,11746960000
020000,한섬,43100,42100,-1000,-2.32,61989,2636819350
003680,한성기업,8620,8440,-180,-2.09,193690,1640331960
105630,한세실업,21150,21650,500,2.36,363245,7855894950
069640,한세엠케이,3965,4085,120,3.03,62812,253103130
016450,한세예스24홀딩스,9560,9760,200,2.09,1585635,15762006290
010420,한솔PNS,2085,2105,20,0.96,356618,749561680
009180,한솔로지스틱스,3270,3315,45,1.38,533135,1755165795
213500,한솔제지,15300,15450,150,0.98,288046,4472857650
014680,한솔케미칼,263500,263500,0,0.0,39496,10348009500
004710,한솔테크닉스,10700,10600,-100,-0.93,263569,2797492900
004150,한솔홀딩스,4090,4120,30,0.73,237404,972580175
025750,한솔홈데코,2240,2215,-25,-1.12,2960732,6560960855
004960,한신공영,24800,24000,-800,-3.23,207778,4967806650
011700,한신기계,2450,2320,-130,-5.31,1753753,4099169935
001750,한양증권,13050,12950,-100,-0.77,135988,1747488250
001755,한양증권우,24500,23700,-800,-3.27,23187,541343300
018880,한온시스템,18000,17900,-100,-0.56,1086736,19511833675
009420,한올바이오파마,24000,24350,350,1.46,361325,8734629750
014130,한익스프레스,6140,6240,100,1.63,151003,934924830
300720,한일시멘트,148000,148500,500,0.34,8962,1340150000
002220,한일철강,3000,2925,-75,-2.5,537621,1590215235
006390,한일현대시멘트,42150,42000,-150,-0.36,32031,1347881100
003300,한일홀딩스,12750,12800,50,0.39,18800,239622050
051600,한전KPS,34050,33700,-350,-1.03,336138,11411759550
052690,한전기술,31200,31300,100,0.32,616362,19485094550
130660,한전산업,5140,5160,20,0.39,933180,4850150875
002320,한진,40200,40250,50,0.12,70540,2841054950
097230,한진중공업,7810,7980,170,2.18,367277,2936658190
003480,한진중공업홀딩스,4010,4105,95,2.37,79214,321857310
180640,한진칼,53500,55000,1500,2.8,98688,5413904200
18064K,한진칼우,38500,38800,300,0.78,3187,124401850
005110,한창,1200,1215,15,1.25,986005,1188381090
009460,한창제지,2375,2475,100,4.21,4171427,10210376840
000880,한화,31200,31350,150,0.48,242530,7588388050
00088K,한화3우B,14500,14550,50,0.34,34077,495234800
088350,한화생명,3230,3250,20,0.62,3829340,12469853200
000370,한화손해보험,4425,4405,-20,-0.45,1019029,4504144310
009830,한화솔루션,48450,48350,-100,-0.21,1554601,75872872850
009835,한화솔루션우,58000,57800,-200,-0.34,7961,461971200
272210,한화시스템,20300,20100,-200,-0.99,1139432,22939992400
012450,한화에어로스페이스,39900,40400,500,1.25,355221,14236119550
000885,한화우,41900,43000,1100,2.63,3467,148148700
003530,한화투자증권,6670,5470,-1200,-17.99,40627533,230511637630
003535,한화투자증권우,29900,26000,-3900,-13.04,10212493,297534335950
195870,해성디에스,33700,33650,-50,-0.15,194678,6597245650
101530,해태제과식품,9300,9140,-160,-1.72,102570,950042280
143210,핸즈코퍼레이션,6670,6690,20,0.3,70081,466999480
000720,현대건설,45750,45400,-350,-0.77,1979301,90699898400
267270,현대건설기계,53500,50900,-2600,-4.86,345135,17858347200
000725,현대건설우,179500,191500,12000,6.69,12858,2504920000
005440,현대그린푸드,9670,9820,150,1.55,764329,7441549040
086280,현대글로비스,178500,183500,5000,2.8,266325,48666122500
064350,현대로템,19950,19950,0,0.0,1017228,20382352200
079430,현대리바트,18850,18350,-500,-2.65,353101,6544860950
012330,현대모비스,302500,301500,-1000,-0.33,340158,103030897000
010620,현대미포조선,66900,66600,-300,-0.45,220486,14764694200
069960,현대백화점,88500,88300,-200,-0.23,142874,12596849100
004560,현대비앤지스틸,16350,16400,50,0.31,240386,3918766650
004565,현대비앤지스틸우,79700,80200,500,0.63,1351,108329500
004310,현대약품,7620,7750,130,1.71,903697,7037416980
322000,현대에너지솔루션,34750,34800,50,0.14,50679,1756352900
017800,현대엘리베이,45400,45550,150,0.33,198122,9026282600
307950,현대오토에버,119000,122000,3000,2.52,99916,12210473000
011210,현대위아,77500,77900,400,0.52,227174,17659942200
267260,현대일렉트릭,19450,19700,250,1.29,251619,4943224950
004020,현대제철,49900,48700,-1200,-2.4,2003400,97750833250
267250,현대중공업지주,56600,58700,2100,3.71,736003,43270221800
005380,현대차,226000,230000,4000,1.77,634607,145104683000
005387,현대차2우B,106500,108000,1500,1.41,128175,13831032500
005389,현대차3우B,100500,102000,1500,1.49,17916,1827388000
005385,현대차우,107000,109000,2000,1.87,66080,7132533000
001500,현대차증권,13500,13200,-300,-2.22,198477,2626260600
011760,현대코퍼레이션,19550,20250,700,3.58,289420,5817876750
227840,현대코퍼레이션홀딩스,14950,14850,-100,-0.67,110595,1652417300
126560,현대퓨처넷,4945,4860,-85,-1.72,946005,4610148300
001450,현대해상,23250,23200,-50,-0.22,243471,5640739150
057050,현대홈쇼핑,81000,81200,200,0.25,21899,1776302800
093240,형지엘리트,5150,5030,-120,-2.33,1895662,9492141720
003010,혜인,7920,7640,-280,-3.54,994726,7780394590
111110,호전실업,10000,10000,0,0.0,48292,482261150
008770,호텔신라,85500,84900,-600,-0.7,415223,35248569300
008775,호텔신라우,86300,86500,200,0.23,16136,1404492000
002460,화성산업,13050,12950,-100,-0.77,142050,1848077600
378850,화승알앤에이,5480,5450,-30,-0.55,130014,710461590
241590,화승엔터프라이즈,19250,18550,-700,-3.64,230381,4321783850
006060,화승인더,8440,8320,-120,-1.42,566762,4750028990
013520,화승코퍼레이션,1765,1750,-15,-0.85,121141,213051160
010690,화신,5030,5130,100,1.99,455302,2329967105
133820,화인베스틸,2800,2735,-65,-2.32,440617,1210697605
010660,화천기계,2685,2660,-25,-0.93,176753,469090525
000850,화천기공,37000,37100,100,0.27,11768,435254200
016580,환인제약,18250,19000,750,4.11,199784,3740113450
032560,황금에스티,8780,8710,-70,-0.8,130393,1144266790
004800,효성,85400,85600,200,0.23,65309,5577386800
094280,효성ITX,19850,19800,-50,-0.25,25392,502136050
298040,효성중공업,73800,73000,-800,-1.08,106946,7801864600
298050,효성첨단소재,382000,384000,2000,0.52,46445,17779913500
298020,효성티앤씨,567000,572000,5000,0.88,43780,24693130000
298000,효성화학,296500,289000,-7500,-2.53,58603,17021761500
093370,후성,10750,10650,-100,-0.93,1067966,11448680400
081660,휠라홀딩스,42500,42500,0,0.0,245718,10467066750
005870,휴니드,9060,8940,-120,-1.32,589249,5301770880
079980,휴비스,11600,11550,-50,-0.43,1683992,19738862650
005010,휴스틸,12250,12000,-250,-2.04,193819,2345725650
069260,휴켐스,22100,22150,50,0.23,297459,6571278000
000540,흥국화재,4070,4060,-10,-0.25,134032,542103755
000547,흥국화재2우B,21150,21400,250,1.18,374,7971850
000545,흥국화재우,9100,9110,10,0.11,28387,263475330
003280,흥아해운,258,258,0,0.0,0,0
