티커,종목명,시가,종가,변동폭,등락률,거래량,거래대금
095570,AJ네트웍스,5480,5310,-170,-3.1,133372,718071830
006840,AK홀딩스,34250,35250,1000,2.92,61995,2164609850
027410,BGF,7060,7140,80,1.13,534287,3814393480
282330,BGF리테일,185500,185000,-500,-0.27,23712,4423806000
138930,BNK금융지주,7960,7770,-190,-2.39,2179241,17044853960
001460,BYC,430500,432500,2000,0.46,178,77097500
001465,BYC우,191500,189500,-2000,-1.04,119,22940500
001040,CJ,111500,109000,-2500,-2.24,121786,13499729500
079160,CJCGV,32150,31900,-250,-0.78,595886,19167583250
00104K,CJ4우전환,91800,90000,-1800,-1.96,7267,658638600
000120,CJ대한통운,168000,166000,-2000,-1.19,27831,4645263500
011150,CJ씨푸드,4890,4770,-120,-2.45,725211,3478016505
011155,CJ씨푸드1우,42550,42500,-50,-0.12,395,17049150
001045,CJ우,66100,65700,-400,-0.61,1655,108893400
097950,CJ제일제당,473000,464000,-9000,-1.9,39082,18271032000
097955,CJ제일제당우,219500,215500,-4000,-1.82,4885,1058270000
000590,CS홀딩스,72900,72300,-600,-0.82,4344,315841600
012030,DB,1075,1055,-20,-1.86,1528002,1617587180
016610,DB금융투자,7450,7360,-90,-1.21,186565,1384093900
005830,DB손해보험,50800,50200,-600,-1.18,225647,11427572200
000990,DB하이텍,55600,54000,-1600,-2.88,733420,39992233900
000995,DB하이텍1우,121500,119000,-2500,-2.06,482,57686500
139130,DGB금융지주,9510,9330,-180,-1.89,591181,5538409480
001530,DI동일,187000,181000,-6000,-3.21,8288,1517914500
000210,DL,83100,81300,-1800,-2.17,313720,25672750900
001880,DL건설,37900,37100,-800,-2.11,67132,2505851550
000215,DL우,47750,46700,-1050,-2.2,13748,647205700
375500,DL이앤씨,140500,137500,-3000,-2.14,171785,23800751500
37550K,DL이앤씨우,80000,79400,-600,-0.75,12452,992503200
004840,DRB동일,8020,8500,480,5.99,467819,3938938550
155660,DSR,6970,6840,-130,-1.87,71447,492973710
069730,DSR제강,6580,6540,-40,-0.61,111841,734662220
017940,E1,60200,58800,-1400,-2.33,35449,2100198100
365550,ESR켄달스퀘어리츠,7220,7330,110,1.52,426431,3133937500
383220,FF,487500,508000,20500,4.21,66339,33857561000
007700,FF홀딩스,38450,37800,-650,-1.69,181184,6885381100
114090,GKL,18550,18550,0,0.0,313618,5859447650
078930,GS,47650,47750,100,0.21,279669,13400119200
006360,GS건설,44450,42800,-1650,-3.71,1508686,65152967050
001250,GS글로벌,3195,3195,0,0.0,2223258,7182870585
007070,GS리테일,38100,37700,-400,-1.05,268860,10221323150
078935,GS우,38750,38850,100,0.26,5263,204275750
012630,HDC,14050,13700,-350,-2.49,712829,9861129550
039570,HDC아이콘트롤스,13500,14050,550,4.07,378160,5347241450
089470,HDC현대EP,6060,6130,70,1.16,190318,1161133110
294870,HDC현대산업개발,31950,31400,-550,-1.72,1038431,33041132250
011200,HMM,45050,43750,-1300,-2.89,9574504,426672042150
082740,HSD엔진,10400,10350,-50,-0.48,613861,6427537700
003560,IHQ,2285,2070,-215,-9.41,9626381,20164059900
175330,JB금융지주,7700,7600,-100,-1.3,329175,2512097660
234080,JW생명과학,19000,19350,350,1.84,140540,2699054950
001060,JW중외제약,29350,29350,0,0.0,140738,4174565550
001067,JW중외제약2우B,69500,70500,1000,1.44,600,42221600
001065,JW중외제약우,45600,46450,850,1.86,551,25481950
096760,JW홀딩스,4635,4705,70,1.51,149712,701793015
105560,KB금융,57900,56900,-1000,-1.73,814735,46695453300
002380,KCC,312500,307500,-5000,-1.6,32277,9964248000
009070,KCTC,7400,7360,-40,-0.54,299427,2200594540
009440,KC그린홀딩스,5280,5250,-30,-0.57,242801,1284763620
119650,KC코트렐,7590,7370,-220,-2.9,71044,530041820
092220,KEC,2535,2510,-25,-0.99,1937468,4876082420
016380,KG동부제철,18900,18850,-50,-0.26,233810,4373131000
016385,KG동부제철우,135500,137500,2000,1.48,709,94816000
001390,KG케미칼,29950,29450,-500,-1.67,105227,3117344950
033180,KH필룩스,3260,3250,-10,-0.31,779305,2544655880
001940,KISCO홀딩스,19450,19350,-100,-0.51,40146,764659100
025000,KPX케미칼,67000,67300,300,0.45,17344,1169825100
092230,KPX홀딩스,70400,70300,-100,-0.14,6937,486155800
000040,KR모터스,1215,1200,-15,-1.23,525959,634693975
044450,KSS해운,12600,12300,-300,-2.38,198475,2473101600
030200,KT,33550,33350,-200,-0.6,1100467,36949053650
033780,KTG,85000,84300,-700,-0.82,420131,35579412300
030210,KTB투자증권,7450,7100,-350,-4.7,2742455,20358183700
058850,KTcs,3335,3395,60,1.8,12811045,45490738650
058860,KTis,3295,3340,45,1.37,3493182,11938515295
093050,LF,20550,20350,-200,-0.97,66278,1356910550
003550,LG,99400,97900,-1500,-1.51,353173,34752669500
034220,LG디스플레이,23500,23050,-450,-1.91,3003996,69474299600
001120,LG상사,30500,30450,-50,-0.16,193118,5908534750
051900,LG생활건강,1522000,1517000,-5000,-0.33,25680,38989361000
051905,LG생활건강우,719000,714000,-5000,-0.7,3616,2573176000
003555,LG우,73400,73100,-300,-0.41,10681,783406100
032640,LG유플러스,15400,15900,500,3.25,3439621,54408533150
011070,LG이노텍,213500,209000,-4500,-2.11,146244,31111064557
066570,LG전자,152500,150500,-2000,-1.31,561497,85056047500
066575,LG전자우,77000,75900,-1100,-1.43,96158,7324025800
108670,LG하우시스,98000,95900,-2100,-2.14,92584,8973976100
108675,LG하우시스우,44750,43400,-1350,-3.02,9473,415536900
037560,LG헬로비전,5820,5990,170,2.92,1770995,10574510750
051910,LG화학,808000,802000,-6000,-0.74,147055,118256822000
051915,LG화학우,367500,363500,-4000,-1.09,18084,6593403000
079550,LIG넥스원,43700,44900,1200,2.75,358027,15946479650
006260,LS,72700,71200,-1500,-2.06,140532,10096813700
010120,LSELECTRIC,59000,57900,-1100,-1.86,100537,5859977400
000680,LS네트웍스,3715,3800,85,2.29,215946,815854770
229640,LS전선아시아,9380,9410,30,0.32,9749384,94443859750
383800,LX홀딩스,10950,11150,200,1.83,1664087,18637524750
38380K,LX홀딩스1우,21550,21100,-450,-2.09,98936,2109485700
023150,MH에탄올,10200,10050,-150,-1.47,115136,1162780700
035420,NAVER,362500,358500,-4000,-1.1,361808,130454891000
181710,NHN,75700,74700,-1000,-1.32,79823,5986865600
005940,NH투자증권,13050,12850,-200,-1.53,803272,10364222600
005945,NH투자증권우,11450,11300,-150,-1.31,107100,1215968550
338100,NH프라임리츠,5020,5030,10,0.2,108535,544250035
034310,NICE,18800,18600,-200,-1.06,75596,1405555850
008260,NI스틸,5290,5210,-80,-1.51,232293,1215956320
004250,NPC,4315,4250,-65,-1.51,113106,483106905
004255,NPC우,2840,2840,0,0.0,11525,33042365
010060,OCI,122500,119000,-3500,-2.86,790757,94819852500
005490,POSCO,341000,333500,-7500,-2.2,538621,180362046500
010950,S-Oil,101000,103500,2500,2.48,486916,50620912000
010955,S-Oil우,60100,62600,2500,4.16,63125,3933219800
034120,SBS,46500,49600,3100,6.67,497510,24484063900
101060,SBS미디어홀딩스,2095,2125,30,1.43,1774730,3773084650
005090,SGC에너지,46900,46150,-750,-1.6,101062,4663980950
001380,SG글로벌,3885,3900,15,0.39,280317,1089351525
004060,SG세계물산,809,836,27,3.34,8136081,6831587266
002360,SH에너지화학,1245,1210,-35,-2.81,2844656,3501382885
009160,SIMPAC,4375,4430,55,1.26,292914,1286331210
123700,SJM,5950,5940,-10,-0.17,256625,1512835110
025530,SJM홀딩스,4855,4955,100,2.06,88532,437554780
034730,SK,269500,269000,-500,-0.19,129583,35000566000
011790,SKC,132500,132000,-500,-0.38,155305,20459115500
018670,SK가스,127000,126500,-500,-0.39,51867,6529656500
001740,SK네트웍스,6340,6270,-70,-1.1,1634981,10302062610
001745,SK네트웍스우,123000,125000,2000,1.63,262,32615000
006120,SK디스커버리,55000,54100,-900,-1.64,109084,5912692300
006125,SK디스커버리우,42900,42950,50,0.12,8000,341362100
210980,SK디앤디,36150,35450,-700,-1.94,65083,2330675550
068400,SK렌터카,14250,15350,1100,7.72,1104116,16650022050
302440,SK바이오사이언스,155000,155500,500,0.32,232911,35925488500
326030,SK바이오팜,120000,119000,-1000,-0.83,562473,66461201500
361610,SK아이이테크놀로지,143000,142000,-1000,-0.7,223769,31883329500
03473K,SK우,249000,248000,-1000,-0.4,1435,357450000
096770,SK이노베이션,270000,274500,4500,1.67,750903,206708933500
096775,SK이노베이션우,182500,185000,2500,1.37,11754,2173364000
001510,SK증권,1065,1035,-30,-2.82,7955728,8381543445
001515,SK증권우,5220,5160,-60,-1.15,29196,150636780
285130,SK케미칼,257000,253000,-4000,-1.56,68924,17544275500
28513K,SK케미칼우,117000,116000,-1000,-0.85,4587,530924000
017670,SK텔레콤,328000,327500,-500,-0.15,273820,89461186000
000660,SK하이닉스,127500,122500,-5000,-3.92,6087592,753815327750
064960,SNT모티브,70600,70500,-100,-0.14,127492,9014838200
100840,SNT에너지,22700,22250,-450,-1.98,326133,7295639650
003570,SNT중공업,11100,10200,-900,-8.11,418430,4440560250
036530,SNT홀딩스,20950,21000,50,0.24,48298,1015188350
005610,SPC삼립,89800,88800,-1000,-1.11,21514,1929593200
011810,STX,9770,8970,-800,-8.19,370779,3432389000
077970,STX엔진,13800,13300,-500,-3.62,142399,1919939250
071970,STX중공업,7290,7170,-120,-1.65,736541,5345298850
002820,SUNL,6430,6370,-60,-0.93,8110,51622470
084870,TBH글로벌,2220,2380,160,7.21,770088,1827927785
002710,TCC스틸,4560,4465,-95,-2.08,225899,1013044070
002900,TYM,1770,1805,35,1.98,4058054,7224879760
024070,WISCOM,5130,5030,-100,-1.95,995097,5045296560
037270,YGPLUS,6050,6030,-20,-0.33,872615,5305331700
000500,가온전선,38000,38300,300,0.79,462460,17929693400
000860,강남제비스코,28800,28800,0,0.0,9718,280769750
035250,강원랜드,28400,28450,50,0.18,672598,19284346550
011420,갤럭시아에스엠,2325,2435,110,4.73,295099,707511675
002100,경농,16150,16250,100,0.62,319176,5236609750
009450,경동나비엔,64000,65200,1200,1.88,104487,6789367800
267290,경동도시가스,25250,25100,-150,-0.59,25626,650688850
012320,경동인베스트,41700,41700,0,0.0,5212,217783150
000050,경방,15050,15200,150,1.0,32446,489790350
214390,경보제약,12250,12350,100,0.82,160143,1985526850
012610,경인양행,7120,7090,-30,-0.42,189246,1345819000
009140,경인전자,34150,34650,500,1.46,17738,615593500
013580,계룡건설,38650,36850,-1800,-4.66,180771,6726533550
012200,계양전기,5050,5000,-50,-0.99,672814,3381234180
012205,계양전기우,8000,8000,0,0.0,5248,42031390
002140,고려산업,4090,4065,-25,-0.61,114952,467749570
010130,고려아연,436000,430000,-6000,-1.38,36419,15704644000
002240,고려제강,25400,25000,-400,-1.57,39757,999714200
009290,광동제약,9360,9200,-160,-1.71,163797,1519378110
017040,광명전기,3525,3380,-145,-4.11,20106232,73335016790
017900,광전자,2555,2525,-30,-1.17,399012,1022800640
037710,광주신세계,200500,199000,-1500,-0.75,967,193794500
030610,교보증권,9110,9080,-30,-0.33,158755,1452520770
339770,교촌에프앤비,19200,19300,100,0.52,70948,1361275350
007690,국도화학,71900,68600,-3300,-4.59,107771,7492760300
005320,국동,3580,3570,-10,-0.28,437024,1566629745
001140,국보,1730,1700,-30,-1.73,563650,960375275
002720,국제약품,7290,7280,-10,-0.14,112381,820850990
083420,그린케미칼,12850,12650,-200,-1.56,139847,1775914400
014530,극동유화,5310,5410,100,1.88,664721,3603783930
014280,금강공업,8380,8430,50,0.6,362126,3109110670
014285,금강공업우,14000,13950,-50,-0.36,4741,67225900
008870,금비,87000,85600,-1400,-1.61,5634,485751100
001570,금양,5190,5410,220,4.24,729006,3880637650
002990,금호건설,14100,13400,-700,-4.96,1076700,14731316350
002995,금호건설우,38800,39000,200,0.52,4175,162340600
011780,금호석유,223000,206000,-17000,-7.62,1271899,266595293500
011785,금호석유우,113000,106000,-7000,-6.19,150576,16094755500
214330,금호에이치티,2245,2355,110,4.9,6142052,14487437610
001210,금호전기,3370,3375,5,0.15,372602,1242365465
073240,금호타이어,6630,7040,410,6.18,6912532,47855033110
092440,기신정기,5470,5450,-20,-0.37,78558,429186220
000270,기아,91500,90300,-1200,-1.31,3106550,282745284600
024110,기업은행,11000,10850,-150,-1.36,1526214,16607408200
013700,까뮤이앤씨,2700,2740,40,1.48,710234,1929429695
004540,깨끗한나라,6900,6720,-180,-2.61,679152,4637126690
004545,깨끗한나라우,36650,36200,-450,-1.23,5301,192681150
001260,남광토건,17500,17050,-450,-2.57,92744,1609296100
008350,남선알미늄,3805,3745,-60,-1.58,1266834,4778787355
008355,남선알미우,40000,39800,-200,-0.5,1534,60692800
004270,남성,3845,3840,-5,-0.13,291582,1124214455
003920,남양유업,589000,589000,0,0.0,5635,3315660000
003925,남양유업우,271000,278500,7500,2.77,1799,501366000
025860,남해화학,10050,10000,-50,-0.5,365890,3685546860
005720,넥센,5490,5340,-150,-2.73,120355,651843930
005725,넥센우,3810,3810,0,0.0,4904,18626525
002350,넥센타이어,8850,8940,90,1.02,409818,3671639710
002355,넥센타이어1우B,3700,3720,20,0.54,12260,45754970
003580,넥스트사이언스,13450,14100,650,4.83,2282990,32005813950
251270,넷마블,138500,138500,0,0.0,292600,40888375000
090350,노루페인트,13300,13300,0,0.0,246258,3292008650
090355,노루페인트우,40900,39550,-1350,-3.3,17091,684653850
000320,노루홀딩스,14750,14400,-350,-2.37,55590,809152400
000325,노루홀딩스우,112000,107000,-5000,-4.46,23785,2625575500
006280,녹십자,329500,324500,-5000,-1.52,54792,17941908500
005250,녹십자홀딩스,33600,33400,-200,-0.6,142280,4785199150
005257,녹십자홀딩스2우,86700,86700,0,0.0,804,69299100
004370,농심,301500,299500,-2000,-0.66,35921,10772420500
072710,농심홀딩스,82100,82200,100,0.12,6087,501709500
058730,다스코,5740,5740,0,0.0,79693,455944590
023590,다우기술,27900,27600,-300,-1.08,147206,4105903800
019680,대교,4775,4785,10,0.21,330310,1583834435
019685,대교우B,3235,3225,-10,-0.31,54439,175900355
006370,대구백화점,13950,13700,-250,-1.79,22162,306173000
008060,대덕,9010,8900,-110,-1.22,1138607,10296592400
00806K,대덕1우,14400,14600,200,1.39,62358,921238850
353200,대덕전자,15200,15050,-150,-0.99,401619,6063847800
35320K,대덕전자1우,16500,16550,50,0.3,197403,3323896800
000490,대동,11900,11550,-350,-2.94,361960,4258997150
008110,대동전자,8100,7990,-110,-1.36,47447,383666070
005750,대림BCo,7910,8150,240,3.03,311675,2558716240
006570,대림통상,4325,4520,195,4.51,287265,1304671580
001680,대상,29050,28700,-350,-1.2,486328,14159383050
001685,대상우,21950,21800,-150,-0.68,6329,138052500
084690,대상홀딩스,11850,11800,-50,-0.42,140753,1667158500
084695,대상홀딩스우,14650,14450,-200,-1.37,18939,275626400
128820,대성산업,5310,5320,10,0.19,197753,1062451170
117580,대성에너지,6570,6680,110,1.67,160317,1073139680
016710,대성홀딩스,35850,36200,350,0.98,42372,1539822950
003540,대신증권,18650,18450,-200,-1.07,104614,1938352250
003547,대신증권2우B,16350,16250,-100,-0.61,22509,366680450
003545,대신증권우,16650,16600,-50,-0.3,78699,1310660600
009190,대양금속,5120,5150,30,0.59,1147962,5859468590
014160,대영포장,2555,2520,-35,-1.37,873589,2221688910
047040,대우건설,9050,8940,-110,-1.22,5879759,53211167660
009320,대우부품,2515,2500,-15,-0.6,245526,612735940
042660,대우조선해양,38200,37450,-750,-1.96,464390,17686855250
003090,대웅,37650,37000,-650,-1.73,306826,11471144100
069620,대웅제약,159000,161000,2000,1.26,125786,20464144000
000430,대원강업,4460,4470,10,0.22,245145,1090987225
006340,대원전선,2090,2475,385,18.42,129819439,334746315245
006345,대원전선우,3520,4000,480,13.64,906217,3899988205
003220,대원제약,16300,16100,-200,-1.23,46111,743844600
024890,대원화성,3090,3220,130,4.21,3172605,10120127630
002880,대유에이텍,1360,1245,-115,-8.46,6683455,8607471485
000300,대유플러스,1595,1530,-65,-4.08,88352826,145794648375
012800,대창,2400,2420,20,0.83,1220851,2939446685
015230,대창단조,9040,8910,-130,-1.44,86519,776600260
001070,대한방직,43600,43700,100,0.23,7158,312144450
006650,대한유화,250000,245000,-5000,-2.0,81986,20140661500
001440,대한전선,3450,3200,-250,-7.25,195707212,629650257605
084010,대한제강,20300,20500,200,0.99,295827,6053506400
001790,대한제당,3365,3370,5,0.15,492197,1667456885
001795,대한제당우,4300,4410,110,2.56,299282,1316962830
001130,대한제분,175500,175000,-500,-0.28,6817,1195722500
003490,대한항공,32700,34000,1300,3.98,9816280,334127288750
003495,대한항공우,44200,45500,1300,2.94,193905,9021585000
005880,대한해운,3450,3360,-90,-2.61,4651659,15734328345
003830,대한화섬,148500,148000,-500,-0.34,362,53768500
016090,대현,2940,2910,-30,-1.02,505068,1487943175
069460,대호에이엘,3950,3875,-75,-1.9,810883,3129426975
192080,더블유게임즈,66900,64800,-2100,-3.14,161958,10573770500
012510,더존비즈온,80000,81000,1000,1.25,215768,17596968800
004830,덕성,27950,27700,-250,-0.89,2804668,79892598900
004835,덕성우,45700,43900,-1800,-3.94,318414,14474164000
024900,덕양산업,3640,4050,410,11.26,14982655,59739893320
145720,덴티움,60400,60900,500,0.83,52707,3214362700
002150,도화엔지니어링,9350,9280,-70,-0.75,63859,596579360
001230,동국제강,21550,21150,-400,-1.86,1408660,29889018700
023450,동남합성,53300,53200,-100,-0.19,901,48003300
004140,동방,6270,6450,180,2.87,1144910,7254762730
007590,동방아그로,8220,8210,-10,-0.12,51590,422430280
005960,동부건설,13300,13400,100,0.75,266519,3572946950
005965,동부건설우,53800,51000,-2800,-5.2,8357,437011300
026960,동서,30750,31100,350,1.14,119718,3709284050
002210,동성제약,10600,10400,-200,-1.89,203736,2126882850
102260,동성케미컬,6150,6150,0,0.0,93967,577991680
000640,동아쏘시오홀딩스,122500,123500,1000,0.82,11157,1372040000
170900,동아에스티,86200,85600,-600,-0.7,29728,2548671300
028100,동아지질,22800,22350,-450,-1.97,131467,2962646000
282690,동아타이어,13000,13000,0,0.0,22337,290357200
001520,동양,1525,1500,-25,-1.64,1460068,2206304135
001527,동양2우B,21300,20350,-950,-4.46,7774,160777200
001529,동양3우B,51200,48200,-3000,-5.86,7823,384765950
084670,동양고속,26100,26150,50,0.19,23775,621605800
082640,동양생명,5770,5620,-150,-2.6,632676,3576049330
001525,동양우,10200,10050,-150,-1.47,26770,270302900
008970,동양철관,1700,1620,-80,-4.71,3847035,6336476810
092780,동양피스톤,6230,6370,140,2.25,91956,582575910
049770,동원FB,229500,232500,3000,1.31,9429,2189352500
018500,동원금속,1270,1200,-70,-5.51,8365344,10593024250
006040,동원산업,297500,289000,-8500,-2.86,7585,2221957500
030720,동원수산,9580,9580,0,0.0,70747,677356860
014820,동원시스템즈,44400,44200,-200,-0.45,37538,1654895000
014825,동원시스템즈우,37700,37800,100,0.27,542,20507600
163560,동일고무벨트,10250,10250,0,0.0,92615,960739850
004890,동일산업,98900,99500,600,0.61,1676,166621700
002690,동일제강,4680,4610,-70,-1.5,102610,474725010
000020,동화약품,15050,14700,-350,-2.33,168044,2490538500
000150,두산,99000,97500,-1500,-1.52,262071,26088442000
000157,두산2우B,144000,187000,43000,29.86,60641,10927113500
241560,두산밥캣,51100,50300,-800,-1.57,195218,9911383200
000155,두산우,66300,67300,1000,1.51,556618,41184059000
042670,두산인프라코어,14950,15150,200,1.34,12204437,184289525300
034020,두산중공업,25350,26100,750,2.96,49304967,1263267529750
336260,두산퓨얼셀,46950,46800,-150,-0.32,737550,34542949750
33626K,두산퓨얼셀1우,15900,15900,0,0.0,122306,1981101350
33626L,두산퓨얼셀2우B,19550,20200,650,3.32,192840,4009575550
016740,두올,5160,5170,10,0.19,738899,3865386420
192650,드림텍,11100,11100,0,0.0,755348,8531123750
024090,디씨엠,16700,16350,-350,-2.1,17716,289326500
003160,디아이,7130,7070,-60,-0.84,97705,692052430
092200,디아이씨,7120,6700,-420,-5.9,3058512,21279761480
013570,디와이,6600,6450,-150,-2.27,394543,2569203790
210540,디와이파워,18650,18200,-450,-2.41,110222,2024383600
007340,디티알오토모티브,38100,37850,-250,-0.66,11221,425775850
026890,디피씨,15100,14950,-150,-0.99,677939,10230029700
115390,락앤락,14900,14400,-500,-3.36,84805,1238332900
032350,롯데관광개발,22600,22800,200,0.88,1195482,27294809150
330590,롯데리츠,6000,6110,110,1.83,1023217,6244866730
000400,롯데손해보험,2140,2110,-30,-1.4,2293537,4964957120
023530,롯데쇼핑,125000,122500,-2500,-2.0,136532,16913065000
004000,롯데정밀화학,66300,63700,-2600,-3.92,312359,20088995700
286940,롯데정보통신,43400,43350,-50,-0.12,75192,3250716800
280360,롯데제과,146500,145000,-1500,-1.02,15355,2236568500
004990,롯데지주,42850,42800,-50,-0.12,422685,18196647400
00499K,롯데지주우,65500,65100,-400,-0.61,1168,76335000
005300,롯데칠성,159500,164000,4500,2.82,109114,17989626000
005305,롯데칠성우,83700,84000,300,0.36,4422,375888800
011170,롯데케미칼,275000,273000,-2000,-0.73,198595,54527548000
002270,롯데푸드,456000,447000,-9000,-1.97,4735,2125045000
071840,롯데하이마트,39400,39800,400,1.02,60765,2415588150
027740,마니커,777,797,20,2.57,25518759,20574064985
204320,만도,72500,73400,900,1.24,1983191,145988123800
001080,만호제강,23000,22350,-650,-2.83,9177,207244800
088980,맥쿼리인프라,12550,12600,50,0.4,710573,8929716350
094800,맵스리얼티1,5020,5100,80,1.59,202978,1033995840
138040,메리츠금융지주,18050,17750,-300,-1.66,233795,4170162150
008560,메리츠증권,4480,4405,-75,-1.67,1578227,7000289115
000060,메리츠화재,17650,17500,-150,-0.85,297606,5226236600
090370,메타랩스,1145,1180,35,3.06,496073,581962210
017180,명문제약,5730,5670,-60,-1.05,660814,3801872290
009900,명신산업,25350,25050,-300,-1.18,186824,4699349750
012690,모나리자,5340,5280,-60,-1.12,339871,1813954060
005360,모나미,5970,6050,80,1.34,10311052,64130308390
204210,모두투어리츠,4790,5040,250,5.22,179595,892927105
009680,모토닉,12350,12250,-100,-0.81,35266,434679950
009580,무림PP,5370,5370,0,0.0,363809,1956262130
009200,무림페이퍼,3080,3115,35,1.14,742971,2342633410
033920,무학,8930,9070,140,1.57,82958,753434060
008420,문배철강,5200,5160,-40,-0.77,290548,1492374610
025560,미래산업,18450,19300,850,4.61,98468,1873707100
007120,미래아이앤지,600,585,-15,-2.5,18512837,11547739970
357250,미래에셋맵스리츠,5160,5180,20,0.39,65469,338837390
085620,미래에셋생명,4375,4290,-85,-1.94,318652,1375546470
006800,미래에셋증권,9970,9810,-160,-1.6,2630003,25951162340
00680K,미래에셋증권2우B,4880,4845,-35,-0.72,229707,1116807280
006805,미래에셋증권우,6400,6290,-110,-1.72,89830,570147630
002840,미원상사,217000,215500,-1500,-0.69,3042,657751000
268280,미원에스씨,178500,177000,-1500,-0.84,5809,1043260000
107590,미원홀딩스,126500,126500,0,0.0,1526,193108500
134380,미원화학,78000,79000,1000,1.28,1040,81893800
003650,미창석유,85100,86700,1600,1.88,2034,176229100
155900,바다로19호,2815,2750,-65,-2.31,292664,806791565
003610,방림,2590,2635,45,1.74,253721,665969585
001340,백광산업,7160,6650,-510,-7.12,11736719,84953981260
035150,백산,9910,9700,-210,-2.12,510951,5014029030
002410,범양건영,4075,4030,-45,-1.1,185069,750581985
096300,베트남개발1,226,225,-1,-0.44,147218,33164911
007210,벽산,4305,4175,-130,-3.02,1012386,4263290345
002760,보락,2505,2445,-60,-2.4,1130473,2804462935
003850,보령제약,23800,23150,-650,-2.73,272107,6372256350
000890,보해양조,1165,1190,25,2.15,4362986,5199316345
003000,부광약품,21300,21100,-200,-0.94,382729,8102731800
001270,부국증권,25600,25550,-50,-0.2,4588,117085200
001275,부국증권우,22450,22300,-150,-0.67,182,4061000
026940,부국철강,4745,4715,-30,-0.63,96412,456521695
015350,부산가스,65600,65500,-100,-0.15,5899,388884400
011390,부산산업,162000,160500,-1500,-0.93,23942,3901099000
005030,부산주공,657,628,-29,-4.41,5914481,3771307462
002070,비비안,3570,3915,345,9.66,10533367,40643159675
100220,비상교육,11050,10850,-200,-1.81,193775,2122669200
030790,비케이탑스,8190,8200,10,0.12,224687,1856860200
005180,빙그레,64100,63800,-300,-0.47,58992,3775354600
003960,사조대림,26250,25550,-700,-2.67,79309,2064039250
008040,사조동아원,1425,1425,0,0.0,1295428,1847769345
007160,사조산업,75300,67500,-7800,-10.36,277399,19988365900
014710,사조씨푸드,6670,6570,-100,-1.5,719457,4801265850
006090,사조오양,12300,11900,-400,-3.25,82787,996411700
001470,삼부토건,2885,2900,15,0.52,1425283,4164862485
006400,삼성SDI,615000,606000,-9000,-1.46,278294,169459465928
006405,삼성SDI우,396000,395000,-1000,-0.25,5006,1975106500
006660,삼성공조,14750,15050,300,2.03,137647,2050032900
028260,삼성물산,143000,140000,-3000,-2.1,357213,50464988500
02826K,삼성물산우B,139500,135500,-4000,-2.87,13294,1820816500
207940,삼성바이오로직스,855000,834000,-21000,-2.46,117646,99163810000
032830,삼성생명,83600,82500,-1100,-1.32,339089,28118077700
018260,삼성에스디에스,187500,186000,-1500,-0.8,110033,20474501000
028050,삼성엔지니어링,21150,21200,50,0.24,4862957,103191429100
009150,삼성전기,176000,174500,-1500,-0.85,441422,77337751000
009155,삼성전기우,109000,108500,-500,-0.46,15076,1623853000
005930,삼성전자,81900,81100,-800,-0.98,14908823,1214345795800
005935,삼성전자우,74200,74200,0,0.0,835679,62009924400
001360,삼성제약,8710,8640,-70,-0.8,13918253,122116261490
010140,삼성중공업,7130,7050,-80,-1.12,19230322,138911330140
010145,삼성중공우,319000,320000,1000,0.31,1609,518173500
016360,삼성증권,46300,45600,-700,-1.51,330239,15191423550
068290,삼성출판사,43750,43500,-250,-0.57,105984,4642460400
029780,삼성카드,33950,33550,-400,-1.18,239482,8111636750
000810,삼성화재,219000,219500,500,0.23,136931,30185150000
000815,삼성화재우,166000,166500,500,0.3,9135,1522175000
006110,삼아알미늄,11700,11500,-200,-1.71,98984,1148377700
145990,삼양사,64700,63900,-800,-1.24,46906,3018287300
145995,삼양사우,49800,49650,-150,-0.3,1557,77035500
003230,삼양식품,89300,88700,-600,-0.67,20977,1869609400
002170,삼양통상,78400,77700,-700,-0.89,13285,1035805200
272550,삼양패키징,28500,28200,-300,-1.05,14852,422313750
000070,삼양홀딩스,113000,107500,-5500,-4.87,59880,6578378000
000075,삼양홀딩스우,77200,76000,-1200,-1.55,1076,82072500
002810,삼영무역,16600,16750,150,0.9,23631,394146650
005680,삼영전자,13500,13650,150,1.11,109726,1489708350
003720,삼영화학,3015,2980,-35,-1.16,1131154,3381387370
023000,삼원강재,3850,3800,-50,-1.3,94128,360102720
004380,삼익THK,14000,13700,-300,-2.14,65280,897538700
002450,삼익악기,1925,1930,5,0.26,391671,759315340
004440,삼일씨엔에스,14150,14250,100,0.71,76487,1102477950
000520,삼일제약,9800,9630,-170,-1.73,77225,745110900
009770,삼정펄프,36400,35750,-650,-1.79,2775,99714600
005500,삼진제약,27350,27300,-50,-0.18,77409,2101670100
004690,삼천리,96900,96100,-800,-0.83,9557,924743100
010960,삼호개발,6380,6260,-120,-1.88,303570,1919105200
004450,삼화왕관,43700,43850,150,0.34,2198,96187300
009470,삼화전기,32700,32500,-200,-0.61,43712,1424108350
011230,삼화전자,4080,4080,0,0.0,49016,200436195
001820,삼화콘덴서,60200,59600,-600,-1.0,53733,3210002100
000390,삼화페인트,12850,12650,-200,-1.56,119806,1531347750
001290,상상인증권,1445,1440,-5,-0.35,675742,982267520
041650,상신브레이크,5040,5040,0,0.0,343340,1730266510
075180,새론오토모티브,6200,6190,-10,-0.16,5117,31578650
007540,샘표,59300,58400,-900,-1.52,19831,1159324500
248170,샘표식품,62600,61200,-1400,-2.24,40109,2469870500
007860,서연,20650,21050,400,1.94,1481405,31477654000
200880,서연이화,9810,9910,100,1.02,558757,5593350140
017390,서울가스,130000,132000,2000,1.54,7319,964395000
004410,서울식품,355,354,-1,-0.28,5126515,1816409473
004415,서울식품우,5510,5510,0,0.0,7526,41572830
021050,서원,2585,2550,-35,-1.35,450404,1154382440
008490,서흥,55500,55600,100,0.18,31314,1733711500
007610,선도전기,4340,4115,-225,-5.18,1589877,6739254500
136490,선진,17250,17200,-50,-0.29,111075,1905346250
014910,성문전자,2540,2635,95,3.74,746043,1955576550
014915,성문전자우,10250,10450,200,1.95,13451,139074400
003080,성보화학,5370,5320,-50,-0.93,218524,1165625210
004980,성신양회,13100,12850,-250,-1.91,684477,8935735850
004985,성신양회우,17700,17500,-200,-1.13,111890,2003350900
011300,성안,787,787,0,0.0,0,0
000180,성창기업지주,2935,2915,-20,-0.68,464375,1357368775
002420,세기상사,6160,6160,0,0.0,0,0
004360,세방,14800,14700,-100,-0.68,181378,2689274550
004365,세방우,8940,8780,-160,-1.79,2607,22926990
004490,세방전지,107500,108500,1000,0.93,221392,24260394500
001430,세아베스틸,31400,30500,-900,-2.87,230823,7095553750
306200,세아제강,111000,109000,-2000,-1.8,10909,1186146500
003030,세아제강지주,71200,70000,-1200,-1.69,10778,748980000
019440,세아특수강,17200,16900,-300,-1.74,24831,422700500
058650,세아홀딩스,104000,102500,-1500,-1.44,999,102567000
013000,세우글로벌,2470,2470,0,0.0,0,0
091090,세원이앤씨,2030,2110,80,3.94,2572109,5392480560
021820,세원정공,8090,8090,0,0.0,0,0
067830,세이브존IC,4085,4030,-55,-1.35,192144,781921955
033530,세종공업,8810,8760,-50,-0.57,147065,1295648380
075580,세진중공업,7440,7800,360,4.84,4551609,35566169980
027970,세하,2145,2110,-35,-1.63,745998,1584324310
145210,세화아이엠씨,847,891,44,5.19,4741128,4101095261
308170,센트랄모텍,27850,27650,-200,-0.72,96833,2698487700
012600,센트럴인사이트,2490,2490,0,0.0,0,0
068270,셀트리온,269000,261500,-7500,-2.79,604854,159939590000
336370,솔루스첨단소재,47250,47400,150,0.32,276240,13120745050
33637K,솔루스첨단소재1우,16200,16250,50,0.31,11902,193993700
33637L,솔루스첨단소재2우B,27450,27650,200,0.73,2425,66867800
248070,솔루엠,27650,27750,100,0.36,1191817,32992993300
004430,송원산업,20650,21000,350,1.69,562715,11833711950
017550,수산중공업,5060,4975,-85,-1.68,976194,4872796860
053210,스카이라이프,10400,10200,-200,-1.92,213072,2206756700
134790,시디즈,76500,77400,900,1.18,5043,390837300
016590,신대양제지,88900,88600,-300,-0.34,18224,1610775300
029530,신도리코,35250,35100,-150,-0.43,25391,892671200
004970,신라교역,14250,14200,-50,-0.35,32793,463310450
011930,신성이엔지,2930,2870,-60,-2.05,1230804,3555760170
005390,신성통상,2740,3250,510,18.61,91577218,295468293405
004170,신세계,308000,306500,-1500,-0.49,98949,30625360000
035510,신세계IC,179500,179000,-500,-0.28,9167,1648864000
034300,신세계건설,45250,45000,-250,-0.55,25392,1142134950
031430,신세계인터내셔날,225500,224000,-1500,-0.67,25333,5732611500
031440,신세계푸드,101500,100500,-1000,-0.99,27716,2781984100
006880,신송홀딩스,5280,5380,100,1.89,90623,483390440
005800,신영와코루,128000,127500,-500,-0.39,377,47915500
001720,신영증권,65300,64000,-1300,-1.99,6944,446716400
001725,신영증권우,64900,64100,-800,-1.23,7590,484945100
009270,신원,1975,2000,25,1.27,3610049,7309147740
009275,신원우,51000,51800,800,1.57,3867,204788900
002700,신일전자,2055,2015,-40,-1.95,2693007,5449028040
019170,신풍제약,62200,61100,-1100,-1.77,1015515,62440191700
019175,신풍제약우,73000,70900,-2100,-2.88,16153,1154008600
002870,신풍제지,3430,3385,-45,-1.31,205075,693517965
293940,신한알파리츠,8500,8550,50,0.59,167059,1424837400
055550,신한지주,42750,42150,-600,-1.4,971029,41113468700
001770,신화실업,29900,30450,550,1.84,8123,244733600
004080,신흥,15000,14600,-400,-2.67,21779,320837350
102280,쌍방울,698,907,209,29.94,289635857,250079943652
003410,쌍용CE,8170,8170,0,0.0,1501478,12276656600
003620,쌍용차,2770,2770,0,0.0,0,0
004770,써니전자,3610,3670,60,1.66,445959,1629818275
015540,쎌마테라퓨틱스,6410,6410,0,0.0,0,0
004920,씨아이테크,1590,1670,80,5.03,525560,842793770
112610,씨에스윈드,79300,76800,-2500,-3.15,548607,42694201200
008700,아남전자,2925,2870,-55,-1.88,732289,2117915705
002790,아모레G,77900,77000,-900,-1.16,131440,10249027900
00279K,아모레G3우전환,51400,51400,0,0.0,2528,129948700
002795,아모레G우,26950,26950,0,0.0,40123,1085841900
090430,아모레퍼시픽,275000,281000,6000,2.18,239146,67190251700
090435,아모레퍼시픽우,99700,101000,1300,1.3,27227,2755711300
002030,아세아,136000,134000,-2000,-1.47,4448,602241500
183190,아세아시멘트,138500,136000,-2500,-1.81,15161,2062826000
002310,아세아제지,55400,54300,-1100,-1.99,43439,2370165400
012170,아센디오,2945,2855,-90,-3.06,63416,183366065
267850,아시아나IDT,24350,24350,0,0.0,0,0
020560,아시아나항공,17200,17200,0,0.0,0,0
122900,아이마켓코리아,11100,11100,0,0.0,144007,1610569550
010780,아이에스동서,60600,59700,-900,-1.49,72782,4369626700
001780,알루코,5320,5530,210,3.95,5423407,29488562300
018250,애경산업,28750,28400,-350,-1.22,160361,4599596600
161000,애경유화,12400,12100,-300,-2.42,310074,3776498300
011090,에넥스,3270,3325,55,1.68,12141138,40896766785
005850,에스엘,34900,36000,1100,3.15,580492,20779519800
012750,에스원,82500,82500,0,0.0,72803,6027416200
023960,에쓰씨엔지니어링,4500,4400,-100,-2.22,278057,1213634920
298690,에어부산,3575,3575,0,0.0,0,0
140910,에이리츠,15250,15100,-150,-0.98,128883,1941774200
078520,에이블씨엔씨,8910,8830,-80,-0.9,115181,1028358260
015260,에이엔피,1730,1645,-85,-4.91,536694,897001605
007460,에이프로젠KIC,2290,2305,15,0.66,15441169,36412967410
003060,에이프로젠제약,1235,1235,0,0.0,1870707,2316609670
244920,에이플러스에셋,8800,8680,-120,-1.36,115516,1007402070
036570,엔씨소프트,843000,858000,15000,1.78,78067,67229332000
138250,엔에스쇼핑,14400,15200,800,5.56,508441,7637699950
380440,엔에이치스팩19호,2155,2160,5,0.23,253993,546882120
085310,엔케이,1335,1375,40,3.0,1459629,1984725570
009810,엔케이물산,699,807,108,15.45,46065313,36641075382
900140,엘브이엠씨홀딩스,3865,3805,-60,-1.55,318194,1218047675
014440,영보화학,5020,5030,10,0.2,129354,650953935
111770,영원무역,45400,44950,-450,-0.99,69386,3140589400
009970,영원무역홀딩스,50400,50000,-400,-0.79,9727,488314150
003520,영진약품,6160,6080,-80,-1.3,774763,4727811570
000670,영풍,692000,688000,-4000,-0.58,1954,1349339000
006740,영풍제지,7420,7320,-100,-1.35,150897,1116042170
012280,영화금속,2015,2005,-10,-0.5,699341,1401738580
012160,영흥,1190,1200,10,0.84,765223,914493445
015360,예스코홀딩스,39700,39350,-350,-0.88,1914,76067600
007310,오뚜기,545000,543000,-2000,-0.37,6422,3496846000
002630,오리엔트바이오,1685,1700,15,0.89,2251536,3823594600
271560,오리온,118500,117500,-1000,-0.84,118705,14001369500
001800,오리온홀딩스,17750,17600,-150,-0.85,274457,4906872450
070960,용평리조트,5670,5820,150,2.65,953287,5527374480
316140,우리금융지주,11650,11550,-100,-0.86,1617817,18692835550
033660,우리금융캐피탈,12100,11950,-150,-1.24,38050,456936200
118000,우리들휴브레인,1895,1905,10,0.53,698646,1311243065
010050,우리종금,1075,1060,-15,-1.4,50240264,52299183555
006980,우성사료,37100,36750,-350,-0.94,19227,710352000
017370,우신시스템,5290,5570,280,5.29,1314445,7495187110
105840,우진,8600,8280,-320,-3.72,5703772,48489243250
010400,우진아이엔에스,9000,9000,0,0.0,16972,153353150
049800,우진플라임,4010,4015,5,0.12,61448,246035110
016880,웅진,3455,3520,65,1.88,13635871,48796754270
095720,웅진씽크빅,4210,4210,0,0.0,1956471,8374121735
005820,원림,26950,26000,-950,-3.53,5739,150547800
010600,웰바이오텍,3790,3840,50,1.32,1363194,5190149440
008600,윌비스,2665,2625,-40,-1.5,2002877,5302917475
033270,유나이티드제약,50300,50400,100,0.2,193525,9864462400
014830,유니드,76800,75600,-1200,-1.56,47455,3608934900
000910,유니온,8500,8440,-60,-0.71,1777498,15347009580
047400,유니온머티리얼,4235,4245,10,0.24,10128837,44190960880
011330,유니켐,1715,1710,-5,-0.29,373749,638361720
077500,유니퀘스트,11400,11250,-150,-1.32,158198,1790189250
002920,유성기업,3905,3880,-25,-0.64,109189,422175175
000700,유수홀딩스,7900,7680,-220,-2.78,163138,1269978170
003470,유안타증권,4855,4710,-145,-2.99,1087762,5220921670
003475,유안타증권우,4990,4930,-60,-1.2,82172,408283450
011690,유양디앤유,2440,2440,0,0.0,0,0
072130,유엔젤,4250,4210,-40,-0.94,88798,376767045
000220,유유제약,9140,8860,-280,-3.06,455209,4056806510
000225,유유제약1우,13650,13650,0,0.0,18331,248318900
000227,유유제약2우B,27600,27300,-300,-1.09,1732,47525100
001200,유진투자증권,4690,4590,-100,-2.13,504304,2335180225
000100,유한양행,63800,64200,400,0.63,288309,18583644600
000105,유한양행우,60900,60800,-100,-0.16,1608,98039300
003460,유화증권,2815,2795,-20,-0.71,70049,196056275
003465,유화증권우,2850,2850,0,0.0,2077,5883020
008730,율촌화학,21700,21350,-350,-1.61,67956,1458922100
008250,이건산업,15050,14900,-150,-1.0,231549,3523559950
025820,이구산업,4035,3990,-45,-1.12,483337,1935073925
214320,이노션,66000,65800,-200,-0.3,33058,2183264000
088260,이리츠코크렙,6690,6860,170,2.54,163181,1113269720
139480,이마트,160000,157000,-3000,-1.88,135531,21462093500
007660,이수페타시스,3805,3725,-80,-2.1,266750,1001060320
005950,이수화학,12650,12450,-200,-1.58,420244,5262580100
015020,이스타코,3730,3505,-225,-6.03,2398749,8649305380
093230,이아이디,562,573,11,1.96,106381773,60980403400
074610,이엔플러스,4460,4605,145,3.25,729646,3356788965
102460,이연제약,40500,43800,3300,8.15,6226875,271830715350
084680,이월드,3890,3725,-165,-4.24,7297586,28349975370
350520,이지스레지던스리츠,5210,5240,30,0.58,98830,516179310
334890,이지스밸류리츠,5510,5610,100,1.81,139329,774684400
000760,이화산업,22400,21300,-1100,-4.91,6696,145816050
014990,인디에프,1525,1570,45,2.95,1245890,1970655540
101140,인바이오젠,3185,3140,-45,-1.41,217667,686390545
006490,인스코비,2990,2985,-5,-0.17,685217,2048244285
023800,인지컨트롤스,18300,18000,-300,-1.64,312158,5628069500
034590,인천도시가스,28700,28450,-250,-0.87,4731,134197700
129260,인터지스,4300,4270,-30,-0.7,232332,994184505
023810,인팩,12500,13950,1450,11.6,1547589,20838541350
249420,일동제약,15600,15700,100,0.64,163418,2581181950
000230,일동홀딩스,14650,14500,-150,-1.02,26405,383296850
013360,일성건설,2770,2740,-30,-1.08,1293524,3602607475
003120,일성신약,89000,88000,-1000,-1.12,4617,405967100
003200,일신방직,108000,107500,-500,-0.46,2618,281318000
007110,일신석재,2240,2245,5,0.22,2424730,5536914755
007570,일양약품,38100,37200,-900,-2.36,214672,8046078850
007575,일양약품우,38150,37400,-750,-1.97,3319,124504650
008500,일정실업,18750,18350,-400,-2.13,4669,86557800
081000,일진다이아,43600,42750,-850,-1.95,79159,3408992350
020760,일진디스플,4450,4415,-35,-0.79,164234,725582220
020150,일진머티리얼즈,67000,67000,0,0.0,166661,11182459100
103590,일진전기,5650,5840,190,3.36,600312,3495074950
015860,일진홀딩스,5850,5850,0,0.0,316578,1854635760
226320,잇츠한불,29750,29450,-300,-1.01,110880,3283191400
317400,자이에스앤디,10600,10500,-100,-0.94,208141,2199478400
033240,자화전자,20800,21600,800,3.85,1138751,24681497150
000950,전방,40500,40500,0,0.0,1586,64236250
348950,제이알글로벌리츠,5230,5230,0,0.0,1237050,6436114970
194370,제이에스코퍼레이션,18850,18850,0,0.0,63337,1187484800
025620,제이준코스메틱,1950,2020,70,3.59,563770,1138514425
036420,제이콘텐트리,52200,53700,1500,2.87,142210,7625712300
030000,제일기획,24500,24750,250,1.02,325545,8066671350
271980,제일약품,43000,42500,-500,-1.16,38037,1622930150
001560,제일연마,8510,8470,-40,-0.47,7519,63900490
002620,제일파마홀딩스,24800,24950,150,0.6,23857,597387800
006220,제주은행,7800,7650,-150,-1.92,489238,3794601290
089590,제주항공,26400,27950,1550,5.87,1152710,31776795950
004910,조광페인트,8600,8430,-170,-1.98,76798,654136820
004700,조광피혁,56900,56700,-200,-0.35,2276,129235600
001550,조비,23750,23900,150,0.63,62695,1502256600
000480,조선내화,93300,93300,0,0.0,1966,183794900
120030,조선선재,131000,128000,-3000,-2.29,15232,1974697000
018470,조일알미늄,971,966,-5,-0.51,1623906,1562509527
002600,조흥,198000,200000,2000,1.01,251,50178000
185750,종근당,130500,130500,0,0.0,49681,6522392500
063160,종근당바이오,57600,56900,-700,-1.22,50706,2900429500
001630,종근당홀딩스,109000,109000,0,0.0,21576,2370776500
044380,주연테크,1130,1135,5,0.44,412502,470893810
013890,지누스,100500,99100,-1400,-1.39,49144,4872590400
013870,지엠비코리아,7250,7160,-90,-1.24,73273,528677990
071320,지역난방공사,45950,46350,400,0.87,21268,983530950
010580,지코,306,306,0,0.0,0,0
035000,지투알,6920,6920,0,0.0,48665,335885950
088790,진도,5620,5740,120,2.14,190630,1087593610
003780,진양산업,5710,5720,10,0.18,122703,703395350
010640,진양폴리,3980,3970,-10,-0.25,111837,445279830
100250,진양홀딩스,3090,3100,10,0.32,104160,321599315
051630,진양화학,4180,4155,-25,-0.6,43783,182777500
272450,진에어,22750,23900,1150,5.05,1178625,28163664550
011000,진원생명과학,21650,20600,-1050,-4.85,1914821,39811767750
002780,진흥기업,2815,3145,330,11.72,78032593,244689582140
002787,진흥기업2우B,17200,19900,2700,15.7,124963,2441338500
002785,진흥기업우B,7900,8500,600,7.59,161360,1402684140
009310,참엔지니어링,1525,1540,15,0.98,299618,459349035
000650,천일고속,78700,79400,700,0.89,3684,290804500
033250,체시스,1710,1715,5,0.29,471925,804532885
035720,카카오,128500,129000,500,0.39,1936747,250545022000
006380,카프로,4645,4530,-115,-2.48,383098,1749022645
109070,컨버즈,4100,4100,0,0.0,0,0
001620,케이비아이동국실업,1120,1040,-80,-7.14,5322661,5656205965
029460,케이씨,26900,26550,-350,-1.3,42506,1134589250
344820,케이씨씨글라스,64100,63400,-700,-1.09,72310,4613654400
281820,케이씨텍,28200,27300,-900,-3.19,138168,3808250200
145270,케이탑리츠,1785,1820,35,1.96,1241828,2281419455
357120,코람코에너지리츠,6140,6250,110,1.79,184190,1150920820
007815,코리아써우,7570,7610,40,0.53,10015,75228280
007810,코리아써키트,12600,12700,100,0.79,72161,908442600
00781K,코리아써키트2우B,9300,9380,80,0.86,2217,20674670
003690,코리안리,9800,9730,-70,-0.71,175126,1711569950
192820,코스맥스,130000,130500,500,0.38,64570,8469479000
044820,코스맥스비티아이,19800,19600,-200,-1.01,29313,579870950
005070,코스모신소재,24000,24250,250,1.04,346740,8388726000
005420,코스모화학,12150,11750,-400,-3.29,465125,5527928750
071950,코아스,1525,1580,55,3.61,2563232,4018710510
002020,코오롱,30700,30650,-50,-0.16,34003,1048271250
003070,코오롱글로벌,24300,23950,-350,-1.44,55745,1347876550
003075,코오롱글로벌우,30700,30500,-200,-0.65,1108,33953500
144620,코오롱머티리얼,2960,2960,0,0.0,75018,223424530
002025,코오롱우,21250,21250,0,0.0,13611,286822350
120110,코오롱인더,63200,63000,-200,-0.32,183214,11521452700
120115,코오롱인더우,30950,30750,-200,-0.65,8307,256043000
138490,코오롱플라스틱,6490,6480,-10,-0.15,153389,1006720790
021240,코웨이,78700,78300,-400,-0.51,209364,16421838700
031820,콤텍시스템,1275,1275,0,0.0,873097,1114167390
192400,쿠쿠홀딩스,138000,136500,-1500,-1.09,6469,889741000
284740,쿠쿠홈시스,48850,48000,-850,-1.74,36153,1754527500
015590,큐로,620,636,16,2.58,6696107,4269665494
264900,크라운제과,14300,14550,250,1.75,133032,1939640550
26490K,크라운제과우,23750,23500,-250,-1.05,17255,398571200
005740,크라운해태홀딩스,12100,12050,-50,-0.41,41711,506518950
005745,크라운해태홀딩스우,20450,20800,350,1.71,8556,176899350
020120,키다리스튜디오,15500,15400,-100,-0.65,60329,931818350
039490,키움증권,123000,119000,-4000,-3.25,269440,32500744000
014580,태경비케이,4825,4820,-5,-0.1,322828,1558636515
015890,태경산업,7110,7100,-10,-0.14,343134,2474093490
006890,태경케미컬,14500,14100,-400,-2.76,98145,1398993300
003240,태광산업,1299000,1296000,-3000,-0.23,1873,2442766000
011280,태림포장,4885,4820,-65,-1.33,253584,1225892115
004100,태양금속,1735,1785,50,2.88,1013297,1794707865
004105,태양금속우,3525,3570,45,1.28,49838,179238675
009410,태영건설,12900,12800,-100,-0.78,379760,4867474900
009415,태영건설우,18300,18100,-200,-1.09,27089,491779600
001420,태원물산,5550,5320,-230,-4.14,107262,579834500
007980,태평양물산,2615,2635,20,0.76,350515,918132445
055490,테이팩스,53500,51800,-1700,-3.18,42133,2207205000
078000,텔코웨어,12850,12800,-50,-0.39,38889,495385900
214420,토니모리,11100,10800,-300,-2.7,228360,2493524700
019180,티에이치엔,3635,3690,55,1.51,226030,834940450
363280,티와이홀딩스,28200,28200,0,0.0,187462,5350305400
36328K,티와이홀딩스우,27750,27700,-50,-0.18,17882,497264300
091810,티웨이항공,4055,4835,780,19.24,41208722,193984134075
004870,티웨이홀딩스,1520,1715,195,12.83,17962108,30505751995
005690,파미셀,17350,16750,-600,-3.46,692893,11728305250
036580,팜스코,7350,7280,-70,-0.95,135789,992403780
004720,팜젠사이언스,10050,9900,-150,-1.49,275718,2733147260
028670,팬오션,6560,6460,-100,-1.52,4615423,29918381740
010820,퍼스텍,2870,2905,35,1.22,994998,2868708775
016800,퍼시스,43500,43450,-50,-0.11,9007,392040400
001020,페이퍼코리아,2265,2335,70,3.09,170568,396312140
090080,평화산업,1275,1260,-15,-1.18,445590,570989510
010770,평화홀딩스,4410,4420,10,0.23,43147,190041275
058430,포스코강판,62000,60500,-1500,-2.42,187231,11350218200
047050,포스코인터내셔널,20950,21500,550,2.63,1555075,33743057150
003670,포스코케미칼,141500,141500,0,0.0,154224,21863379000
007630,폴루스바이오팜,1225,1225,0,0.0,0,0
017810,풀무원,21850,21600,-250,-1.14,181645,3944267500
103140,풍산,39100,38450,-650,-1.66,264480,10230273050
005810,풍산홀딩스,28200,28200,0,0.0,29531,838690150
950210,프레스티지바이오파마,27700,27500,-200,-0.72,147838,4075189950
086790,하나금융지주,46900,46050,-850,-1.81,896486,41475515200
293480,하나제약,23200,22950,-250,-1.08,61729,1417673300
039130,하나투어,86900,90100,3200,3.68,499724,44935067200
172580,하이골드12호,2490,2505,15,0.6,233661,583086060
153360,하이골드3호,1825,1840,15,0.82,83273,152388705
352820,하이브,265000,262000,-3000,-1.13,166528,43582873500
071090,하이스틸,3530,3500,-30,-0.85,205234,720014810
019490,하이트론,10900,11800,900,8.26,655403,7604345200
000080,하이트진로,39700,39600,-100,-0.25,418865,16664530400
000087,하이트진로2우B,24200,24150,-50,-0.21,4541,109603050
000140,하이트진로홀딩스,18900,18650,-250,-1.32,24947,467247300
000145,하이트진로홀딩스우,20800,20800,0,0.0,5813,121692750
152550,한국ANKOR유전,1610,1595,-15,-0.93,31124,49806315
036460,한국가스공사,37700,38650,950,2.52,1490835,57800919150
005430,한국공항,51900,55900,4000,7.71,93596,5174900000
071050,한국금융지주,110000,106500,-3500,-3.18,244771,26266354500
071055,한국금융지주우,96700,94000,-2700,-2.79,49254,4669183000
010040,한국내화,4625,4700,75,1.62,222595,1046664160
025540,한국단자,96000,95100,-900,-0.94,82774,7930959700
004090,한국석유,17000,17200,200,1.18,526234,9067459000
002200,한국수출포장,25850,25800,-50,-0.19,15315,393101650
002960,한국쉘석유,285000,285500,500,0.18,3395,968397000
000240,한국앤컴퍼니,20900,20600,-300,-1.44,221575,4588151750
123890,한국자산신탁,5030,4995,-35,-0.7,238279,1193475700
015760,한국전력,26300,26200,-100,-0.38,3966713,104642816550
006200,한국전자홀딩스,1375,1390,15,1.09,842562,1169668545
009540,한국조선해양,140000,138000,-2000,-1.43,335196,46836439500
023350,한국종합기술,8200,8190,-10,-0.12,65110,535710850
025890,한국주강,2750,2700,-50,-1.82,112807,308064500
000970,한국주철관,9970,9810,-160,-1.6,165855,1636990940
104700,한국철강,10200,10000,-200,-1.96,170219,1711142020
017960,한국카본,12350,12200,-150,-1.21,351624,4312597050
161890,한국콜마,60200,59700,-500,-0.83,141562,8514696200
024720,한국콜마홀딩스,30800,30650,-150,-0.49,72645,2236999750
161390,한국타이어앤테크놀로지,54600,52700,-1900,-3.48,404844,21770980100
034830,한국토지신탁,2400,2370,-30,-1.25,806406,1925554480
007280,한국특강,3770,3665,-105,-2.79,253949,937832405
168490,한국패러랠,2005,1995,-10,-0.5,15507,30968120
010100,한국프랜지,3600,3580,-20,-0.56,651711,2355864175
047810,한국항공우주,35350,34800,-550,-1.56,768145,26958705300
123690,한국화장품,12550,12600,50,0.4,118816,1498842600
003350,한국화장품제조,38000,37950,-50,-0.13,28536,1082186300
011500,한농화성,14300,14300,0,0.0,152521,2212676400
002390,한독,28550,28000,-550,-1.93,105029,2956290750
014790,한라,5980,5880,-100,-1.67,424727,2518793820
060980,한라홀딩스,46950,46100,-850,-1.81,76266,3560777150
053690,한미글로벌,12450,12200,-250,-2.01,122736,1510184450
042700,한미반도체,33600,32900,-700,-2.08,507533,16801365150
008930,한미사이언스,69600,68800,-800,-1.15,83715,5806036900
128940,한미약품,333500,328000,-5500,-1.65,50473,16649939000
009240,한샘,109500,109000,-500,-0.46,42499,4663974500
020000,한섬,44200,44450,250,0.57,83449,3706950200
003680,한성기업,9440,9430,-10,-0.11,452149,4308386900
105630,한세실업,24100,24450,350,1.45,236892,5821368450
069640,한세엠케이,4825,4855,30,0.62,33789,165386490
016450,한세예스24홀딩스,9850,9770,-80,-0.81,110262,1081364540
010420,한솔PNS,2330,2340,10,0.43,149470,350042340
009180,한솔로지스틱스,4025,4030,5,0.12,1325678,5282525030
213500,한솔제지,15400,15650,250,1.62,315176,4979682450
014680,한솔케미칼,255000,254000,-1000,-0.39,26650,6795294500
004710,한솔테크닉스,8770,8630,-140,-1.6,298023,2586659180
004150,한솔홀딩스,4635,4670,35,0.76,432040,2026259150
025750,한솔홈데코,2225,2150,-75,-3.37,2172056,4745238880
004960,한신공영,25350,24850,-500,-1.97,56378,1411768500
011700,한신기계,2880,2825,-55,-1.91,2989798,8597178550
001750,한양증권,16600,16150,-450,-2.71,81921,1337140050
001755,한양증권우,24000,24100,100,0.42,2422,58254550
018880,한온시스템,17500,17400,-100,-0.57,889081,15442460650
009420,한올바이오파마,21100,20900,-200,-0.95,172916,3627179150
014130,한익스프레스,7160,7220,60,0.84,243453,1759398780
300720,한일시멘트,170500,167500,-3000,-1.76,7270,1232869000
002220,한일철강,3040,3065,25,0.82,124817,384246450
006390,한일현대시멘트,41650,40650,-1000,-2.4,128941,5323597050
003300,한일홀딩스,14300,14300,0,0.0,29380,420844500
051600,한전KPS,45600,45400,-200,-0.44,595621,27136191600
052690,한전기술,56900,56200,-700,-1.23,780509,44797491700
130660,한전산업,9860,9340,-520,-5.27,14570332,135846719600
002320,한진,41300,41450,150,0.36,86555,3595563200
097230,한진중공업,8520,8980,460,5.4,2643635,24707928410
003480,한진중공업홀딩스,5660,6140,480,8.48,8945474,59906829670
180640,한진칼,72000,74900,2900,4.03,344021,25532716700
18064K,한진칼우,47550,49200,1650,3.47,54122,2641444450
005110,한창,1300,1345,45,3.46,2048769,2750150290
009460,한창제지,2515,2515,0,0.0,2266190,5772583815
000880,한화,32600,32400,-200,-0.61,571529,18702798100
00088K,한화3우B,15900,15850,-50,-0.31,40795,646044650
088350,한화생명,3830,3780,-50,-1.31,3786623,14338770055
000370,한화손해보험,4720,4635,-85,-1.8,623338,2909964995
009830,한화솔루션,44350,43500,-850,-1.92,1748572,76492872950
009835,한화솔루션우,55600,55000,-600,-1.08,5097,280158300
272210,한화시스템,17300,17350,50,0.29,411870,7145641100
012450,한화에어로스페이스,49450,50100,650,1.31,744822,37228756350
000885,한화우,48000,47350,-650,-1.35,4314,205371650
003530,한화투자증권,5240,5130,-110,-2.1,9150447,48693671950
003535,한화투자증권우,16200,16800,600,3.7,148835,2559411400
195870,해성디에스,36100,35000,-1100,-3.05,220953,7792590550
101530,해태제과식품,10650,10500,-150,-1.41,52785,556724950
143210,핸즈코퍼레이션,6710,6660,-50,-0.75,33435,222238690
000720,현대건설,57800,56900,-900,-1.56,765680,43888278600
267270,현대건설기계,56600,55000,-1600,-2.83,181065,10021580100
000725,현대건설우,220000,217500,-2500,-1.14,777,169151000
005440,현대그린푸드,11150,11250,100,0.9,753447,8501399150
086280,현대글로비스,198000,192500,-5500,-2.78,186215,36223520000
064350,현대로템,23850,23950,100,0.42,6784110,165692113400
079430,현대리바트,19950,19600,-350,-1.75,402845,7982850050
012330,현대모비스,288000,287500,-500,-0.17,470628,136136155000
010620,현대미포조선,85400,84700,-700,-0.82,303983,26108644000
069960,현대백화점,89900,89000,-900,-1.0,114006,10197528800
004560,현대비앤지스틸,19600,19150,-450,-2.3,238925,4607103600
004565,현대비앤지스틸우,95200,94100,-1100,-1.16,1313,124261600
004310,현대약품,7190,7110,-80,-1.11,290288,2078432230
322000,현대에너지솔루션,31700,31200,-500,-1.58,47742,1494118100
017800,현대엘리베이,56800,55300,-1500,-2.64,753266,42245827700
307950,현대오토에버,122000,120500,-1500,-1.23,97875,11902063000
011210,현대위아,89300,90900,1600,1.79,758222,68577565900
267260,현대일렉트릭,21700,21550,-150,-0.69,230004,4980497200
004020,현대제철,52100,50700,-1400,-2.69,1142771,58411370700
267250,현대중공업지주,73700,73000,-700,-0.95,275483,20330829300
005380,현대차,243500,239500,-4000,-1.64,941037,227704136500
005387,현대차2우B,120500,118000,-2500,-2.07,46901,5607535000
005389,현대차3우B,110500,109000,-1500,-1.36,19171,2102290500
005385,현대차우,117000,115500,-1500,-1.28,74058,8579072000
001500,현대차증권,13900,13750,-150,-1.08,177474,2449392300
011760,현대코퍼레이션,21000,21300,300,1.43,65346,1384774150
227840,현대코퍼레이션홀딩스,15000,14950,-50,-0.33,73293,1104687500
126560,현대퓨처넷,4575,4570,-5,-0.11,190657,878366690
001450,현대해상,24500,24150,-350,-1.43,724761,17739298450
057050,현대홈쇼핑,90700,89700,-1000,-1.1,25323,2300803400
093240,형지엘리트,5410,5300,-110,-2.03,1365034,7315030080
003010,혜인,7670,8110,440,5.74,2901102,23212633040
111110,호전실업,15150,15300,150,0.99,104459,1577167600
008770,호텔신라,97500,99900,2400,2.46,1065288,106717305900
008775,호텔신라우,94200,95300,1100,1.17,32895,3157751300
002460,화성산업,13400,13250,-150,-1.12,52176,693088400
378850,화승알앤에이,5690,5870,180,3.16,126752,737681110
241590,화승엔터프라이즈,17750,17800,50,0.28,188691,3400343200
006060,화승인더,7900,7930,30,0.38,254378,2027547460
013520,화승코퍼레이션,2370,2270,-100,-4.22,851548,1958450955
010690,화신,8070,8500,430,5.33,3389300,28563367040
133820,화인베스틸,2605,2600,-5,-0.19,228781,595739465
010660,화천기계,2890,2890,0,0.0,89578,259259885
000850,화천기공,38200,38300,100,0.26,8996,341787400
016580,환인제약,21750,21450,-300,-1.38,113685,2459673350
032560,황금에스티,9280,9130,-150,-1.62,128110,1174615540
004800,효성,100000,98800,-1200,-1.2,65328,6471539700
094280,효성ITX,21800,21950,150,0.69,85100,1879034050
298040,효성중공업,73300,74000,700,0.95,98644,7225087200
298050,효성첨단소재,374000,369500,-4500,-1.2,88399,32335983500
298020,효성티앤씨,741000,715000,-26000,-3.51,87541,62916199000
298000,효성화학,321500,314000,-7500,-2.33,52974,16712684000
093370,후성,10450,10300,-150,-1.44,878997,9172577000
081660,휠라홀딩스,54000,54600,600,1.11,360881,19753756200
005870,휴니드,8690,8740,50,0.58,1455580,12932763080
079980,휴비스,10900,10650,-250,-2.29,140997,1518724700
005010,휴스틸,14450,14000,-450,-3.11,93842,1326352650
069260,휴켐스,22200,21950,-250,-1.13,240373,5321682550
000540,흥국화재,4815,4710,-105,-2.18,296615,1408901505
000547,흥국화재2우B,31000,31300,300,0.97,1208,37518500
000545,흥국화재우,11350,11200,-150,-1.32,8875,98623850
003280,흥아해운,258,258,0,0.0,0,0
