티커,종목명,시가,종가,변동폭,등락률,거래량,거래대금
095570,AJ네트웍스,5840,5770,-70,-1.2,106261,609206200
006840,AK홀딩스,26950,26800,-150,-0.56,27891,735033250
027410,BGF,5980,5680,-300,-5.02,439875,2520112440
282330,BGF리테일,170500,171000,500,0.29,11802,2008478000
138930,BNK금융지주,8840,8810,-30,-0.34,1773614,15659847340
001460,BYC,444500,432500,-12000,-2.7,973,421344000
001465,BYC우,186000,184500,-1500,-0.81,98,17986000
001040,CJ,98800,97100,-1700,-1.72,54657,5309915200
079160,CJCGV,29700,29200,-500,-1.68,281224,8202524050
00104K,CJ4우전환,81700,80800,-900,-1.1,15678,1259206400
000120,CJ대한통운,153000,150500,-2500,-1.63,33394,5058568500
011150,CJ씨푸드,3940,3835,-105,-2.66,195838,758597720
011155,CJ씨푸드1우,39950,39000,-950,-2.38,59,2289100
001045,CJ우,60600,59700,-900,-1.49,1418,84641400
097950,CJ제일제당,409500,401000,-8500,-2.08,59272,23717255000
097955,CJ제일제당우,198500,195000,-3500,-1.76,9323,1819043000
000590,CS홀딩스,65400,64200,-1200,-1.83,2896,186274100
012030,DB,1020,999,-21,-2.06,1226396,1230447754
016610,DB금융투자,6680,6530,-150,-2.25,135807,892959430
005830,DB손해보험,63600,65200,1600,2.52,113766,7312099400
000990,DB하이텍,54600,53200,-1400,-2.56,556539,29740119200
000995,DB하이텍1우,103000,100500,-2500,-2.43,725,72739600
139130,DGB금융지주,9930,9860,-70,-0.7,620324,6127968560
001530,DI동일,317000,304500,-12500,-3.94,21646,6679422500
000210,DL,75900,74000,-1900,-2.5,117980,8870441100
001880,DL건설,30600,29700,-900,-2.94,39051,1164367250
000215,DL우,44750,43800,-950,-2.12,6503,284146000
375500,DL이앤씨,134000,131500,-2500,-1.87,103381,13623956000
37550K,DL이앤씨우,76200,75400,-800,-1.05,9323,702961600
004840,DRB동일,6360,6110,-250,-3.93,45159,277140650
155660,DSR,10850,9310,-1540,-14.19,915190,9076258550
069730,DSR제강,9350,8460,-890,-9.52,873816,7555376060
017940,E1,59300,57000,-2300,-3.88,40675,2344982600
365550,ESR켄달스퀘어리츠,6380,6540,160,2.51,277689,1807544120
383220,FF,709000,729000,20000,2.82,59457,43215602000
007700,FF홀딩스,35200,34250,-950,-2.7,119422,4111048100
114090,GKL,16300,15900,-400,-2.45,369076,5893933500
078930,GS,44750,44200,-550,-1.23,186774,8311174150
006360,GS건설,42750,41550,-1200,-2.81,428832,17860753150
001250,GS글로벌,2575,2500,-75,-2.91,416881,1052224670
007070,GS리테일,32650,32000,-650,-1.99,228042,7311020100
078935,GS우,37050,36700,-350,-0.94,9042,332196050
012630,HDC,11000,10800,-200,-1.82,162331,1757116200
039570,HDC아이콘트롤스,12150,11850,-300,-2.47,36591,432837450
089470,HDC현대EP,6140,6020,-120,-1.95,325360,1961560360
294870,HDC현대산업개발,27500,26950,-550,-2.0,231303,6230457900
011200,HMM,33700,31800,-1900,-5.64,12590270,408263863000
082740,HSD엔진,7970,7620,-350,-4.39,500446,3882812490
003560,IHQ,1610,1615,5,0.31,4437820,7218295195
175330,JB금융지주,8930,8700,-230,-2.58,320910,2832818910
234080,JW생명과학,16100,15800,-300,-1.86,38181,602366050
001060,JW중외제약,25350,24400,-950,-3.75,71879,1776642900
001067,JW중외제약2우B,56000,53500,-2500,-4.46,649,35125500
001065,JW중외제약우,32150,31600,-550,-1.71,250,7911000
096760,JW홀딩스,3875,3765,-110,-2.84,115860,438926245
105560,KB금융,55300,55200,-100,-0.18,1563801,86238430166
002380,KCC,416000,399500,-16500,-3.97,72296,29179449500
344820,KCC글라스,69000,65900,-3100,-4.49,207725,13793624300
009070,KCTC,6020,5830,-190,-3.16,179097,1056297610
009440,KC그린홀딩스,5410,5360,-50,-0.92,87721,474406730
119650,KC코트렐,7300,7000,-300,-4.11,151871,1070276190
092220,KEC,2520,2480,-40,-1.59,3986879,9792565840
016380,KG동부제철,13750,12850,-900,-6.55,405663,5289877550
016385,KG동부제철우,116500,117000,500,0.43,112,13028500
001390,KG케미칼,34500,33800,-700,-2.03,147594,5047471150
033180,KH필룩스,3400,3250,-150,-4.41,1220036,4033168180
001940,KISCO홀딩스,21600,21600,0,0.0,23497,500514700
025000,KPX케미칼,61300,60800,-500,-0.82,5260,316169400
092230,KPX홀딩스,66600,66300,-300,-0.45,2514,165492900
000040,KR모터스,1015,990,-25,-2.46,500296,498350975
044450,KSS해운,11450,11300,-150,-1.31,48915,550164400
030200,KT,32600,32000,-600,-1.84,858992,27629268850
033780,KTG,81200,80800,-400,-0.49,280621,22707914900
030210,KTB투자증권,6340,6100,-240,-3.79,406313,2485131770
058850,KTcs,2680,2595,-85,-3.17,277765,721861270
058860,KTis,2565,2485,-80,-3.12,90426,226501320
093050,LF,17900,17650,-250,-1.4,72801,1281186050
003550,LG,93000,93000,0,0.0,233277,21667640000
034220,LG디스플레이,18950,18500,-450,-2.37,1914917,35521781050
051900,LG생활건강,1337000,1331000,-6000,-0.45,22422,29860848000
051905,LG생활건강우,642000,637000,-5000,-0.78,2895,1849275620
003555,LG우,68900,68300,-600,-0.87,4878,332638600
032640,LG유플러스,15000,15050,50,0.33,1720225,25836385550
011070,LG이노텍,208500,204000,-4500,-2.16,122196,25015120000
066570,LG전자,127500,125500,-2000,-1.57,1099392,137967773000
066575,LG전자우,65800,64500,-1300,-1.98,64752,4180642900
037560,LG헬로비전,7110,6990,-120,-1.69,745478,5189157110
051910,LG화학,776000,770000,-6000,-0.77,231735,178946309000
051915,LG화학우,375500,377000,1500,0.4,17116,6426240000
079550,LIG넥스원,52000,50400,-1600,-3.08,119069,6088846100
006260,LS,64200,62900,-1300,-2.02,92156,5795390900
010120,LSELECTRIC,66700,66600,-100,-0.15,108147,7181217200
000680,LS네트웍스,3645,3465,-180,-4.94,185107,657543990
229640,LS전선아시아,8580,8280,-300,-3.5,201570,1683372680
001120,LX인터내셔널,34600,34600,0,0.0,996205,34437086800
108670,LX하우시스,78600,75400,-3200,-4.07,66956,5095957400
108675,LX하우시스우,36700,35700,-1000,-2.72,3095,111487000
383800,LX홀딩스,9510,9350,-160,-1.68,409139,3848534390
38380K,LX홀딩스1우,15000,14350,-650,-4.33,13286,191837100
023150,MH에탄올,14350,13300,-1050,-7.32,332496,4506577950
035420,NAVER,388000,382000,-6000,-1.55,402239,154539688400
181710,NHN,70200,69800,-400,-0.57,27392,1910809000
005940,NH투자증권,12900,12650,-250,-1.94,539684,6858704950
005945,NH투자증권우,12300,12000,-300,-2.44,206244,2486400450
338100,NH프라임리츠,4840,4830,-10,-0.21,45741,221064145
034310,NICE,17800,17350,-450,-2.53,45124,786534700
008260,NI스틸,4210,4000,-210,-4.99,176953,719311815
004250,NPC,6550,6680,130,1.98,1745101,11814287760
004255,NPC우,3165,3165,0,0.0,17026,53893515
010060,OCI,161000,160500,-500,-0.31,624524,102151108500
178920,PI첨단소재,55800,53200,-2600,-4.66,220960,11883123600
005490,POSCO,330000,324000,-6000,-1.82,302454,98280001500
010950,S-Oil,110000,110500,500,0.45,187963,20742912500
010955,S-Oil우,63400,63400,0,0.0,23741,1499093200
034120,SBS,57600,57200,-400,-0.69,136212,7734080200
101060,SBS미디어홀딩스,2100,2065,-35,-1.67,457573,945254800
005090,SGC에너지,52800,52100,-700,-1.33,97989,5179129800
001380,SG글로벌,2330,2185,-145,-6.22,321980,719740185
004060,SG세계물산,704,682,-22,-3.13,1250709,858174041
001770,SHD,28000,26700,-1300,-4.64,14086,378771750
002360,SH에너지화학,1210,1125,-85,-7.02,21973222,26559463030
009160,SIMPAC,9120,8670,-450,-4.93,802274,7058305750
123700,SJM,4620,4510,-110,-2.38,46104,208164915
025530,SJM홀딩스,3630,3600,-30,-0.83,16566,59236805
034730,SK,268000,262500,-5500,-2.05,138427,36392046500
011790,SKC,169000,165000,-4000,-2.37,772692,129936091000
018670,SK가스,161000,154500,-6500,-4.04,43677,6866013500
001740,SK네트웍스,5160,5050,-110,-2.13,457583,2316194620
001745,SK네트웍스우,95600,93200,-2400,-2.51,201,18679400
006120,SK디스커버리,47850,47050,-800,-1.67,62225,2943911350
006125,SK디스커버리우,40000,39200,-800,-2.0,12872,507638350
210980,SK디앤디,34200,31600,-2600,-7.6,108071,3506933550
068400,SK렌터카,11700,11650,-50,-0.43,84023,966286200
395400,SK리츠,5980,6030,50,0.84,1141872,6842899290
302440,SK바이오사이언스,270500,273500,3000,1.11,716159,197591524500
326030,SK바이오팜,102000,101000,-1000,-0.98,200990,20276450500
361610,SK아이이테크놀로지,226000,227500,1500,0.66,321238,72961305500
03473K,SK우,241000,237000,-4000,-1.66,2303,547122000
096770,SK이노베이션,265000,263500,-1500,-0.57,409424,106880979000
096775,SK이노베이션우,162000,157500,-4500,-2.78,6097,965735000
001510,SK증권,888,870,-18,-2.03,2324416,2026270904
001515,SK증권우,4000,3910,-90,-2.25,22200,86390005
285130,SK케미칼,284000,294000,10000,3.52,324335,95733008500
28513K,SK케미칼우,156000,155000,-1000,-0.64,70633,11305709500
017670,SK텔레콤,324000,327000,3000,0.93,307903,100394579500
000660,SK하이닉스,103000,100000,-3000,-2.91,2681124,270093983500
064960,SNT모티브,50800,50300,-500,-0.98,28672,1444690700
100840,SNT에너지,23550,22300,-1250,-5.31,349748,8355125850
003570,SNT중공업,9820,9650,-170,-1.73,11402,110696140
036530,SNT홀딩스,18850,18250,-600,-3.18,11035,202935600
005610,SPC삼립,76600,75800,-800,-1.04,12451,941659000
011810,STX,4545,4230,-315,-6.93,502540,2147520180
077970,STX엔진,10300,9770,-530,-5.15,94369,945371000
071970,STX중공업,5200,4950,-250,-4.81,423663,2092214800
002820,SUNL,5380,5240,-140,-2.6,33210,173344040
084870,TBH글로벌,2970,2715,-255,-8.59,210304,585873200
002710,TCC스틸,8800,8300,-500,-5.68,695963,5910023540
002900,TYM,2360,2365,5,0.21,8579180,20652528790
024070,WISCOM,4335,4045,-290,-6.69,92260,379898565
037270,YGPLUS,7270,7240,-30,-0.41,2280280,16734255990
000500,가온전선,28550,28600,50,0.18,20090,579801100
000860,강남제비스코,26350,25750,-600,-2.28,26442,682093100
035250,강원랜드,28650,28400,-250,-0.87,607302,17286087400
011420,갤럭시아에스엠,2125,2070,-55,-2.59,220428,457005680
002100,경농,14200,14250,50,0.35,135528,1922701250
009450,경동나비엔,60300,58300,-2000,-3.32,65987,3875341000
267290,경동도시가스,25450,24650,-800,-3.14,96112,2434954200
012320,경동인베스트,39550,37800,-1750,-4.42,8803,337846250
000050,경방,13800,13750,-50,-0.36,17958,246867600
214390,경보제약,10550,10550,0,0.0,350006,3827351500
012610,경인양행,6870,6670,-200,-2.91,306753,2055294190
009140,경인전자,25050,24800,-250,-1.0,6650,164150000
013580,계룡건설,39100,37450,-1650,-4.22,92547,3490454650
012200,계양전기,4605,4520,-85,-1.85,178907,811755485
012205,계양전기우,7760,7790,30,0.39,4027,31397950
002140,고려산업,3445,3265,-180,-5.22,200041,664716935
010130,고려아연,503000,499000,-4000,-0.8,46296,23107829500
002240,고려제강,30600,28750,-1850,-6.05,96639,2799898200
009290,광동제약,8010,7890,-120,-1.5,124709,985258150
017040,광명전기,3375,3460,85,2.52,11734531,41048487285
017900,광전자,2855,2860,5,0.18,2972036,8982716160
037710,광주신세계,195000,192000,-3000,-1.54,1925,370165500
030610,교보증권,8500,8360,-140,-1.65,73435,617840320
339770,교촌에프앤비,19300,18650,-650,-3.37,78666,1479576650
007690,국도화학,73500,73800,300,0.41,97507,7293476000
005320,국동,3625,3725,100,2.76,7231600,26768821380
001140,국보,1405,1550,145,10.32,8808914,13429158965
002720,국제약품,6920,6520,-400,-5.78,341077,2253221520
083420,그린케미칼,10500,10050,-450,-4.29,92221,936101500
014530,극동유화,4535,4385,-150,-3.31,589694,2620573405
014280,금강공업,8070,7950,-120,-1.49,86605,685084780
014285,금강공업우,13150,12900,-250,-1.9,4426,57560400
008870,금비,71100,69400,-1700,-2.39,911,63713600
001570,금양,5300,5100,-200,-3.77,678039,3499176060
002990,금호건설,13050,12550,-500,-3.83,282845,3579023350
002995,금호건설우,32800,31900,-900,-2.74,763,24298200
011780,금호석유,189000,180000,-9000,-4.76,296729,53988482500
011785,금호석유우,118000,114000,-4000,-3.39,46158,5278276000
214330,금호에이치티,2400,2260,-140,-5.83,14667214,35049024865
001210,금호전기,3640,3650,10,0.27,145535,523741630
073240,금호타이어,5510,5320,-190,-3.45,406694,2202976410
092440,기신정기,4315,4260,-55,-1.27,53102,224511605
000270,기아,81200,78300,-2900,-3.57,1785166,141531751700
024110,기업은행,10500,10400,-100,-0.95,1539438,16076989650
013700,까뮤이앤씨,2645,2650,5,0.19,806914,2123602635
004540,깨끗한나라,4745,4725,-20,-0.42,125830,585332425
004545,깨끗한나라우,22300,21750,-550,-2.47,636,13832550
001260,남광토건,15150,15850,700,4.62,106274,1660531100
008350,남선알미늄,3335,3355,20,0.6,4456204,15030392890
008355,남선알미우,29350,29100,-250,-0.85,5108,148595400
004270,남성,3500,3360,-140,-4.0,1490833,5121868315
003920,남양유업,428500,428000,-500,-0.12,3140,1349543000
003925,남양유업우,217000,217500,500,0.23,80,17357500
025860,남해화학,11400,11950,550,4.82,2690903,31965208800
005720,넥센,5040,4900,-140,-2.78,32230,159226900
005725,넥센우,3515,3515,0,0.0,1860,6541665
002350,넥센타이어,7770,7500,-270,-3.47,181854,1374654840
002355,넥센타이어1우B,3540,3440,-100,-2.82,13188,45307590
003580,넥스트사이언스,29250,28000,-1250,-4.27,880801,25013591300
251270,넷마블,118000,115000,-3000,-2.54,115543,13314549000
090350,노루페인트,10400,9990,-410,-3.94,167414,1679198620
090355,노루페인트우,20400,19750,-650,-3.19,4918,97897550
000320,노루홀딩스,12450,12300,-150,-1.2,14467,177859700
000325,노루홀딩스우,44900,43050,-1850,-4.12,5743,248575050
006280,녹십자,331500,324000,-7500,-2.26,52043,17130504000
005250,녹십자홀딩스,31550,30550,-1000,-3.17,96561,2996602500
005257,녹십자홀딩스2우,75400,73600,-1800,-2.39,940,69748400
004370,농심,282500,281500,-1000,-0.35,18947,5355673500
072710,농심홀딩스,74000,74000,0,0.0,3422,253374800
058730,다스코,5520,5410,-110,-1.99,58146,312396590
023590,다우기술,24500,23800,-700,-2.86,108872,2614625700
145210,다이나믹디자인,531,510,-21,-3.95,1238608,634907077
019680,대교,4405,4295,-110,-2.5,209768,902163200
019685,대교우B,3430,3405,-25,-0.73,96468,325661665
006370,대구백화점,11000,10500,-500,-4.55,20869,222079350
008060,대덕,7100,7040,-60,-0.85,159722,1128484410
00806K,대덕1우,10400,10450,50,0.48,13171,135379200
353200,대덕전자,16750,16400,-350,-2.09,710235,11797976450
35320K,대덕전자1우,13700,13300,-400,-2.92,18582,248506150
000490,대동,10300,10050,-250,-2.43,299461,3015170530
008110,대동전자,7730,7790,60,0.78,33655,255882070
005750,대림BCo,7200,7250,50,0.69,53295,376664990
006570,대림통상,3770,3740,-30,-0.8,10915,40715890
001680,대상,24300,23700,-600,-2.47,106456,2532940800
001685,대상우,18700,18300,-400,-2.14,3686,67508850
084690,대상홀딩스,10250,9960,-290,-2.83,101232,1014714380
084695,대상홀딩스우,11450,11150,-300,-2.62,3815,42658350
128820,대성산업,5140,5120,-20,-0.39,2794797,14939980790
117580,대성에너지,11400,10600,-800,-7.02,9573499,115121104300
016710,대성홀딩스,41650,41600,-50,-0.12,14004,580739400
003540,대신증권,20700,20100,-600,-2.9,133490,2699652650
003547,대신증권2우B,17750,17400,-350,-1.97,45348,790905300
003545,대신증권우,18500,18150,-350,-1.89,85157,1547273800
009190,대양금속,5220,5020,-200,-3.83,618329,3127304225
014160,대영포장,2460,2355,-105,-4.27,1228093,2968393970
047040,대우건설,6750,6590,-160,-2.37,3351175,22569501680
009320,대우부품,2405,2340,-65,-2.7,233307,550782430
042660,대우조선해양,26900,26350,-550,-2.04,269367,7136881800
003090,대웅,33250,32400,-850,-2.56,103244,3358473650
069620,대웅제약,145500,143000,-2500,-1.72,52370,7446863000
000430,대원강업,4115,4000,-115,-2.79,268250,1081475315
006340,대원전선,2045,1965,-80,-3.91,1576474,3168294330
006345,대원전선우,3655,3505,-150,-4.1,12698,44854140
003220,대원제약,18500,18150,-350,-1.89,445032,8088283500
024890,대원화성,5730,4880,-850,-14.83,37897784,206531965805
002880,대유에이텍,1770,1625,-145,-8.19,50377521,88147164835
000300,대유플러스,1550,1375,-175,-11.29,7103627,10235514955
012800,대창,2110,2030,-80,-3.79,887399,1818334150
015230,대창단조,7570,7350,-220,-2.91,89261,653798190
001070,대한방직,43450,43600,150,0.35,6512,284330750
006650,대한유화,215000,214500,-500,-0.23,53804,11597372500
001440,대한전선,2395,2280,-115,-4.8,10600324,24557959385
084010,대한제강,20650,20550,-100,-0.48,106980,2203458800
001790,대한제당,3260,3090,-170,-5.21,992502,3130284230
001795,대한제당우,3460,3310,-150,-4.34,88707,297036490
001130,대한제분,162500,158500,-4000,-2.46,4767,761853000
003490,대한항공,33700,33650,-50,-0.15,2833865,94943518850
003495,대한항공우,40700,40400,-300,-0.74,3270,131740800
005880,대한해운,2910,3000,90,3.09,4271000,12814973675
003830,대한화섬,141000,144500,3500,2.48,2235,325822500
016090,대현,3185,2970,-215,-6.75,2568638,7726398720
069460,대호에이엘,4060,4100,40,0.99,231158,944841860
192080,더블유게임즈,63000,60900,-2100,-3.33,78646,4823635600
012510,더존비즈온,96100,93000,-3100,-3.23,131426,12396671700
004830,덕성,15900,16000,100,0.63,302480,4825720350
004835,덕성우,21700,21500,-200,-0.92,46048,991716400
024900,덕양산업,3105,3090,-15,-0.48,152656,469099790
145720,덴티움,76500,74500,-2000,-2.61,39592,2952948800
002150,도화엔지니어링,8190,8030,-160,-1.95,65471,525548210
001230,동국제강,18350,17650,-700,-3.81,703185,12494835200
023450,동남합성,65100,60100,-5000,-7.68,6748,409295700
004140,동방,4040,4060,20,0.5,435818,1771882195
007590,동방아그로,7430,7300,-130,-1.75,24015,175854330
005960,동부건설,15150,14800,-350,-2.31,152730,2282882300
005965,동부건설우,44300,44700,400,0.9,4869,214427650
026960,동서,29200,28750,-450,-1.54,74923,2153039200
002210,동성제약,9920,9790,-130,-1.31,98832,963160870
102260,동성케미컬,5750,5680,-70,-1.22,56070,318740040
000640,동아쏘시오홀딩스,116500,112500,-4000,-3.43,17802,2015546000
170900,동아에스티,75200,74500,-700,-0.93,20886,1558509700
028100,동아지질,19550,19100,-450,-2.3,56684,1091023650
282690,동아타이어,12500,12350,-150,-1.2,16876,208797000
001520,동양,1585,1545,-40,-2.52,1098182,1696947745
001527,동양2우B,15700,15200,-500,-3.18,832,12660100
001529,동양3우B,34900,33800,-1100,-3.15,2403,80063800
084670,동양고속,22250,22000,-250,-1.12,6410,140635450
082640,동양생명,6990,6960,-30,-0.43,254580,1781111800
001525,동양우,8200,8040,-160,-1.95,2288,18329040
008970,동양철관,1475,1500,25,1.69,3655446,5525121470
092780,동양피스톤,11050,10150,-900,-8.14,3263274,35586616720
049770,동원FB,205500,210500,5000,2.43,14240,2975357500
018500,동원금속,1030,1000,-30,-2.91,396959,407184292
006040,동원산업,230500,227000,-3500,-1.52,4336,985874000
030720,동원수산,9550,9160,-390,-4.08,55951,519058550
014820,동원시스템즈,63200,59600,-3600,-5.7,145788,8827077100
014825,동원시스템즈우,35200,34350,-850,-2.41,866,29944750
163560,동일고무벨트,8390,8400,10,0.12,22606,188591930
004890,동일산업,109500,111000,1500,1.37,6196,681808000
002690,동일제강,3600,3585,-15,-0.42,85001,306251660
000020,동화약품,17850,19600,1750,9.8,9327484,179242122850
000150,두산,99600,93000,-6600,-6.63,120366,11416742000
000157,두산2우B,119000,116500,-2500,-2.1,1280,148540000
241560,두산밥캣,40050,38900,-1150,-2.87,193091,7578095600
000155,두산우,69200,67000,-2200,-3.18,4216,285176900
042670,두산인프라코어,9560,9150,-410,-4.29,1434065,13297575220
034020,두산중공업,20550,19700,-850,-4.14,5347469,106791296750
336260,두산퓨얼셀,51900,49750,-2150,-4.14,584358,29385394350
33626K,두산퓨얼셀1우,16200,15750,-450,-2.78,35078,556098450
33626L,두산퓨얼셀2우B,21000,20500,-500,-2.38,9228,188721550
016740,두올,5230,4970,-260,-4.97,926347,4680065920
192650,드림텍,10350,10000,-350,-3.38,434288,4356728090
024090,디씨엠,18800,18550,-250,-1.33,37310,687177450
003160,디아이,7780,7380,-400,-5.14,338284,2521692750
092200,디아이씨,5600,5450,-150,-2.68,257448,1415642340
377190,디앤디플랫폼리츠,5280,5260,-20,-0.38,147640,778047720
013570,디와이,5270,5140,-130,-2.47,65046,334676810
210540,디와이파워,13250,12900,-350,-2.64,74065,947655100
007340,디티알오토모티브,46800,45900,-900,-1.92,20623,948238500
026890,디피씨,14450,14350,-100,-0.69,675915,9771477350
115390,락앤락,11450,11450,0,0.0,60283,685789250
032350,롯데관광개발,21000,20450,-550,-2.62,581884,11945195600
089860,롯데렌탈,39600,38650,-950,-2.4,238094,9231314050
330590,롯데리츠,5540,5530,-10,-0.18,387302,2135612130
000400,롯데손해보험,1890,1845,-45,-2.38,438064,816192240
023530,롯데쇼핑,102500,100500,-2000,-1.95,77542,7889162000
004000,롯데정밀화학,91200,90500,-700,-0.77,343263,31334391700
286940,롯데정보통신,36100,35300,-800,-2.22,33405,1181520400
280360,롯데제과,127000,126000,-1000,-0.79,2539,318739500
004990,롯데지주,33700,33100,-600,-1.78,130417,4324819450
00499K,롯데지주우,53000,51200,-1800,-3.4,4109,211501000
005300,롯데칠성,147500,145000,-2500,-1.69,21360,3151754000
005305,롯데칠성우,73800,72700,-1100,-1.49,1047,76774500
011170,롯데케미칼,241500,242000,500,0.21,159203,38157262000
002270,롯데푸드,414000,412000,-2000,-0.48,332,135570000
071840,롯데하이마트,29750,29050,-700,-2.35,56847,1657391700
027740,마니커,463,447,-16,-3.46,1701367,767264959
204320,만도,57100,54700,-2400,-4.2,412001,22755353200
001080,만호제강,21600,20850,-750,-3.47,4133,87256250
088980,맥쿼리인프라,12800,13000,200,1.56,2086024,27168882250
094800,맵스리얼티1,4775,4795,20,0.42,53831,257973840
138040,메리츠금융지주,33650,32150,-1500,-4.46,87700,2888705800
008560,메리츠증권,4950,4945,-5,-0.1,808557,3993255815
000060,메리츠화재,30550,30300,-250,-0.82,146490,4458476500
090370,메타랩스,1080,1045,-35,-3.24,503865,527361160
017180,명문제약,5260,5090,-170,-3.23,312621,1591192990
009900,명신산업,27350,26200,-1150,-4.2,487674,12925410900
012690,모나리자,4110,3925,-185,-4.5,289347,1155187750
005360,모나미,5080,4980,-100,-1.97,145852,725243360
204210,모두투어리츠,4085,4170,85,2.08,26139,108589645
009680,모토닉,10900,10550,-350,-3.21,45716,485714050
009580,무림PP,4420,4290,-130,-2.94,162211,700994425
009200,무림페이퍼,2805,2710,-95,-3.39,129405,354205845
033920,무학,11200,10550,-650,-5.8,204937,2207207800
008420,문배철강,4415,4275,-140,-3.17,306011,1312713685
025560,미래산업,13950,13550,-400,-2.87,39418,534964650
007120,미래아이앤지,532,520,-12,-2.26,899109,469230259
357250,미래에셋맵스리츠,5020,5000,-20,-0.4,32980,165162750
085620,미래에셋생명,4905,4730,-175,-3.57,136089,647528195
006800,미래에셋증권,8660,8500,-160,-1.85,1054726,9006851640
00680K,미래에셋증권2우B,4820,4755,-65,-1.35,375542,1796138710
006805,미래에셋증권우,5760,5610,-150,-2.6,27129,153441620
002840,미원상사,210000,205500,-4500,-2.14,1659,342188000
268280,미원에스씨,188000,185000,-3000,-1.6,2153,400414500
107590,미원홀딩스,128000,127000,-1000,-0.78,1896,238958000
134380,미원화학,79300,79200,-100,-0.13,109,8647200
003650,미창석유,79200,77500,-1700,-2.15,1262,98320600
155900,바다로19호,2935,2920,-15,-0.51,54619,158602805
003610,방림,2600,2550,-50,-1.92,202855,523140215
001340,백광산업,6770,6380,-390,-5.76,1630767,10705110620
035150,백산,8150,7860,-290,-3.56,224928,1781609200
002410,범양건영,8270,7820,-450,-5.44,1947371,15499958180
096300,베트남개발1,239,240,1,0.42,307618,73342947
007210,벽산,3855,3970,115,2.98,5310040,22099150680
002760,보락,2225,2170,-55,-2.47,721978,1578589930
003850,보령제약,16150,15300,-850,-5.26,460320,7168464000
000890,보해양조,999,966,-33,-3.3,1757266,1718195178
003000,부광약품,15000,14200,-800,-5.33,4732539,68945690200
001270,부국증권,24850,24300,-550,-2.21,12661,308076500
001275,부국증권우,22900,22900,0,0.0,630,14383950
026940,부국철강,5540,5760,220,3.97,3438487,19768686450
015350,부산가스,84500,84500,0,0.0,12166,1028316900
011390,부산산업,134500,136000,1500,1.12,15384,2072894000
005030,부산주공,683,689,6,0.88,867992,586422373
002070,비비안,3235,3150,-85,-2.63,203507,642194375
100220,비상교육,8650,8190,-460,-5.32,124504,1030506880
030790,비케이탑스,4155,4130,-25,-0.6,1167974,4981359970
005180,빙그레,56500,56500,0,0.0,26351,1489629200
003960,사조대림,28000,27300,-700,-2.5,37194,1017976350
008040,사조동아원,1320,1280,-40,-3.03,1088598,1398283220
007160,사조산업,50800,49900,-900,-1.77,27069,1350680700
014710,사조씨푸드,5260,5180,-80,-1.52,102646,532659400
006090,사조오양,10300,10100,-200,-1.94,34450,347173900
001470,삼부토건,2270,2360,90,3.96,11124591,26886243015
006400,삼성SDI,718000,707000,-11000,-1.53,184464,130682738000
006405,삼성SDI우,391500,382000,-9500,-2.43,4869,1865818000
006660,삼성공조,17350,16700,-650,-3.75,68005,1151690400
028260,삼성물산,123500,121500,-2000,-1.62,239900,29219023500
02826K,삼성물산우B,113500,112500,-1000,-0.88,2745,307346000
207940,삼성바이오로직스,874000,875000,1000,0.11,53368,46754906000
032830,삼성생명,73400,71700,-1700,-2.32,318981,22935300600
018260,삼성에스디에스,160500,158000,-2500,-1.56,88005,13955917000
028050,삼성엔지니어링,25550,25450,-100,-0.39,2142104,54733807200
009150,삼성전기,177500,169500,-8000,-4.51,701703,119965879000
009155,삼성전기우,95400,92500,-2900,-3.04,11977,1118268000
005930,삼성전자,74100,73200,-900,-1.21,15803395,1157440977580
005935,삼성전자우,69600,68000,-1600,-2.3,2288210,156344374900
001360,삼성제약,6720,6400,-320,-4.76,760243,4928102490
010140,삼성중공업,6200,6190,-10,-0.16,3564891,22138862640
010145,삼성중공우,257500,259000,1500,0.58,826,214528500
016360,삼성증권,47900,46800,-1100,-2.3,261824,12288172350
068290,삼성출판사,35500,33500,-2000,-5.63,90977,3113690350
029780,삼성카드,33800,34100,300,0.89,169034,5769459850
000810,삼성화재,235000,237500,2500,1.06,97462,22942921500
000815,삼성화재우,175500,175500,0,0.0,7161,1253730000
006110,삼아알미늄,28950,27750,-1200,-4.15,378550,10695449850
145990,삼양사,71000,68700,-2300,-3.24,53174,3677462800
145995,삼양사우,44250,43200,-1050,-2.37,721,31280900
003230,삼양식품,81700,81300,-400,-0.49,27657,2254197800
002170,삼양통상,66500,65500,-1000,-1.5,4503,293234000
272550,삼양패키징,30550,30150,-400,-1.31,30000,902491150
000070,삼양홀딩스,111500,107500,-4000,-3.59,39826,4313760000
000075,삼양홀딩스우,69400,69300,-100,-0.14,187,12955000
002810,삼영무역,15500,15400,-100,-0.65,15759,242615750
005680,삼영전자,12350,11900,-450,-3.64,83510,999708400
003720,삼영화학,3065,2980,-85,-2.77,214795,641181425
023000,삼원강재,3345,3180,-165,-4.93,73359,237463960
004380,삼익THK,12200,11850,-350,-2.87,21434,256480100
002450,삼익악기,1865,1790,-75,-4.02,807323,1465668495
004440,삼일씨엔에스,12400,11950,-450,-3.63,54825,661459750
000520,삼일제약,8400,8130,-270,-3.21,104479,861537590
009770,삼정펄프,31750,30950,-800,-2.52,1619,50093250
005500,삼진제약,25050,24700,-350,-1.4,53767,1329372450
004690,삼천리,96800,94700,-2100,-2.17,23149,2234663400
010960,삼호개발,5350,5200,-150,-2.8,93589,488604040
004450,삼화왕관,43400,43050,-350,-0.81,1076,46799700
009470,삼화전기,29600,28100,-1500,-5.07,69771,1985779150
011230,삼화전자,3960,3805,-155,-3.91,110049,425850025
001820,삼화콘덴서,59100,57700,-1400,-2.37,102604,5978835300
000390,삼화페인트,10000,9640,-360,-3.6,55152,538566210
001290,상상인증권,1220,1195,-25,-2.05,209612,249148905
041650,상신브레이크,4160,4015,-145,-3.49,45924,185359580
075180,새론오토모티브,5790,5760,-30,-0.52,9291,53488500
007540,샘표,46100,45550,-550,-1.19,3621,164862850
248170,샘표식품,47300,46550,-750,-1.59,9659,450317700
007860,서연,12000,11850,-150,-1.25,197093,2336838100
200880,서연이화,7770,7200,-570,-7.34,354644,2602121200
017390,서울가스,175500,176500,1000,0.57,7822,1389444500
004410,서울식품,338,333,-5,-1.48,4591370,1542276617
004415,서울식품우,4695,4600,-95,-2.02,2262,10564690
021050,서원,2315,2215,-100,-4.32,655205,1469866560
008490,서흥,51800,51100,-700,-1.35,24568,1253052200
007610,선도전기,4470,5660,1190,26.62,48882574,258885169880
136490,선진,14400,14250,-150,-1.04,136520,1929002850
014910,성문전자,2430,2420,-10,-0.41,171890,417630695
014915,성문전자우,9500,9500,0,0.0,1637,15693850
003080,성보화학,4150,4060,-90,-2.17,40980,166538020
004980,성신양회,11150,10750,-400,-3.59,179790,1930666800
004985,성신양회우,15600,15200,-400,-2.56,3499,53236350
011300,성안,787,787,0,0.0,0,0
000180,성창기업지주,2785,2720,-65,-2.33,271248,738005960
002420,세기상사,6160,6160,0,0.0,0,0
004360,세방,12850,12600,-250,-1.95,77847,985464000
004365,세방우,7430,7250,-180,-2.42,8849,64349160
004490,세방전지,85200,83000,-2200,-2.58,80028,6652822900
001430,세아베스틸,25900,24750,-1150,-4.44,154811,3849796750
306200,세아제강,115000,112000,-3000,-2.61,8523,951235500
003030,세아제강지주,140000,134000,-6000,-4.29,30828,4137394500
019440,세아특수강,16800,16650,-150,-0.89,19539,325272300
058650,세아홀딩스,116000,113500,-2500,-2.16,1243,141059000
013000,세우글로벌,4900,3460,-1440,-29.39,13093991,50478562865
091090,세원이앤씨,895,873,-22,-2.46,965048,848371948
021820,세원정공,8090,8090,0,0.0,0,0
067830,세이브존IC,3265,3210,-55,-1.68,58705,187734215
033530,세종공업,12250,11550,-700,-5.71,956708,11243427650
075580,세진중공업,6030,5940,-90,-1.49,227903,1329249300
027970,세하,1815,1800,-15,-0.83,210688,374222480
308170,센트랄모텍,25250,24250,-1000,-3.96,207845,5074279650
012600,센트럴인사이트,2490,2490,0,0.0,0,0
068270,셀트리온,259500,248000,-11500,-4.43,1020405,256343809000
336370,솔루스첨단소재,71500,73000,1500,2.1,663850,48454204100
33637K,솔루스첨단소재1우,19400,19350,-50,-0.26,49206,961715450
33637L,솔루스첨단소재2우B,30900,30700,-200,-0.65,5922,184697850
248070,솔루엠,28050,28500,450,1.6,399273,11168895550
004430,송원산업,20050,18700,-1350,-6.73,579838,10937431800
017550,수산중공업,2775,2680,-95,-3.42,433403,1170117860
053210,스카이라이프,9950,9670,-280,-2.81,58640,572055690
134790,시디즈,70000,68100,-1900,-2.71,4860,331807000
016590,신대양제지,95200,95100,-100,-0.11,16408,1570062900
029530,신도리코,32400,32000,-400,-1.23,22887,734433700
004970,신라교역,12800,13000,200,1.56,21220,273267600
011930,신성이엔지,2480,2375,-105,-4.23,2343620,5690069040
005390,신성통상,3660,3460,-200,-5.46,1790971,6303529750
004170,신세계,263500,254500,-9000,-3.42,66513,16973269500
035510,신세계IC,223500,216500,-7000,-3.13,13875,3026786500
034300,신세계건설,40400,39300,-1100,-2.72,16377,646188750
031430,신세계인터내셔날,190000,184000,-6000,-3.16,18570,3439160500
031440,신세계푸드,98900,96700,-2200,-2.22,9179,892245600
006880,신송홀딩스,5220,5040,-180,-3.45,33737,171868620
005800,신영와코루,117500,121000,3500,2.98,1238,147167000
001720,신영증권,63000,62800,-200,-0.32,2935,183045200
001725,신영증권우,63100,62700,-400,-0.63,366,22943200
009270,신원,3165,3500,335,10.58,60274372,204635391355
009275,신원우,49500,52300,2800,5.66,4739,244006200
002700,신일전자,1900,1930,30,1.58,2549677,4873434470
019170,신풍제약,57200,57600,400,0.7,852469,49025920500
019175,신풍제약우,80600,80600,0,0.0,19886,1603184700
002870,신풍제지,2450,2325,-125,-5.1,134071,318192000
293940,신한알파리츠,8130,8160,30,0.37,102610,834213910
055550,신한지주,40400,39700,-700,-1.73,1377173,54986815750
004080,신흥,17900,17550,-350,-1.96,28139,486781050
102280,쌍방울,685,672,-13,-1.9,2239407,1514485516
003410,쌍용CE,7960,7860,-100,-1.26,637125,5021854770
003620,쌍용차,2770,2770,0,0.0,0,0
004770,써니전자,3370,3425,55,1.63,603640,2066951610
015540,쎌마테라퓨틱스,6410,6410,0,0.0,0,0
004920,씨아이테크,1120,1125,5,0.45,520133,567852895
112610,씨에스윈드,77700,70500,-7200,-9.27,1401123,100979695300
008700,아남전자,2430,2315,-115,-4.73,829621,1958223620
002790,아모레G,49050,47900,-1150,-2.34,140724,6795747600
00279K,아모레G3우전환,37500,37750,250,0.67,6699,250183250
002795,아모레G우,19350,18700,-650,-3.36,23203,435810150
090430,아모레퍼시픽,178500,173500,-5000,-2.8,218956,37906572500
090435,아모레퍼시픽우,71000,68800,-2200,-3.1,34759,2387492900
002030,아세아,138500,133500,-5000,-3.61,3885,526839500
183190,아세아시멘트,132000,129500,-2500,-1.89,13876,1804403000
002310,아세아제지,44550,45600,1050,2.36,82346,3773622000
012170,아센디오,1900,1920,20,1.05,439093,888262370
267850,아시아나IDT,22150,21200,-950,-4.29,67538,1454292250
020560,아시아나항공,26650,26100,-550,-2.06,1406996,36611381350
122900,아이마켓코리아,11850,11450,-400,-3.38,1038207,12345488500
010780,아이에스동서,46450,44750,-1700,-3.66,118420,5350696200
139990,아주스틸,19050,19250,200,1.05,258127,4876350600
001780,알루코,4560,4300,-260,-5.7,1314699,5784211390
018250,애경산업,22700,22250,-450,-1.98,52954,1178036400
161000,애경유화,14500,13450,-1050,-7.24,1352368,18481885750
011090,에넥스,2655,2505,-150,-5.65,958271,2466932790
137310,에스디바이오센서,45150,44250,-900,-1.99,805503,36224750000
005850,에스엘,27300,25900,-1400,-5.13,157513,4133604800
012750,에스원,83600,82900,-700,-0.84,33719,2800565000
023960,에쓰씨엔지니어링,5140,5190,50,0.97,977224,4924356865
298690,에어부산,3425,3450,25,0.73,1470068,5001664705
140910,에이리츠,11050,10900,-150,-1.36,41405,442361200
078520,에이블씨엔씨,8170,7810,-360,-4.41,66451,527748650
015260,에이엔피,2455,2450,-5,-0.2,1179666,2870286695
007460,에이프로젠MED,1895,1865,-30,-1.58,1775879,3330004120
003060,에이프로젠제약,1055,1025,-30,-2.84,1219213,1261407895
244920,에이플러스에셋,9460,9320,-140,-1.48,405795,3810497120
036570,엔씨소프트,603000,595000,-8000,-1.33,236723,142110397602
138250,엔에스쇼핑,14550,13950,-600,-4.12,131016,1845544350
380440,엔에이치스팩19호,2160,2155,-5,-0.23,126850,272726535
085310,엔케이,1170,1125,-45,-3.85,412489,464669335
009810,엔케이물산,1770,1795,25,1.41,2530706,4652670695
900140,엘브이엠씨홀딩스,3240,3150,-90,-2.78,239345,755708025
097520,엠씨넥스,40050,39250,-800,-2.0,133299,5339678600
014440,영보화학,4430,4310,-120,-2.71,103084,443820495
111770,영원무역,44150,43000,-1150,-2.6,74075,3223394750
009970,영원무역홀딩스,47300,46100,-1200,-2.54,9470,437541400
003520,영진약품,5030,4895,-135,-2.68,636605,3135646945
000670,영풍,667000,639000,-28000,-4.2,3597,2313425000
006740,영풍제지,6680,6490,-190,-2.84,66802,439198560
012280,영화금속,2170,2060,-110,-5.07,1339479,2799732210
012160,영흥,1120,1090,-30,-2.68,472613,512867200
015360,예스코홀딩스,39000,37700,-1300,-3.33,3331,127602550
007310,오뚜기,492000,488000,-4000,-0.81,4139,2019432500
002630,오리엔트바이오,1410,1450,40,2.84,672702,925084395
271560,오리온,117500,116000,-1500,-1.28,74954,8728787000
001800,오리온홀딩스,16600,16150,-450,-2.71,132200,2149986800
011690,와이투솔루션,2440,2440,0,0.0,0,0
070960,용평리조트,5900,5850,-50,-0.85,364701,2150849080
316140,우리금융지주,11650,11500,-150,-1.29,1868187,21481958700
118000,우리들휴브레인,1635,1570,-65,-3.98,458463,727057625
010050,우리종금,881,875,-6,-0.68,2603972,2281667794
006980,우성사료,31000,30000,-1000,-3.23,20333,613229600
017370,우신시스템,5010,4620,-390,-7.78,1477843,7112221900
105840,우진,8970,8480,-490,-5.46,2304181,20382756350
010400,우진아이엔에스,8100,8080,-20,-0.25,7912,63307480
049800,우진플라임,4540,4350,-190,-4.19,161480,707277140
016880,웅진,2290,2190,-100,-4.37,844572,1884970645
095720,웅진씽크빅,3350,3285,-65,-1.94,480723,1592336680
005820,원림,20400,20200,-200,-0.98,4482,89915650
010600,웰바이오텍,1955,1950,-5,-0.26,590166,1167850120
008600,윌비스,2055,2005,-50,-2.43,1037235,2088317770
033270,유나이티드제약,53500,52700,-800,-1.5,110663,5898429100
014830,유니드,131500,131500,0,0.0,164506,21373625500
000910,유니온,6390,6510,120,1.88,3366012,23448370320
047400,유니온머티리얼,2975,3075,100,3.36,17959800,61642556690
011330,유니켐,1515,1460,-55,-3.63,657473,969940460
077500,유니퀘스트,10100,9970,-130,-1.29,139334,1384273350
002920,유성기업,3500,3425,-75,-2.14,68585,237767940
000700,유수홀딩스,5850,5770,-80,-1.37,45189,260784390
003470,유안타증권,4075,3960,-115,-2.82,341782,1357752165
003475,유안타증권우,4130,4070,-60,-1.45,44609,178829940
072130,유엔젤,4865,4895,30,0.62,171755,829678700
000220,유유제약,8090,7740,-350,-4.33,154530,1212218930
000225,유유제약1우,10200,9920,-280,-2.75,10412,103603790
000227,유유제약2우B,22900,22350,-550,-2.4,366,8148600
001200,유진투자증권,3835,3725,-110,-2.87,218293,818239615
000100,유한양행,61500,61100,-400,-0.65,171933,10497800100
000105,유한양행우,58100,58000,-100,-0.17,768,44351200
003460,유화증권,2695,2670,-25,-0.93,37901,101158730
003465,유화증권우,2800,2790,-10,-0.36,3366,9290785
008730,율촌화학,24400,24850,450,1.84,815503,20803907400
008250,이건산업,13800,13350,-450,-3.26,134458,1805113950
025820,이구산업,4160,4000,-160,-3.85,622891,2509685925
214320,이노션,60400,60300,-100,-0.17,35247,2128624800
088260,이리츠코크렙,6060,6140,80,1.32,101807,623713690
139480,이마트,164500,158500,-6000,-3.65,206291,32822858500
007660,이수페타시스,3655,3655,0,0.0,390561,1426450190
005950,이수화학,17850,17600,-250,-1.4,1601264,27660832950
015020,이스타코,4090,3900,-190,-4.65,1415566,5607248885
093230,이아이디,416,420,4,0.96,31693610,13590727678
074610,이엔플러스,3640,3520,-120,-3.3,180789,648339860
102460,이연제약,52700,50300,-2400,-4.55,182980,9420112700
084680,이월드,2580,2555,-25,-0.97,353045,904287105
350520,이지스레지던스리츠,5220,5220,0,0.0,89612,469378600
334890,이지스밸류리츠,5800,5800,0,0.0,349941,2028300460
000760,이화산업,16950,16500,-450,-2.65,1602,26707000
014990,인디에프,1830,1910,80,4.37,4337189,8245985485
101140,인바이오젠,4355,4130,-225,-5.17,1443836,6051196830
006490,인스코비,4500,4400,-100,-2.22,8993284,40071147140
023800,인지컨트롤스,14800,14000,-800,-5.41,95995,1364710600
034590,인천도시가스,28850,28200,-650,-2.25,16597,474189200
129260,인터지스,4020,3660,-360,-8.96,544410,2055253215
023810,인팩,17900,16050,-1850,-10.34,785035,13189114350
249420,일동제약,13900,13700,-200,-1.44,44150,604037450
000230,일동홀딩스,13400,13200,-200,-1.49,7767,102971600
013360,일성건설,6560,6600,40,0.61,14767739,97142321110
003120,일성신약,79300,78700,-600,-0.76,1906,150157900
003200,일신방직,119000,116500,-2500,-2.1,10115,1172004500
007110,일신석재,2970,2990,20,0.67,8503235,25478198260
007570,일양약품,31600,30650,-950,-3.01,109167,3368965650
007575,일양약품우,31700,30700,-1000,-3.15,2293,70820800
008500,일정실업,21800,23050,1250,5.73,7996,181267550
081000,일진다이아,40850,39700,-1150,-2.82,120829,4818493300
020760,일진디스플,3795,3645,-150,-3.95,100106,369428300
020150,일진머티리얼즈,104000,103000,-1000,-0.96,637992,66018686500
103590,일진전기,5770,5850,80,1.39,1014268,5990129880
271940,일진하이솔루스,73000,68900,-4100,-5.62,648195,44876044100
015860,일진홀딩스,7180,7110,-70,-0.97,772439,5518550650
226320,잇츠한불,22300,21550,-750,-3.36,17517,379231550
317400,자이에스앤디,9420,9180,-240,-2.55,84931,783138240
033240,자화전자,18100,17150,-950,-5.25,132376,2286566200
000950,전방,41600,39600,-2000,-4.81,3923,157853550
348950,제이알글로벌리츠,5560,5540,-20,-0.36,719278,3985889460
194370,제이에스코퍼레이션,21900,20800,-1100,-5.02,208728,4372154550
025620,제이준코스메틱,1245,1200,-45,-3.61,536347,648498230
036420,제이콘텐트리,53600,53900,300,0.56,333193,18004671700
030000,제일기획,22800,23050,250,1.1,476807,10998840900
271980,제일약품,36600,36000,-600,-1.64,27907,1009632850
001560,제일연마,8540,8720,180,2.11,30004,259513740
002620,제일파마홀딩스,18300,17750,-550,-3.01,7694,137040150
006220,제주은행,6260,6180,-80,-1.28,100766,625853210
089590,제주항공,23150,22750,-400,-1.73,97932,2225383100
004910,조광페인트,8180,7950,-230,-2.81,48589,392082400
004700,조광피혁,57300,56900,-400,-0.7,5007,280842600
001550,조비,26400,27200,800,3.03,273515,7305252900
000480,조선내화,88000,88400,400,0.45,1100,97112200
120030,조선선재,106000,102000,-4000,-3.77,5806,595092000
018470,조일알미늄,2950,2770,-180,-6.1,6121981,17387611515
002600,조흥,192500,194500,2000,1.04,279,53308000
185750,종근당,120500,125000,4500,3.73,723075,95485291500
063160,종근당바이오,45300,45900,600,1.32,399599,19630101050
001630,종근당홀딩스,85300,85900,600,0.7,37185,3270732500
044380,주연테크,1155,1145,-10,-0.87,2218233,2609563495
013890,지누스,73900,71700,-2200,-2.98,121174,8682936800
013870,지엠비코리아,6790,6470,-320,-4.71,59801,392705840
071320,지역난방공사,44100,43400,-700,-1.59,10004,436983200
010580,지코,306,306,0,0.0,0,0
035000,지투알,6720,6640,-80,-1.19,38777,258344250
088790,진도,3350,3280,-70,-2.09,99679,332476240
003780,진양산업,5740,5610,-130,-2.26,197380,1108749650
010640,진양폴리,3735,3640,-95,-2.54,74622,271729080
100250,진양홀딩스,3085,3060,-25,-0.81,79646,244310575
051630,진양화학,3835,3735,-100,-2.61,30507,115066080
272450,진에어,23500,22650,-850,-3.62,141545,3248726100
011000,진원생명과학,34300,34300,0,0.0,797985,27392478850
002780,진흥기업,2310,2250,-60,-2.6,975463,2204177315
002787,진흥기업2우B,15400,15100,-300,-1.95,3532,51984100
002785,진흥기업우B,6050,5890,-160,-2.64,5089,30103840
009310,참엔지니어링,1305,1270,-35,-2.68,157671,201213110
000650,천일고속,69100,68900,-200,-0.29,1379,94685200
033250,체시스,1400,1375,-25,-1.79,126093,173641805
035720,카카오,118000,116500,-1500,-1.27,2329103,273267552500
323410,카카오뱅크,68400,65500,-2900,-4.24,1363624,90242584100
006380,카프로,5070,4890,-180,-3.55,800375,3926891090
109070,컨버즈,4100,4100,0,0.0,0,0
001620,케이비아이동국실업,1185,1225,40,3.38,3160588,3864185970
029460,케이씨,22200,21800,-400,-1.8,49455,1078429900
281820,케이씨텍,24250,22800,-1450,-5.98,110562,2572223550
145270,케이탑리츠,1500,1460,-40,-2.67,583643,853971850
357120,코람코에너지리츠,6350,6340,-10,-0.16,57562,365033010
007815,코리아써우,6850,6640,-210,-3.07,74670,538826170
007810,코리아써키트,13050,13450,400,3.07,2963190,42657040900
00781K,코리아써키트2우B,8980,8730,-250,-2.78,7926,71928380
003690,코리안리,9560,9510,-50,-0.52,335957,3194063040
192820,코스맥스,124500,121000,-3500,-2.81,55986,6820538500
044820,코스맥스비티아이,18200,17350,-850,-4.67,28491,495919850
005070,코스모신소재,48950,48250,-700,-1.43,522734,25469997800
005420,코스모화학,18750,18150,-600,-3.2,834912,15468433150
071950,코아스,1390,1395,5,0.36,453812,630506285
002020,코오롱,39300,39000,-300,-0.76,152594,5954906550
003070,코오롱글로벌,29450,28400,-1050,-3.57,242926,6982936400
003075,코오롱글로벌우,34300,33850,-450,-1.31,2553,86844250
144620,코오롱머티리얼,3075,3075,0,0.0,0,0
002025,코오롱우,22000,21700,-300,-1.36,15094,328757450
120110,코오롱인더,99800,98000,-1800,-1.8,713072,70304151600
120115,코오롱인더우,45250,44000,-1250,-2.76,48131,2129776950
138490,코오롱플라스틱,19650,21050,1400,7.12,16309023,353622568500
021240,코웨이,74200,73800,-400,-0.54,111848,8283042900
031820,콤텍시스템,953,926,-27,-2.83,1508606,1416379938
192400,쿠쿠홀딩스,21900,21600,-300,-1.37,17544,381989450
284740,쿠쿠홈시스,44150,42700,-1450,-3.28,37534,1622542150
015590,큐로,525,524,-1,-0.19,1155345,604974734
264900,크라운제과,10050,9870,-180,-1.79,31111,308016480
26490K,크라운제과우,14750,14050,-700,-4.75,5057,72171700
005740,크라운해태홀딩스,9140,8960,-180,-1.97,29853,268618340
005745,크라운해태홀딩스우,14300,13800,-500,-3.5,5656,78213250
259960,크래프톤,502000,498000,-4000,-0.8,170528,85258451000
020120,키다리스튜디오,15200,16300,1100,7.24,1228903,19877734900
039490,키움증권,110000,106000,-4000,-3.64,106107,11284041000
014580,태경비케이,6110,5740,-370,-6.06,463450,2712062670
015890,태경산업,6310,6060,-250,-3.96,175417,1074161600
006890,태경케미컬,15350,14800,-550,-3.58,67014,1000854450
003240,태광산업,1110000,1110000,0,0.0,1154,1284316000
011280,태림포장,4235,4155,-80,-1.89,161557,676725775
004100,태양금속,1910,1800,-110,-5.76,1286620,2348887770
004105,태양금속우,3390,3215,-175,-5.16,57037,185967165
009410,태영건설,11600,11500,-100,-0.86,68374,779922400
009415,태영건설우,14000,13600,-400,-2.86,3967,54136400
001420,태원물산,4950,4800,-150,-3.03,86386,412839550
007980,태평양물산,2840,2750,-90,-3.17,1462988,4081167310
055490,테이팩스,80200,74500,-5700,-7.11,83239,6368073600
078000,텔코웨어,11250,11100,-150,-1.33,8198,91079450
214420,토니모리,7230,7060,-170,-2.35,23618,167483930
019180,티에이치엔,3625,3900,275,7.59,3180824,12337786780
363280,티와이홀딩스,28650,27800,-850,-2.97,57425,1606514000
36328K,티와이홀딩스우,24400,23800,-600,-2.46,5538,132003650
091810,티웨이항공,4130,4120,-10,-0.24,586960,2407024060
004870,티웨이홀딩스,1385,1410,25,1.81,600818,828477175
005690,파미셀,14850,14350,-500,-3.37,361830,5232049050
036580,팜스코,6310,6070,-240,-3.8,109111,664566590
004720,팜젠사이언스,13900,12250,-1650,-11.87,2058168,25931292700
028670,팬오션,7550,7680,130,1.72,7471061,57189867580
010820,퍼스텍,2320,2260,-60,-2.59,152482,346824590
016800,퍼시스,38150,37750,-400,-1.05,1165,44058450
001020,페이퍼코리아,2320,2200,-120,-5.17,309559,692687230
090080,평화산업,2155,2135,-20,-0.93,1105689,2329076810
010770,평화홀딩스,5200,5030,-170,-3.27,57142,288128235
058430,포스코강판,61900,60500,-1400,-2.26,30302,1837838800
047050,포스코인터내셔널,23900,24350,450,1.88,1844237,44834332500
003670,포스코케미칼,177000,178500,1500,0.85,728384,130650191000
007630,폴루스바이오팜,1225,1225,0,0.0,0,0
017810,풀무원,16750,16200,-550,-3.28,38053,619278800
103140,풍산,33300,32500,-800,-2.4,165117,5377921950
005810,풍산홀딩스,30450,30200,-250,-0.82,21583,652094950
950210,프레스티지바이오파마,28800,29350,550,1.91,412478,12071182800
086790,하나금융지주,46400,45850,-550,-1.19,924354,42429928050
293480,하나제약,22100,21450,-650,-2.94,30343,657050350
039130,하나투어,87900,87300,-600,-0.68,142611,12406633500
172580,하이골드12호,2620,2620,0,0.0,29225,76320705
153360,하이골드3호,2280,2305,25,1.1,36501,83396380
352820,하이브,298500,291500,-7000,-2.35,325950,95283605000
071090,하이스틸,3430,3390,-40,-1.17,184144,626364595
019490,하이트론,3740,3810,70,1.87,164349,646385175
000080,하이트진로,33150,32500,-650,-1.96,261353,8512529950
000087,하이트진로2우B,20700,20500,-200,-0.97,1194,24454050
000140,하이트진로홀딩스,14150,14050,-100,-0.71,16591,234811550
000145,하이트진로홀딩스우,17300,17000,-300,-1.73,1159,19749950
152550,한국ANKOR유전,1570,1575,5,0.32,359,560425
036460,한국가스공사,48650,47650,-1000,-2.06,1422305,68255119600
005430,한국공항,55300,53100,-2200,-3.98,26775,1429922300
071050,한국금융지주,86300,85600,-700,-0.81,178347,15277246200
071055,한국금융지주우,66800,65400,-1400,-2.1,18077,1189033500
010040,한국내화,4275,4210,-65,-1.52,117058,500030980
025540,한국단자,75700,71900,-3800,-5.02,66205,4810204900
004090,한국석유,13600,13300,-300,-2.21,186370,2542340100
002200,한국수출포장,26800,26500,-300,-1.12,10272,275205100
002960,한국쉘석유,279500,278500,-1000,-0.36,1381,384812500
000240,한국앤컴퍼니,15900,15600,-300,-1.89,177979,2771858350
123890,한국자산신탁,4560,4445,-115,-2.52,356389,1595664450
015760,한국전력,23550,23450,-100,-0.42,1472942,34694491950
006200,한국전자홀딩스,1560,1460,-100,-6.41,1207109,1782939225
009540,한국조선해양,102000,97000,-5000,-4.9,529603,51952627100
023350,한국종합기술,8050,7790,-260,-3.23,64036,501066490
025890,한국주강,3575,3470,-105,-2.94,1847253,6500431125
000970,한국주철관,10150,9750,-400,-3.94,222710,2196433520
104700,한국철강,9980,9970,-10,-0.1,81914,809692590
017960,한국카본,11850,11650,-200,-1.69,345064,4039662650
161890,한국콜마,44500,43100,-1400,-3.15,123011,5331244300
024720,한국콜마홀딩스,22250,21550,-700,-3.15,49422,1067065300
161390,한국타이어앤테크놀로지,43250,41500,-1750,-4.05,272887,11423986700
034830,한국토지신탁,2450,2405,-45,-1.84,1071460,2572188910
007280,한국특강,3360,3240,-120,-3.57,222272,718500725
168490,한국패러랠,2055,2050,-5,-0.24,40607,83191710
010100,한국프랜지,2995,2925,-70,-2.34,124263,361214145
047810,한국항공우주,33000,33150,150,0.45,560646,18545738050
123690,한국화장품,9600,9390,-210,-2.19,33264,314797030
003350,한국화장품제조,29000,28500,-500,-1.72,6311,182264150
011500,한농화성,21800,21100,-700,-3.21,6714912,141147500650
002390,한독,24800,24400,-400,-1.61,28257,692218800
014790,한라,6240,6080,-160,-2.56,727553,4400746730
060980,한라홀딩스,55500,54200,-1300,-2.34,88935,4818615700
053690,한미글로벌,10800,10450,-350,-3.24,55893,584324550
042700,한미반도체,31100,30500,-600,-1.93,233048,7156020400
008930,한미사이언스,62100,59500,-2600,-4.19,146643,8816290000
128940,한미약품,275000,266000,-9000,-3.27,46563,12470416500
009240,한샘,120000,114000,-6000,-5.0,156070,18127783000
020000,한섬,39600,39050,-550,-1.39,104957,4119314400
003680,한성기업,6890,6570,-320,-4.64,50487,335561360
105630,한세실업,23200,22650,-550,-2.37,345302,7914613850
069640,한세엠케이,5220,5250,30,0.57,64286,333404500
016450,한세예스24홀딩스,8330,8160,-170,-2.04,34765,282931570
010420,한솔PNS,2205,2125,-80,-3.63,258137,554754325
009180,한솔로지스틱스,4585,4590,5,0.11,790075,3643756365
213500,한솔제지,16250,15800,-450,-2.77,91768,1461175500
014680,한솔케미칼,346500,339500,-7000,-2.02,54194,18740310000
004710,한솔테크닉스,6970,6810,-160,-2.3,159133,1090130190
004150,한솔홀딩스,4015,3980,-35,-0.87,127404,503312030
025750,한솔홈데코,1865,1820,-45,-2.41,844302,1543142250
004960,한신공영,20500,20000,-500,-2.44,28294,565760750
011700,한신기계,3215,3165,-50,-1.56,831721,2680632075
001750,한양증권,18550,18200,-350,-1.89,40873,741161350
001755,한양증권우,21250,21400,150,0.71,8876,186141800
018880,한온시스템,15650,15100,-550,-3.51,876107,13369811450
009420,한올바이오파마,21200,20700,-500,-2.36,315893,6582559900
014130,한익스프레스,6280,6120,-160,-2.55,58446,358665950
300720,한일시멘트,17800,16750,-1050,-5.9,273476,4675674400
002220,한일철강,3310,3200,-110,-3.32,82198,266056085
006390,한일현대시멘트,33600,32650,-950,-2.83,13987,463373300
003300,한일홀딩스,14100,13750,-350,-2.48,38152,528114550
051600,한전KPS,38400,40200,1800,4.69,586996,23432913050
052690,한전기술,48700,48400,-300,-0.62,230822,11309134800
130660,한전산업,15450,15300,-150,-0.97,11033404,177882593500
002320,한진,37200,36100,-1100,-2.96,43197,1572125500
097230,한진중공업,10000,10100,100,1.0,186886,1874626230
003480,한진중공업홀딩스,4855,4725,-130,-2.68,88844,425220400
180640,한진칼,61200,59700,-1500,-2.45,97086,5812573500
18064K,한진칼우,39100,38300,-800,-2.05,1992,76797150
005110,한창,1250,1240,-10,-0.8,718079,890836000
009460,한창제지,2170,2080,-90,-4.15,558566,1172893865
372910,한컴라이프케어,8750,8600,-150,-1.71,269186,2358368590
000880,한화,34250,33700,-550,-1.61,402461,13631253300
00088K,한화3우B,16300,16050,-250,-1.53,91511,1467135900
088350,한화생명,3610,3555,-55,-1.52,2519265,8944140810
000370,한화손해보험,4505,4380,-125,-2.77,604604,2668138310
009830,한화솔루션,44800,42950,-1850,-4.13,1600589,69746003250
009835,한화솔루션우,45800,44200,-1600,-3.49,6718,299200600
272210,한화시스템,17500,17450,-50,-0.29,1085096,19140714100
012450,한화에어로스페이스,50200,52000,1800,3.59,1081652,56408215350
000885,한화우,40650,38500,-2150,-5.29,2513,98522800
003530,한화투자증권,4355,4255,-100,-2.3,921387,3954684115
003535,한화투자증권우,12500,12500,0,0.0,33586,423946800
195870,해성디에스,41250,40350,-900,-2.18,111082,4483581750
101530,해태제과식품,8620,8660,40,0.46,22860,193271840
143210,핸즈코퍼레이션,5510,5520,10,0.18,44672,243172110
000720,현대건설,51400,50300,-1100,-2.14,436750,22046823900
267270,현대건설기계,41000,40650,-350,-0.85,44982,1821958300
000725,현대건설우,178500,172000,-6500,-3.64,1936,335502000
005440,현대그린푸드,9340,9170,-170,-1.82,193722,1781185820
086280,현대글로비스,166500,161500,-5000,-3.0,166587,27002544500
064350,현대로템,24200,23850,-350,-1.45,1266783,30351287350
079430,현대리바트,17200,16750,-450,-2.62,63005,1067531300
012330,현대모비스,253000,249500,-3500,-1.38,243304,61000789500
010620,현대미포조선,69900,66300,-3600,-5.15,422889,28303866300
069960,현대백화점,79900,78000,-1900,-2.38,143456,11258286900
004560,현대비앤지스틸,18000,17300,-700,-3.89,102834,1789823450
004565,현대비앤지스틸우,81300,78500,-2800,-3.44,245,19279200
004310,현대약품,5720,5530,-190,-3.32,136314,764122480
322000,현대에너지솔루션,24900,24300,-600,-2.41,28729,704598800
017800,현대엘리베이,49150,49200,50,0.1,273361,13400822150
307950,현대오토에버,98500,96200,-2300,-2.34,105436,10248516000
011210,현대위아,78800,73400,-5400,-6.85,497903,37251174400
267260,현대일렉트릭,27800,26650,-1150,-4.14,618207,16632456900
004020,현대제철,47350,45900,-1450,-3.06,936229,42989448850
329180,현대중공업,115500,113500,-2000,-1.73,1203513,137512525500
267250,현대중공업지주,64700,64000,-700,-1.08,145533,9303038900
005380,현대차,200000,193500,-6500,-3.25,1182422,229855859000
005387,현대차2우B,95500,92800,-2700,-2.83,108008,10127556300
005389,현대차3우B,91100,89400,-1700,-1.87,21087,1887444500
005385,현대차우,96500,93700,-2800,-2.9,63393,5995101600
001500,현대차증권,12650,12400,-250,-1.98,101511,1263647000
011760,현대코퍼레이션,19050,18900,-150,-0.79,31703,595147450
227840,현대코퍼레이션홀딩스,13400,12950,-450,-3.36,27479,358734500
126560,현대퓨처넷,4650,4560,-90,-1.94,319872,1472999920
001450,현대해상,25450,26500,1050,4.13,1443540,37801255600
057050,현대홈쇼핑,71000,70400,-600,-0.85,16640,1172338900
093240,형지엘리트,3945,3895,-50,-1.27,462123,1753558900
003010,혜인,6020,5950,-70,-1.16,354333,2144433550
111110,호전실업,14750,14650,-100,-0.68,75069,1070596300
008770,호텔신라,86600,84700,-1900,-2.19,372263,31629719000
008775,호텔신라우,86700,86400,-300,-0.35,6610,567580500
002460,화성산업,14300,13600,-700,-4.9,174844,2412663200
378850,화승알앤에이,5830,5600,-230,-3.95,84853,476855820
241590,화승엔터프라이즈,17000,16650,-350,-2.06,111955,1876863800
006060,화승인더,6830,6700,-130,-1.9,107312,722070600
013520,화승코퍼레이션,2625,2520,-105,-4.0,189401,483095810
010690,화신,8620,8390,-230,-2.67,303188,2545196420
133820,화인베스틸,3080,3010,-70,-2.27,283170,850247280
010660,화천기계,2835,2725,-110,-3.88,160996,438244670
000850,화천기공,37300,36450,-850,-2.28,6153,224409950
016580,환인제약,18650,18250,-400,-2.14,44686,815138600
032560,황금에스티,9710,9200,-510,-5.25,215886,2014630130
004800,효성,116500,112500,-4000,-3.43,71337,8094525500
094280,효성ITX,20000,19500,-500,-2.5,15700,307924500
298040,효성중공업,77200,72400,-4800,-6.22,137744,10140947500
298050,효성첨단소재,733000,717000,-16000,-2.18,97215,70873350000
298020,효성티앤씨,645000,629000,-16000,-2.48,36486,23276437000
298000,효성화학,357500,347000,-10500,-2.94,30625,10772429000
093370,후성,21300,20500,-800,-3.76,2888848,59884696150
081660,휠라홀딩스,42650,41400,-1250,-2.93,370985,15412178150
005870,휴니드,7630,7350,-280,-3.67,157399,1169786020
079980,휴비스,10050,9890,-160,-1.59,130233,1293095510
005010,휴스틸,17200,16950,-250,-1.45,68531,1167772950
069260,휴켐스,29000,28250,-750,-2.59,604894,17105037150
000540,흥국화재,3770,3690,-80,-2.12,61358,226995440
000547,흥국화재2우B,29450,29200,-250,-0.85,869,25274050
000545,흥국화재우,9390,8880,-510,-5.43,814,7375180
003280,흥아해운,4090,3785,-305,-7.46,4151355,16089647300
