티커,종목명,시가,종가,변동폭,등락률,거래량,거래대금
095570,AJ네트웍스,6040,5900,-140,-2.32,109956,653262470
006840,AK홀딩스,22800,22500,-300,-1.32,36271,813350150
027410,BGF,5700,5780,80,1.4,209449,1203390010
282330,BGF리테일,152500,153500,1000,0.66,46442,7180571000
138930,BNK금융지주,8510,8690,180,2.12,1825451,15927623140
001460,BYC,434000,433000,-1000,-0.23,135,58438500
001465,BYC우,173000,172000,-1000,-0.58,3,513500
001040,CJ,87900,89000,1100,1.25,71788,6416046000
079160,CJCGV,26800,27300,500,1.87,241116,6507014200
00104K,CJ4우전환,75700,76500,800,1.06,6960,529986900
000120,CJ대한통운,137500,135000,-2500,-1.82,29028,3939848000
011150,CJ씨푸드,3765,3810,45,1.2,71790,272891780
011155,CJ씨푸드1우,40300,39600,-700,-1.74,111,4433300
001045,CJ우,58800,58900,100,0.17,592,34736500
097950,CJ제일제당,364000,369500,5500,1.51,37188,13644006500
097955,CJ제일제당우,187500,186500,-1000,-0.53,1551,289064000
000590,CS홀딩스,60600,60900,300,0.5,1528,93157800
012030,DB,1080,1070,-10,-0.93,2016353,2163363520
016610,DB금융투자,6980,7070,90,1.29,76653,541105420
005830,DB손해보험,55300,56000,700,1.27,116520,6505503600
000990,DB하이텍,76600,77800,1200,1.57,2307624,178549423000
000995,DB하이텍1우,111500,110000,-1500,-1.35,1108,121062000
139130,DGB금융지주,9460,9560,100,1.06,358793,3447099560
001530,DI동일,292500,288000,-4500,-1.54,11359,3298140500
000210,DL,61600,61400,-200,-0.32,85924,5255463900
001880,DL건설,27650,27500,-150,-0.54,11696,322739850
000215,DL우,37750,37800,50,0.13,1544,57989850
375500,DL이앤씨,122000,119500,-2500,-2.05,90433,10835547000
37550K,DL이앤씨우,72800,72700,-100,-0.14,5525,401487000
004840,DRB동일,5200,5160,-40,-0.77,4311,22332980
155660,DSR,5780,5830,50,0.87,59492,345710290
069730,DSR제강,4925,4940,15,0.3,79951,395099665
017940,E1,48500,48900,400,0.82,10515,513009300
365550,ESR켄달스퀘어리츠,6590,6620,30,0.46,230842,1515740090
383220,FF,881000,888000,7000,0.79,21101,18613639000
007700,FF홀딩스,43400,42400,-1000,-2.3,91945,3927623200
114090,GKL,13550,13650,100,0.74,437837,5995222800
078930,GS,39850,40200,350,0.88,192986,7691003100
006360,GS건설,40300,39550,-750,-1.86,373837,14895126000
001250,GS글로벌,2450,2450,0,0.0,208461,512230670
007070,GS리테일,32200,32300,100,0.31,175761,5651714100
078935,GS우,36550,36550,0,0.0,1696,61986400
012630,HDC,10150,10250,100,0.99,115725,1175596300
039570,HDC아이콘트롤스,11900,11950,50,0.42,7245,86605850
089470,HDC현대EP,6130,6160,30,0.49,263954,1649031090
294870,HDC현대산업개발,23650,23350,-300,-1.27,157848,3686915350
011200,HMM,25750,25100,-650,-2.52,3188923,81009201350
082740,HSD엔진,8230,8090,-140,-1.7,315335,2581419100
003560,IHQ,1580,1640,60,3.8,2376527,4036721585
175330,JB금융지주,8410,8420,10,0.12,386038,3276365580
234080,JW생명과학,14200,14250,50,0.35,24221,343130650
001060,JW중외제약,23500,23300,-200,-0.85,20418,475511400
001067,JW중외제약2우B,59300,59300,0,0.0,117,6918400
001065,JW중외제약우,33800,33750,-50,-0.15,551,18259150
096760,JW홀딩스,3595,3590,-5,-0.14,13290,47910005
105560,KB금융,56400,57100,700,1.24,1564146,89791805788
002380,KCC,311000,306000,-5000,-1.61,22982,7065842500
344820,KCC글라스,57800,58200,400,0.69,72614,4225815500
009070,KCTC,6050,6050,0,0.0,85728,521522840
009440,KC그린홀딩스,4845,4805,-40,-0.83,35967,174084085
119650,KC코트렐,6710,6600,-110,-1.64,81087,539073220
092220,KEC,4015,3965,-50,-1.25,45400238,186496936655
016380,KG동부제철,11050,11000,-50,-0.45,621808,6993041100
016385,KG동부제철우,99800,98200,-1600,-1.6,43,4229900
001390,KG케미칼,33300,33250,-50,-0.15,116472,3891163200
033180,KH필룩스,2925,2885,-40,-1.37,526498,1525877380
001940,KISCO홀딩스,15900,16000,100,0.63,12192,195446750
025000,KPX케미칼,54500,54600,100,0.18,3463,188810200
092230,KPX홀딩스,66000,66200,200,0.3,2017,133161400
000040,KR모터스,956,942,-14,-1.46,321582,304948588
044450,KSS해운,11700,11450,-250,-2.14,54083,622257500
030200,KT,30950,30850,-100,-0.32,431257,13339852000
033780,KTG,84200,84600,400,0.48,378688,31925334800
030210,KTB투자증권,6160,6330,170,2.76,1147672,7442065580
058850,KTcs,2590,2600,10,0.39,71033,185255775
058860,KTis,2530,2545,15,0.59,35148,88951110
093050,LF,18650,18750,100,0.54,52871,988198750
003550,LG,87800,85600,-2200,-2.51,229089,19664178000
034220,LG디스플레이,22600,22000,-600,-2.65,3611422,80091291050
051900,LG생활건강,1170000,1166000,-4000,-0.34,36147,42106670000
051905,LG생활건강우,637000,634000,-3000,-0.47,1974,1253403000
003555,LG우,63800,63600,-200,-0.31,4499,286513000
032640,LG유플러스,13750,13950,200,1.45,841227,11720162050
011070,LG이노텍,285500,278000,-7500,-2.63,484901,134288023500
066570,LG전자,134000,128000,-6000,-4.48,1329955,171538521000
066575,LG전자우,64900,63500,-1400,-2.16,30844,1965106100
037560,LG헬로비전,6260,6230,-30,-0.48,236520,1481422730
051910,LG화학,765000,740000,-25000,-3.27,222133,165399286000
051915,LG화학우,373000,370000,-3000,-0.8,16200,5917152500
079550,LIG넥스원,57700,56200,-1500,-2.6,521198,29860072100
006260,LS,55800,54800,-1000,-1.79,77922,4294007100
010120,LSELECTRIC,58200,57200,-1000,-1.72,94536,5384983500
000680,LS네트웍스,3130,3095,-35,-1.12,48285,149789970
229640,LS전선아시아,8250,8210,-40,-0.48,89812,742179540
001120,LX인터내셔널,25750,25550,-200,-0.78,111279,2856885950
108670,LX하우시스,62300,62200,-100,-0.16,63301,3897295100
108675,LX하우시스우,29250,28950,-300,-1.03,1773,51507000
383800,LX홀딩스,8950,8950,0,0.0,259845,2315699070
38380K,LX홀딩스1우,14150,13850,-300,-2.12,7892,109389900
023150,MH에탄올,10200,9980,-220,-2.16,46855,471756020
035420,NAVER,410000,400000,-10000,-2.44,682033,273486917252
181710,NHN,93100,93400,300,0.32,176184,16317679300
400760,NH올원리츠,5360,5360,0,0.0,387210,2075874770
005940,NH투자증권,13100,13050,-50,-0.38,518082,6759453400
005945,NH투자증권우,12550,12550,0,0.0,68037,855538850
338100,NH프라임리츠,4910,4905,-5,-0.1,61765,303123085
034310,NICE,16900,16900,0,0.0,29540,496997700
008260,NI스틸,3540,3675,135,3.81,164011,594792290
004250,NPC,6920,6800,-120,-1.73,916544,6337179020
004255,NPC우,3235,3235,0,0.0,10794,35085220
010060,OCI,117500,117500,0,0.0,294926,34969716000
178920,PI첨단소재,48750,50300,1550,3.18,422651,21416836350
005490,POSCO,281000,286500,5500,1.96,389317,111608229000
010950,S-Oil,86800,87800,1000,1.15,427181,37613642100
010955,S-Oil우,55600,55700,100,0.18,11848,660162500
034120,SBS,47100,44300,-2800,-5.94,373912,16853868000
101060,SBS미디어홀딩스,1915,1905,-10,-0.52,114645,219319740
005090,SGC에너지,47000,47500,500,1.06,38344,1829173900
001380,SG글로벌,1760,1785,25,1.42,127337,224660855
004060,SG세계물산,648,647,-1,-0.15,403529,262135179
001770,SHD,28900,29300,400,1.38,5528,162054150
002360,SH에너지화학,975,969,-6,-0.62,736282,717139452
009160,SIMPAC,6840,7040,200,2.92,282536,2014824570
123700,SJM,4800,4815,15,0.31,38205,183230370
025530,SJM홀딩스,3600,3625,25,0.69,15509,55811355
034730,SK,248000,243500,-4500,-1.81,133632,32602639000
011790,SKC,189500,187500,-2000,-1.06,291596,55286843000
018670,SK가스,121000,120500,-500,-0.41,9462,1141835000
001740,SK네트웍스,5100,5100,0,0.0,222542,1131609140
001745,SK네트웍스우,87000,84500,-2500,-2.87,64,5429600
006120,SK디스커버리,48250,47600,-650,-1.35,37486,1790014450
006125,SK디스커버리우,36150,36200,50,0.14,3149,113838450
210980,SK디앤디,29850,29750,-100,-0.34,21038,624551850
068400,SK렌터카,10950,11400,450,4.11,303960,3451896800
395400,SK리츠,6160,6120,-40,-0.65,235236,1442569320
302440,SK바이오사이언스,238000,239500,1500,0.63,268605,64669011000
326030,SK바이오팜,101500,99700,-1800,-1.77,123807,12400027900
361610,SK아이이테크놀로지,165500,165500,0,0.0,409159,68623851500
03473K,SK우,223000,218500,-4500,-2.02,1803,396274500
096770,SK이노베이션,219500,219500,0,0.0,263065,57849887000
096775,SK이노베이션우,135500,134500,-1000,-0.74,3278,442506500
001510,SK증권,990,1000,10,1.01,8260821,8360912051
001515,SK증권우,3960,3995,35,0.88,5609,22389585
285130,SK케미칼,150000,146500,-3500,-2.33,106749,15731860000
28513K,SK케미칼우,82800,80700,-2100,-2.54,21171,1730636900
017670,SK텔레콤,309500,309500,0,0.0,0,0
000660,SK하이닉스,119500,119000,-500,-0.42,4847270,578483844000
064960,SNT모티브,48400,47150,-1250,-2.58,48273,2282095750
100840,SNT에너지,20600,20550,-50,-0.24,19558,402652250
003570,SNT중공업,9110,9040,-70,-0.77,16267,147810640
036530,SNT홀딩스,17300,17250,-50,-0.29,8279,143627650
005610,SPC삼립,71800,72000,200,0.28,4260,306204200
011810,STX,4015,4080,65,1.62,73990,301996235
077970,STX엔진,10400,10450,50,0.48,23334,242929250
071970,STX중공업,4880,4910,30,0.61,126773,617513640
002820,SUNL,5040,5000,-40,-0.79,13162,65324305
084870,TBH글로벌,2565,2475,-90,-3.51,81317,203195740
002710,TCC스틸,7270,7190,-80,-1.1,134252,970153770
002900,TYM,1770,1810,40,2.26,1924996,3490887735
024070,WISCOM,3845,3885,40,1.04,74487,288366185
037270,YGPLUS,8830,8670,-160,-1.81,2324238,20555025970
000500,가온전선,24650,24550,-100,-0.41,7366,180870250
000860,강남제비스코,22800,22600,-200,-0.88,7639,172476150
035250,강원랜드,25000,24900,-100,-0.4,588019,14705393500
011420,갤럭시아에스엠,2960,2880,-80,-2.7,1229402,3595120350
002100,경농,11600,11600,0,0.0,23697,275567900
009450,경동나비엔,58300,59000,700,1.2,33246,1949807600
267290,경동도시가스,22850,22800,-50,-0.22,9061,206032400
012320,경동인베스트,35250,35750,500,1.42,3306,116964400
000050,경방,13600,13650,50,0.37,5176,70286250
214390,경보제약,9090,9120,30,0.33,11822,107424310
012610,경인양행,6730,6670,-60,-0.89,119070,798111780
009140,경인전자,30150,30550,400,1.33,3256,98285400
013580,계룡건설,36100,35450,-650,-1.8,68691,2464054450
012200,계양전기,4300,4290,-10,-0.23,99257,424180070
012205,계양전기우,6830,6880,50,0.73,1378,9371820
002140,고려산업,3065,3110,45,1.47,42336,131233530
010130,고려아연,486000,503000,17000,3.5,53811,26786428000
002240,고려제강,19900,20350,450,2.26,117782,2379517950
009290,광동제약,7340,7260,-80,-1.09,71045,519127710
017040,광명전기,2635,2710,75,2.85,1928855,5273224920
017900,광전자,3330,3260,-70,-2.1,551341,1812971885
037710,광주신세계,178000,178000,0,0.0,1818,325815000
030610,교보증권,8750,8790,40,0.46,24877,218107070
339770,교촌에프앤비,17850,17700,-150,-0.84,45002,799838650
007690,국도화학,58000,58900,900,1.55,43813,2580772500
005320,국동,2395,2390,-5,-0.21,305904,735302185
001140,국보,1750,1760,10,0.57,586655,1036604750
002720,국제약품,5350,5360,10,0.19,42689,229968060
083420,그린케미칼,9530,9440,-90,-0.94,128922,1225200590
014530,극동유화,3975,3920,-55,-1.38,174403,688858630
014280,금강공업,7910,8060,150,1.9,125381,1015091700
014285,금강공업우,12350,12500,150,1.21,1626,20319900
008870,금비,64000,64900,900,1.41,559,36038400
001570,금양,5080,5140,60,1.18,482919,2496029340
002990,금호건설,11150,11100,-50,-0.45,46848,521020750
002995,금호건설우,31100,31350,250,0.8,153,4755350
011780,금호석유,164000,162500,-1500,-0.91,78515,12770667000
011785,금호석유우,112000,111000,-1000,-0.89,11827,1310257500
214330,금호에이치티,2320,2315,-5,-0.22,1078229,2488996800
001210,금호전기,3405,3550,145,4.26,413712,1482052345
073240,금호타이어,4445,4375,-70,-1.57,422815,1848326365
092440,기신정기,4460,4430,-30,-0.67,36310,162172405
000270,기아,85700,83700,-2000,-2.33,1643812,138502588300
024110,기업은행,11050,11100,50,0.45,770442,8562399600
013700,까뮤이앤씨,2190,2200,10,0.46,412014,907596765
004540,깨끗한나라,4430,4410,-20,-0.45,110789,489228180
004545,깨끗한나라우,21900,22000,100,0.46,297,6612700
001260,남광토건,13250,13650,400,3.02,21576,291316550
008350,남선알미늄,2745,2740,-5,-0.18,1354362,3739047170
008355,남선알미우,22850,22900,50,0.22,644,14808250
004270,남성,3405,3310,-95,-2.79,456957,1530939045
003920,남양유업,459000,443500,-15500,-3.38,4624,2077935500
003925,남양유업우,230000,222500,-7500,-3.26,352,78775500
025860,남해화학,11550,11350,-200,-1.73,571358,6529410250
005720,넥센,4860,4850,-10,-0.21,19804,96118105
005725,넥센우,3500,3515,15,0.43,982,3409445
002350,넥센타이어,7010,6800,-210,-3.0,180379,1235470530
002355,넥센타이어1우B,3190,3170,-20,-0.63,4324,13735000
003580,넥스트사이언스,18600,18500,-100,-0.54,528517,9838239350
251270,넷마블,124000,123000,-1000,-0.81,205988,25313753000
090350,노루페인트,11950,11550,-400,-3.35,164898,1938549950
090355,노루페인트우,21350,20500,-850,-3.98,2902,60680950
000320,노루홀딩스,12950,12900,-50,-0.39,22762,293203100
000325,노루홀딩스우,42200,40400,-1800,-4.27,2554,104435250
006280,녹십자,231500,228000,-3500,-1.51,52082,11880930500
005250,녹십자홀딩스,27250,26700,-550,-2.02,91747,2460562550
005257,녹십자홀딩스2우,61100,60800,-300,-0.49,337,20563300
004370,농심,288500,292000,3500,1.21,17588,5089420000
072710,농심홀딩스,77700,78000,300,0.39,1515,117906500
058730,다스코,4950,4935,-15,-0.3,19585,96848185
023590,다우기술,24050,23750,-300,-1.25,77332,1843430950
145210,다이나믹디자인,462,470,8,1.73,516676,240320635
019680,대교,4070,4020,-50,-1.23,56671,228484180
019685,대교우B,3010,2990,-20,-0.66,37320,111382430
006370,대구백화점,10350,10250,-100,-0.97,5801,59277500
008060,대덕,8000,7970,-30,-0.38,229937,1832482000
00806K,대덕1우,10950,10850,-100,-0.91,5514,60197150
353200,대덕전자,22550,21750,-800,-3.55,1439175,31676498200
35320K,대덕전자1우,14900,14600,-300,-2.01,15391,224866850
000490,대동,9730,9890,160,1.64,189961,1864031680
008110,대동전자,8990,8680,-310,-3.45,147696,1286049340
005750,대림BCo,7890,8080,190,2.41,99528,795110450
006570,대림통상,3640,3520,-120,-3.3,47340,172189945
001680,대상,23800,23550,-250,-1.05,68130,1609026350
001685,대상우,17000,17000,0,0.0,1769,30024550
084690,대상홀딩스,9710,9640,-70,-0.72,18928,182930140
084695,대상홀딩스우,10750,10750,0,0.0,3731,40015700
128820,대성산업,4375,4325,-50,-1.14,77474,338760870
117580,대성에너지,8110,8060,-50,-0.62,383524,3144914080
016710,대성홀딩스,44300,44200,-100,-0.23,33656,1490807900
003540,대신증권,19900,19950,50,0.25,46659,929443800
003547,대신증권2우B,17700,17450,-250,-1.41,37450,655266000
003545,대신증권우,18350,18150,-200,-1.09,109251,1988800700
009190,대양금속,5170,5080,-90,-1.74,175819,894909030
014160,대영포장,2305,2490,185,8.03,56857636,148981397690
047040,대우건설,6020,5970,-50,-0.83,727219,4363713070
009320,대우부품,2740,2720,-20,-0.73,563617,1535908980
042660,대우조선해양,26350,25800,-550,-2.09,425918,11084687800
003090,대웅,31250,30600,-650,-2.08,62037,1904054700
069620,대웅제약,139500,136000,-3500,-2.51,15622,2138987500
000430,대원강업,4000,3995,-5,-0.13,137023,550095385
006340,대원전선,1770,1750,-20,-1.13,420969,742764300
006345,대원전선우,3140,3090,-50,-1.59,24692,76479620
003220,대원제약,15850,16100,250,1.58,245879,3960741800
024890,대원화성,4210,4050,-160,-3.8,1750501,7162497425
002880,대유에이텍,1505,1460,-45,-2.99,1624292,2422971345
000300,대유플러스,1655,1530,-125,-7.55,7396393,11662894735
012800,대창,1910,1915,5,0.26,502001,964437785
015230,대창단조,8120,8100,-20,-0.25,33830,273358660
001070,대한방직,46200,46100,-100,-0.22,6381,294796850
006650,대한유화,184000,179500,-4500,-2.45,38460,6974734000
001440,대한전선,1930,1900,-30,-1.55,4097793,7799435985
084010,대한제강,16200,16400,200,1.23,216553,3586823200
001790,대한제당,3290,3260,-30,-0.91,239043,791275140
001795,대한제당우,3220,3260,40,1.24,18716,60706510
001130,대한제분,153500,155000,1500,0.98,1262,194754500
003490,대한항공,29350,29050,-300,-1.02,1290481,37669378700
003495,대한항공우,38750,38750,0,0.0,4961,192989750
005880,대한해운,2605,2610,5,0.19,523962,1373157150
003830,대한화섬,134000,133000,-1000,-0.75,256,34060500
016090,대현,2330,2310,-20,-0.86,170568,397779370
069460,대호에이엘,3635,3660,25,0.69,154675,572808365
192080,더블유게임즈,61800,60300,-1500,-2.43,192360,11698601800
012510,더존비즈온,77800,77500,-300,-0.39,58780,4559563700
004830,덕성,17050,16200,-850,-4.99,539225,8923359300
004835,덕성우,20350,19850,-500,-2.46,28057,557825150
024900,덕양산업,3385,3330,-55,-1.62,125003,420929640
145720,덴티움,60400,59100,-1300,-2.15,33722,1997959000
002150,도화엔지니어링,7810,7790,-20,-0.26,11752,91356460
001230,동국제강,16300,16400,100,0.61,1086067,18185152650
023450,동남합성,63600,63400,-200,-0.31,2070,131322000
004140,동방,3865,3760,-105,-2.72,545171,2079956045
007590,동방아그로,7270,7200,-70,-0.96,13531,97566860
005960,동부건설,14250,14550,300,2.11,91280,1325340350
005965,동부건설우,33400,33300,-100,-0.3,1675,55373750
026960,동서,36500,38400,1900,5.21,449542,17227372950
002210,동성제약,8190,8200,10,0.12,34215,279569800
102260,동성케미컬,5160,5170,10,0.19,74191,382803480
000640,동아쏘시오홀딩스,106000,107000,1000,0.94,16867,1802241500
170900,동아에스티,72200,71200,-1000,-1.39,30162,2152151700
028100,동아지질,16500,16500,0,0.0,38623,632381500
282690,동아타이어,13100,13050,-50,-0.38,6918,90328500
001520,동양,1565,1565,0,0.0,778455,1221763965
001527,동양2우B,14350,14100,-250,-1.74,490,7046200
001529,동양3우B,32900,32050,-850,-2.58,589,18753850
084670,동양고속,19900,19950,50,0.25,1657,33047250
082640,동양생명,6970,7390,420,6.03,555806,4038538390
001525,동양우,7460,7470,10,0.13,779,5821200
008970,동양철관,1300,1320,20,1.54,809213,1067857050
092780,동양피스톤,6990,6900,-90,-1.29,84411,584338550
049770,동원FB,196500,196500,0,0.0,4492,870760500
018500,동원금속,950,940,-10,-1.05,62530,59316422
006040,동원산업,221000,217000,-4000,-1.81,2423,529413000
030720,동원수산,9700,9730,30,0.31,25962,252583320
014820,동원시스템즈,56200,53400,-2800,-4.98,105059,5725391200
014825,동원시스템즈우,33000,32900,-100,-0.3,425,13711950
163560,동일고무벨트,7940,7880,-60,-0.76,16671,131363920
004890,동일산업,140000,139500,-500,-0.36,501,70138500
002690,동일제강,2870,2820,-50,-1.74,259202,740134310
000020,동화약품,13900,13800,-100,-0.72,197034,2739342350
000150,두산,126000,127500,1500,1.19,87833,11347499000
000157,두산2우B,116500,115500,-1000,-0.86,1039,121598500
241560,두산밥캣,39150,38650,-500,-1.28,185705,7180981450
000155,두산우,77500,78800,1300,1.68,1571,124816500
034020,두산중공업,23700,23650,-50,-0.21,6459378,154609124650
336260,두산퓨얼셀,50900,51000,100,0.2,408956,20676265000
33626K,두산퓨얼셀1우,15150,15050,-100,-0.66,18533,281146100
33626L,두산퓨얼셀2우B,18850,18850,0,0.0,4856,90991850
016740,두올,4125,4045,-80,-1.94,222434,905186590
192650,드림텍,10750,10350,-400,-3.72,326609,3409671100
024090,디씨엠,27100,28350,1250,4.61,92072,2533650450
003160,디아이,8540,8370,-170,-1.99,232680,1946800320
092200,디아이씨,4430,4335,-95,-2.14,183792,803956860
377190,디앤디플랫폼리츠,5370,5370,0,0.0,56385,303521250
013570,디와이,6130,5910,-220,-3.59,210014,1261627630
210540,디와이파워,12900,12950,50,0.39,57358,746095350
007340,디티알오토모티브,63600,64200,600,0.94,20958,1344602900
026890,디피씨,15350,16850,1500,9.77,12309693,204133388300
115390,락앤락,10250,10500,250,2.44,583779,6149201300
032350,롯데관광개발,17500,17850,350,2.0,551614,9852024300
089860,롯데렌탈,38550,40250,1700,4.41,249937,9904051750
330590,롯데리츠,5670,5660,-10,-0.18,119351,677587570
000400,롯데손해보험,1770,1750,-20,-1.13,189129,332263715
023530,롯데쇼핑,98300,98100,-200,-0.2,36864,3619987600
004000,롯데정밀화학,80400,79700,-700,-0.87,135998,10904229600
286940,롯데정보통신,39250,39650,400,1.02,32161,1274237400
280360,롯데제과,118500,119500,1000,0.84,2424,290979500
004990,롯데지주,32250,32100,-150,-0.47,64697,2075820350
00499K,롯데지주우,49300,49200,-100,-0.2,46,2260850
005300,롯데칠성,138000,136000,-2000,-1.45,37664,5162942000
005305,롯데칠성우,70300,70300,0,0.0,356,25071600
011170,롯데케미칼,212500,213000,500,0.24,82379,17524284000
002270,롯데푸드,356000,353000,-3000,-0.84,869,307780500
071840,롯데하이마트,26300,26100,-200,-0.76,34298,897801250
027740,마니커,1595,1630,35,2.19,184299,296982820
204320,만도,63300,61300,-2000,-3.16,364525,22567180000
001080,만호제강,22000,22050,50,0.23,12866,282100550
088980,맥쿼리인프라,14150,14200,50,0.35,525098,7419256650
094800,맵스리얼티1,4950,4910,-40,-0.81,162634,803421675
138040,메리츠금융지주,33650,35100,1450,4.31,284539,9914271150
008560,메리츠증권,5110,5110,0,0.0,1379900,7016220840
000060,메리츠화재,29350,29650,300,1.02,160575,4783152250
090370,메타랩스,970,970,0,0.0,339521,325521092
017180,명문제약,4905,4820,-85,-1.73,144007,698142665
009900,명신산업,28300,27650,-650,-2.3,352908,9820077550
012690,모나리자,3960,3985,25,0.63,63019,249856015
005360,모나미,4430,4475,45,1.02,49849,222212620
204210,모두투어리츠,4240,4190,-50,-1.18,4097,17175970
009680,모토닉,10550,10450,-100,-0.95,13096,137622600
009580,무림PP,4060,4045,-15,-0.37,112093,458604730
009200,무림페이퍼,2610,2650,40,1.53,129497,342788880
033920,무학,9440,8700,-740,-7.84,222228,1964239720
008420,문배철강,3980,4260,280,7.04,391461,1621726420
025560,미래산업,13750,13500,-250,-1.82,16050,218107050
007120,미래아이앤지,507,505,-2,-0.39,485161,244802339
357250,미래에셋맵스리츠,5090,5100,10,0.2,33015,167867390
085620,미래에셋생명,4100,4300,200,4.88,296218,1282413600
006800,미래에셋증권,9080,9120,40,0.44,1270315,11612948420
00680K,미래에셋증권2우B,4910,4920,10,0.2,153045,753657020
006805,미래에셋증권우,5680,5710,30,0.53,18195,103534790
002840,미원상사,204500,205000,500,0.24,2200,449420500
268280,미원에스씨,213000,212000,-1000,-0.47,1271,270503000
107590,미원홀딩스,140000,141000,1000,0.71,2587,364797500
134380,미원화학,78400,78000,-400,-0.51,1166,90936900
003650,미창석유,81400,82000,600,0.74,1025,83659000
155900,바다로19호,3075,3075,0,0.0,16799,51769705
003610,방림,2830,2870,40,1.41,1069807,3115188800
001340,백광산업,5740,5820,80,1.39,1811354,10641325520
035150,백산,7500,7720,220,2.93,328369,2516713980
002410,범양건영,7730,7260,-470,-6.08,1165187,8949938620
096300,베트남개발1,157,158,1,0.64,220212,34559613
007210,벽산,3730,3690,-40,-1.07,734565,2719036355
002760,보락,2010,2015,5,0.25,118795,239435850
003850,보령제약,14000,13900,-100,-0.71,95921,1336091750
000890,보해양조,917,909,-8,-0.87,773230,705367578
003000,부광약품,13100,13050,-50,-0.38,267703,3490200800
001270,부국증권,24650,24750,100,0.41,1907,46855250
001275,부국증권우,23000,23050,50,0.22,9,206900
026940,부국철강,4220,4260,40,0.95,189050,811946930
015350,부산가스,84100,84100,0,0.0,1510,126996900
011390,부산산업,110500,110500,0,0.0,2231,246098500
005030,부산주공,618,612,-6,-0.97,219010,134363454
002070,비비안,3230,3185,-45,-1.39,332128,1053065605
100220,비상교육,7980,7930,-50,-0.63,33577,265850470
030790,비케이탑스,3285,3240,-45,-1.37,346272,1081898510
005180,빙그레,54800,54700,-100,-0.18,5806,317868900
003960,사조대림,26200,26200,0,0.0,26154,691238050
008040,사조동아원,1170,1190,20,1.71,449153,535718525
007160,사조산업,44250,44100,-150,-0.34,5032,222938000
014710,사조씨푸드,5200,5220,20,0.38,21042,109685280
006090,사조오양,9190,9100,-90,-0.98,15817,144439380
001470,삼부토건,2500,2490,-10,-0.4,1663075,4150771630
006400,삼성SDI,746000,737000,-9000,-1.21,207435,152354323000
006405,삼성SDI우,366500,364000,-2500,-0.68,4005,1456207000
006660,삼성공조,16550,16450,-100,-0.6,36309,600204850
028260,삼성물산,116000,115500,-500,-0.43,210956,24264672000
02826K,삼성물산우B,111500,111000,-500,-0.45,3890,428204500
207940,삼성바이오로직스,876000,855000,-21000,-2.4,59915,51407218000
032830,삼성생명,65900,66200,300,0.46,309899,20651745200
018260,삼성에스디에스,157000,154000,-3000,-1.91,78144,12080770000
028050,삼성엔지니어링,22550,22550,0,0.0,1187354,26807045100
009150,삼성전기,177500,177500,0,0.0,615752,109301198000
009155,삼성전기우,98000,98900,900,0.92,13407,1314850700
005930,삼성전자,74900,75300,400,0.53,22029195,1656722300700
005935,삼성전자우,69500,69400,-100,-0.14,1395509,97036120700
001360,삼성제약,5090,5020,-70,-1.38,204574,1034285750
010140,삼성중공업,5680,5660,-20,-0.35,3322273,18882316790
010145,삼성중공우,243000,244000,1000,0.41,385,93922500
016360,삼성증권,47800,47000,-800,-1.67,242616,11455690850
068290,삼성출판사,36500,35000,-1500,-4.11,103277,3688438000
029780,삼성카드,33800,33900,100,0.3,57426,1946148350
000810,삼성화재,216500,214000,-2500,-1.15,127144,27324569500
000815,삼성화재우,174500,176500,2000,1.15,8250,1445913500
006110,삼아알미늄,33600,32600,-1000,-2.98,2714787,93252109700
145990,삼양사,62900,63200,300,0.48,8579,542024700
145995,삼양사우,41050,41000,-50,-0.12,214,8761050
003230,삼양식품,80800,80200,-600,-0.74,10331,830084300
002170,삼양통상,59800,59700,-100,-0.17,2761,164702900
272550,삼양패키징,23600,23350,-250,-1.06,34488,806136100
000070,삼양홀딩스,101000,100500,-500,-0.5,21011,2120780800
000075,삼양홀딩스우,69800,69800,0,0.0,106,7397600
002810,삼영무역,15450,15300,-150,-0.97,13721,210364400
005680,삼영전자,11300,11350,50,0.44,66698,759278350
003720,삼영화학,2905,2890,-15,-0.52,125391,364254930
023000,삼원강재,3225,3240,15,0.47,71240,233479780
004380,삼익THK,11850,11600,-250,-2.11,21844,255314400
002450,삼익악기,1765,1775,10,0.57,96435,170810555
004440,삼일씨엔에스,9550,9670,120,1.26,13456,130084710
000520,삼일제약,7740,7720,-20,-0.26,35429,273836490
009770,삼정펄프,29000,28900,-100,-0.34,1278,36773450
005500,삼진제약,26350,26150,-200,-0.76,36942,966611850
004690,삼천리,88400,88600,200,0.23,3119,275578100
010960,삼호개발,5100,5040,-60,-1.18,43311,219287220
004450,삼화왕관,42650,42700,50,0.12,484,20663450
009470,삼화전기,32550,32150,-400,-1.23,40064,1291217950
011230,삼화전자,4100,4050,-50,-1.22,41902,170976590
001820,삼화콘덴서,60000,60200,200,0.33,36133,2163463900
000390,삼화페인트,9590,9510,-80,-0.83,30973,296259240
001290,상상인증권,1180,1170,-10,-0.85,109956,128245295
041650,상신브레이크,4025,4040,15,0.37,35698,143776320
075180,새론오토모티브,5380,5390,10,0.19,4273,22856830
007540,샘표,42000,41650,-350,-0.83,7329,306256250
248170,샘표식품,41150,42500,1350,3.28,12345,518187700
007860,서연,13950,13150,-800,-5.73,339723,4558271900
200880,서연이화,7180,7060,-120,-1.67,130708,931830880
017390,서울가스,160000,160000,0,0.0,1902,306516000
004410,서울식품,308,305,-3,-0.97,2562030,785017741
004415,서울식품우,4085,4030,-55,-1.35,3112,12572810
021050,서원,2050,2135,85,4.15,688043,1455253470
008490,서흥,42200,42250,50,0.12,16176,683685100
007610,선도전기,3850,3945,95,2.47,320341,1265352715
136490,선진,11650,11750,100,0.86,46620,542645750
014910,성문전자,2740,2670,-70,-2.55,304535,834961825
014915,성문전자우,8860,8870,10,0.11,2000,17744860
003080,성보화학,4185,4180,-5,-0.12,17759,73928160
004980,성신양회,11750,12550,800,6.81,617186,7544642350
004985,성신양회우,15050,15250,200,1.33,6521,99706550
011300,성안,787,787,0,0.0,0,0
000180,성창기업지주,2445,2460,15,0.61,59417,146465690
002420,세기상사,6160,6160,0,0.0,0,0
004360,세방,11900,11900,0,0.0,47300,563697400
004365,세방우,7210,7280,70,0.97,579,4198680
004490,세방전지,86400,82100,-4300,-4.98,78359,6544261100
001430,세아베스틸,20200,20600,400,1.98,108201,2241383150
306200,세아제강,98500,99300,800,0.81,8967,896825300
003030,세아제강지주,111500,112500,1000,0.9,11137,1254324500
019440,세아특수강,16150,16300,150,0.93,3667,59577450
058650,세아홀딩스,107500,110500,3000,2.79,1445,155202500
013000,세우글로벌,1925,1940,15,0.78,450070,888106960
091090,세원이앤씨,1345,1310,-35,-2.6,6089986,7789065035
021820,세원정공,8090,8090,0,0.0,0,0
067830,세이브존IC,2995,2995,0,0.0,27448,81477015
033530,세종공업,10400,10150,-250,-2.4,217436,2231753850
075580,세진중공업,6040,6100,60,0.99,99320,604903460
027970,세하,1695,1770,75,4.42,626109,1093789525
308170,센트랄모텍,25750,24750,-1000,-3.88,130716,3274438700
012600,센트럴인사이트,2490,2490,0,0.0,0,0
068270,셀트리온,225000,211500,-13500,-6.0,1426174,302330597500
336370,솔루스첨단소재,98800,96700,-2100,-2.13,482566,46925355900
33637K,솔루스첨단소재1우,26300,25850,-450,-1.71,31154,797923850
33637L,솔루스첨단소재2우B,31300,30950,-350,-1.12,13987,432762800
248070,솔루엠,25050,24750,-300,-1.2,291460,7207096800
004430,송원산업,18000,18800,800,4.44,1120225,21219796800
017550,수산중공업,2655,2685,30,1.13,742011,2044517050
053210,스카이라이프,9630,9420,-210,-2.18,152872,1449591670
134790,시디즈,60400,61000,600,0.99,2719,166233600
016590,신대양제지,84000,86700,2700,3.21,17967,1567569500
029530,신도리코,32800,32900,100,0.3,9975,327981600
004970,신라교역,13350,13350,0,0.0,5594,74262900
011930,신성이엔지,2115,2115,0,0.0,862899,1825380450
005390,신성통상,3015,3040,25,0.83,2360080,7156772565
004170,신세계,233000,233000,0,0.0,43653,10137753500
035510,신세계IC,192500,186500,-6000,-3.12,8148,1538114000
034300,신세계건설,35100,34100,-1000,-2.85,11742,403062200
031430,신세계인터내셔날,152000,153500,1500,0.99,23451,3547602500
031440,신세계푸드,84600,84300,-300,-0.35,4957,416046200
006880,신송홀딩스,5500,5660,160,2.91,48739,272431510
005800,신영와코루,117000,116000,-1000,-0.85,295,34129500
001720,신영증권,59600,59800,200,0.34,3432,204233900
001725,신영증권우,60400,60200,-200,-0.33,734,44064300
009270,신원,2655,2660,5,0.19,4307161,11538206965
009275,신원우,40000,39800,-200,-0.5,569,22729700
002700,신일전자,2000,2095,95,4.75,9250863,19086013695
019170,신풍제약,47100,45200,-1900,-4.03,568490,26034136050
019175,신풍제약우,59400,57500,-1900,-3.2,15391,895817400
002870,신풍제지,2305,2375,70,3.04,3167794,7816291935
293940,신한알파리츠,8020,8010,-10,-0.12,63897,510622170
055550,신한지주,37350,37300,-50,-0.13,1356943,51026116900
004080,신흥,16150,16050,-100,-0.62,20465,325878750
102280,쌍방울,680,676,-4,-0.59,4552327,3117167758
003410,쌍용CE,7890,7800,-90,-1.14,392397,3070694880
003620,쌍용차,2770,2770,0,0.0,0,0
004770,써니전자,3275,3315,40,1.22,398938,1319367455
015540,쎌마테라퓨틱스,6410,6410,0,0.0,0,0
004920,씨아이테크,1060,1005,-55,-5.19,149660,153321230
112610,씨에스윈드,61300,60700,-600,-0.98,207284,12505076700
008700,아남전자,2440,2440,0,0.0,12074978,31615178350
002790,아모레G,46850,46100,-750,-1.6,92614,4281734750
00279K,아모레G3우전환,36700,37200,500,1.36,3466,127698350
002795,아모레G우,17200,17000,-200,-1.16,19633,334276550
090430,아모레퍼시픽,178500,177000,-1500,-0.84,102931,18249199500
090435,아모레퍼시픽우,70500,69600,-900,-1.28,7651,533759600
002030,아세아,119500,121000,1500,1.26,9188,1126577500
183190,아세아시멘트,121000,124500,3500,2.89,15551,1923988500
002310,아세아제지,51000,51800,800,1.57,179637,9382862100
012170,아센디오,1830,1860,30,1.64,2636412,4881100820
267850,아시아나IDT,18000,17950,-50,-0.28,14718,264607950
020560,아시아나항공,20150,20300,150,0.74,454980,9238765650
122900,아이마켓코리아,10850,11100,250,2.3,243945,2726007400
010780,아이에스동서,44250,43100,-1150,-2.6,70898,3078334350
139990,아주스틸,17200,18150,950,5.52,289622,5189385700
001780,알루코,3655,3625,-30,-0.82,309355,1133379890
018250,애경산업,20500,20700,200,0.98,21243,437323650
161000,애경케미칼,11500,11450,-50,-0.43,314601,3641420150
011090,에넥스,2775,2670,-105,-3.78,1784123,4861270310
137310,에스디바이오센서,51000,51100,100,0.2,469392,23904893250
005850,에스엘,34600,34550,-50,-0.14,238172,8251098000
012750,에스원,82000,80400,-1600,-1.95,79658,6439446120
023960,에쓰씨엔지니어링,3270,3230,-40,-1.22,126857,413759385
298690,에어부산,2465,2450,-15,-0.61,545662,1337316095
140910,에이리츠,9880,9740,-140,-1.42,20419,199689020
078520,에이블씨엔씨,7000,6940,-60,-0.86,31858,222241450
015260,에이엔피,2135,2125,-10,-0.47,164415,344593860
007460,에이프로젠MED,1670,1665,-5,-0.3,781906,1311378915
003060,에이프로젠제약,926,930,4,0.43,468369,436076024
244920,에이플러스에셋,10050,9660,-390,-3.88,315991,3134164670
036570,엔씨소프트,748000,708000,-40000,-5.35,333227,238969662400
138250,엔에스쇼핑,14850,14150,-700,-4.71,342889,4933114800
380440,엔에이치스팩19호,2085,2090,5,0.24,102987,215112430
085310,엔케이,1020,1030,10,0.98,138881,142107425
900140,엘브이엠씨홀딩스,3815,3780,-35,-0.92,401677,1523447815
097520,엠씨넥스,47900,47750,-150,-0.31,211640,10207808250
014440,영보화학,4045,3995,-50,-1.24,28203,112833320
111770,영원무역,44050,43600,-450,-1.02,83218,3647201300
009970,영원무역홀딩스,49000,49200,200,0.41,8147,400002100
003520,영진약품,4515,4440,-75,-1.66,331685,1478405815
000670,영풍,665000,650000,-15000,-2.26,984,642553000
006740,영풍제지,7230,7040,-190,-2.63,608942,4528289400
012280,영화금속,1610,1615,5,0.31,485755,788820920
012160,영흥,1085,1090,5,0.46,416304,456584380
015360,예스코홀딩스,36800,36850,50,0.14,1090,40163350
007310,오뚜기,466000,462000,-4000,-0.86,2565,1186060000
002630,오리엔트바이오,1280,1265,-15,-1.17,459800,586518700
271560,오리온,106000,109000,3000,2.83,112376,12114374000
001800,오리온홀딩스,15950,15800,-150,-0.94,55356,875296200
011690,와이투솔루션,2440,2440,0,0.0,0,0
070960,용평리조트,5570,5550,-20,-0.36,121109,672847220
316140,우리금융지주,13350,13450,100,0.75,1838815,24674814550
118000,우리들휴브레인,1425,1425,0,0.0,255403,363254570
010050,우리종금,995,988,-7,-0.7,7073984,7017645648
006980,우성,28400,28750,350,1.23,9421,269426100
017370,우신시스템,4500,4395,-105,-2.33,393791,1743989865
105840,우진,8850,8860,10,0.11,1099042,10049008020
010400,우진아이엔에스,7200,7210,10,0.14,3672,26409830
049800,우진플라임,4450,4325,-125,-2.81,33125,145031670
016880,웅진,2005,1955,-50,-2.49,645157,1277859765
095720,웅진씽크빅,3440,3330,-110,-3.2,389399,1309177525
005820,원림,20650,20650,0,0.0,2679,54975800
010600,웰바이오텍,1680,1670,-10,-0.6,213556,355382205
008600,윌비스,1800,1835,35,1.94,809391,1488388505
033270,유나이티드제약,48900,48200,-700,-1.43,59336,2848368800
014830,유니드,108000,107500,-500,-0.46,124171,13769535000
000910,유니온,7340,7270,-70,-0.95,1178333,8818902400
047400,유니온머티리얼,3100,3130,30,0.97,3690498,12097466575
011330,유니켐,1375,1350,-25,-1.82,417740,566330910
077500,유니퀘스트,11500,10900,-600,-5.22,252601,2793515550
002920,유성기업,3195,3200,5,0.16,12487,39745215
000700,유수홀딩스,6000,6030,30,0.5,45005,270580900
003470,유안타증권,4260,4275,15,0.35,195357,835119945
003475,유안타증권우,4390,4390,0,0.0,7453,32535565
072130,유엔젤,5430,5480,50,0.92,225903,1241333770
000220,유유제약,6840,6920,80,1.17,43604,300824910
000225,유유제약1우,9170,9200,30,0.33,6006,54442890
000227,유유제약2우B,18700,18300,-400,-2.14,708,12978750
001200,유진투자증권,3745,3880,135,3.6,520558,2005628615
000100,유한양행,60200,59600,-600,-1.0,131164,7837568200
000105,유한양행우,58500,58600,100,0.17,945,55011400
003460,유화증권,2820,2810,-10,-0.35,22087,62213665
003465,유화증권우,2790,2815,25,0.9,4038,11136530
008730,율촌화학,22450,22900,450,2.0,92840,2106450700
008250,이건산업,12600,12600,0,0.0,59050,748461650
025820,이구산업,3680,3675,-5,-0.14,237482,875890825
214320,이노션,58700,58300,-400,-0.68,45895,2669838100
088260,이리츠코크렙,6050,6050,0,0.0,188419,1143861050
139480,이마트,159500,160000,500,0.31,82089,13087200500
007660,이수페타시스,4725,4450,-275,-5.82,2381095,10686684075
005950,이수화학,15100,14450,-650,-4.3,3979898,61094277500
015020,이스타코,3530,3600,70,1.98,2684786,10117692660
093230,이아이디,320,315,-5,-1.56,7834700,2480070421
074610,이엔플러스,3345,3315,-30,-0.9,119178,397999975
102460,이연제약,40700,40700,0,0.0,101439,4151642550
084680,이월드,2240,2235,-5,-0.22,181440,409158405
350520,이지스레지던스리츠,5350,5330,-20,-0.37,66448,354349820
334890,이지스밸류리츠,5850,5890,40,0.68,15018,87967080
000760,이화산업,16050,16000,-50,-0.31,920,14609050
014990,인디에프,1400,1405,5,0.36,218197,306123660
101140,인바이오젠,4070,3965,-105,-2.58,3182717,13114187075
006490,인스코비,3525,3510,-15,-0.43,1608702,5708425510
023800,인지컨트롤스,15250,15000,-250,-1.64,83449,1266225600
034590,인천도시가스,28150,28100,-50,-0.18,2020,56825700
129260,인터지스,3780,3730,-50,-1.32,228873,858095955
023810,인팩,13350,12900,-450,-3.37,40339,526423650
249420,일동제약,15100,15600,500,3.31,131723,2029956750
000230,일동홀딩스,13500,14000,500,3.7,22931,313918250
013360,일성건설,6210,6270,60,0.97,8452699,55323805520
003120,일성신약,73900,73700,-200,-0.27,401,29595000
003200,일신방직,108000,107000,-1000,-0.93,11734,1242593500
007110,일신석재,2290,2305,15,0.66,813075,1873730990
007570,일양약품,29600,29100,-500,-1.69,94468,2761524800
007575,일양약품우,27800,27550,-250,-0.9,716,19807100
008500,일정실업,27050,26600,-450,-1.66,18214,485121900
081000,일진다이아,35300,34500,-800,-2.27,37532,1303820800
020760,일진디스플,3150,3035,-115,-3.65,137180,420125715
020150,일진머티리얼즈,126000,126500,500,0.4,301350,38149015500
103590,일진전기,5170,5500,330,6.38,2872873,16194529610
271940,일진하이솔루스,66700,65300,-1400,-2.1,76099,5008734300
015860,일진홀딩스,5970,5990,20,0.34,154445,931180230
226320,잇츠한불,20100,20050,-50,-0.25,12969,259983900
317400,자이에스앤디,9160,9110,-50,-0.55,69309,632025490
033240,자화전자,21000,20250,-750,-3.57,407898,8447238650
000950,전방,42500,41200,-1300,-3.06,3158,133862300
348950,제이알글로벌리츠,5400,5390,-10,-0.19,367556,1979547050
194370,제이에스코퍼레이션,24250,24000,-250,-1.03,63605,1533329450
025620,제이준코스메틱,960,996,36,3.75,503697,498422836
036420,제이콘텐트리,65000,58300,-6700,-10.31,2494391,151356395500
030000,제일기획,24050,23900,-150,-0.62,290423,6942671800
271980,제일약품,31300,30800,-500,-1.6,24581,763830800
001560,제일연마,9010,9480,470,5.22,24158,225089860
002620,제일파마홀딩스,16750,16750,0,0.0,5466,90631450
006220,제주은행,6000,5920,-80,-1.33,167576,1017609070
089590,제주항공,19600,19400,-200,-1.02,64549,1256165550
004910,조광페인트,8580,8480,-100,-1.17,26748,227394040
004700,조광피혁,56300,56300,0,0.0,1254,70632700
001550,조비,21850,21400,-450,-2.06,53348,1155616900
000480,조선내화,83700,84400,700,0.84,1318,110881200
120030,조선선재,105500,106500,1000,0.95,1556,165277000
018470,조일알미늄,2260,2185,-75,-3.32,3068621,6903443015
002600,조흥,196500,197000,500,0.25,86,16901500
185750,종근당,115500,113000,-2500,-2.16,27027,3073967000
063160,종근당바이오,39200,38700,-500,-1.28,8354,324336900
001630,종근당홀딩스,78400,78000,-400,-0.51,6049,472085600
044380,주연테크,1375,1350,-25,-1.82,4324504,5888211585
013890,지누스,85400,85000,-400,-0.47,68197,5828377400
013870,지엠비코리아,6210,6250,40,0.64,44211,275391670
071320,지역난방공사,38450,38400,-50,-0.13,3477,133730350
010580,지코,1530,1530,0,0.0,0,0
035000,지투알,6830,6980,150,2.2,103685,718337690
088790,진도,3080,3080,0,0.0,34665,106886225
003780,진양산업,7430,7430,0,0.0,163057,1210147030
010640,진양폴리,4525,4455,-70,-1.55,58800,261895870
100250,진양홀딩스,3680,3895,215,5.84,632954,2402646025
051630,진양화학,4675,4705,30,0.64,56296,264099790
272450,진에어,19000,18900,-100,-0.53,140773,2668516050
011000,진원생명과학,25900,24750,-1150,-4.44,570665,14442921500
002780,진흥기업,2215,2230,15,0.68,1039731,2332142925
002787,진흥기업2우B,15150,15250,100,0.66,522,7890150
002785,진흥기업우B,5970,5980,10,0.17,596,3575520
009310,참엔지니어링,1285,1265,-20,-1.56,686156,867582265
000650,천일고속,66200,66300,100,0.15,195,12916800
033250,체시스,1370,1335,-35,-2.55,91925,124229810
035720,카카오,128500,124500,-4000,-3.11,1981200,248411655500
323410,카카오뱅크,64000,64900,900,1.41,1235612,80037244200
377300,카카오페이,170000,177000,7000,4.12,388843,67501573500
006380,카프로,4225,4245,20,0.47,108179,456687195
109070,컨버즈,4100,4100,0,0.0,0,0
001620,케이비아이동국실업,869,853,-16,-1.84,349424,301492042
029460,케이씨,23300,22800,-500,-2.15,40716,934687200
281820,케이씨텍,25800,24950,-850,-3.29,187814,4741079100
381970,케이카,25500,33150,7650,30.0,5057849,155495409500
145270,케이탑리츠,1495,1500,5,0.33,183261,275292670
357120,코람코에너지리츠,6840,6900,60,0.88,182725,1254784660
007815,코리아써우,7520,7500,-20,-0.27,12224,91315340
007810,코리아써키트,22300,21650,-650,-2.91,2154440,47238938800
00781K,코리아써키트2우B,9620,9530,-90,-0.94,4212,40049450
003690,코리안리,9630,9850,220,2.28,251683,2460415420
192820,코스맥스,100500,101000,500,0.5,40904,4133051400
044820,코스맥스비티아이,14200,14300,100,0.7,8144,115888200
005070,코스모신소재,46150,46900,750,1.63,739335,34814754400
005420,코스모화학,16450,16200,-250,-1.52,304068,4999033300
071950,코아스,1145,1145,0,0.0,91654,105051100
002020,코오롱,32050,33100,1050,3.28,51975,1696007250
003070,코오롱글로벌,24650,24400,-250,-1.01,47647,1159002450
003075,코오롱글로벌우,32150,31350,-800,-2.49,2650,83296650
002025,코오롱우,20000,20100,100,0.5,3602,72069150
120110,코오롱인더,78000,77800,-200,-0.26,259633,20400942000
120115,코오롱인더우,37300,36900,-400,-1.07,10800,401984550
138490,코오롱플라스틱,13650,13400,-250,-1.83,632640,8713153900
021240,코웨이,75400,74400,-1000,-1.33,134775,10005830600
031820,콤텍시스템,958,945,-13,-1.36,1051412,997885224
192400,쿠쿠홀딩스,18950,19200,250,1.32,58893,1122482950
284740,쿠쿠홈시스,39950,40150,200,0.5,65700,2640266500
015590,큐로,497,501,4,0.8,516657,258070418
264900,크라운제과,9770,9790,20,0.2,18635,182357240
26490K,크라운제과우,13150,13150,0,0.0,2333,30490600
005740,크라운해태홀딩스,8530,8520,-10,-0.12,10787,91700420
005745,크라운해태홀딩스우,13100,12900,-200,-1.53,2976,38300250
259960,크래프톤,516000,505000,-11000,-2.13,334064,168689622000
020120,키다리스튜디오,16350,16350,0,0.0,261462,4291978050
039490,키움증권,109000,107500,-1500,-1.38,57672,6143250000
014580,태경비케이,5450,5410,-40,-0.73,236223,1284843920
015890,태경산업,6830,6850,20,0.29,488884,3379740350
006890,태경케미컬,12500,12400,-100,-0.8,35251,435826200
003240,태광산업,967000,957000,-10000,-1.03,425,407810000
011280,태림포장,4120,4300,180,4.37,1135101,4871184555
004100,태양금속,1400,1410,10,0.71,157212,222674880
004105,태양금속우,2620,2610,-10,-0.38,9242,24209655
009410,태영건설,10650,10650,0,0.0,51354,543282350
009415,태영건설우,12200,12100,-100,-0.82,5082,60929850
001420,태원물산,5090,5370,280,5.5,192566,1030947805
007980,태평양물산,2345,2395,50,2.13,351903,839559750
055490,테이팩스,76600,75300,-1300,-1.7,27115,2061795300
078000,텔코웨어,11300,11250,-50,-0.44,6878,77312650
214420,토니모리,6350,6200,-150,-2.36,10686,66940030
019180,티에이치엔,4525,4365,-160,-3.54,639204,2801801755
363280,티와이홀딩스,25550,24900,-650,-2.54,79600,1982686600
36328K,티와이홀딩스우,22400,22100,-300,-1.34,2246,49858950
091810,티웨이항공,3445,3470,25,0.73,398158,1394062045
004870,티웨이홀딩스,1030,1025,-5,-0.49,100692,103496285
005690,파미셀,12300,12300,0,0.0,250897,3103020800
036580,팜스코,6060,6060,0,0.0,33170,200783590
004720,팜젠사이언스,10750,10450,-300,-2.79,274724,2889980550
028670,팬오션,5540,5560,20,0.36,1584445,8811132970
010820,퍼스텍,2125,2155,30,1.41,201967,435260345
016800,퍼시스,38550,37550,-1000,-2.59,917,34919150
001020,페이퍼코리아,1555,1600,45,2.89,63734,101776685
090080,평화산업,1915,1865,-50,-2.61,319257,601488715
010770,평화홀딩스,4660,4700,40,0.86,30565,141286150
058430,포스코강판,56100,60500,4400,7.84,275551,16568013500
047050,포스코인터내셔널,20200,20300,100,0.5,2674920,55460374750
003670,포스코케미칼,145500,150000,4500,3.09,396523,59105300500
007630,폴루스바이오팜,1225,1225,0,0.0,0,0
017810,풀무원,16450,16850,400,2.43,68160,1141312800
103140,풍산,31850,31800,-50,-0.16,68821,2181648450
005810,풍산홀딩스,27900,27800,-100,-0.36,16600,464657150
950210,프레스티지바이오파마,25350,25000,-350,-1.38,84711,2127874650
009810,플레이그램,2635,2675,40,1.52,2068364,5554779650
086790,하나금융지주,42400,42500,100,0.24,1706677,73179978300
293480,하나제약,19850,19550,-300,-1.51,25909,510426400
039130,하나투어,73700,74400,700,0.95,98256,7398642800
172580,하이골드12호,2705,2710,5,0.18,66840,181136390
153360,하이골드3호,2570,2580,10,0.39,20761,53560505
352820,하이브,392500,392500,0,0.0,289318,114375231500
071090,하이스틸,2930,2960,30,1.02,81564,242487170
019490,하이트론,4560,4650,90,1.97,105777,488113380
000080,하이트진로,33250,32750,-500,-1.5,191473,6288623600
000087,하이트진로2우B,20000,19950,-50,-0.25,1228,24404800
000140,하이트진로홀딩스,13800,13750,-50,-0.36,9805,134837850
000145,하이트진로홀딩스우,16000,16400,400,2.5,438,7167400
152550,한국ANKOR유전,1595,1610,15,0.94,17815,28634915
036460,한국가스공사,37750,38500,750,1.99,398682,15282101850
005430,한국공항,43600,43300,-300,-0.69,4765,208280000
071050,한국금융지주,85100,84800,-300,-0.35,115543,9763313200
071055,한국금융지주우,69700,69500,-200,-0.29,16105,1116877200
010040,한국내화,3675,3680,5,0.14,37563,138377945
025540,한국단자,76500,74300,-2200,-2.88,41526,3115917300
004090,한국석유,11300,11350,50,0.44,34368,390526350
002200,한국수출포장,25250,25950,700,2.77,40483,1047461200
002960,한국쉘석유,277000,276500,-500,-0.18,1020,282239000
000240,한국앤컴퍼니,16450,16050,-400,-2.43,103957,1673025250
123890,한국자산신탁,4310,4310,0,0.0,154758,666904830
015760,한국전력,22300,22450,150,0.67,1171107,26298588250
006200,한국전자홀딩스,2300,2330,30,1.3,20737284,51867153765
009540,한국조선해양,98000,98100,100,0.1,141646,13829601200
023350,한국종합기술,7110,7190,80,1.13,29881,214437690
025890,한국주강,7100,6650,-450,-6.34,283963,1964654490
000970,한국주철관,9080,9160,80,0.88,47736,435806310
104700,한국철강,8150,8120,-30,-0.37,34429,280860230
017960,한국카본,10450,10500,50,0.48,274335,2877495100
161890,한국콜마,41600,41350,-250,-0.6,59318,2451352850
024720,한국콜마홀딩스,21300,21350,50,0.23,14034,298818950
161390,한국타이어앤테크놀로지,41150,41200,50,0.12,143349,5874746450
034830,한국토지신탁,2420,2365,-55,-2.27,2668012,6380682250
007280,한국특강,2915,3005,90,3.09,319645,962523405
168490,한국패러랠,2130,2135,5,0.23,16162,34429645
010100,한국프랜지,2710,2760,50,1.85,113952,312595040
047810,한국항공우주,31050,30400,-650,-2.09,313911,9573807650
123690,한국화장품,9220,9250,30,0.33,12648,116901240
003350,한국화장품제조,27500,27900,400,1.45,7014,194671750
011500,한농화성,17650,16900,-750,-4.25,316257,5465002950
002390,한독,22700,22550,-150,-0.66,9638,217304850
014790,한라,5320,5280,-40,-0.75,68226,360679290
060980,한라홀딩스,48450,48100,-350,-0.72,34818,1677893950
053690,한미글로벌,11750,11500,-250,-2.13,73700,859939950
042700,한미반도체,38600,37300,-1300,-3.37,831511,31244578050
008930,한미사이언스,56100,54700,-1400,-2.5,59016,3242380100
128940,한미약품,267000,265500,-1500,-0.56,21409,5686036000
009240,한샘,85000,91000,6000,7.06,539092,49348495500
020000,한섬,38250,38400,150,0.39,76980,2947278600
003680,한성기업,6140,6200,60,0.98,9490,58636580
105630,한세실업,23300,23400,100,0.43,235602,5544255500
069640,한세엠케이,4670,4830,160,3.43,46546,224373635
016450,한세예스24홀딩스,7710,7720,10,0.13,18595,143054790
010420,한솔PNS,1930,1920,-10,-0.52,65005,125517100
009180,한솔로지스틱스,4335,4285,-50,-1.15,426105,1845290840
213500,한솔제지,13950,14200,250,1.79,82570,1173137800
014680,한솔케미칼,319500,315000,-4500,-1.41,50386,16109592500
004710,한솔테크닉스,6450,6340,-110,-1.71,61410,392279210
004150,한솔홀딩스,3700,3700,0,0.0,93676,345960750
025750,한솔홈데코,1750,1745,-5,-0.29,939983,1659319990
004960,한신공영,17450,17250,-200,-1.15,11342,195818300
011700,한신기계,3950,4000,50,1.27,5626180,23492338355
001750,한양증권,15750,15600,-150,-0.95,26609,416516100
001755,한양증권우,19850,19650,-200,-1.01,1424,28075650
018880,한온시스템,13650,13600,-50,-0.37,522404,7055040200
009420,한올바이오파마,20600,20050,-550,-2.67,168597,3405120850
014130,한익스프레스,5640,5670,30,0.53,28556,161888300
300720,한일시멘트,21000,21050,50,0.24,1088885,23794637850
002220,한일철강,2910,2900,-10,-0.34,63936,184075325
006390,한일현대시멘트,33400,33700,300,0.9,21557,732558200
003300,한일홀딩스,13100,13150,50,0.38,17076,225494250
051600,한전KPS,41400,41650,250,0.6,275465,11508948950
052690,한전기술,95300,94700,-600,-0.63,1470572,144788812700
130660,한전산업,13250,13300,50,0.38,1596425,22086216850
002320,한진,31350,31200,-150,-0.48,23940,748082800
097230,한진중공업,8090,8200,110,1.36,46628,378798540
003480,한진중공업홀딩스,4035,4030,-5,-0.12,30540,122691425
180640,한진칼,54400,54300,-100,-0.18,73299,3970704700
18064K,한진칼우,34950,34600,-350,-1.0,835,28942450
005110,한창,1040,1050,10,0.96,376371,394015445
009460,한창제지,2060,2100,40,1.94,802194,1704250885
372910,한컴라이프케어,8280,8200,-80,-0.97,212392,1764096500
000880,한화,32900,32600,-300,-0.91,228591,7456643250
00088K,한화3우B,16850,16900,50,0.3,63442,1071663850
088350,한화생명,3290,3330,40,1.22,3368301,11323161735
000370,한화손해보험,4055,4065,10,0.25,305518,1241222385
009830,한화솔루션,36250,35900,-350,-0.97,772347,27511095800
009835,한화솔루션우,37450,37350,-100,-0.27,960,35914750
272210,한화시스템,16100,15850,-250,-1.55,712585,11305220550
012450,한화에어로스페이스,42900,44200,1300,3.03,324042,13981822850
000885,한화우,35350,35850,500,1.41,285,10291050
003530,한화투자증권,5660,5410,-250,-4.42,2965938,16295636540
003535,한화투자증권우,14000,13650,-350,-2.5,37123,507694600
195870,해성디에스,50100,49900,-200,-0.4,147627,7403815200
101530,해태제과식품,8180,8170,-10,-0.12,9068,74392410
143210,핸즈코퍼레이션,5060,5100,40,0.79,23123,117414500
000720,현대건설,48050,47900,-150,-0.31,320591,15410511250
267270,현대건설기계,39200,38750,-450,-1.15,73880,2873641000
000725,현대건설우,80100,80000,-100,-0.12,5966,478184200
005440,현대그린푸드,9080,8980,-100,-1.1,170455,1531167040
086280,현대글로비스,163000,158000,-5000,-3.07,105870,16847242000
042670,현대두산인프라코어,7970,7670,-300,-3.76,1371077,10651828510
064350,현대로템,21350,21200,-150,-0.7,492629,10495967400
079430,현대리바트,14950,14850,-100,-0.67,44179,657492400
012330,현대모비스,248000,244000,-4000,-1.61,208227,50775796000
010620,현대미포조선,72500,75600,3100,4.28,563082,42253682400
069960,현대백화점,75600,75600,0,0.0,83265,6329690100
004560,현대비앤지스틸,16900,16250,-650,-3.85,164288,2768150750
004565,현대비앤지스틸우,78300,76800,-1500,-1.92,259,20087000
004310,현대약품,5450,5420,-30,-0.55,84682,458521880
322000,현대에너지솔루션,21300,21500,200,0.94,20172,429806650
017800,현대엘리베이,44800,44800,0,0.0,132929,5957196250
307950,현대오토에버,115000,115000,0,0.0,74370,8603182000
011210,현대위아,79900,77900,-2000,-2.5,209095,16400042700
267260,현대일렉트릭,24550,24350,-200,-0.81,106085,2576896450
004020,현대제철,41300,41300,0,0.0,756010,31575404500
329180,현대중공업,109000,111000,2000,1.83,147284,16264059500
267250,현대중공업지주,58200,57800,-400,-0.69,128270,7433805200
005380,현대차,218500,215000,-3500,-1.6,818782,176395712000
005387,현대차2우B,103000,101000,-2000,-1.94,49487,5056582500
005389,현대차3우B,96500,95700,-800,-0.83,10938,1044924900
005385,현대차우,100000,98800,-1200,-1.2,43889,4351354300
001500,현대차증권,12850,12850,0,0.0,38222,491815050
011760,현대코퍼레이션,17250,17200,-50,-0.29,12431,214659100
227840,현대코퍼레이션홀딩스,12200,12200,0,0.0,13088,160289750
126560,현대퓨처넷,4710,4620,-90,-1.91,354761,1654148120
001450,현대해상,24950,25600,650,2.61,505636,12920577150
057050,현대홈쇼핑,65800,65600,-200,-0.3,16204,1062062800
093240,형지엘리트,3470,3490,20,0.58,323507,1134998070
003010,혜인,5820,5900,80,1.37,43001,252674360
111110,호전실업,10400,10550,150,1.44,186298,1968420950
008770,호텔신라,78800,78800,0,0.0,250802,19779094500
008775,호텔신라우,80600,81000,400,0.5,2336,189580000
002460,화성산업,12350,12350,0,0.0,24516,301843900
378850,화승알앤에이,5720,5670,-50,-0.87,42428,241723830
241590,화승엔터프라이즈,17100,17100,0,0.0,124682,2142874500
006060,화승인더,6410,6390,-20,-0.31,105024,672502830
013520,화승코퍼레이션,2475,2480,5,0.2,256105,637724010
010690,화신,9270,9420,150,1.62,991555,9465565850
133820,화인베스틸,3000,2955,-45,-1.5,129493,384771735
010660,화천기계,2500,2525,25,1.0,55557,139566870
000850,화천기공,35200,35250,50,0.14,3548,124502300
016580,환인제약,17450,17350,-100,-0.57,20580,356381450
032560,황금에스티,8920,8930,10,0.11,100048,899760020
004800,효성,97100,97000,-100,-0.1,34841,3381965400
094280,효성ITX,20500,20400,-100,-0.49,36416,748625650
298040,효성중공업,65000,66900,1900,2.92,46694,3113729100
298050,효성첨단소재,632000,659000,27000,4.27,92969,60839465000
298020,효성티앤씨,539000,541000,2000,0.37,40038,21780279000
298000,효성화학,255000,272500,17500,6.86,72381,19441356500
093370,후성,23200,23150,-50,-0.22,4388047,103732836150
081660,휠라홀딩스,37150,37300,150,0.4,341921,12800050450
005870,휴니드,7220,7360,140,1.94,175299,1299039250
079980,휴비스,8750,8890,140,1.6,87990,784100670
005010,휴스틸,14800,15150,350,2.36,45526,693058350
069260,휴켐스,23400,23200,-200,-0.85,179329,4159932900
000540,흥국화재,3745,3765,20,0.53,23112,86843085
000547,흥국화재2우B,26600,26600,0,0.0,242,6437450
000545,흥국화재우,8200,8140,-60,-0.73,4566,36974720
003280,흥아해운,2880,2880,0,0.0,607209,1768496155
