티커,종목명,시가,종가,변동폭,등락률,거래량,거래대금
095570,AJ네트웍스,6060,6220,160,2.64,376507,2338360900
006840,AK홀딩스,27400,27600,200,0.73,11034,301138500
027410,BGF,6390,6410,20,0.31,151301,962354210
282330,BGF리테일,179500,179500,0,0.0,8927,1590938500
138930,BNK금융지주,7850,7790,-60,-0.76,1007423,7822347150
001460,BYC,417500,425500,8000,1.92,2618,1118217500
001465,BYC우,169000,171500,2500,1.48,108,18389500
001040,CJ,105000,105500,500,0.48,116635,12243786000
079160,CJCGV,30900,31300,400,1.29,289366,8935850350
00104K,CJ4우전환,86500,86600,100,0.12,2465,212698800
000120,CJ대한통운,171500,171000,-500,-0.29,35936,6097584200
011150,CJ씨푸드,4280,4260,-20,-0.47,84657,361673845
011155,CJ씨푸드1우,39050,39300,250,0.64,58,2276750
001045,CJ우,63500,63300,-200,-0.31,1196,75604300
097950,CJ제일제당,442000,442500,500,0.11,23865,10568264500
097955,CJ제일제당우,201500,201000,-500,-0.25,2720,547026500
000590,CS홀딩스,65100,64200,-900,-1.38,1399,89962800
012030,DB,1095,1095,0,0.0,950841,1039550545
016610,DB금융투자,6880,6830,-50,-0.73,34184,233384890
005830,DB손해보험,60400,59500,-900,-1.49,79493,4708453800
000990,DB하이텍,61700,60900,-800,-1.3,575215,34914101100
000995,DB하이텍1우,114000,114000,0,0.0,190,21657500
139130,DGB금융지주,9200,9190,-10,-0.11,190040,1737073190
001530,DI동일,345500,370000,24500,7.09,73640,26866726000
000210,DL,72400,72100,-300,-0.41,47553,3417431600
001880,DL건설,33500,33450,-50,-0.15,27001,899711400
000215,DL우,43600,44000,400,0.92,1018,44508350
375500,DL이앤씨,144000,143500,-500,-0.35,84253,12055356500
37550K,DL이앤씨우,78900,78000,-900,-1.14,4379,343039700
004840,DRB동일,6560,6610,50,0.76,31666,206836230
155660,DSR,7310,7900,590,8.07,1976053,15494547550
069730,DSR제강,8050,8280,230,2.86,3580081,29721558740
017940,E1,56300,57800,1500,2.66,46816,2687609900
365550,ESR켄달스퀘어리츠,6640,6570,-70,-1.05,202974,1334906740
383220,FF,728000,748000,20000,2.75,30400,22569118000
007700,FF홀딩스,39300,39150,-150,-0.38,189520,7463805200
114090,GKL,15850,16200,350,2.21,249152,3988197450
078930,GS,41950,42250,300,0.72,142729,6015497600
006360,GS건설,45400,45850,450,0.99,500949,22898916350
001250,GS글로벌,2850,2870,20,0.7,406749,1168786830
007070,GS리테일,34400,34500,100,0.29,201386,6927687700
078935,GS우,36200,36300,100,0.28,2562,92867650
012630,HDC,11650,11700,50,0.43,130631,1526675500
039570,HDC아이콘트롤스,12350,12200,-150,-1.21,16437,201374650
089470,HDC현대EP,5820,5850,30,0.52,150317,875040720
294870,HDC현대산업개발,29550,29600,50,0.17,179103,5283905450
011200,HMM,38650,38450,-200,-0.52,2720697,104817499750
082740,HSD엔진,7760,8150,390,5.03,711263,5733672440
003560,IHQ,1660,1635,-25,-1.51,969196,1592844625
175330,JB금융지주,8250,8200,-50,-0.61,217761,1784056080
234080,JW생명과학,17950,17700,-250,-1.39,19796,350203250
001060,JW중외제약,27600,27200,-400,-1.45,112386,3068447000
001067,JW중외제약2우B,64000,63900,-100,-0.16,146,9285200
001065,JW중외제약우,40550,40150,-400,-0.99,345,13901900
096760,JW홀딩스,4100,4095,-5,-0.12,63952,261427265
105560,KB금융,51800,51400,-400,-0.77,993703,51114995100
002380,KCC,442500,451000,8500,1.92,120388,53849641000
344820,KCC글라스,77700,76800,-900,-1.16,140006,10649408400
009070,KCTC,6950,7020,70,1.01,283285,1997009270
009440,KC그린홀딩스,6220,6170,-50,-0.8,116810,719189970
119650,KC코트렐,8370,8280,-90,-1.08,146446,1212449370
092220,KEC,2230,2200,-30,-1.35,842736,1852463835
016380,KG동부제철,15050,15900,850,5.65,498540,7782644400
016385,KG동부제철우,119000,120000,1000,0.84,107,12808000
001390,KG케미칼,35200,34950,-250,-0.71,59488,2079946600
033180,KH필룩스,3470,3415,-55,-1.59,1437122,4896800560
001940,KISCO홀딩스,22650,22950,300,1.32,28462,644154000
025000,KPX케미칼,61000,60500,-500,-0.82,5637,339842200
092230,KPX홀딩스,66400,66600,200,0.3,1448,95898300
000040,KR모터스,1120,1110,-10,-0.89,226623,252024010
044450,KSS해운,11350,11350,0,0.0,37230,420941200
030200,KT,32600,32650,50,0.15,561847,18292625150
033780,KTG,81800,81400,-400,-0.49,243641,19825002300
030210,KTB투자증권,7240,7170,-70,-0.97,334848,2382088870
058850,KTcs,2940,2935,-5,-0.17,185182,542745025
058860,KTis,2720,2710,-10,-0.37,57035,154870770
093050,LF,18500,18350,-150,-0.81,80414,1467806300
003550,LG,95300,94100,-1200,-1.26,137656,12938213200
034220,LG디스플레이,20500,20550,50,0.24,1127096,23108201000
051900,LG생활건강,1433000,1453000,20000,1.4,22317,32202189000
051905,LG생활건강우,689000,691000,2000,0.29,2970,2047931000
003555,LG우,70500,70300,-200,-0.28,3073,215788500
032640,LG유플러스,14300,14400,100,0.7,798157,11393194150
011070,LG이노텍,226500,226500,0,0.0,211575,48090601000
066570,LG전자,148000,147500,-500,-0.34,757429,112402879000
066575,LG전자우,72500,71700,-800,-1.1,32699,2364526800
037560,LG헬로비전,7810,7750,-60,-0.77,790331,6211174230
051910,LG화학,750000,758000,8000,1.07,411836,310496814000
051915,LG화학우,346500,352000,5500,1.59,18844,6582370000
079550,LIG넥스원,51700,52000,300,0.58,92790,4805146200
006260,LS,69000,69000,0,0.0,90063,6199089800
010120,LSELECTRIC,68500,70300,1800,2.63,254567,17860629100
000680,LS네트웍스,4000,3980,-20,-0.5,60346,238015760
229640,LS전선아시아,8580,8560,-20,-0.23,111279,950636060
001120,LX인터내셔널,27950,28250,300,1.07,76371,2137763300
108670,LX하우시스,89200,96000,6800,7.62,425865,40294349900
108675,LX하우시스우,40800,43000,2200,5.39,57899,2486300200
383800,LX홀딩스,9930,10250,320,3.22,502966,5110948030
38380K,LX홀딩스1우,15350,15950,600,3.91,12952,205757800
023150,MH에탄올,9840,12750,2910,29.57,2110683,25215633920
035420,NAVER,454000,444500,-9500,-2.09,356293,159365526500
181710,NHN,70800,70000,-800,-1.13,38412,2701242200
005940,NH투자증권,13300,13150,-150,-1.13,292749,3842912050
005945,NH투자증권우,12000,11950,-50,-0.42,72807,871319050
338100,NH프라임리츠,4800,4820,20,0.42,79790,384059050
034310,NICE,18350,18350,0,0.0,13699,249767750
008260,NI스틸,4555,4655,100,2.2,124174,575899390
004250,NPC,5980,6910,930,15.55,25268006,176824297320
004255,NPC우,3210,3345,135,4.21,167621,586071915
010060,OCI,139000,139500,500,0.36,497575,68684737000
178920,PI첨단소재,60700,60900,200,0.33,122998,7470508900
005490,POSCO,349000,360500,11500,3.3,622033,223441804500
010950,S-Oil,92300,95100,2800,3.03,337287,31775765500
010955,S-Oil우,54800,55100,300,0.55,5268,289231200
034120,SBS,51400,54100,2700,5.25,246936,13323517500
101060,SBS미디어홀딩스,2160,2140,-20,-0.93,187483,400549930
005090,SGC에너지,47550,47050,-500,-1.05,72604,3390608200
001380,SG글로벌,2725,2740,15,0.55,154619,422657225
004060,SG세계물산,784,770,-14,-1.79,545093,420883926
001770,SHD,30100,30800,700,2.33,9570,291677300
002360,SH에너지화학,1050,1085,35,3.33,1090899,1162770725
009160,SIMPAC,8290,8290,0,0.0,2541188,21630174880
123700,SJM,4720,4690,-30,-0.64,46592,218209595
025530,SJM홀딩스,4025,4000,-25,-0.62,17493,69665420
034730,SK,268000,266500,-1500,-0.56,110368,29380346000
011790,SKC,151000,154500,3500,2.32,398087,61525966500
018670,SK가스,126500,135000,8500,6.72,105645,14012401000
001740,SK네트웍스,5630,5570,-60,-1.07,355201,1978096370
001745,SK네트웍스우,106500,107000,500,0.47,62,6650500
006120,SK디스커버리,47900,47500,-400,-0.84,85773,4089979900
006125,SK디스커버리우,40350,40000,-350,-0.87,8341,334259850
210980,SK디앤디,37900,38500,600,1.58,60637,2321118150
068400,SK렌터카,13000,13100,100,0.77,94351,1236623550
302440,SK바이오사이언스,308000,307500,-500,-0.16,1324178,412740814500
326030,SK바이오팜,121500,121000,-500,-0.41,140250,16965399500
361610,SK아이이테크놀로지,208000,209500,1500,0.72,212665,44650191000
03473K,SK우,250000,247500,-2500,-1.0,1329,330039000
096770,SK이노베이션,250000,249500,-500,-0.2,220390,54970360500
096775,SK이노베이션우,159000,157500,-1500,-0.94,3343,525899000
001510,SK증권,946,939,-7,-0.74,1662948,1562347523
001515,SK증권우,4280,4280,0,0.0,7732,33057570
285130,SK케미칼,272000,267000,-5000,-1.84,94559,25391538000
28513K,SK케미칼우,136500,135500,-1000,-0.73,22210,3021768000
017670,SK텔레콤,306000,300500,-5500,-1.8,282454,85243186641
000660,SK하이닉스,106000,104500,-1500,-1.42,2547667,266814694452
064960,SNT모티브,56300,56100,-200,-0.36,20739,1158475900
100840,SNT에너지,21800,22200,400,1.83,27833,612727150
003570,SNT중공업,10250,10350,100,0.98,24950,258366200
036530,SNT홀딩스,18850,18850,0,0.0,9381,175959700
005610,SPC삼립,81300,81400,100,0.12,5390,436774400
011810,STX,4885,4870,-15,-0.31,114664,556879460
077970,STX엔진,11250,11250,0,0.0,39033,437430600
071970,STX중공업,5900,5740,-160,-2.71,275637,1600242360
002820,SUNL,5840,5790,-50,-0.86,5766,33325380
084870,TBH글로벌,2940,3070,130,4.42,241457,732884325
002710,TCC스틸,8860,8960,100,1.13,979954,8779405500
002900,TYM,2270,2260,-10,-0.44,1255793,2842841660
024070,WISCOM,4420,4420,0,0.0,108831,474763375
037270,YGPLUS,7570,7380,-190,-2.51,1061528,7891417730
000500,가온전선,31100,30750,-350,-1.13,12275,376630700
000860,강남제비스코,27850,28900,1050,3.77,105560,3004455700
035250,강원랜드,28150,28350,200,0.71,870492,24414269900
011420,갤럭시아에스엠,2400,2330,-70,-2.92,456155,1070350785
002100,경농,14550,14450,-100,-0.69,65559,943926700
009450,경동나비엔,68600,68800,200,0.29,47122,3205275800
267290,경동도시가스,22600,22550,-50,-0.22,16501,369203400
012320,경동인베스트,37100,37050,-50,-0.13,7364,272818800
000050,경방,13950,13650,-300,-2.15,40034,550629350
214390,경보제약,12250,12100,-150,-1.22,46248,562373550
012610,경인양행,7090,7050,-40,-0.56,155583,1095959290
009140,경인전자,29450,29400,-50,-0.17,2271,66853900
013580,계룡건설,42400,41900,-500,-1.18,92291,3864165050
012200,계양전기,4805,4820,15,0.31,201654,964052790
012205,계양전기우,7910,7910,0,0.0,1881,14839500
002140,고려산업,3745,3815,70,1.87,85526,322378835
010130,고려아연,518000,512000,-6000,-1.16,33092,16920140000
002240,고려제강,27950,28300,350,1.25,59496,1670004000
009290,광동제약,8380,8450,70,0.84,84009,706157540
017040,광명전기,3115,3120,5,0.16,744978,2332515250
017900,광전자,2870,2935,65,2.26,273994,798458120
037710,광주신세계,232500,228000,-4500,-1.94,7986,1824073000
030610,교보증권,8570,8550,-20,-0.23,34159,291480580
339770,교촌에프앤비,20500,20400,-100,-0.49,90911,1850374500
007690,국도화학,75000,79100,4100,5.47,370698,29501781900
005320,국동,2485,2550,65,2.62,501550,1265769020
001140,국보,1420,1405,-15,-1.06,785449,1092466400
002720,국제약품,8470,8720,250,2.95,6498568,57774018120
083420,그린케미칼,11800,11800,0,0.0,131934,1542002300
014530,극동유화,4330,4315,-15,-0.35,81017,348793715
014280,금강공업,8650,8690,40,0.46,98751,855503600
014285,금강공업우,14550,14550,0,0.0,5728,83571300
008870,금비,75900,75400,-500,-0.66,403,30318800
001570,금양,5510,5540,30,0.54,1210535,6786375570
002990,금호건설,13200,12900,-300,-2.27,150383,1946338150
002995,금호건설우,35300,34300,-1000,-2.83,960,33220900
011780,금호석유,200000,203500,3500,1.75,349337,71284416500
011785,금호석유우,121500,123500,2000,1.65,38866,4777678000
214330,금호에이치티,2290,2325,35,1.53,1095120,2521286610
001210,금호전기,3870,3765,-105,-2.71,611808,2377538020
073240,금호타이어,6020,5870,-150,-2.49,598291,3504700220
092440,기신정기,4495,4510,15,0.33,32230,145123845
000270,기아,86200,86000,-200,-0.23,782972,67088818500
024110,기업은행,10350,10350,0,0.0,540953,5584619600
013700,까뮤이앤씨,2380,2315,-65,-2.73,433939,1008896185
004540,깨끗한나라,5290,5270,-20,-0.38,128359,671782050
004545,깨끗한나라우,24400,24800,400,1.64,1301,32175900
001260,남광토건,14850,14700,-150,-1.01,10391,153445750
008350,남선알미늄,3800,4005,205,5.39,15301106,61681300405
008355,남선알미우,37900,39100,1200,3.17,10494,413988300
004270,남성,3470,3450,-20,-0.58,557500,1931523145
003920,남양유업,487000,478500,-8500,-1.75,9268,4476973500
003925,남양유업우,238000,235000,-3000,-1.26,567,134045500
025860,남해화학,11000,10800,-200,-1.82,319703,3472888500
005720,넥센,4985,4980,-5,-0.1,26741,132188760
005725,넥센우,3760,3750,-10,-0.27,3162,11853360
002350,넥센타이어,8270,8200,-70,-0.85,113345,930484460
002355,넥센타이어1우B,3700,3675,-25,-0.68,18646,68590795
003580,넥스트사이언스,30450,30900,450,1.48,1867423,57168008900
251270,넷마블,126000,125000,-1000,-0.79,157585,19760532000
090350,노루페인트,11600,11500,-100,-0.86,96020,1095097350
090355,노루페인트우,22400,22450,50,0.22,9251,208082300
000320,노루홀딩스,13550,13450,-100,-0.74,18968,256586050
000325,노루홀딩스우,49000,51500,2500,5.1,9895,506085800
006280,녹십자,385500,378000,-7500,-1.95,99884,37997506500
005250,녹십자홀딩스,34500,33850,-650,-1.88,97607,3318808600
005257,녹십자홀딩스2우,83400,80000,-3400,-4.08,4035,324286400
004370,농심,299500,299000,-500,-0.17,15077,4511157500
072710,농심홀딩스,76100,75400,-700,-0.92,3515,265627600
058730,다스코,5860,5990,130,2.22,41261,244336560
023590,다우기술,26700,26450,-250,-0.94,56313,1486792950
145210,다이나믹디자인,592,580,-12,-2.03,6460818,3803093582
019680,대교,4430,4665,235,5.3,448984,2066634385
019685,대교우B,3700,4000,300,8.11,1076782,4164107310
006370,대구백화점,11300,14250,2950,26.11,612708,8225186200
008060,대덕,7610,7550,-60,-0.79,107586,812715880
00806K,대덕1우,11300,11150,-150,-1.33,15946,177306700
353200,대덕전자,18350,18100,-250,-1.36,703842,12776283450
35320K,대덕전자1우,15200,15100,-100,-0.66,14066,211729850
000490,대동,12150,12100,-50,-0.41,279521,3360078400
008110,대동전자,6710,6690,-20,-0.3,13909,93358620
005750,대림BCo,7870,7870,0,0.0,49437,390035390
006570,대림통상,4050,3940,-110,-2.72,24863,98449655
001680,대상,25300,25350,50,0.2,87759,2212236400
001685,대상우,19350,19400,50,0.26,844,16340750
084690,대상홀딩스,10800,10750,-50,-0.46,57179,614615250
084695,대상홀딩스우,12400,12050,-350,-2.82,10201,123626600
128820,대성산업,4630,4635,5,0.11,55280,253784055
117580,대성에너지,6980,7250,270,3.87,1135921,8140355160
016710,대성홀딩스,38950,39150,200,0.51,45737,1770274550
003540,대신증권,19400,19350,-50,-0.26,55682,1074735600
003547,대신증권2우B,16900,17050,150,0.89,43880,742263000
003545,대신증권우,17600,17700,100,0.57,40427,713983600
009190,대양금속,6140,5820,-320,-5.21,2647002,15658908510
014160,대영포장,2820,2770,-50,-1.77,1674211,4644226310
047040,대우건설,7340,7280,-60,-0.82,1156290,8390364930
009320,대우부품,2715,2680,-35,-1.29,537673,1430064930
042660,대우조선해양,27700,28250,550,1.99,361352,10098428750
003090,대웅,36450,36500,50,0.14,105843,3860882950
069620,대웅제약,165000,161500,-3500,-2.12,75091,12150992000
000430,대원강업,4570,4505,-65,-1.42,587904,2637453370
006340,대원전선,2320,2290,-30,-1.29,1991704,4627149835
006345,대원전선우,3850,3800,-50,-1.3,21412,81238000
003220,대원제약,19300,19000,-300,-1.55,562500,10838985100
024890,대원화성,3660,3730,70,1.91,30173813,114878365960
002880,대유에이텍,1380,1375,-5,-0.36,1433059,1962630405
000300,대유플러스,1510,1560,50,3.31,12910510,20679455970
012800,대창,2245,2310,65,2.9,2088830,4809794840
015230,대창단조,8260,8230,-30,-0.36,41020,337465230
001070,대한방직,44000,44000,0,0.0,2294,100355950
006650,대한유화,235000,232000,-3000,-1.28,45503,10583763000
001440,대한전선,2610,2630,20,0.77,8922167,23322585690
084010,대한제강,21950,24150,2200,10.02,1389154,32362021200
001790,대한제당,3075,3075,0,0.0,157932,483428710
001795,대한제당우,3375,3410,35,1.04,122829,407267000
001130,대한제분,165000,166000,1000,0.61,2338,385647500
003490,대한항공,31200,30850,-350,-1.12,1210005,37267741900
003495,대한항공우,39500,39150,-350,-0.89,3061,119723200
005880,대한해운,2915,2895,-20,-0.69,1050902,3053831670
003830,대한화섬,143500,143500,0,0.0,460,64841500
016090,대현,2590,2645,55,2.12,137605,357621970
069460,대호에이엘,4170,4300,130,3.12,766460,3264271810
192080,더블유게임즈,59500,59600,100,0.17,56426,3356778100
012510,더존비즈온,96400,95900,-500,-0.52,279577,26606859600
004830,덕성,16200,16500,300,1.85,827600,13726782550
004835,덕성우,20700,21650,950,4.59,76071,1607414050
024900,덕양산업,3205,3205,0,0.0,206091,664370395
145720,덴티움,88500,89300,800,0.9,50811,4515115700
002150,도화엔지니어링,8390,8340,-50,-0.6,38356,318813940
001230,동국제강,19900,20600,700,3.52,2445644,50343052550
023450,동남합성,66800,67000,200,0.3,1411,94238400
004140,동방,5380,5380,0,0.0,308970,1657680210
007590,동방아그로,7460,7540,80,1.07,27937,209144200
005960,동부건설,14200,14200,0,0.0,135575,1920163700
005965,동부건설우,65600,61000,-4600,-7.01,47394,3058825800
026960,동서,29100,29200,100,0.34,59417,1730101350
002210,동성제약,10900,11350,450,4.13,386270,4286419150
102260,동성케미컬,6000,6010,10,0.17,89640,534649710
000640,동아쏘시오홀딩스,118000,117000,-1000,-0.85,7298,852208000
170900,동아에스티,78800,78300,-500,-0.63,10411,814184200
028100,동아지질,20750,20450,-300,-1.45,49531,1014747600
282690,동아타이어,12850,12750,-100,-0.78,15153,193262100
001520,동양,1715,1730,15,0.87,972428,1668643215
001527,동양2우B,16200,16300,100,0.62,2258,36862700
001529,동양3우B,40550,40700,150,0.37,2152,87949800
084670,동양고속,22200,22250,50,0.23,2142,47566650
082640,동양생명,5920,5870,-50,-0.84,434533,2549137160
001525,동양우,8710,8780,70,0.8,5312,47509700
008970,동양철관,1555,1590,35,2.25,1435937,2272296585
092780,동양피스톤,7320,7570,250,3.42,1210012,8971207100
049770,동원FB,207500,205500,-2000,-0.96,1667,343171000
018500,동원금속,1040,1055,15,1.44,231361,242864610
006040,동원산업,245500,246000,500,0.2,1730,425445500
030720,동원수산,9760,9650,-110,-1.13,44061,428103940
014820,동원시스템즈,60100,67500,7400,12.31,459566,29362334200
014825,동원시스템즈우,39250,40350,1100,2.8,3655,147001450
163560,동일고무벨트,8700,8690,-10,-0.11,18291,159460080
004890,동일산업,116500,117000,500,0.43,1056,123021000
002690,동일제강,4380,4380,0,0.0,78692,346275740
000020,동화약품,15900,15500,-400,-2.52,435917,6782206400
000150,두산,95300,93200,-2100,-2.2,61765,5810200200
000157,두산2우B,127000,128500,1500,1.18,4626,599734500
241560,두산밥캣,42700,42850,150,0.35,150750,6467426500
000155,두산우,67400,66600,-800,-1.19,4692,314263900
042670,두산인프라코어,11800,11900,100,0.85,1008179,11976176100
034020,두산중공업,21850,21900,50,0.23,7529699,166373193900
336260,두산퓨얼셀,53000,53900,900,1.7,1105884,59129114600
33626K,두산퓨얼셀1우,16300,16400,100,0.61,45110,737355150
33626L,두산퓨얼셀2우B,22900,22800,-100,-0.44,23449,532506450
016740,두올,5910,6400,490,8.29,23713661,149001854440
192650,드림텍,12400,12100,-300,-2.42,567440,6885584300
024090,디씨엠,17350,17350,0,0.0,21295,363991650
003160,디아이,9160,9020,-140,-1.53,227340,2064137320
092200,디아이씨,5540,5360,-180,-3.25,415213,2239376760
377190,디앤디플랫폼리츠,5380,5390,10,0.19,619558,3343367160
013570,디와이,5790,5950,160,2.76,153446,897104160
210540,디와이파워,15550,15500,-50,-0.32,55536,859643050
007340,디티알오토모티브,47500,46300,-1200,-2.53,77959,3581772350
026890,디피씨,14500,14650,150,1.03,914896,13418819550
115390,락앤락,11700,11550,-150,-1.28,72740,845417600
032350,롯데관광개발,19550,19850,300,1.53,332351,6504585050
089860,롯데렌탈,48600,47050,-1550,-3.19,625205,29795674850
330590,롯데리츠,5660,5610,-50,-0.88,384542,2161676960
000400,롯데손해보험,1815,1760,-55,-3.03,486644,865222955
023530,롯데쇼핑,108000,107000,-1000,-0.93,40781,4367365500
004000,롯데정밀화학,71900,73300,1400,1.95,455104,33740673400
286940,롯데정보통신,37400,38000,600,1.6,45047,1703887300
280360,롯데제과,136500,137000,500,0.37,821,112032000
004990,롯데지주,35550,35700,150,0.42,89351,3177048850
00499K,롯데지주우,54000,53500,-500,-0.93,889,47347100
005300,롯데칠성,148500,148000,-500,-0.34,23807,3490827000
005305,롯데칠성우,77000,77700,700,0.91,852,65354400
011170,롯데케미칼,248500,249000,500,0.2,62098,15450261500
002270,롯데푸드,434000,434000,0,0.0,665,287271500
071840,롯데하이마트,31600,31500,-100,-0.32,38311,1203882650
027740,마니커,485,492,7,1.44,1765290,864940603
204320,만도,61800,61900,100,0.16,226501,14031486800
001080,만호제강,22650,22800,150,0.66,2864,64799200
088980,맥쿼리인프라,12600,12600,0,0.0,737798,9283509800
094800,맵스리얼티1,4700,4705,5,0.11,47629,222871180
138040,메리츠금융지주,33900,35700,1800,5.31,248759,8780677050
008560,메리츠증권,5500,5560,60,1.09,1408542,7752417160
000060,메리츠화재,29500,30550,1050,3.56,370998,11104369700
090370,메타랩스,1195,1170,-25,-2.09,453499,535317105
017180,명문제약,5580,5500,-80,-1.43,175382,968990960
009900,명신산업,31250,30700,-550,-1.76,574357,17631171100
012690,모나리자,4660,4640,-20,-0.43,71498,331603665
005360,모나미,5220,5180,-40,-0.77,198667,1025943410
204210,모두투어리츠,3980,3990,10,0.25,5064,20239835
009680,모토닉,12400,12200,-200,-1.61,214500,2695230550
009580,무림PP,4880,4835,-45,-0.92,75805,365201195
009200,무림페이퍼,2965,2980,15,0.51,51118,152164640
033920,무학,10250,11650,1400,13.66,6442847,79961897350
008420,문배철강,4840,4910,70,1.45,198924,976344870
025560,미래산업,14950,14850,-100,-0.67,24139,357817350
007120,미래아이앤지,587,589,2,0.34,612426,358601496
357250,미래에셋맵스리츠,4990,4985,-5,-0.1,82532,411013345
085620,미래에셋생명,4590,4550,-40,-0.87,260144,1190328225
006800,미래에셋증권,8870,8870,0,0.0,676490,5972671350
00680K,미래에셋증권2우B,4740,4760,20,0.42,438826,2076731505
006805,미래에셋증권우,6090,6040,-50,-0.82,23482,141688250
002840,미원상사,205500,204000,-1500,-0.73,773,158152000
268280,미원에스씨,188000,186500,-1500,-0.8,284,53205500
107590,미원홀딩스,127500,127500,0,0.0,471,59700500
134380,미원화학,79400,79000,-400,-0.5,345,27126200
003650,미창석유,79600,79700,100,0.13,414,32750200
155900,바다로19호,2785,2785,0,0.0,18050,50110100
003610,방림,2515,2510,-5,-0.2,52235,130940110
001340,백광산업,5630,5750,120,2.13,361425,2056428430
035150,백산,8950,8910,-40,-0.45,182052,1614647370
002410,범양건영,9500,9070,-430,-4.53,4817252,43895332130
096300,베트남개발1,236,236,0,0.0,199935,46788405
007210,벽산,4105,4110,5,0.12,538166,2182154655
002760,보락,2370,2365,-5,-0.21,419605,994863175
003850,보령제약,16950,16800,-150,-0.88,205357,3451340050
000890,보해양조,1085,1095,10,0.92,2691678,2953933300
003000,부광약품,22500,22200,-300,-1.33,922573,20585078250
001270,부국증권,24650,24600,-50,-0.2,1206,29582150
001275,부국증권우,22850,22900,50,0.22,463,10586600
026940,부국철강,5800,5690,-110,-1.9,1934024,11119039850
015350,부산가스,59300,60400,1100,1.85,2385,142793800
011390,부산산업,135000,133500,-1500,-1.11,2474,331529500
005030,부산주공,625,643,18,2.88,5751462,3729285457
002070,비비안,3545,3490,-55,-1.55,190690,663164840
100220,비상교육,9810,9730,-80,-0.82,61610,595436190
030790,비케이탑스,8050,8070,20,0.25,74008,591393740
005180,빙그레,56400,56400,0,0.0,23378,1317598700
003960,사조대림,33600,33300,-300,-0.89,38511,1283989450
008040,사조동아원,1365,1360,-5,-0.37,1180395,1597872755
007160,사조산업,61600,62400,800,1.3,11478,713434300
014710,사조씨푸드,5780,5760,-20,-0.35,75808,435590110
006090,사조오양,10900,10950,50,0.46,17741,193962200
001470,삼부토건,2860,2815,-45,-1.57,4721997,13333469170
006400,삼성SDI,767000,775000,8000,1.04,183517,142370185000
006405,삼성SDI우,420500,421500,1000,0.24,3188,1345327000
006660,삼성공조,19850,19600,-250,-1.26,73971,1457432750
028260,삼성물산,132000,130500,-1500,-1.14,183952,24030242000
02826K,삼성물산우B,127500,126500,-1000,-0.78,5120,646829500
207940,삼성바이오로직스,954000,950000,-4000,-0.42,38510,36526104000
032830,삼성생명,74700,74400,-300,-0.4,125998,9352547100
018260,삼성에스디에스,172500,171500,-1000,-0.58,51081,8744775500
028050,삼성엔지니어링,23950,23300,-650,-2.71,1902697,44623347950
009150,삼성전기,183000,182500,-500,-0.27,207523,37722214500
009155,삼성전기우,101000,100500,-500,-0.5,4404,443180000
005930,삼성전자,77300,76100,-1200,-1.55,13239401,1008596148650
005935,삼성전자우,72000,71300,-700,-0.97,848194,60595192700
001360,삼성제약,7320,7240,-80,-1.09,615724,4497298310
010140,삼성중공업,6250,6240,-10,-0.16,1962229,12176397550
010145,삼성중공우,265000,262500,-2500,-0.94,939,247798500
016360,삼성증권,49200,49200,0,0.0,172023,8466452300
068290,삼성출판사,41400,41100,-300,-0.72,64534,2654070750
029780,삼성카드,34200,34300,100,0.29,60136,2056806250
000810,삼성화재,227500,224500,-3000,-1.32,91331,20467813573
000815,삼성화재우,172500,171500,-1000,-0.58,3997,684389000
006110,삼아알미늄,30800,40000,9200,29.87,7226056,262257149600
145990,삼양사,65100,65100,0,0.0,22411,1456971000
145995,삼양사우,46500,46500,0,0.0,117,5446700
003230,삼양식품,83400,82900,-500,-0.6,11873,985298300
002170,삼양통상,67300,67400,100,0.15,2173,146289800
272550,삼양패키징,32900,33250,350,1.06,21609,714937150
000070,삼양홀딩스,120500,124500,4000,3.32,76832,9632554000
000075,삼양홀딩스우,75000,75900,900,1.2,2330,176709600
002810,삼영무역,15650,15750,100,0.64,13108,204986200
005680,삼영전자,13300,13350,50,0.38,45977,609321550
003720,삼영화학,3410,3470,60,1.76,483543,1658528640
023000,삼원강재,3505,3485,-20,-0.57,45134,156105935
004380,삼익THK,12200,12200,0,0.0,33721,409210700
002450,삼익악기,1935,1920,-15,-0.78,238408,456745705
004440,삼일씨엔에스,12900,12850,-50,-0.39,23057,295305050
000520,삼일제약,9170,9070,-100,-1.09,58995,536826330
009770,삼정펄프,32950,32700,-250,-0.76,1462,47739550
005500,삼진제약,27050,27050,0,0.0,27939,752515700
004690,삼천리,89400,89100,-300,-0.34,7106,631472600
010960,삼호개발,5600,5640,40,0.71,56650,317629300
004450,삼화왕관,44000,43850,-150,-0.34,930,40615850
009470,삼화전기,32300,32050,-250,-0.77,36706,1169283950
011230,삼화전자,3935,4030,95,2.41,71203,281920415
001820,삼화콘덴서,65000,64900,-100,-0.15,88965,5758565500
000390,삼화페인트,10750,11000,250,2.33,105845,1155668650
001290,상상인증권,1280,1255,-25,-1.95,183896,230107200
041650,상신브레이크,4400,4390,-10,-0.23,29191,127855280
075180,새론오토모티브,6360,6330,-30,-0.47,11659,73385340
007540,샘표,49350,49350,0,0.0,3701,181589950
248170,샘표식품,49400,49450,50,0.1,20161,1000145850
007860,서연,12250,12550,300,2.45,1056330,13494537600
200880,서연이화,7340,7880,540,7.36,4786952,40139714890
017390,서울가스,153000,152500,-500,-0.33,3156,476045500
004410,서울식품,376,372,-4,-1.06,3289038,1230173362
004415,서울식품우,4940,4900,-40,-0.81,2057,10099575
021050,서원,2580,2620,40,1.55,1115319,2921430405
008490,서흥,54700,55000,300,0.55,34375,1880357500
007610,선도전기,3970,3915,-55,-1.39,64390,252998820
136490,선진,15000,15500,500,3.33,179703,2752888250
014910,성문전자,2745,2770,25,0.91,102485,280876935
014915,성문전자우,9810,9810,0,0.0,241,2344470
003080,성보화학,4235,4205,-30,-0.71,55219,232724345
004980,성신양회,11100,11200,100,0.9,113838,1255171000
004985,성신양회우,16200,16100,-100,-0.62,9302,149511800
011300,성안,787,787,0,0.0,0,0
000180,성창기업지주,2820,2875,55,1.95,403656,1159243710
002420,세기상사,6160,6160,0,0.0,0,0
004360,세방,13900,13750,-150,-1.08,58609,803384400
004365,세방우,7860,7820,-40,-0.51,5036,39630790
004490,세방전지,87400,86400,-1000,-1.14,81378,7160569900
001430,세아베스틸,29650,30700,1050,3.54,268731,8201602800
306200,세아제강,118000,117500,-500,-0.42,16761,1965266500
003030,세아제강지주,141000,141000,0,0.0,15415,2146487000
019440,세아특수강,16800,16750,-50,-0.3,8832,147800300
058650,세아홀딩스,113500,113500,0,0.0,1487,167416500
013000,세우글로벌,2470,2470,0,0.0,0,0
091090,세원이앤씨,942,940,-2,-0.21,293963,276080760
021820,세원정공,8090,8090,0,0.0,0,0
067830,세이브존IC,3455,3445,-10,-0.29,10980,37791060
033530,세종공업,11250,11800,550,4.89,1424139,16438696350
075580,세진중공업,6370,6320,-50,-0.78,95769,603809110
027970,세하,1915,1915,0,0.0,170165,324410715
308170,센트랄모텍,25000,24550,-450,-1.8,24903,613868800
012600,센트럴인사이트,2490,2490,0,0.0,0,0
068270,셀트리온,278500,279500,1000,0.36,345474,96190481500
336370,솔루스첨단소재,62200,63800,1600,2.57,445506,28520690400
33637K,솔루스첨단소재1우,18200,18700,500,2.75,55439,1033246400
33637L,솔루스첨단소재2우B,30850,31600,750,2.43,3491,109697900
248070,솔루엠,29200,29250,50,0.17,306396,8930976350
004430,송원산업,19250,19250,0,0.0,174015,3324937000
017550,수산중공업,3260,3180,-80,-2.45,997670,3205695765
053210,스카이라이프,10350,10650,300,2.9,115837,1222551250
134790,시디즈,74200,73200,-1000,-1.35,1363,99517700
016590,신대양제지,95600,95000,-600,-0.63,4432,419217800
029530,신도리코,32500,32600,100,0.31,6241,201781100
004970,신라교역,12900,12850,-50,-0.39,3608,46052450
011930,신성이엔지,2490,2560,70,2.81,3079622,7843958845
005390,신성통상,4055,3935,-120,-2.96,1177169,4632929185
004170,신세계,272000,275000,3000,1.1,51323,14053744500
035510,신세계IC,237500,236000,-1500,-0.63,11998,2814851500
034300,신세계건설,43950,43400,-550,-1.25,14880,644185500
031430,신세계인터내셔날,204000,202000,-2000,-0.98,23815,4785418000
031440,신세계푸드,101000,101000,0,0.0,8572,861343700
006880,신송홀딩스,5840,5900,60,1.03,83649,491385500
005800,신영와코루,121000,120500,-500,-0.41,451,54137000
001720,신영증권,63100,63100,0,0.0,2442,154024600
001725,신영증권우,64300,64100,-200,-0.31,290,18533500
009270,신원,2445,2410,-35,-1.43,2786592,6764897625
009275,신원우,47700,47650,-50,-0.1,536,25470350
002700,신일전자,1875,1885,10,0.53,1024727,1925518660
019170,신풍제약,68700,67900,-800,-1.16,648318,44061708600
019175,신풍제약우,95100,93700,-1400,-1.47,20040,1878502000
002870,신풍제지,2855,2835,-20,-0.7,66743,188926690
293940,신한알파리츠,8210,8240,30,0.37,67024,550816100
055550,신한지주,38500,38250,-250,-0.65,800282,30514302950
004080,신흥,16850,17050,200,1.19,24526,413185300
102280,쌍방울,751,749,-2,-0.27,1636468,1220074795
003410,쌍용CE,8420,8430,10,0.12,729151,6097055410
003620,쌍용차,2770,2770,0,0.0,0,0
004770,써니전자,3290,3290,0,0.0,204266,667049085
015540,쎌마테라퓨틱스,6410,6410,0,0.0,0,0
004920,씨아이테크,1050,1060,10,0.95,126127,133549205
112610,씨에스윈드,79400,79300,-100,-0.13,297000,23579129500
008700,아남전자,2680,2730,50,1.87,3084053,8458347710
002790,아모레G,56800,57400,600,1.06,140113,8047954300
00279K,아모레G3우전환,40900,41000,100,0.24,2844,116048050
002795,아모레G우,21900,22150,250,1.14,8910,196337550
090430,아모레퍼시픽,226000,227000,1000,0.44,127738,28876580500
090435,아모레퍼시픽우,80600,80400,-200,-0.25,9530,766788300
002030,아세아,167000,154500,-12500,-7.49,11158,1781074000
183190,아세아시멘트,152500,151500,-1000,-0.66,14071,2130204000
002310,아세아제지,48850,48850,0,0.0,44134,2167711000
012170,아센디오,2165,2190,25,1.15,116287,246436720
267850,아시아나IDT,21850,21400,-450,-2.06,28969,622559800
020560,아시아나항공,24600,24750,150,0.61,1333769,32794257000
122900,아이마켓코리아,12000,12000,0,0.0,477435,5746108450
010780,아이에스동서,50900,51500,600,1.18,52701,2706997400
139990,아주스틸,26900,27100,200,0.74,354278,9625939950
001780,알루코,4660,5120,460,9.87,14519487,71995239450
018250,애경산업,24200,24400,200,0.83,42018,1021610050
161000,애경유화,13000,12850,-150,-1.15,194555,2498784100
011090,에넥스,2830,2985,155,5.48,2492093,7268891435
137310,에스디바이오센서,45950,45750,-200,-0.44,633981,29102708600
005850,에스엘,27600,27800,200,0.72,59650,1649831300
012750,에스원,82500,82700,200,0.24,51617,4264381700
023960,에쓰씨엔지니어링,5130,5390,260,5.07,1192878,6483853980
298690,에어부산,2610,2545,-65,-2.49,439389,1116193465
140910,에이리츠,11600,11600,0,0.0,39155,450150600
078520,에이블씨엔씨,8540,8740,200,2.34,76183,662627600
015260,에이엔피,1820,1805,-15,-0.82,416117,760898295
007460,에이프로젠MED,2060,2085,25,1.21,1998268,4139806175
003060,에이프로젠제약,1140,1120,-20,-1.75,1072118,1203829545
244920,에이플러스에셋,10400,10050,-350,-3.37,224752,2280536470
036570,엔씨소프트,633000,616000,-17000,-2.69,404637,250891710000
138250,엔에스쇼핑,17500,17850,350,2.0,147493,2598649850
380440,엔에이치스팩19호,2215,2220,5,0.23,147172,326288410
085310,엔케이,1215,1230,15,1.23,424584,518797020
009810,엔케이물산,905,933,28,3.09,7967598,7440229851
900140,엘브이엠씨홀딩스,3460,3450,-10,-0.29,228786,789245925
097520,엠씨넥스,46050,45800,-250,-0.54,113550,5245257000
014440,영보화학,5000,5020,20,0.4,178549,891815805
111770,영원무역,42200,42200,0,0.0,54884,2305111400
009970,영원무역홀딩스,47050,46350,-700,-1.49,7368,342597950
003520,영진약품,5600,5600,0,0.0,317862,1771498740
000670,영풍,749000,736000,-13000,-1.74,2260,1671531000
006740,영풍제지,7470,7420,-50,-0.67,39015,288777550
012280,영화금속,2280,2585,305,13.38,43189153,107296142140
012160,영흥,1155,1195,40,3.46,1350774,1585895075
015360,예스코홀딩스,38050,38050,0,0.0,18065,704462950
007310,오뚜기,521000,518000,-3000,-0.58,2359,1221838000
002630,오리엔트바이오,1550,1550,0,0.0,3949906,5862645430
271560,오리온,125000,124000,-1000,-0.8,60462,7513896000
001800,오리온홀딩스,16100,16000,-100,-0.62,116384,1861600450
011690,와이투솔루션,2440,2440,0,0.0,0,0
070960,용평리조트,5580,5570,-10,-0.18,94655,524132350
316140,우리금융지주,11100,11000,-100,-0.9,1305667,14366456450
118000,우리들휴브레인,1615,1660,45,2.79,455411,748840455
010050,우리종금,931,922,-9,-0.97,1909922,1765796793
006980,우성사료,31700,31800,100,0.32,5160,163777800
017370,우신시스템,4480,4905,425,9.49,4180040,21770577640
105840,우진,8450,8700,250,2.96,1761956,15439071940
010400,우진아이엔에스,8310,8280,-30,-0.36,7294,60116510
049800,우진플라임,4810,4870,60,1.25,164335,806967325
016880,웅진,2385,2360,-25,-1.05,1117170,2655746195
095720,웅진씽크빅,3710,3670,-40,-1.08,343358,1256326910
005820,원림,22850,22750,-100,-0.44,1515,34366900
010600,웰바이오텍,2300,2220,-80,-3.48,486932,1091268695
008600,윌비스,2230,2430,200,8.97,15104497,36378930035
033270,유나이티드제약,52500,53000,500,0.95,106849,5655954900
014830,유니드,145000,146500,1500,1.03,239526,35387103500
000910,유니온,6820,6790,-30,-0.44,62322,424603380
047400,유니온머티리얼,3420,3375,-45,-1.32,211232,715691600
011330,유니켐,1635,1685,50,3.06,1536827,2563311795
077500,유니퀘스트,10850,10900,50,0.46,131250,1412334100
002920,유성기업,3560,3560,0,0.0,27130,96018130
000700,유수홀딩스,6210,6230,20,0.32,69925,431001920
003470,유안타증권,4365,4335,-30,-0.69,270248,1165093710
003475,유안타증권우,4380,4355,-25,-0.57,48746,210461725
072130,유엔젤,4920,4900,-20,-0.41,98005,476941590
000220,유유제약,8900,8890,-10,-0.11,131644,1165598710
000225,유유제약1우,11300,11300,0,0.0,12944,144657350
000227,유유제약2우B,25000,25050,50,0.2,1132,28366000
001200,유진투자증권,4030,4020,-10,-0.25,146136,585929320
000100,유한양행,64500,65400,900,1.4,283464,18396575200
000105,유한양행우,60200,60300,100,0.17,457,27515600
003460,유화증권,2745,2750,5,0.18,43028,118047090
003465,유화증권우,2765,2735,-30,-1.08,1131,3092755
008730,율촌화학,21100,21100,0,0.0,32129,674622800
008250,이건산업,14700,14900,200,1.36,178034,2641340250
025820,이구산업,4460,4625,165,3.7,6115248,28803543535
214320,이노션,58800,59100,300,0.51,30608,1800739500
088260,이리츠코크렙,5990,5990,0,0.0,47273,283477700
139480,이마트,176000,179000,3000,1.7,114441,20412509000
007660,이수페타시스,4340,4790,450,10.37,3692886,16972484890
005950,이수화학,13300,13500,200,1.5,1193346,16183592550
015020,이스타코,4475,4365,-110,-2.46,3015638,13167828270
093230,이아이디,486,478,-8,-1.65,20504277,9862201053
074610,이엔플러스,3740,3700,-40,-1.07,366779,1350827045
102460,이연제약,59200,59500,300,0.51,1247209,76263456000
084680,이월드,3010,3025,15,0.5,281962,847364445
350520,이지스레지던스리츠,5110,5110,0,0.0,20528,104798810
334890,이지스밸류리츠,5590,5600,10,0.18,50100,280009410
000760,이화산업,19250,18800,-450,-2.34,3436,64857200
014990,인디에프,1630,1630,0,0.0,288993,467105105
101140,인바이오젠,4380,4495,115,2.63,1314928,5796651165
006490,인스코비,5470,5560,90,1.65,7810027,43354240040
023800,인지컨트롤스,15750,15800,50,0.32,136109,2179732250
034590,인천도시가스,27850,27900,50,0.18,2190,61097750
129260,인터지스,3880,3820,-60,-1.55,456043,1733409760
023810,인팩,13350,13850,500,3.75,82616,1126083050
249420,일동제약,14850,14850,0,0.0,34030,502624450
000230,일동홀딩스,13050,13000,-50,-0.38,13353,171237300
013360,일성건설,4090,4000,-90,-2.2,2461105,9851040165
003120,일성신약,81200,81200,0,0.0,589,47752900
003200,일신방직,112500,112000,-500,-0.44,10313,1142110000
007110,일신석재,2695,2700,5,0.19,1348716,3642565135
007570,일양약품,35600,35900,300,0.84,73293,2613417500
007575,일양약품우,34200,34050,-150,-0.44,1346,45942550
008500,일정실업,21000,21100,100,0.48,2055,43349600
081000,일진다이아,47100,47550,450,0.96,193252,9143042550
020760,일진디스플,4210,4160,-50,-1.19,89464,371353765
020150,일진머티리얼즈,75200,78100,2900,3.86,542926,42090721200
103590,일진전기,6300,6250,-50,-0.79,990655,6250487120
271940,일진하이솔루스,83100,85200,2100,2.53,990390,84743684600
015860,일진홀딩스,7000,6880,-120,-1.71,1630391,11355099130
226320,잇츠한불,23650,24750,1100,4.65,109182,2669702950
317400,자이에스앤디,9930,9870,-60,-0.6,82355,811722760
033240,자화전자,20300,20100,-200,-0.99,163478,3300934700
000950,전방,41650,41300,-350,-0.84,2088,86895600
348950,제이알글로벌리츠,5310,5310,0,0.0,451992,2395656080
194370,제이에스코퍼레이션,20500,20500,0,0.0,80106,1623738400
025620,제이준코스메틱,1370,1390,20,1.46,1014106,1411936885
036420,제이콘텐트리,43250,43500,250,0.58,44604,1930048450
030000,제일기획,23550,23850,300,1.27,241833,5743363250
271980,제일약품,39950,39900,-50,-0.13,25877,1031390050
001560,제일연마,8390,8330,-60,-0.72,9657,79856640
002620,제일파마홀딩스,19900,19600,-300,-1.51,32269,632220500
006220,제주은행,6630,6520,-110,-1.66,114316,748901240
089590,제주항공,22800,22800,0,0.0,0,0
004910,조광페인트,7990,7970,-20,-0.25,134223,1097188830
004700,조광피혁,53000,53100,100,0.19,783,41540800
001550,조비,27000,27200,200,0.74,82424,2243496000
000480,조선내화,89500,89000,-500,-0.56,609,54260900
120030,조선선재,120000,120500,500,0.42,7327,885390000
018470,조일알미늄,2850,3470,620,21.75,59025023,192250850475
002600,조흥,196500,197000,500,0.25,265,52137000
185750,종근당,131000,130000,-1000,-0.76,27938,3623444500
063160,종근당바이오,53000,52200,-800,-1.51,26190,1366257500
001630,종근당홀딩스,94000,93600,-400,-0.43,5629,526114500
044380,주연테크,1330,1295,-35,-2.63,2025016,2629398605
013890,지누스,83000,81700,-1300,-1.57,44178,3623909400
013870,지엠비코리아,7320,7120,-200,-2.73,164641,1176856180
071320,지역난방공사,40950,41500,550,1.34,5411,224155200
010580,지코,306,306,0,0.0,0,0
035000,지투알,6650,6590,-60,-0.9,15163,99496320
088790,진도,3770,3755,-15,-0.4,97130,375510280
003780,진양산업,6170,6130,-40,-0.65,162338,989075480
010640,진양폴리,3760,3820,60,1.6,31741,119813815
100250,진양홀딩스,3135,3100,-35,-1.12,69003,214357440
051630,진양화학,3975,3995,20,0.5,46623,185144960
272450,진에어,22100,22100,0,0.0,138236,3019845650
011000,진원생명과학,38300,38150,-150,-0.39,2451691,92042901350
002780,진흥기업,2380,2385,5,0.21,1587471,3791339135
002787,진흥기업2우B,16200,16250,50,0.31,1302,21039400
002785,진흥기업우B,6620,6700,80,1.21,2364,15691430
009310,참엔지니어링,1515,1500,-15,-0.99,278183,413875665
000650,천일고속,70100,70100,0,0.0,241,16892800
033250,체시스,1580,1565,-15,-0.95,97443,152491865
035720,카카오,155500,154000,-1500,-0.96,1072249,165281626000
323410,카카오뱅크,77400,73000,-4400,-5.68,6001690,446406709500
006380,카프로,4545,4600,55,1.21,507476,2306023840
109070,컨버즈,4100,4100,0,0.0,0,0
001620,케이비아이동국실업,1390,1410,20,1.44,11630297,16471867025
029460,케이씨,23750,23350,-400,-1.68,46607,1087546800
281820,케이씨텍,25750,25450,-300,-1.17,30846,784172750
145270,케이탑리츠,1665,1770,105,6.31,5195505,8978897370
357120,코람코에너지리츠,6250,6230,-20,-0.32,112175,699011330
007815,코리아써우,7640,7600,-40,-0.52,1543,11718270
007810,코리아써키트,15100,15000,-100,-0.66,175347,2615113000
00781K,코리아써키트2우B,9100,9090,-10,-0.11,59,534440
003690,코리안리,9390,9380,-10,-0.11,83185,779729350
192820,코스맥스,132000,134500,2500,1.89,70914,9529863000
044820,코스맥스비티아이,17850,18100,250,1.4,9611,172633350
005070,코스모신소재,42750,44950,2200,5.15,1324824,58574360500
005420,코스모화학,18800,19400,600,3.19,2769987,53946345900
071950,코아스,1325,1340,15,1.13,139258,183979080
002020,코오롱,32750,32750,0,0.0,58236,1899654550
003070,코오롱글로벌,23900,24850,950,3.97,231805,5701680650
003075,코오롱글로벌우,38000,40000,2000,5.26,70588,2949998050
144620,코오롱머티리얼,3075,3075,0,0.0,0,0
002025,코오롱우,21150,21150,0,0.0,3814,80234150
120110,코오롱인더,86000,90000,4000,4.65,789130,70364708700
120115,코오롱인더우,35900,37100,1200,3.34,60980,2252011850
138490,코오롱플라스틱,10150,10150,0,0.0,9517320,99556601250
021240,코웨이,77600,77400,-200,-0.26,118024,9086173500
031820,콤텍시스템,1015,1035,20,1.97,2852008,2890262920
192400,쿠쿠홀딩스,24100,23900,-200,-0.83,25443,609557750
284740,쿠쿠홈시스,40550,41400,850,2.1,45845,1882592600
015590,큐로,519,527,8,1.54,981018,515701497
264900,크라운제과,10850,10950,100,0.92,14243,154212800
26490K,크라운제과우,15800,15650,-150,-0.95,5191,80957900
005740,크라운해태홀딩스,9660,9630,-30,-0.31,10619,102059110
005745,크라운해태홀딩스우,15550,15500,-50,-0.32,5073,77474600
259960,크래프톤,482500,464500,-18000,-3.73,331012,154810250500
020120,키다리스튜디오,18000,17000,-1000,-5.56,1269339,21890868400
039490,키움증권,119000,119500,500,0.42,49272,5879442500
014580,태경비케이,6330,6390,60,0.95,769069,4939006840
015890,태경산업,6540,6480,-60,-0.92,80495,521881640
006890,태경케미컬,16200,16250,50,0.31,63198,1024009000
003240,태광산업,1103000,1114000,11000,1.0,991,1100580000
011280,태림포장,4785,4740,-45,-0.94,133415,630645280
004100,태양금속,1760,1900,140,7.95,3069415,5683952490
004105,태양금속우,3635,3790,155,4.26,113586,423956310
009410,태영건설,12150,12000,-150,-1.23,37620,454016850
009415,태영건설우,14850,14900,50,0.34,11376,167716550
001420,태원물산,5780,5750,-30,-0.52,25177,145131900
007980,태평양물산,2510,2495,-15,-0.6,150693,374879440
055490,테이팩스,72400,75300,2900,4.01,71320,5278843600
078000,텔코웨어,11450,11400,-50,-0.44,4976,57202550
214420,토니모리,7850,7900,50,0.64,54430,430941050
019180,티에이치엔,3905,3885,-20,-0.51,173930,677986045
363280,티와이홀딩스,29550,29450,-100,-0.34,68488,1998971100
36328K,티와이홀딩스우,24750,24900,150,0.61,7239,179184850
091810,티웨이항공,3820,3835,15,0.39,448573,1707908185
004870,티웨이홀딩스,1295,1295,0,0.0,88672,114465545
005690,파미셀,16450,16250,-200,-1.22,355056,5769125100
036580,팜스코,6480,6520,40,0.62,73888,479363900
004720,팜젠사이언스,9850,9660,-190,-1.93,154530,1502919260
028670,팬오션,7560,7490,-70,-0.93,4279941,32119677190
010820,퍼스텍,2440,2410,-30,-1.23,146120,351469880
016800,퍼시스,39050,39400,350,0.9,3057,118617300
001020,페이퍼코리아,2150,2160,10,0.47,56596,122242645
090080,평화산업,2540,2525,-15,-0.59,6372452,15786241190
010770,평화홀딩스,5540,5280,-260,-4.69,189229,1002089460
058430,포스코강판,64300,66200,1900,2.95,122078,8112199000
047050,포스코인터내셔널,24200,24100,-100,-0.41,1461275,34786871650
003670,포스코케미칼,150000,153500,3500,2.33,291544,44594908500
007630,폴루스바이오팜,1225,1225,0,0.0,0,0
017810,풀무원,17400,17400,0,0.0,34310,595821400
103140,풍산,35600,35950,350,0.98,174784,6285553550
005810,풍산홀딩스,31400,31300,-100,-0.32,34027,1055519600
950210,프레스티지바이오파마,40000,38350,-1650,-4.13,1203517,47842828300
086790,하나금융지주,44000,43350,-650,-1.48,821455,35614004200
293480,하나제약,22650,22600,-50,-0.22,55292,1247535850
039130,하나투어,81500,82000,500,0.61,108504,8868475200
172580,하이골드12호,2640,2635,-5,-0.19,10879,28490255
153360,하이골드3호,2195,2190,-5,-0.23,2753,6044595
352820,하이브,286500,286000,-500,-0.17,92619,26505568500
071090,하이스틸,3735,3770,35,0.94,275491,1039852960
019490,하이트론,4730,4485,-245,-5.18,135386,614997030
000080,하이트진로,34850,34950,100,0.29,324434,11297243650
000087,하이트진로2우B,21450,21400,-50,-0.23,1336,28350800
000140,하이트진로홀딩스,14800,14850,50,0.34,12997,191707650
000145,하이트진로홀딩스우,18500,18600,100,0.54,869,16214450
152550,한국ANKOR유전,1560,1550,-10,-0.64,32012,49546145
036460,한국가스공사,37700,38000,300,0.8,469900,17716506700
005430,한국공항,50300,49750,-550,-1.09,16666,829301100
071050,한국금융지주,92400,91900,-500,-0.54,147349,13526724700
071055,한국금융지주우,69900,69300,-600,-0.86,24892,1720717700
010040,한국내화,4470,4395,-75,-1.68,112483,494177115
025540,한국단자,81800,81200,-600,-0.73,26489,2141395600
004090,한국석유,13550,13600,50,0.37,24920,335540600
002200,한국수출포장,27550,27600,50,0.18,7735,212578550
002960,한국쉘석유,269000,269000,0,0.0,1125,302493000
000240,한국앤컴퍼니,17000,16850,-150,-0.88,201138,3381765800
123890,한국자산신탁,4545,4520,-25,-0.55,138253,625939800
015760,한국전력,23950,23800,-150,-0.63,878167,20942914400
006200,한국전자홀딩스,1455,1440,-15,-1.03,322670,463843930
009540,한국조선해양,114000,116500,2500,2.19,443029,51488967500
023350,한국종합기술,8970,8830,-140,-1.56,55432,492842110
025890,한국주강,2795,2980,185,6.62,210847,615437835
000970,한국주철관,10400,10350,-50,-0.48,104534,1078427300
104700,한국철강,10700,11000,300,2.8,231558,2500649500
017960,한국카본,11100,11150,50,0.45,321972,3604290050
161890,한국콜마,48250,49300,1050,2.18,110572,5390526800
024720,한국콜마홀딩스,24550,24550,0,0.0,25416,622338150
161390,한국타이어앤테크놀로지,46450,46300,-150,-0.32,104835,4842021000
034830,한국토지신탁,2405,2390,-15,-0.62,298736,710864700
007280,한국특강,3725,3730,5,0.13,78415,291874790
168490,한국패러랠,2040,2040,0,0.0,8934,18187690
010100,한국프랜지,3190,3190,0,0.0,75470,240818595
047810,한국항공우주,32500,32600,100,0.31,510877,16783646150
123690,한국화장품,10400,10600,200,1.92,86795,916306750
003350,한국화장품제조,32050,32950,900,2.81,49245,1617179100
011500,한농화성,14450,14650,200,1.38,151707,2225017900
002390,한독,27900,27500,-400,-1.43,27017,744031650
014790,한라,5350,5440,90,1.68,138395,747161560
060980,한라홀딩스,48000,47700,-300,-0.63,69084,3288966100
053690,한미글로벌,11550,11450,-100,-0.87,57346,660184600
042700,한미반도체,33300,32750,-550,-1.65,386985,12705264150
008930,한미사이언스,75500,74600,-900,-1.19,105483,7848847700
128940,한미약품,310500,308500,-2000,-0.64,22438,6898805000
009240,한샘,118500,122000,3500,2.95,508671,62995170500
020000,한섬,40950,40800,-150,-0.37,43435,1767958050
003680,한성기업,7750,7650,-100,-1.29,17698,136558160
105630,한세실업,21700,22100,400,1.84,277034,6103022950
069640,한세엠케이,6720,6730,10,0.15,71538,483059550
016450,한세예스24홀딩스,8800,8970,170,1.93,57345,512809250
010420,한솔PNS,2260,2245,-15,-0.66,211483,471873690
009180,한솔로지스틱스,4870,5210,340,6.98,18281327,95032265145
213500,한솔제지,17050,16850,-200,-1.17,224399,3780512050
014680,한솔케미칼,304000,307000,3000,0.99,35306,10766605000
004710,한솔테크닉스,7650,7580,-70,-0.92,53117,402134760
004150,한솔홀딩스,4120,4120,0,0.0,86576,355896295
025750,한솔홈데코,2010,2010,0,0.0,1086506,2180224610
004960,한신공영,22500,22400,-100,-0.44,14208,318480150
011700,한신기계,3750,3885,135,3.6,16302937,64727948650
001750,한양증권,19000,18850,-150,-0.79,92274,1724145150
001755,한양증권우,24150,23850,-300,-1.24,4680,110895700
018880,한온시스템,16200,16350,150,0.93,542461,8830664550
009420,한올바이오파마,25100,24400,-700,-2.79,597628,14597398950
014130,한익스프레스,6770,6950,180,2.66,122288,840018470
300720,한일시멘트,238000,238000,0,0.0,49065,11659929000
002220,한일철강,3155,3195,40,1.27,189353,606653445
006390,한일현대시멘트,34700,34300,-400,-1.15,10480,359797650
003300,한일홀딩스,15050,14650,-400,-2.66,43307,639952850
051600,한전KPS,38900,38550,-350,-0.9,106393,4116231350
052690,한전기술,49800,49800,0,0.0,170058,8505767550
130660,한전산업,15500,15450,-50,-0.32,5085803,78456774600
002320,한진,39350,39400,50,0.13,18718,737942050
097230,한진중공업,9150,9220,70,0.77,148330,1363070460
003480,한진중공업홀딩스,4970,4800,-170,-3.42,146476,707768790
180640,한진칼,65400,64300,-1100,-1.68,375767,23619970600
18064K,한진칼우,40050,40050,0,0.0,642,25750900
005110,한창,1360,1390,30,2.21,4077866,5736626090
009460,한창제지,2260,2260,0,0.0,265916,602213135
372910,한컴라이프케어,11250,10700,-550,-4.89,795882,8681182000
000880,한화,36600,36050,-550,-1.5,479886,17438815800
00088K,한화3우B,17000,16850,-150,-0.88,63593,1075759700
088350,한화생명,3365,3325,-40,-1.19,1599738,5335518230
000370,한화손해보험,4265,4375,110,2.58,432377,1850414265
009830,한화솔루션,40600,41900,1300,3.2,3549173,149126815950
009835,한화솔루션우,47400,49050,1650,3.48,12854,629098050
272210,한화시스템,19000,19050,50,0.26,806894,15283062150
012450,한화에어로스페이스,51200,50800,-400,-0.78,170546,8689573500
000885,한화우,43500,43550,50,0.11,1686,73521700
003530,한화투자증권,5070,5060,-10,-0.2,2245666,11376178550
003535,한화투자증권우,15750,15600,-150,-0.95,69054,1083012150
195870,해성디에스,39900,39650,-250,-0.63,135455,5320723050
101530,해태제과식품,8930,8900,-30,-0.34,12549,111709300
143210,핸즈코퍼레이션,5740,5650,-90,-1.57,51927,292483900
000720,현대건설,54500,54000,-500,-0.92,291597,15778888200
267270,현대건설기계,49300,48900,-400,-0.81,49978,2441073950
000725,현대건설우,190000,189000,-1000,-0.53,388,73178000
005440,현대그린푸드,9880,9880,0,0.0,146738,1442230360
086280,현대글로비스,190000,188000,-2000,-1.05,50878,9593598000
064350,현대로템,26500,26050,-450,-1.7,1841402,47678823600
079430,현대리바트,17950,17900,-50,-0.28,96952,1741040750
012330,현대모비스,280000,279000,-1000,-0.36,146301,40773665000
010620,현대미포조선,73600,75500,1900,2.58,301384,22461030600
069960,현대백화점,81400,81900,500,0.61,62189,5058194900
004560,현대비앤지스틸,19800,20050,250,1.26,246422,4993457300
004565,현대비앤지스틸우,85000,85800,800,0.94,561,48120700
004310,현대약품,6280,6230,-50,-0.8,139878,875332740
322000,현대에너지솔루션,27500,27900,400,1.45,44459,1233762900
017800,현대엘리베이,50200,50200,0,0.0,148935,7444538300
307950,현대오토에버,117000,118000,1000,0.85,72795,8542189500
011210,현대위아,90400,89700,-700,-0.77,142128,12667838600
267260,현대일렉트릭,25300,26450,1150,4.55,1598920,42143210300
004020,현대제철,50900,53200,2300,4.52,1832576,97029292800
267250,현대중공업지주,65800,66800,1000,1.52,175435,11636512800
005380,현대차,215000,212500,-2500,-1.16,434105,92132619500
005387,현대차2우B,100500,99800,-700,-0.7,34665,3458391700
005389,현대차3우B,96900,96300,-600,-0.62,4457,429070600
005385,현대차우,101500,101000,-500,-0.49,21389,2154780000
001500,현대차증권,12800,12750,-50,-0.39,38867,494053900
011760,현대코퍼레이션,18400,18350,-50,-0.27,18418,338981950
227840,현대코퍼레이션홀딩스,13900,13850,-50,-0.36,23270,322601850
126560,현대퓨처넷,4700,4710,10,0.21,774610,3646074525
001450,현대해상,25350,25200,-150,-0.59,340535,8580778450
057050,현대홈쇼핑,75600,75100,-500,-0.66,11358,851905700
093240,형지엘리트,4985,5020,35,0.7,314625,1557408695
003010,혜인,6110,6110,0,0.0,46281,282262090
111110,호전실업,12700,12450,-250,-1.97,16328,203374950
008770,호텔신라,89300,89900,600,0.67,159608,14247260600
008775,호텔신라우,93300,93800,500,0.54,7150,663671400
002460,화성산업,13100,13700,600,4.58,355243,4833086950
378850,화승알앤에이,6400,6290,-110,-1.72,46840,295038850
241590,화승엔터프라이즈,15700,16100,400,2.55,397272,6406229550
006060,화승인더,7090,7140,50,0.71,179636,1278536300
013520,화승코퍼레이션,2955,3025,70,2.37,980986,3013309500
010690,화신,8480,8420,-60,-0.71,160702,1348850310
133820,화인베스틸,3160,3500,340,10.76,4064357,13767128150
010660,화천기계,2865,2845,-20,-0.7,64997,183917040
000850,화천기공,38500,38500,0,0.0,2897,110778000
016580,환인제약,20300,20100,-200,-0.99,33828,676523650
032560,황금에스티,9940,10150,210,2.11,287123,2884279420
004800,효성,118000,116000,-2000,-1.69,48006,5576675500
094280,효성ITX,21350,21400,50,0.23,18882,400958300
298040,효성중공업,79200,77400,-1800,-2.27,167539,12967363900
298050,효성첨단소재,595000,607000,12000,2.02,60989,37016478000
298020,효성티앤씨,734000,726000,-8000,-1.09,30670,22232172000
298000,효성화학,370000,364000,-6000,-1.62,36079,13189873500
093370,후성,17950,18700,750,4.18,23134414,425937186750
081660,휠라홀딩스,45600,45800,200,0.44,208594,9458181100
005870,휴니드,8350,8380,30,0.36,352388,2944098350
079980,휴비스,10350,10300,-50,-0.48,85209,874110650
005010,휴스틸,17200,17850,650,3.78,149175,2599515800
069260,휴켐스,28100,28000,-100,-0.36,1160063,32430751950
000540,흥국화재,4005,3990,-15,-0.37,34022,135916475
000547,흥국화재2우B,28850,29100,250,0.87,480,13888550
000545,흥국화재우,9860,9870,10,0.1,832,8235040
003280,흥아해운,1035,1035,0,0.0,0,0
