티커,종목명,시가,종가,변동폭,등락률,거래량,거래대금
095570,AJ네트웍스,4560,4510,-50,-1.1,105350,482110955
006840,AK홀딩스,27550,26300,-1250,-4.54,251891,6694595900
027410,BGF,4900,4830,-70,-1.43,331766,1605557290
282330,BGF리테일,151500,145000,-6500,-4.29,75654,11072719500
138930,BNK금융지주,5990,5880,-110,-1.84,2153308,12684224330
001460,BYC,347500,334000,-13500,-3.88,1098,370908000
001465,BYC우,160000,152500,-7500,-4.69,342,52759500
001040,CJ,115000,116500,1500,1.3,429437,49749633615
079160,CJCGV,29050,28450,-600,-2.07,740312,21244045000
00104K,CJ4우전환,85600,86400,800,0.93,36089,3092998100
000120,CJ대한통운,171000,169000,-2000,-1.17,146533,25340957500
011150,CJ씨푸드,4900,4830,-70,-1.43,617176,3000377575
011155,CJ씨푸드1우,39450,39000,-450,-1.14,568,22188900
001045,CJ우,64300,64500,200,0.31,18897,1223367100
097950,CJ제일제당,448000,437000,-11000,-2.46,100989,44524698500
097955,CJ제일제당우,187500,190000,2500,1.33,19147,3607135500
000590,CS홀딩스,61300,59900,-1400,-2.28,4585,276020300
012030,DB,825,810,-15,-1.82,914823,746979246
016610,DB금융투자,5480,5230,-250,-4.56,324090,1724534740
005830,DB손해보험,43350,43150,-200,-0.46,195733,8480617950
000990,DB하이텍,59400,59900,500,0.84,1785192,107966882800
000995,DB하이텍1우,115000,115000,0,0.0,1818,210871500
139130,DGB금융지주,7390,7340,-50,-0.68,727483,5332167470
001530,DI동일,172500,169500,-3000,-1.74,27073,4592824000
004840,DRB동일,7420,7290,-130,-1.75,58819,431080810
155660,DSR,5990,5800,-190,-3.17,130401,765077150
069730,DSR제강,5170,5110,-60,-1.16,193645,984628350
017940,E1,42300,42050,-250,-0.59,15444,648747150
365550,ESR켄달스퀘어리츠,5210,5270,60,1.15,482354,2530868700
007700,FF,101500,101000,-500,-0.49,149697,15121540400
114090,GKL,16650,16200,-450,-2.7,703676,11656994350
078930,GS,40550,39750,-800,-1.97,519877,20975458100
006360,GS건설,42900,41900,-1000,-2.33,767287,32301385250
001250,GS글로벌,2290,2265,-25,-1.09,1118941,2565400840
007070,GS리테일,36600,35700,-900,-2.46,320594,11556846100
078935,GS우,31000,30550,-450,-1.45,7653,235521600
012630,HDC,11200,11050,-150,-1.34,541120,6006026050
039570,HDC아이콘트롤스,10500,10850,350,3.33,294727,3246049700
089470,HDC현대EP,6900,6680,-220,-3.19,257257,1732681710
294870,HDC현대산업개발,28350,27650,-700,-2.47,1044188,29234761550
011200,HMM,15200,14800,-400,-2.63,3673211,54823297600
082740,HSD엔진,8070,8060,-10,-0.12,553974,4502385750
003560,IHQ,1580,1560,-20,-1.27,8345522,16621026665
175330,JB금융지주,5880,5820,-60,-1.02,495762,2877836170
234080,JW생명과학,22050,21800,-250,-1.13,322356,7132135250
001060,JW중외제약,34000,33400,-600,-1.76,115468,3877839300
001067,JW중외제약2우B,52000,51100,-900,-1.73,554,28499700
001065,JW중외제약우,38550,38300,-250,-0.65,283,10877150
096760,JW홀딩스,5690,5580,-110,-1.93,289056,1622765600
105560,KB금융,46550,45200,-1350,-2.9,2547930,116244756550
002380,KCC,205000,202500,-2500,-1.22,36598,7443104000
009070,KCTC,4260,4285,25,0.59,8019636,35824482500
009440,KC그린홀딩스,5470,5630,160,2.93,693817,3890638470
119650,KC코트렐,11500,11800,300,2.61,1405571,16458561100
092220,KEC,3035,2970,-65,-2.14,4460146,13405980850
016380,KG동부제철,11850,11850,0,0.0,280161,3337888700
016385,KG동부제철우,115500,114500,-1000,-0.87,163,18773000
001390,KG케미칼,24100,23400,-700,-2.9,194664,4617658250
001940,KISCO홀딩스,14450,14450,0,0.0,11568,167156250
025000,KPX케미칼,54400,55600,1200,2.21,17740,979063600
092230,KPX홀딩스,58800,57300,-1500,-2.55,4943,287200800
000040,KR모터스,1070,1055,-15,-1.4,565374,602380920
044450,KSS해운,10850,10600,-250,-2.3,98774,1053778850
030200,KT,24150,24100,-50,-0.21,1560524,37803457650
033780,KTG,82100,81700,-400,-0.49,821797,67422567200
030210,KTB투자증권,4020,3860,-160,-3.98,886591,3487122930
058850,KTcs,2405,2470,65,2.7,9531370,23802088080
058860,KTis,2820,3010,190,6.74,6898779,21167037215
093050,LF,15150,14850,-300,-1.98,166276,2482800300
003550,LG,108500,106000,-2500,-2.3,727447,78057096500
034220,LG디스플레이,21500,21050,-450,-2.09,5966672,127970140800
001120,LG상사,26950,26650,-300,-1.11,252351,6717794850
051900,LG생활건강,1596000,1580000,-16000,-1.0,47772,76453577156
051905,LG생활건강우,701000,704000,3000,0.43,5731,4041736000
003555,LG우,71000,70100,-900,-1.27,40435,2847942900
032640,LG유플러스,12250,12200,-50,-0.41,3518266,43054528700
011070,LG이노텍,189000,185000,-4000,-2.12,215907,40220624000
066570,LG전자,147000,140000,-7000,-4.76,3051738,434184693500
066575,LG전자우,62500,63400,900,1.44,561617,35455858400
108670,LG하우시스,78500,76700,-1800,-2.29,77861,6008125700
108675,LG하우시스우,33350,33200,-150,-0.45,5177,171795800
037560,LG헬로비전,3925,4180,255,6.5,8698148,36850920895
051910,LG화학,1010000,979000,-31000,-3.07,445649,440829450000
051915,LG화학우,479000,490000,11000,2.3,132423,65181617000
079550,LIG넥스원,33000,32850,-150,-0.45,174037,5706112250
006260,LS,72800,71900,-900,-1.24,308359,22350863500
010120,LSELECTRIC,68200,65800,-2400,-3.52,344736,22804278400
000680,LS네트웍스,2760,2710,-50,-1.81,103270,277865450
229640,LS전선아시아,7860,7740,-120,-1.53,264855,2059247600
023150,MH에탄올,7810,7750,-60,-0.77,59259,463374320
035420,NAVER,318000,306000,-12000,-3.77,1106810,343490363500
181710,NHN,76400,75400,-1000,-1.31,109481,8304668700
005940,NH투자증권,12050,11750,-300,-2.49,1962457,23233465550
005945,NH투자증권우,8670,8600,-70,-0.81,114522,986499750
338100,NH프라임리츠,4205,4220,15,0.36,47206,198951155
034310,NICE,18650,18550,-100,-0.54,55541,1029802900
008260,NI스틸,3100,3155,55,1.77,1920977,6048969690
004250,NPC,3345,3345,0,0.0,69003,231540070
004255,NPC우,2240,2245,5,0.22,2517,5640730
010060,OCI,108000,102500,-5500,-5.09,415417,43141759500
005490,POSCO,282000,275000,-7000,-2.48,372253,103648626000
100840,STC,15600,15450,-150,-0.96,25275,390471900
064960,ST모티브,55500,56300,800,1.44,196207,11128207900
003570,ST중공업,6150,6010,-140,-2.28,80334,484582440
036530,ST홀딩스,15150,15350,200,1.32,39436,602537750
010950,S-Oil,77700,75300,-2400,-3.09,613875,47207566800
010955,S-Oil우,43850,43450,-400,-0.91,26484,1161956300
034120,SBS,26100,25550,-550,-2.11,103230,2651484900
101060,SBS미디어홀딩스,1890,1900,10,0.53,164339,313348795
005090,SGC에너지,38850,38400,-450,-1.16,66519,2557871400
004060,SG세계물산,650,657,7,1.08,11152877,7494662031
001380,SG충방,2480,2705,225,9.07,34161130,97189429145
002360,SH에너지화학,989,950,-39,-3.94,9259546,9162014568
009160,SIMPAC,2750,2770,20,0.73,141763,388022790
123700,SJM,3645,3560,-85,-2.33,108746,390363395
025530,SJM홀딩스,3190,3195,5,0.16,22414,71703055
034730,SK,306000,302500,-3500,-1.14,926564,286599790500
011790,SKC,105000,104000,-1000,-0.95,351697,36764440000
018670,SK가스,108500,105000,-3500,-3.23,39039,4111333000
001740,SK네트웍스,5070,5040,-30,-0.59,963142,4855154150
001745,SK네트웍스우,104000,104000,0,0.0,276,28646000
006120,SK디스커버리,62100,61200,-900,-1.45,81177,4978940800
006125,SK디스커버리우,52000,50700,-1300,-2.5,23646,1202401200
210980,SK디앤디,46450,45100,-1350,-2.91,105256,4791598750
068400,SK렌터카,10500,10250,-250,-2.38,180974,1869411000
326030,SK바이오팜,155000,153000,-2000,-1.29,253543,38897831000
03473K,SK우,271000,267500,-3500,-1.29,20311,5514204500
096770,SK이노베이션,262000,262500,500,0.19,1539670,409152085000
096775,SK이노베이션우,175500,174000,-1500,-0.85,49694,8726645000
001510,SK증권,943,921,-22,-2.33,12450581,11670677767
001515,SK증권우,5340,5220,-120,-2.25,29490,155955500
285130,SK케미칼,356000,349500,-6500,-1.83,196217,69139015000
28513K,SK케미칼우,165500,163500,-2000,-1.21,28575,4656080500
017670,SK텔레콤,255500,251500,-4000,-1.57,518072,131112673500
000660,SK하이닉스,130500,127500,-3000,-2.3,4838114,627291098793
005610,SPC삼립,75300,74500,-800,-1.06,40752,3048969400
011810,STX,5870,5880,10,0.17,19162,112075590
077970,STX엔진,7540,7360,-180,-2.39,24736,184835630
071970,STX중공업,3910,3850,-60,-1.53,84788,329114910
084870,TBH글로벌,1705,1720,15,0.88,53074,90344470
002710,TCC스틸,5530,5520,-10,-0.18,1528018,8538162100
024070,WISCOM,2655,2710,55,2.07,97170,261485120
037270,YGPLUS,6580,6210,-370,-5.62,3083832,19221794410
000500,가온전선,23350,22850,-500,-2.14,14397,329372600
000860,강남제비스코,21200,21150,-50,-0.24,17659,372617950
035250,강원랜드,25650,25200,-450,-1.75,1217704,31090099450
011420,갤럭시아에스엠,1510,1500,-10,-0.66,315047,473336600
002100,경농,13250,13100,-150,-1.13,322802,4204617900
009450,경동나비엔,51900,51700,-200,-0.39,89016,4580337300
267290,경동도시가스,19000,18900,-100,-0.53,29775,562793400
012320,경동인베스트,30200,29950,-250,-0.83,3980,118917150
000050,경방,12650,13000,350,2.77,86143,1107748650
214390,경보제약,16750,15950,-800,-4.78,555256,9010689050
012610,경인양행,7480,7290,-190,-2.54,912972,6742022770
009140,경인전자,28150,28200,50,0.18,31086,889740350
013580,계룡건설,32550,31600,-950,-2.92,187620,5938972200
012200,계양전기,4840,4590,-250,-5.17,1235329,5735005690
012205,계양전기우,7390,7210,-180,-2.44,7554,54775080
002140,고려산업,4270,4370,100,2.34,701847,3074986135
010130,고려아연,420500,412500,-8000,-1.9,88594,36950650500
002240,고려제강,15250,15200,-50,-0.33,42126,633143850
009290,광동제약,9920,9820,-100,-1.01,446575,4417225410
017040,광명전기,2210,2215,5,0.23,2449762,5512762305
017900,광전자,2535,2460,-75,-2.96,405211,1004243005
037710,광주신세계,158000,158000,0,0.0,4583,718474500
030610,교보증권,8300,8040,-260,-3.13,145939,1189749710
339770,교촌에프앤비,19100,18700,-400,-2.09,143708,2719751650
007690,국도화학,52100,51400,-700,-1.34,24576,1274586100
005320,국동,4175,4055,-120,-2.87,1145861,4723768295
001140,국보,1800,1825,25,1.39,336892,607387730
002720,국제약품,9720,9850,130,1.34,347278,3399248560
083420,그린케미칼,15100,16700,1600,10.6,12084509,202653864050
014530,극동유화,3415,3405,-10,-0.29,74780,255183870
014280,금강공업,5640,5700,60,1.06,103177,579860830
014285,금강공업우,11700,11300,-400,-3.42,8472,97227750
008870,금비,68300,67900,-400,-0.59,2986,202327100
001570,금양,6150,6010,-140,-2.28,324756,1954260340
002990,금호산업,9800,9450,-350,-3.57,1071322,10499755660
002995,금호산업우,33600,32400,-1200,-3.57,2019,66694850
011780,금호석유,172000,167000,-5000,-2.91,304186,51272433500
011785,금호석유우,60700,59000,-1700,-2.8,40429,2421804000
214330,금호에이치티,2430,2380,-50,-2.06,2028269,4875555130
001210,금호전기,3025,3000,-25,-0.83,55769,167927545
073240,금호타이어,3875,3870,-5,-0.13,1072157,4166717885
092440,기신정기,3910,3840,-70,-1.79,103800,401122800
000270,기아차,73800,71100,-2700,-3.66,4439591,320745637100
024110,기업은행,8840,8670,-170,-1.92,3345712,29222393710
013700,까뮤이앤씨,3150,3305,155,4.92,10555286,35127619160
004540,깨끗한나라,4295,4235,-60,-1.4,129206,551550050
004545,깨끗한나라우,18950,19200,250,1.32,1557,30091100
001260,남광토건,13650,13750,100,0.73,98269,1326573450
008350,남선알미늄,4395,4250,-145,-3.3,2528137,10898009550
008355,남선알미우,40100,38500,-1600,-3.99,4314,169123100
004270,남성,4325,4220,-105,-2.43,964037,4101121145
003920,남양유업,306000,306000,0,0.0,5521,1708659000
003925,남양유업우,176000,180000,4000,2.27,887,157204000
025860,남해화학,9260,9160,-100,-1.08,1294889,11920772760
005720,넥센,4675,4640,-35,-0.75,73122,340092530
005725,넥센우,2945,2920,-25,-0.85,17489,50985410
002350,넥센타이어,6310,6220,-90,-1.43,351037,2184183290
002355,넥센타이어1우B,2545,2535,-10,-0.39,3228,8184840
003580,넥스트사이언스,5350,5310,-40,-0.75,297313,1602033340
251270,넷마블,126500,124000,-2500,-1.98,448770,56674721500
090350,노루페인트,9650,9400,-250,-2.59,202751,1941795630
090355,노루페인트우,12500,12500,0,0.0,914,11550850
000320,노루홀딩스,10800,10750,-50,-0.46,29911,322061600
000325,노루홀딩스우,17850,17800,-50,-0.28,210,3727100
006280,녹십자,407500,415500,8000,1.96,643260,268738361000
005250,녹십자홀딩스,43800,47200,3400,7.76,8701399,411381821100
005257,녹십자홀딩스2우,116000,120500,4500,3.88,9072,1075131500
004370,농심,300000,297500,-2500,-0.83,58743,17541280000
072710,농심홀딩스,77400,77200,-200,-0.26,12500,966655700
058730,다스코,5560,5460,-100,-1.8,118578,651912540
023590,다우기술,24200,24000,-200,-0.83,460013,11006386350
019680,대교,3800,3760,-40,-1.05,172041,652814025
019685,대교우B,2545,2555,10,0.39,103289,263246235
006370,대구백화점,8570,8560,-10,-0.12,16085,136991920
008060,대덕,7180,6980,-200,-2.79,579488,4114904640
00806K,대덕1우,8830,8700,-130,-1.47,26792,234426060
353200,대덕전자,15100,14550,-550,-3.64,6147239,91862081900
35320K,대덕전자1우,9660,9500,-160,-1.66,177990,1692352580
000490,대동공업,7740,7960,220,2.84,1606685,12741342540
008110,대동전자,4515,4490,-25,-0.55,16290,73255990
005750,대림BCo,5780,5720,-60,-1.04,22966,131448740
001880,대림건설,40200,39800,-400,-1.0,131233,5229417450
000210,대림산업,83000,83000,0,0.0,0,0
000215,대림산업우,53200,53200,0,0.0,0,0
006570,대림통상,4180,4185,5,0.12,2527,10571690
001680,대상,28650,28000,-650,-2.27,425533,12051358350
001685,대상우,18500,18100,-400,-2.16,13240,241273200
084690,대상홀딩스,11100,10750,-350,-3.15,164762,1803021050
084695,대상홀딩스우,8350,8360,10,0.12,10763,89709450
128820,대성산업,3310,3310,0,0.0,568284,1936565205
117580,대성에너지,5200,5160,-40,-0.77,42647,221186470
016710,대성홀딩스,27400,27500,100,0.36,104033,2808204050
003540,대신증권,13200,13150,-50,-0.38,126442,1658975350
003547,대신증권2우B,9290,9260,-30,-0.32,41404,383631490
003545,대신증권우,9790,9750,-40,-0.41,46625,456475110
009190,대양금속,4240,4245,5,0.12,10241649,46070232165
014160,대영포장,1780,1700,-80,-4.49,8736706,15092144270
047040,대우건설,6050,5930,-120,-1.98,5746622,34212292720
009320,대우부품,2935,2890,-45,-1.53,1206068,3497056900
042660,대우조선해양,28500,27750,-750,-2.63,361179,10087276750
003090,대웅,58800,59000,200,0.34,3233778,195688115700
069620,대웅제약,170000,174000,4000,2.35,558889,98269491500
000430,대원강업,4175,4120,-55,-1.32,6049658,25920070080
006340,대원전선,1410,1380,-30,-2.13,1364278,1870937485
006345,대원전선우,2755,2520,-235,-8.53,152139,352124450
003220,대원제약,18750,18650,-100,-0.53,147798,2760886550
024890,대원화성,1790,1770,-20,-1.12,188480,334740290
002880,대유에이텍,919,914,-5,-0.54,552937,505070766
000300,대유플러스,792,784,-8,-1.01,450119,353720680
012800,대창,1600,1560,-40,-2.5,1855200,2922564660
015230,대창단조,7300,7380,80,1.1,78399,567639980
001070,대한방직,39700,39650,-50,-0.13,5890,233210600
006650,대한유화,284000,281000,-3000,-1.06,93598,26313523000
001440,대한전선,1345,1330,-15,-1.12,3503957,4678402655
084010,대한제강,11450,11050,-400,-3.49,226088,2492999750
001790,대한제당,20750,20900,150,0.72,20126,422867050
001795,대한제당우,14950,14900,-50,-0.33,1313,19652350
001130,대한제분,154000,152000,-2000,-1.3,12175,1862337000
003490,대한항공,32750,32150,-600,-1.83,9721510,320506185800
003495,대한항공우,45450,43750,-1700,-3.74,106683,4769404850
005880,대한해운,3410,3315,-95,-2.79,4329857,14424386955
003830,대한화섬,108500,109500,1000,0.92,2415,261433000
016090,대현,1900,1980,80,4.21,8071980,16724454740
069460,대호에이엘,2490,2430,-60,-2.41,479532,1174217065
192080,더블유게임즈,64100,62200,-1900,-2.96,160791,10104112500
012510,더존비즈온,115000,116000,1000,0.87,117324,13580580000
004830,덕성,8130,8220,90,1.11,670286,5456882900
004835,덕성우,12850,12650,-200,-1.56,38732,485241650
024900,덕양산업,2490,2685,195,7.83,27837897,77849462840
145720,덴티움,44700,46000,1300,2.91,191804,8751201750
002150,도화엔지니어링,8500,8250,-250,-2.94,180856,1507282670
001230,동국제강,9130,8850,-280,-3.07,824951,7395318600
023450,동남합성,47300,47000,-300,-0.63,4081,192307550
004140,동방,5080,5290,210,4.13,23784022,122537471030
007590,동방아그로,6410,6390,-20,-0.31,18000,115501600
005960,동부건설,14000,13550,-450,-3.21,99462,1362789400
005965,동부건설우,23100,23000,-100,-0.43,1260,29044100
026960,동서,33000,32100,-900,-2.73,230589,7501498550
002210,동성제약,14200,14750,550,3.87,2344070,34415864750
102260,동성코퍼레이션,4890,4895,5,0.1,146872,711410895
005190,동성화학,15950,15950,0,0.0,11660,185976150
000640,동아쏘시오홀딩스,126500,130000,3500,2.77,110409,13978834500
170900,동아에스티,87800,86100,-1700,-1.94,39270,3393491700
028100,동아지질,17050,16600,-450,-2.64,143450,2384536300
282690,동아타이어,10800,10550,-250,-2.31,19586,207655150
001520,동양,1205,1275,70,5.81,5926281,7425101685
001527,동양2우B,12000,11950,-50,-0.42,164,1944350
001529,동양3우B,29050,30900,1850,6.37,229,7003600
084670,동양고속,24250,24400,150,0.62,8967,218853750
002900,동양물산,1720,1650,-70,-4.07,4394516,7321026310
082640,동양생명,4265,4160,-105,-2.46,299052,1256830785
001525,동양우,6900,6860,-40,-0.58,934,6420670
008970,동양철관,1165,1140,-25,-2.15,923164,1061574095
092780,동양피스톤,6700,6500,-200,-2.99,327362,2119390410
049770,동원FB,188500,188500,0,0.0,17488,3314381500
018500,동원금속,827,819,-8,-0.97,262801,216251163
006040,동원산업,260000,252500,-7500,-2.88,6888,1749394000
030720,동원수산,9250,9180,-70,-0.76,37088,341258260
014820,동원시스템즈,37200,35600,-1600,-4.3,96775,3505129550
014825,동원시스템즈우,30800,29750,-1050,-3.41,1224,36805350
163560,동일고무벨트,10250,10200,-50,-0.49,131990,1349104600
004890,동일산업,76700,76400,-300,-0.39,8858,681523400
002690,동일제강,2570,2705,135,5.25,8325338,25623513820
000020,동화약품,18450,18050,-400,-2.17,334730,6080264650
000150,두산,56500,59000,2500,4.42,1215883,74175278000
000157,두산2우B,70000,69800,-200,-0.29,15188,1104640000
241560,두산밥캣,33350,32450,-900,-2.7,496830,16213641450
000155,두산우,41650,42150,500,1.2,99885,4346154300
042670,두산인프라코어,8640,8260,-380,-4.4,6562871,55187585800
034020,두산중공업,13900,13550,-350,-2.52,3230145,44297984750
336260,두산퓨얼셀,54000,52900,-1100,-2.04,856322,45382413800
33626K,두산퓨얼셀1우,14650,14500,-150,-1.02,78113,1132652150
33626L,두산퓨얼셀2우B,19650,19300,-350,-1.78,8464,164219600
016740,두올,3915,3760,-155,-3.96,694024,2633798250
192650,드림텍,11450,11350,-100,-0.87,535002,6121079200
024090,디씨엠,11850,11900,50,0.42,9004,106827450
003160,디아이,5060,5570,510,10.08,5308833,29136003580
092200,디아이씨,5120,5280,160,3.13,14576964,79279857040
013570,디와이,5110,5030,-80,-1.57,252294,1269418765
210540,디와이파워,13150,12600,-550,-4.18,148710,1916946500
007340,디티알오토모티브,27600,27600,0,0.0,21486,591594600
026890,디피씨,8430,8230,-200,-2.37,526415,4373575510
115390,락앤락,10950,11550,600,5.48,765857,8723276300
032350,롯데관광개발,15550,15950,400,2.57,1313724,21056405950
330590,롯데리츠,5250,5230,-20,-0.38,499146,2616517260
000400,롯데손해보험,1975,1900,-75,-3.8,1274183,2449958730
023530,롯데쇼핑,123000,119500,-3500,-2.85,258949,31082835500
004000,롯데정밀화학,56400,55500,-900,-1.6,161626,8996715500
286940,롯데정보통신,41500,40750,-750,-1.81,45925,1887958700
280360,롯데제과,110500,113000,2500,2.26,40286,4568108000
004990,롯데지주,37550,36400,-1150,-3.06,407888,15086026500
00499K,롯데지주우,67400,65900,-1500,-2.23,2074,137613100
005300,롯데칠성,128000,123500,-4500,-3.52,64424,8095314500
005305,롯데칠성우,65000,64200,-800,-1.23,6703,431652900
011170,롯데케미칼,316000,301000,-15000,-4.75,305414,93366745000
002270,롯데푸드,344500,347500,3000,0.87,9313,3256052500
071840,롯데하이마트,38300,37150,-1150,-3.0,202420,7585129000
027740,마니커,689,692,3,0.44,1493638,1029028567
204320,만도,73600,71700,-1900,-2.58,1221651,88843417580
001080,만호제강,21100,21200,100,0.47,41795,880736600
088980,맥쿼리인프라,10400,10450,50,0.48,1000305,10431217550
094800,맵스리얼티1,3920,3915,-5,-0.13,60394,235614650
138040,메리츠금융지주,9900,9870,-30,-0.3,132202,1302224460
008560,메리츠증권,3780,3685,-95,-2.51,3515682,13107045555
000060,메리츠화재,15050,14900,-150,-1.0,464413,6926584350
090370,메타랩스,1020,1000,-20,-1.96,339258,339895884
017180,명문제약,7790,7610,-180,-2.31,2855910,22510248800
009900,명신산업,47300,44600,-2700,-5.71,2057698,95338821000
012690,모나리자,4760,4705,-55,-1.16,160143,760686115
005360,모나미,5550,5450,-100,-1.8,534630,2931989760
204210,모두투어리츠,3055,3020,-35,-1.15,16090,48508370
009680,모토닉,14000,13300,-700,-5.0,303508,4107640800
009580,무림PP,4050,4055,5,0.12,676025,2716945020
009200,무림페이퍼,2770,2700,-70,-2.53,190069,519854155
033920,무학,7100,7490,390,5.49,522673,3901700360
008420,문배철강,3810,3740,-70,-1.84,359774,1358905240
025560,미래산업,3225,3215,-10,-0.31,222353,712525045
007120,미래아이앤지,444,456,12,2.7,4254678,1904257091
006800,미래에셋대우,10300,10100,-200,-1.94,3671179,37555110950
00680K,미래에셋대우2우B,4590,4560,-30,-0.65,526753,2408400070
006805,미래에셋대우우,5060,5000,-60,-1.19,43090,216746300
357250,미래에셋맵스리츠,4700,4710,10,0.21,38273,179990230
085620,미래에셋생명,4045,3990,-55,-1.36,223620,894148440
002840,미원상사,129500,128000,-1500,-1.16,3201,411765500
268280,미원에스씨,108000,109500,1500,1.39,2344,255916500
107590,미원홀딩스,79800,78800,-1000,-1.25,1393,110291500
134380,미원화학,63900,63600,-300,-0.47,318,20214600
003650,미창석유,64300,64700,400,0.62,1649,106010800
155900,바다로19호,2275,2270,-5,-0.22,13553,30570540
003610,방림,2070,2135,65,3.14,3650899,7842647620
001340,백광산업,4200,4290,90,2.14,8262901,35372370960
035150,백산,5930,5840,-90,-1.52,117259,684770860
002410,범양건영,5440,5270,-170,-3.13,516895,2750472240
096300,베트남개발1,237,236,-1,-0.42,353149,83130506
007210,벽산,2690,2635,-55,-2.04,6364693,17623583075
002760,보락,2370,2330,-40,-1.69,682199,1598535415
003850,보령제약,22000,22550,550,2.5,3044472,69228742650
000890,보해양조,940,956,16,1.7,2739892,2596238183
003000,부광약품,27150,26050,-1100,-4.05,1924869,51572563950
001270,부국증권,21450,21250,-200,-0.93,5514,117057850
001275,부국증권우,19450,19450,0,0.0,1338,25969700
026940,부국철강,4255,4150,-105,-2.47,279809,1161330255
015350,부산가스,53300,53300,0,0.0,3520,188574900
011390,부산산업,118500,117000,-1500,-1.27,7446,871304000
005030,부산주공,704,698,-6,-0.85,726321,509077990
002070,비비안,5470,5510,40,0.73,20956184,120429148440
100220,비상교육,6490,6410,-80,-1.23,19165,122961200
030790,비케이탑스,16100,14750,-1350,-8.39,252316,3876699100
352820,빅히트,166000,157000,-9000,-5.42,689611,109538152500
005180,빙그레,57800,58000,200,0.35,38229,2218908900
003960,사조대림,17300,17000,-300,-1.73,44668,765086450
008040,사조동아원,994,1040,46,4.63,5560307,5775937477
007160,사조산업,34500,34250,-250,-0.72,30116,1031216200
014710,사조씨푸드,5870,5830,-40,-0.68,180763,1049411980
006090,사조오양,10050,10050,0,0.0,69741,699851340
001470,삼부토건,4030,3760,-270,-6.7,7811622,29895569245
006400,삼성SDI,749000,737000,-12000,-1.6,532859,397088193000
006405,삼성SDI우,466000,467500,1500,0.32,32031,14953173000
006660,삼성공조,9030,9070,40,0.44,225551,2060542670
028260,삼성물산,152500,153500,1000,0.66,1212134,186835556500
02826K,삼성물산우B,141500,143000,1500,1.06,27755,3967547500
207940,삼성바이오로직스,816000,804000,-12000,-1.47,142061,115062076000
032830,삼성생명,84900,82600,-2300,-2.71,836534,70058581400
018260,삼성에스디에스,209500,203500,-6000,-2.86,320877,65973258000
028050,삼성엔지니어링,14000,13700,-300,-2.14,2235921,30817380150
009150,삼성전기,207500,201500,-6000,-2.89,1113327,227234739500
009155,삼성전기우,111000,112500,1500,1.35,117919,13362962500
005930,삼성전자,89700,88000,-1700,-1.9,33431809,2975231937664
005935,삼성전자우,78800,77600,-1200,-1.52,3152097,247058765300
001360,삼성제약,9100,9450,350,3.85,21083203,202151099730
010140,삼성중공업,7130,6940,-190,-2.66,7911421,55349066250
010145,삼성중공우,333000,328000,-5000,-1.5,1342,441638500
016360,삼성증권,43050,41550,-1500,-3.48,1121169,47128565900
068290,삼성출판사,23900,23350,-550,-2.3,103567,2430196450
029780,삼성카드,32900,32700,-200,-0.61,196423,6390802100
000810,삼성화재,189000,186000,-3000,-1.59,176570,33005739500
000815,삼성화재우,139000,138500,-500,-0.36,19338,2677844000
006110,삼아알미늄,12600,12200,-400,-3.17,401967,4903193600
145990,삼양사,63600,63000,-600,-0.94,55835,3541147000
145995,삼양사우,43050,43100,50,0.12,645,27790650
003230,삼양식품,102000,100000,-2000,-1.96,93875,9533693300
002170,삼양통상,66100,64100,-2000,-3.03,9160,597099800
272550,삼양패키징,20800,20750,-50,-0.24,39815,822591300
000070,삼양홀딩스,80300,81100,800,1.0,44917,3645316400
000075,삼양홀딩스우,49750,50500,750,1.51,2836,143065000
002810,삼영무역,13900,13900,0,0.0,24470,339217050
005680,삼영전자,10500,10250,-250,-2.38,144693,1487192900
003720,삼영화학,3465,3275,-190,-5.48,888369,2954108905
023000,삼원강재,2775,2735,-40,-1.44,93878,257833500
004380,삼익THK,11600,11600,0,0.0,94764,1100205100
002450,삼익악기,1435,1505,70,4.88,1364024,2017200610
004440,삼일씨엔에스,12350,12500,150,1.21,140615,1753866350
000520,삼일제약,20600,20300,-300,-1.46,42700,871397900
009770,삼정펄프,30250,30300,50,0.17,3522,106365050
005500,삼진제약,26350,25750,-600,-2.28,131325,3418240950
004690,삼천리,82600,82900,300,0.36,4869,401388400
010960,삼호개발,4255,4400,145,3.41,283987,1239712930
004450,삼화왕관,38450,38500,50,0.13,939,36110350
009470,삼화전기,26100,25850,-250,-0.96,354382,9086316300
011230,삼화전자,4215,4050,-165,-3.91,113247,460356010
001820,삼화콘덴서,78000,76000,-2000,-2.56,327374,24994374100
000390,삼화페인트,12750,12650,-100,-0.78,359051,4596311250
001290,상상인증권,1220,1190,-30,-2.46,862111,1025641450
041650,상신브레이크,3670,3545,-125,-3.41,262310,938367380
075180,새론오토모티브,6260,6450,190,3.04,841446,6006857700
007540,샘표,49800,50200,400,0.8,29109,1460412500
248170,샘표식품,55100,53300,-1800,-3.27,42989,2319075600
007860,서연,9880,9950,70,0.71,471519,4665887650
200880,서연이화,8320,8470,150,1.8,1635727,13754353260
017390,서울가스,89700,90400,700,0.78,2275,203995100
004410,서울식품,212,207,-5,-2.36,12266170,2547119261
004415,서울식품우,5050,5000,-50,-0.99,14203,70935715
021050,서원,2525,2450,-75,-2.97,750143,1852007375
008490,서흥,51800,53000,1200,2.32,201056,10659855400
007610,선도전기,3330,3310,-20,-0.6,473488,1593681315
136490,선진,13550,13700,150,1.11,348799,4830475150
002820,선창산업,4505,4540,35,0.78,10916,49573600
014910,성문전자,2040,2020,-20,-0.98,299648,606898450
014915,성문전자우,8270,8210,-60,-0.73,6192,51030840
003080,성보화학,4335,4345,10,0.23,3038,13153700
004980,성신양회,7680,7520,-160,-2.08,202157,1530911880
004985,성신양회우,14250,14800,550,3.86,520491,7909132550
011300,성안,496,644,148,29.84,8603017,5228089513
000180,성창기업지주,2135,2140,5,0.23,486010,1037359805
002420,세기상사,61600,61600,0,0.0,0,0
004360,세방,14600,14200,-400,-2.74,535603,7592661800
004365,세방우,7380,7390,10,0.14,3957,29138660
004490,세방전지,81900,87500,5600,6.84,524158,45777016900
001430,세아베스틸,12000,12000,0,0.0,306888,3666360200
306200,세아제강,99900,99000,-900,-0.9,24101,2425120300
003030,세아제강지주,46500,46000,-500,-1.08,6077,281429850
019440,세아특수강,11500,11250,-250,-2.17,12171,138391650
058650,세아홀딩스,77700,75900,-1800,-2.32,4737,358925700
013000,세우글로벌,3050,3085,35,1.15,3119857,9716575675
091090,세원셀론텍,2960,2955,-5,-0.17,482051,1426815285
021820,세원정공,8090,8090,0,0.0,0,0
067830,세이브존IC,3155,3145,-10,-0.32,128311,402850975
033530,세종공업,10350,9850,-500,-4.83,957950,9586229030
075580,세진중공업,6260,6100,-160,-2.56,678549,4147377910
027970,세하,1840,1795,-45,-2.45,866375,1556955285
145210,세화아이엠씨,589,579,-10,-1.7,1676892,982076683
308170,센트랄모텍,33250,31450,-1800,-5.41,4082216,139901364800
012600,센트럴인사이트,10150,10000,-150,-1.48,350927,3525812750
068270,셀트리온,352500,329000,-23500,-6.67,3398281,1138174716500
336370,솔루스첨단소재,52500,51600,-900,-1.71,645494,33027994500
33637K,솔루스첨단소재1우,16750,16500,-250,-1.49,36417,597932850
33637L,솔루스첨단소재2우B,32000,31550,-450,-1.41,3556,112949800
004430,송원산업,16550,16100,-450,-2.72,356190,5783486800
017550,수산중공업,3590,3655,65,1.81,5922467,21612210430
053210,스카이라이프,8920,8770,-150,-1.68,123609,1091335220
134790,시디즈,55600,56200,600,1.08,7694,432190400
016590,신대양제지,64600,63900,-700,-1.08,22269,1421027600
029530,신도리코,25950,25600,-350,-1.35,21398,547621600
004970,신라교역,9650,9590,-60,-0.62,11924,114478830
011930,신성이엔지,3505,3400,-105,-3.0,5409168,18540970430
005390,신성통상,1680,1650,-30,-1.79,709478,1180985660
004170,신세계,254000,247500,-6500,-2.56,189827,47670133000
035510,신세계IC,134500,131000,-3500,-2.6,5942,787828500
034300,신세계건설,37000,37800,800,2.16,396927,15337564950
031430,신세계인터내셔날,176500,174500,-2000,-1.13,86179,15197202500
031440,신세계푸드,66400,65700,-700,-1.05,12271,810655800
006880,신송홀딩스,4025,4055,30,0.75,32386,131187265
005800,신영와코루,100500,99700,-800,-0.8,263,26185000
001720,신영증권,54800,54700,-100,-0.18,7477,409103100
001725,신영증권우,53300,53400,100,0.19,3311,176449900
009270,신원,1495,1540,45,3.01,2289158,3494775870
009275,신원우,37400,37000,-400,-1.07,678,25077950
002700,신일전자,1935,2010,75,3.88,7231803,14420949300
019170,신풍제약,118000,116500,-1500,-1.27,693490,81644258000
019175,신풍제약우,116500,115000,-1500,-1.29,18605,2156039000
002870,신풍제지,2990,2950,-40,-1.34,685920,2029060575
293940,신한알파리츠,7010,7000,-10,-0.14,84567,592624660
055550,신한지주,34050,33350,-700,-2.06,4230745,142636403100
001770,신화실업,21650,21900,250,1.15,8826,194306000
004080,신흥,10600,11350,750,7.08,218661,2593427450
102280,쌍방울,657,659,2,0.3,30377764,20248125355
003410,쌍용양회,6640,6530,-110,-1.66,1598936,10484617440
003620,쌍용차,2770,2770,0,0.0,0,0
004770,써니전자,4760,4675,-85,-1.79,2891115,13553955580
015540,쎌마테라퓨틱스,6280,6910,630,10.03,3139990,21769552520
004920,씨아이테크,887,894,7,0.79,101044,89926703
112610,씨에스윈드,165500,161000,-4500,-2.72,189948,30924785000
008700,아남전자,3130,3115,-15,-0.48,1742396,5436187565
002790,아모레G,61800,62500,700,1.13,397962,25131623700
00279K,아모레G3우전환,38800,40000,1200,3.09,32360,1290506450
002795,아모레G우,21050,21950,900,4.28,295146,6591558700
090430,아모레퍼시픽,213500,220500,7000,3.28,830538,185609108500
090435,아모레퍼시픽우,64400,70700,6300,9.78,729279,52055193600
002030,아세아,92500,92200,-300,-0.32,2195,201268600
183190,아세아시멘트,82200,83200,1000,1.22,16626,1382060100
002310,아세아제지,40000,39500,-500,-1.25,49260,1940010750
267850,아시아나IDT,27850,25850,-2000,-7.18,1628161,46418620600
020560,아시아나항공,18000,18000,0,0.0,25370632,472048975250
122900,아이마켓코리아,8490,8400,-90,-1.06,210701,1780352610
010780,아이에스동서,53700,52400,-1300,-2.42,144388,7628602600
033660,아주캐피탈,11600,11400,-200,-1.72,57855,660573050
001780,알루코,5200,5050,-150,-2.88,3914749,20162067740
018250,애경산업,25150,25050,-100,-0.4,423644,10806669000
161000,애경유화,9360,9400,40,0.43,476249,4523475790
011090,에넥스,1755,1955,200,11.4,132666359,275753994795
005850,에스엘,18900,18150,-750,-3.97,335187,6193123750
012750,에스원,87700,87700,0,0.0,100962,8932563500
023960,에쓰씨엔지니어링,7650,8000,350,4.58,1130726,9007187410
298690,에어부산,4040,3900,-140,-3.47,4164516,16689720910
140910,에이리츠,6810,6770,-40,-0.59,13610,92401240
078520,에이블씨엔씨,7800,7830,30,0.38,577231,4685282760
015260,에이엔피,1625,1580,-45,-2.77,228867,362944275
007460,에이프로젠KIC,1960,1960,0,0.0,2300813,4484594755
003060,에이프로젠제약,1255,1255,0,0.0,2388108,3019274480
244920,에이플러스에셋,5420,5390,-30,-0.55,75906,410833220
036570,엔씨소프트,939000,935000,-4000,-0.43,110598,104347175399
138250,엔에스쇼핑,14100,14150,50,0.35,117188,1649946400
085310,엔케이,1390,1345,-45,-3.24,15296316,21920722365
009810,엔케이물산,538,526,-12,-2.23,1230594,648253331
900140,엘브이엠씨홀딩스,4200,4115,-85,-2.02,1006450,4145783615
014440,영보화학,3790,3865,75,1.98,116156,445689590
111770,영원무역,33850,33250,-600,-1.77,204384,6815900100
009970,영원무역홀딩스,38350,37800,-550,-1.43,10326,393006650
003520,영진약품,7440,7360,-80,-1.08,1250015,9290014120
000670,영풍,543000,544000,1000,0.18,2318,1256617000
006740,영풍제지,6080,5890,-190,-3.13,347969,2055519950
012280,영화금속,2410,2550,140,5.81,9242542,23637276440
012160,영흥,1185,1225,40,3.38,1002550,1218120590
015360,예스코홀딩스,35000,34700,-300,-0.86,2419,83690950
007310,오뚜기,579000,573000,-6000,-1.04,9020,5207751000
002630,오리엔트바이오,1500,1950,450,30.0,42523246,77182114800
271560,오리온,123500,121500,-2000,-1.62,127202,15640064500
001800,오리온홀딩스,13150,13150,0,0.0,444782,5921681700
070960,용평리조트,4470,4360,-110,-2.46,331948,1458984865
316140,우리금융지주,10100,9920,-180,-1.78,2747325,27530362290
004720,우리들제약,10500,10250,-250,-2.38,196119,2013359300
118000,우리들휴브레인,2640,2575,-65,-2.46,745618,1918485755
010050,우리종금,537,533,-4,-0.74,1894663,1013327837
006980,우성사료,3265,3230,-35,-1.07,527249,1708713220
017370,우신시스템,4120,4150,30,0.73,789917,3196618750
105840,우진,4490,4715,225,5.01,1208817,5679711695
010400,우진아이엔에스,7890,7890,0,0.0,7433,58511080
049800,우진플라임,5800,5780,-20,-0.34,16064,92568650
016880,웅진,1075,1065,-10,-0.93,178751,188574775
095720,웅진씽크빅,2700,2705,5,0.19,375762,1011898905
005820,원림,20000,19800,-200,-1.0,3871,77111650
010600,웰바이오텍,2510,2490,-20,-0.8,503709,1251073975
008600,윌비스,1455,1435,-20,-1.37,1111649,1600865110
033270,유나이티드제약,55500,53500,-2000,-3.6,514942,28210682800
014830,유니드,48750,49000,250,0.51,73229,3583802750
000910,유니온,5680,5900,220,3.87,373870,2180608820
047400,유니온머티리얼,3670,3835,165,4.5,1879939,7151310600
011330,유니켐,1475,1445,-30,-2.03,664148,966670870
077500,유니퀘스트,14700,14200,-500,-3.4,783183,11224279700
002920,유성기업,3070,3050,-20,-0.65,181840,554332430
000700,유수홀딩스,5690,5680,-10,-0.18,13419,75684980
003470,유안타증권,3495,3380,-115,-3.29,680713,2347977425
003475,유안타증권우,2565,2545,-20,-0.78,138151,359363775
011690,유양디앤유,1220,1220,0,0.0,0,0
072130,유엔젤,4010,3935,-75,-1.87,140626,551840560
000220,유유제약,13900,13850,-50,-0.36,55053,764042400
000225,유유제약1우,12600,12600,0,0.0,10663,134042550
000227,유유제약2우B,28200,29150,950,3.37,1688,50358900
001200,유진투자증권,4700,4530,-170,-3.62,1191274,5479559525
000100,유한양행,77800,76300,-1500,-1.93,672378,51790960700
000105,유한양행우,69200,69000,-200,-0.29,8249,573249400
003460,유화증권,2320,2285,-35,-1.51,53838,122763100
003465,유화증권우,2430,2425,-5,-0.21,3999,9696860
008730,율촌화학,25850,24700,-1150,-4.45,160380,3997286300
008250,이건산업,10700,10900,200,1.87,687817,7511059550
025820,이구산업,2035,1990,-45,-2.21,262433,523865665
214320,이노션,63700,62700,-1000,-1.57,91904,5787134200
088260,이리츠코크렙,5200,5220,20,0.38,45337,236973110
139480,이마트,178000,174500,-3500,-1.97,323785,56702781000
007660,이수페타시스,3895,3845,-50,-1.28,250448,965239545
005950,이수화학,15800,15350,-450,-2.85,1449976,22501358350
015020,이스타코,776,769,-7,-0.9,1125215,870727630
093230,이아이디,292,286,-6,-2.05,15334627,4384153350
074610,이엔플러스,4025,4000,-25,-0.62,481758,1927637075
102460,이연제약,20750,20750,0,0.0,141083,2972139250
084680,이월드,3345,3330,-15,-0.45,1023106,3334864035
350520,이지스레지던스리츠,4840,4845,5,0.1,21773,105505390
334890,이지스밸류리츠,4710,4700,-10,-0.21,86411,406682750
000760,이화산업,15300,15150,-150,-0.98,1763,26559650
014990,인디에프,1520,1570,50,3.29,689835,1063845730
101140,인바이오젠,4280,4095,-185,-4.32,1394658,5815448045
006490,인스코비,2280,2300,20,0.88,554992,1263248495
023800,인지컨트롤스,20900,22400,1500,7.18,771220,16785397300
034590,인천도시가스,24900,24800,-100,-0.4,2728,67728700
129260,인터지스,4170,4410,240,5.76,8556241,39377226885
023810,인팩,7150,7070,-80,-1.12,43762,306176810
249420,일동제약,20050,20000,-50,-0.25,398344,7952325100
000230,일동홀딩스,14650,14250,-400,-2.73,35744,511641100
013360,일성건설,1475,1520,45,3.05,2427156,3648969390
003120,일성신약,82500,83700,1200,1.45,7710,640884200
003200,일신방직,85200,84500,-700,-0.82,6594,559708000
007110,일신석재,1965,1950,-15,-0.76,815337,1594805420
007570,일양약품,60100,59100,-1000,-1.66,196468,11731329300
007575,일양약품우,69900,69000,-900,-1.29,1825,127114700
008500,일정실업,18100,18650,550,3.04,5216,95874250
081000,일진다이아,52300,50600,-1700,-3.25,169895,8680913900
020760,일진디스플,5870,5770,-100,-1.7,295652,1740985740
020150,일진머티리얼즈,60800,59000,-1800,-2.96,595545,35591095200
103590,일진전기,3385,3345,-40,-1.18,149018,498097810
015860,일진홀딩스,5870,5730,-140,-2.39,489675,2802721730
226320,잇츠한불,27000,27050,50,0.19,294378,8089514950
317400,자이에스앤디,13950,13450,-500,-3.58,242469,3277425650
033240,자화전자,21150,21600,450,2.13,518992,11004524500
000950,전방,32250,31900,-350,-1.09,5469,173343000
348950,제이알글로벌리츠,5060,5050,-10,-0.2,252083,1274955510
194370,제이에스코퍼레이션,7330,7280,-50,-0.68,18862,138049270
025620,제이준코스메틱,2270,2335,65,2.86,389889,911699155
036420,제이콘텐트리,39950,38900,-1050,-2.63,185531,7225312600
030000,제일기획,21050,20400,-650,-3.09,659738,13653181150
271980,제일약품,56000,54000,-2000,-3.57,101459,5556065100
001560,제일연마,7150,7030,-120,-1.68,367822,2839280770
002620,제일파마홀딩스,20100,20050,-50,-0.25,14515,290567050
006220,제주은행,3970,3830,-140,-3.53,271806,1038056490
089590,제주항공,21500,20850,-650,-3.02,1399571,29946906700
004910,조광페인트,6420,6210,-210,-3.27,199609,1237542320
004700,조광피혁,56700,55000,-1700,-3.0,5595,314057600
001550,조비,20100,20200,100,0.5,101486,2022404400
000480,조선내화,80800,80800,0,0.0,3404,273218800
120030,조선선재,111000,108000,-3000,-2.7,6173,672492500
018470,조일알미늄,608,600,-8,-1.32,648648,390792775
002600,조흥,177000,175500,-1500,-0.85,111,19543500
185750,종근당,228500,210500,-18000,-7.88,599971,131317385500
063160,종근당바이오,80300,76300,-4000,-4.98,402969,31199983900
001630,종근당홀딩스,121500,118000,-3500,-2.88,70993,8463887000
044380,주연테크,1055,1040,-15,-1.42,640625,667774225
013890,지누스,106000,105000,-1000,-0.94,87880,9374501000
013870,지엠비코리아,8550,8240,-310,-3.63,505115,4238874730
071320,지역난방공사,38900,39100,200,0.51,13863,539911550
010580,지코,306,306,0,0.0,0,0
035000,지투알,5800,5810,10,0.17,80653,466733540
088790,진도,4330,4385,55,1.27,214522,929694980
003780,진양산업,4835,4890,55,1.14,326514,1561697855
010640,진양폴리,3715,3715,0,0.0,76768,284283740
100250,진양홀딩스,2770,2770,0,0.0,155243,426704840
051630,진양화학,4900,4895,-5,-0.1,178376,866347965
272450,진에어,17700,17250,-450,-2.54,775431,13616049200
011000,진원생명과학,19400,18700,-700,-3.61,1435642,26635520500
002780,진흥기업,2805,2815,10,0.36,251068,698675435
002787,진흥기업2우B,12000,12050,50,0.42,327,3929150
002785,진흥기업우B,6520,6350,-170,-2.61,2954,18763700
009310,참엔지니어링,1495,1485,-10,-0.67,1156150,1750921865
000650,천일고속,68000,67400,-600,-0.88,1710,115403200
033250,체시스,1965,1965,0,0.0,443657,876094190
035720,카카오,451500,437500,-14000,-3.1,995726,441324828000
006380,카프로,3780,3780,0,0.0,723600,2765649885
109070,컨버즈,4100,4100,0,0.0,0,0
001620,케이비아이동국실업,723,720,-3,-0.41,68153,49258832
029460,케이씨,28200,27950,-250,-0.89,91152,2575164600
344820,케이씨씨글라스,36500,35900,-600,-1.64,115300,4169815250
281820,케이씨텍,29550,29600,50,0.17,333259,10043078800
145270,케이탑리츠,1145,1160,15,1.31,653961,763363005
357120,코람코에너지리츠,4760,4755,-5,-0.11,114519,544610420
007815,코리아써우,7470,7430,-40,-0.54,2018,14652460
007810,코리아써키트,14650,14350,-300,-2.05,310761,4512003850
00781K,코리아써키트2우B,7370,7360,-10,-0.14,1630,11918260
003690,코리안리,7760,7680,-80,-1.03,383630,2951660600
192820,코스맥스,100000,99700,-300,-0.3,200542,20196855500
044820,코스맥스비티아이,17350,17400,50,0.29,61521,1083471350
005070,코스모신소재,21000,20250,-750,-3.57,1075486,22035830350
005420,코스모화학,12850,12900,50,0.39,941276,12169476700
071950,코아스,1230,1230,0,0.0,3142797,3863548265
002020,코오롱,22800,22250,-550,-2.41,60622,1366366750
003070,코오롱글로벌,19200,18800,-400,-2.08,66389,1256523100
003075,코오롱글로벌우,28950,28300,-650,-2.25,2520,71426150
144620,코오롱머티리얼,3705,3500,-205,-5.53,932717,3312499145
002025,코오롱우,14700,14500,-200,-1.36,6561,95075300
120110,코오롱인더,43300,42450,-850,-1.96,317491,13562743250
120115,코오롱인더우,23100,22650,-450,-1.95,18145,415174950
138490,코오롱플라스틱,4965,4890,-75,-1.51,281522,1380440400
021240,코웨이,75300,73800,-1500,-1.99,295080,22051901000
031820,콤텍시스템,1510,1505,-5,-0.33,1402360,2122014070
192400,쿠쿠홀딩스,95400,95400,0,0.0,8258,788262300
284740,쿠쿠홈시스,38350,38750,400,1.04,70837,2746236600
015590,큐로,635,636,1,0.16,2035469,1279423665
264900,크라운제과,8850,8830,-20,-0.23,8350,73885710
26490K,크라운제과우,10200,10150,-50,-0.49,14446,146051480
005740,크라운해태홀딩스,8920,8740,-180,-2.02,29700,262180170
005745,크라운해태홀딩스우,12700,12650,-50,-0.39,4803,60510000
020120,키다리스튜디오,11100,11900,800,7.21,544227,6265137450
039490,키움증권,153000,147000,-6000,-3.92,255014,37833865500
012170,키위미디어그룹,1105,1105,0,0.0,0,0
014580,태경비케이,4145,4250,105,2.53,919048,3856052790
015890,태경산업,5690,5660,-30,-0.53,50535,286603740
006890,태경케미컬,14050,13900,-150,-1.07,160528,2225544100
003240,태광산업,849000,842000,-7000,-0.82,2163,1820921000
011280,태림포장,5600,5430,-170,-3.04,717328,3919156530
004100,태양금속,1210,1210,0,0.0,323893,387779720
004105,태양금속우,2835,2835,0,0.0,12068,34146425
009410,태영건설,12800,12700,-100,-0.78,238597,3032820050
009415,태영건설우,13000,12850,-150,-1.15,26588,340125750
001420,태원물산,4135,4280,145,3.51,76536,325426750
007980,태평양물산,2035,2050,15,0.74,2089465,4308938600
055490,테이팩스,38850,37450,-1400,-3.6,124347,4730792000
078000,텔코웨어,11750,11700,-50,-0.43,21003,245671000
214420,토니모리,8910,9000,90,1.01,225600,2066342450
019180,티에이치엔,3405,3340,-65,-1.91,787470,2663927565
363280,티와이홀딩스,27550,28450,900,3.27,304314,8539082650
36328K,티와이홀딩스우,25500,25850,350,1.37,24403,626892250
091810,티웨이항공,2900,2850,-50,-1.72,2639933,7631460390
004870,티웨이홀딩스,1180,1160,-20,-1.69,616735,713121945
005690,파미셀,16100,15800,-300,-1.86,746503,11892636000
036580,팜스코,6770,6950,180,2.66,541229,3745053710
028670,팬오션,4970,4755,-215,-4.33,3423194,16614805890
010820,퍼스텍,2200,2290,90,4.09,1283849,2916897195
016800,퍼시스,28900,28950,50,0.17,2315,66969450
001020,페이퍼코리아,2675,2695,20,0.75,564929,1532596770
090080,평화산업,1270,1245,-25,-1.97,521296,650581505
010770,평화홀딩스,3910,3815,-95,-2.43,38398,146623960
058430,포스코강판,18250,18100,-150,-0.82,50291,904127150
047050,포스코인터내셔널,15200,15250,50,0.33,1020099,15648110500
003670,포스코케미칼,131500,129000,-2500,-1.9,434194,56111899500
007630,폴루스바이오팜,1225,1225,0,0.0,0,0
017810,풀무원,18550,18000,-550,-2.96,156865,2849345050
103140,풍산,30200,29800,-400,-1.32,280123,8418642200
005810,풍산홀딩스,30500,30600,100,0.33,13400,410386700
033180,필룩스,4680,4850,170,3.63,71387104,361633277200
086790,하나금융지주,39250,38150,-1100,-2.8,3041439,116984267125
293480,하나제약,25300,24850,-450,-1.78,66357,1656728200
039130,하나투어,64000,64900,900,1.41,542850,35039852000
172580,하이골드12호,1935,1935,0,0.0,16445,31748790
153360,하이골드3호,1185,1170,-15,-1.27,37360,43989620
071090,하이스틸,19100,19050,-50,-0.26,5562,106113600
019490,하이트론,4690,4735,45,0.96,124403,580702155
000080,하이트진로,36600,35750,-850,-2.32,839374,30422138250
000087,하이트진로2우B,21300,21200,-100,-0.47,2698,57240450
000140,하이트진로홀딩스,16150,15850,-300,-1.86,53190,845794250
000145,하이트진로홀딩스우,14550,14800,250,1.72,919,13658600
152550,한국ANKOR유전,1635,1635,0,0.0,25971,42462640
036460,한국가스공사,34600,33800,-800,-2.31,1103227,37714735400
005430,한국공항,41800,40750,-1050,-2.51,27936,1154055550
071050,한국금융지주,87800,86400,-1400,-1.59,543288,47632516800
071055,한국금융지주우,65800,64400,-1400,-2.13,44692,2908225300
010040,한국내화,4100,3985,-115,-2.8,246377,990867530
025540,한국단자,64400,62500,-1900,-2.95,57743,3634155800
004090,한국석유,103500,102000,-1500,-1.45,4365,449445000
002200,한국수출포장,23250,23100,-150,-0.65,22569,520884000
002960,한국쉘석유,247500,245000,-2500,-1.01,3953,971918000
123890,한국자산신탁,3905,3900,-5,-0.13,247794,964848085
015760,한국전력,25950,25300,-650,-2.5,5503886,141288704250
006200,한국전자홀딩스,918,928,10,1.09,480706,440134983
009540,한국조선해양,118500,114000,-4500,-3.8,434422,50437629000
023350,한국종합기술,6810,7520,710,10.43,2279015,16928526380
025890,한국주강,1610,1595,-15,-0.93,516610,853302575
000970,한국주철관,8590,8450,-140,-1.63,87759,744908010
104700,한국철강,7160,7210,50,0.7,338731,2432957920
017960,한국카본,13400,12900,-500,-3.73,683387,8940644950
161890,한국콜마,51700,53500,1800,3.48,949908,51165105200
024720,한국콜마홀딩스,27300,29200,1900,6.96,895802,26184449750
161390,한국타이어앤테크놀로지,40550,40050,-500,-1.23,523581,20994912700
000240,한국테크놀로지그룹,14800,14800,0,0.0,312624,4651365100
034830,한국토지신탁,2055,2020,-35,-1.7,1550218,3138726305
007280,한국특수형강,1805,1785,-20,-1.11,237211,427071465
168490,한국패러랠,1895,1895,0,0.0,57996,110079345
010100,한국프랜지,3550,3600,50,1.41,1059776,3792975895
047810,한국항공우주,27300,27750,450,1.65,1206303,33694921800
123690,한국화장품,12650,12800,150,1.19,457669,5915286350
003350,한국화장품제조,37300,37400,100,0.27,82972,3142272050
011500,한농화성,12900,14150,1250,9.69,8328405,121379455650
002390,한독,31700,30950,-750,-2.37,108922,3395336300
014790,한라,5210,5080,-130,-2.5,281254,1436051770
060980,한라홀딩스,43250,42750,-500,-1.16,83489,3542940750
053690,한미글로벌,10800,10800,0,0.0,946644,10592793700
042700,한미반도체,17700,18850,1150,6.5,7994829,157107586750
008930,한미사이언스,80900,78500,-2400,-2.97,222184,17588014000
128940,한미약품,375000,360500,-14500,-3.87,69437,25370740000
009240,한샘,104000,103000,-1000,-0.96,142336,14555487500
020000,한섬,32600,32150,-450,-1.38,139135,4465533850
003680,한성기업,8720,8790,70,0.8,113149,997395870
105630,한세실업,15900,15600,-300,-1.89,332768,5235083450
069640,한세엠케이,3410,3445,35,1.03,38015,129938545
016450,한세예스24홀딩스,7290,7150,-140,-1.92,91053,652914690
010420,한솔PNS,1900,1840,-60,-3.16,432039,802819655
009180,한솔로지스틱스,3125,3020,-105,-3.36,2764170,8586279520
213500,한솔제지,13400,13200,-200,-1.49,172266,2279810300
014680,한솔케미칼,193000,195500,2500,1.3,91612,17887717000
004710,한솔테크닉스,11250,10950,-300,-2.67,1227115,13523550750
004150,한솔홀딩스,3850,3745,-105,-2.73,223452,845358570
025750,한솔홈데코,2295,2425,130,5.66,22510094,53579003615
004960,한신공영,19200,18450,-750,-3.91,65007,1209263800
011700,한신기계,1640,1695,55,3.35,800278,1345002595
001750,한양증권,9780,9570,-210,-2.15,85835,824780940
001755,한양증권우,16900,17050,150,0.89,898,15222750
018880,한온시스템,17850,17200,-650,-3.64,1262091,22053924350
009420,한올바이오파마,34600,34700,100,0.29,405018,14198778450
014130,한익스프레스,7010,6770,-240,-3.42,422396,2899783800
300720,한일시멘트,107500,109000,1500,1.4,4977,535872000
002220,한일철강,2220,2290,70,3.15,165480,380833110
006390,한일현대시멘트,30350,29500,-850,-2.8,47096,1411960100
003300,한일홀딩스,10500,10600,100,0.95,10742,113353950
051600,한전KPS,28350,28250,-100,-0.35,227137,6437383150
052690,한전기술,17400,17050,-350,-2.01,194097,3331077350
130660,한전산업,4430,4340,-90,-2.03,177268,774930950
002320,한진,47150,46950,-200,-0.42,143420,6739463800
097230,한진중공업,7130,6980,-150,-2.1,99028,694104680
003480,한진중공업홀딩스,4570,4815,245,5.36,232814,1105119710
180640,한진칼,67500,66400,-1100,-1.63,152916,10219642300
18064K,한진칼우,47550,46900,-650,-1.37,5799,272429850
005110,한창,1535,1525,-10,-0.65,2590568,3891201375
009460,한창제지,2285,2275,-10,-0.44,721915,1637282235
000880,한화,30700,31200,500,1.63,1342536,42402922900
00088K,한화3우B,13700,13950,250,1.82,291132,4074646650
088350,한화생명,3170,3070,-100,-3.15,7576609,23631973030
000370,한화손해보험,3920,3805,-115,-2.93,1044004,4013456705
009830,한화솔루션,55500,55400,-100,-0.18,4483893,252809827700
009835,한화솔루션우,66600,66700,100,0.15,66613,4573930700
272210,한화시스템,18300,18600,300,1.64,1033564,19133152300
012450,한화에어로스페이스,32500,35950,3450,10.62,3417300,119130070000
000885,한화우,44600,45200,600,1.35,4361,202504000
003530,한화투자증권,3145,2995,-150,-4.77,4678114,14553432285
003535,한화투자증권우,4080,4140,60,1.47,1729823,7813163510
195870,해성디에스,28500,27250,-1250,-4.39,479877,13392501100
101530,해태제과식품,8300,8120,-180,-2.17,55611,457252600
143210,핸즈코퍼레이션,8600,8380,-220,-2.56,175612,1472893500
000720,현대건설,44750,42800,-1950,-4.36,1874022,81329194500
267270,현대건설기계,37200,35500,-1700,-4.57,239230,8601843750
000725,현대건설우,179000,178000,-1000,-0.56,503,89775500
005440,현대그린푸드,9070,8940,-130,-1.43,651308,5852714400
086280,현대글로비스,185500,187000,1500,0.81,392804,74468648500
064350,현대로템,21000,20350,-650,-3.1,1946976,40142085400
079430,현대리바트,16800,16650,-150,-0.89,222429,3715002600
012330,현대모비스,327000,321500,-5500,-1.68,766017,249883325000
010620,현대미포조선,52200,50100,-2100,-4.02,561764,28519860750
069960,현대백화점,80000,79000,-1000,-1.25,226217,18026980400
004560,현대비앤지스틸,11500,11000,-500,-4.35,260754,2890236400
004565,현대비앤지스틸우,68500,68000,-500,-0.73,887,60484600
011760,현대상사,17650,17250,-400,-2.27,61609,1071296250
004310,현대약품,8450,8190,-260,-3.08,1518733,12483753780
322000,현대에너지솔루션,41000,40950,-50,-0.12,144800,5944818150
017800,현대엘리베이,44000,43050,-950,-2.16,396632,17237135550
307950,현대오토에버,129500,125000,-4500,-3.47,136823,17478837500
011210,현대위아,79200,75300,-3900,-4.92,848657,65034539000
267260,현대일렉트릭,18650,17850,-800,-4.29,532264,9606301150
004020,현대제철,43900,43300,-600,-1.37,887614,38858913450
267250,현대중공업지주,279000,273500,-5500,-1.97,73325,20394700500
005380,현대차,250500,240000,-10500,-4.19,3915078,958824239500
005387,현대차2우B,108500,106500,-2000,-1.84,388705,42430784163
005389,현대차3우B,105000,102500,-2500,-2.38,46252,4864911500
005385,현대차우,119500,117000,-2500,-2.09,653163,78653947000
001500,현대차증권,14700,14250,-450,-3.06,322683,4690704350
227840,현대코퍼레이션홀딩스,11150,11000,-150,-1.35,38939,430429000
126560,현대퓨처넷,3765,3670,-95,-2.52,312394,1157873680
001450,현대해상,22450,22350,-100,-0.45,782319,17484354900
057050,현대홈쇼핑,81100,80100,-1000,-1.23,52139,4205283200
093240,형지엘리트,4360,5120,760,17.43,44981279,228827821245
003010,혜인,5250,5200,-50,-0.95,116353,606209620
111110,호전실업,9360,9210,-150,-1.6,33795,313082290
008770,호텔신라,84900,84900,0,0.0,791172,67474366600
008775,호텔신라우,86400,89400,3000,3.47,81291,7186916100
002460,화성산업,12550,12400,-150,-1.2,64726,805914250
013520,화승알앤에이,2600,2575,-25,-0.96,270578,693421265
241590,화승엔터프라이즈,14250,13600,-650,-4.56,291895,4041495550
006060,화승인더,7010,6850,-160,-2.28,533760,3694387470
010690,화신,3925,3915,-10,-0.25,590275,2278968650
133820,화인베스틸,2735,2790,55,2.01,697654,1929591360
010660,화천기계,2620,2580,-40,-1.53,217918,563533415
000850,화천기공,33250,32850,-400,-1.2,3352,110084800
016580,환인제약,18500,17900,-600,-3.24,391762,7027094050
032560,황금에스티,8890,8510,-380,-4.27,331496,2874767280
004800,효성,77200,77000,-200,-0.26,211548,16504016000
094280,효성ITX,21200,20950,-250,-1.18,30505,641543100
298040,효성중공업,67500,65100,-2400,-3.56,110054,7285214900
298050,효성첨단소재,168500,165500,-3000,-1.78,83416,13839348500
298020,효성티앤씨,228000,250000,22000,9.65,283325,71532324500
298000,효성화학,177500,174000,-3500,-1.97,27563,4828160000
093370,후성,12100,12050,-50,-0.41,2565447,31244857000
081660,휠라홀딩스,47050,45950,-1100,-2.34,367148,17022872900
005870,휴니드,5990,5990,0,0.0,301753,1837924590
079980,휴비스,7990,7880,-110,-1.38,170105,1341336910
005010,휴스틸,7470,7590,120,1.61,149102,1156941340
069260,휴켐스,24600,24300,-300,-1.22,215877,5274363900
000540,흥국화재,3600,3510,-90,-2.5,1071775,3838223190
000547,흥국화재2우B,21200,20700,-500,-2.36,964,20057800
000545,흥국화재우,9090,8470,-620,-6.82,52231,451276060
003280,흥아해운,258,258,0,0.0,0,0
