티커,종목명,시가,종가,변동폭,등락률,거래량,거래대금
095570,AJ네트웍스,4080,4060,-20,-0.49,160052,648310600
006840,AK홀딩스,32450,32400,-50,-0.15,254743,8164238250
027410,BGF,6710,6760,50,0.75,702846,4705440550
282330,BGF리테일,161500,162500,1000,0.62,25699,4179707000
138930,BNK금융지주,5630,5770,140,2.49,1531957,8778688790
001460,BYC,301500,303000,1500,0.5,298,90126500
001465,BYC우,146000,147000,1000,0.68,195,28432500
001040,CJ,100500,99800,-700,-0.7,94799,9442706900
079160,CJCGV,27450,27550,100,0.36,245488,6711040350
00104K,CJ4우전환,78600,78900,300,0.38,7244,566685800
000120,CJ대한통운,188500,184000,-4500,-2.39,92775,17093807000
011150,CJ씨푸드,4615,4645,30,0.65,228289,1062153800
011155,CJ씨푸드1우,37100,37000,-100,-0.27,244,9031600
001045,CJ우,62100,62400,300,0.48,5198,321670300
097950,CJ제일제당,439500,443500,4000,0.91,60629,26821842000
097955,CJ제일제당우,214000,216000,2000,0.93,12236,2617658500
000590,CS홀딩스,58000,57700,-300,-0.52,2018,115919300
012030,DB,886,878,-8,-0.9,1242574,1095211143
016610,DB금융투자,5640,5970,330,5.85,1360249,8121123140
005830,DB손해보험,37250,38050,800,2.15,149710,5636515250
000990,DB하이텍,61700,60800,-900,-1.46,977912,59832848300
000995,DB하이텍1우,115000,115000,0,0.0,1407,160796500
139130,DGB금융지주,6590,6860,270,4.1,1102918,7490460370
001530,DI동일,197000,191500,-5500,-2.79,19489,3745860500
000210,DL,85300,89700,4400,5.16,761503,66498015200
000215,DL우,46300,46000,-300,-0.65,60977,2773461200
375500,DL이앤씨,122500,120000,-2500,-2.04,431200,51866018500
37550K,DL이앤씨우,77800,76600,-1200,-1.54,18355,1401450000
004840,DRB동일,7100,7170,70,0.99,19621,140347530
155660,DSR,5570,5620,50,0.9,117605,662310160
069730,DSR제강,4770,4780,10,0.21,59139,281636315
017940,E1,39800,39800,0,0.0,21161,841786600
365550,ESR켄달스퀘어리츠,5750,5820,70,1.22,353823,2047217400
007700,FF,113500,120500,7000,6.17,154653,18155711500
114090,GKL,15300,15500,200,1.31,288972,4421678400
078930,GS,37500,38050,550,1.47,326299,12283381350
006360,GS건설,40950,40300,-650,-1.59,1209654,48412888900
001250,GS글로벌,2590,2475,-115,-4.44,2085891,5349193095
007070,GS리테일,34250,34750,500,1.46,216741,7472278950
078935,GS우,30100,30000,-100,-0.33,4448,133488850
012630,HDC,11500,11600,100,0.87,578405,6765646100
039570,HDC아이콘트롤스,10600,10500,-100,-0.94,34336,363264450
089470,HDC현대EP,6890,6830,-60,-0.87,326446,2222788790
294870,HDC현대산업개발,29550,29100,-450,-1.52,1027511,29863039200
011200,HMM,13700,14050,350,2.55,3290911,46053139200
082740,HSD엔진,6970,7360,390,5.6,581969,4179233320
003560,IHQ,1735,1710,-25,-1.44,1073366,1835805290
175330,JB금융지주,5530,5710,180,3.25,476417,2684242630
234080,JW생명과학,22200,22200,0,0.0,103569,2297371950
001060,JW중외제약,30900,31050,150,0.49,72035,2234126000
001067,JW중외제약2우B,55000,56200,1200,2.18,1217,68177500
001065,JW중외제약우,35000,35000,0,0.0,237,8317450
096760,JW홀딩스,5160,5150,-10,-0.19,74952,386713540
105560,KB금융,42050,44350,2300,5.47,3557203,155258087350
002380,KCC,202500,202000,-500,-0.25,43413,8845382000
009070,KCTC,4235,4280,45,1.06,20281118,92492062700
009440,KC그린홀딩스,5100,5050,-50,-0.98,71930,363193260
119650,KC코트렐,10400,10350,-50,-0.48,238394,2461129450
092220,KEC,2980,2895,-85,-2.85,3211481,9359548930
016380,KG동부제철,10950,10900,-50,-0.46,139756,1512318950
016385,KG동부제철우,114500,114500,0,0.0,188,21411000
001390,KG케미칼,22750,22750,0,0.0,44412,1012785500
001940,KISCO홀딩스,14650,14600,-50,-0.34,25470,370232000
025000,KPX케미칼,55000,62800,7800,14.18,232029,14313700800
092230,KPX홀딩스,59300,60500,1200,2.02,20423,1234008600
000040,KR모터스,941,882,-59,-6.27,1654797,1533428238
044450,KSS해운,10700,10800,100,0.93,40837,436102600
030200,KT,24050,24050,0,0.0,1285695,30876696850
033780,KTG,80100,80000,-100,-0.12,527376,42228977500
030210,KTB투자증권,3810,3950,140,3.67,685183,2674181025
058850,KTcs,2360,2380,20,0.85,197893,470109100
058860,KTis,2735,2750,15,0.55,93918,257386120
093050,LF,14650,14600,-50,-0.34,84856,1235615950
003550,LG,102000,104000,2000,1.96,428740,44320898000
034220,LG디스플레이,23350,23200,-150,-0.64,2439024,56708009400
001120,LG상사,28300,27500,-800,-2.83,394137,10898745100
051900,LG생활건강,1623000,1626000,3000,0.18,21503,34977991740
051905,LG생활건강우,714000,709000,-5000,-0.7,12133,8617384848
003555,LG우,71200,71500,300,0.42,16988,1213892400
032640,LG유플러스,12750,12700,-50,-0.39,3993175,50781476900
011070,LG이노텍,212000,211500,-500,-0.24,186972,39632490000
066570,LG전자,157500,158000,500,0.32,1914947,301720636000
066575,LG전자우,80600,79900,-700,-0.87,245806,19679033800
108670,LG하우시스,83100,81400,-1700,-2.05,91170,7485292100
108675,LG하우시스우,38800,37800,-1000,-2.58,27518,1047566900
037560,LG헬로비전,4820,4665,-155,-3.22,1087640,5110847730
051910,LG화학,1000000,1028000,28000,2.8,522768,535564128000
051915,LG화학우,490000,492000,2000,0.41,57624,28610058500
079550,LIG넥스원,43600,45350,1750,4.01,970739,43358741100
006260,LS,67600,69700,2100,3.11,272915,18858672900
010120,LSELECTRIC,62100,63600,1500,2.42,132447,8373043500
000680,LS네트웍스,2615,2615,0,0.0,30509,79520410
229640,LS전선아시아,7430,7430,0,0.0,65273,483854850
023150,MH에탄올,7960,8070,110,1.38,65593,527519080
035420,NAVER,358000,362500,4500,1.26,982325,356919905000
181710,NHN,70900,71400,500,0.71,58310,4168717700
005940,NH투자증권,11750,11850,100,0.85,1134160,13462645950
005945,NH투자증권우,8550,8650,100,1.17,99389,855518640
338100,NH프라임리츠,4195,4190,-5,-0.12,77204,322838305
034310,NICE,17700,17700,0,0.0,45481,803164600
008260,NI스틸,3145,3175,30,0.95,442156,1405778355
004250,NPC,3495,3550,55,1.57,313707,1101161035
004255,NPC우,2415,2475,60,2.48,8913,22034890
010060,OCI,102500,102500,0,0.0,269996,27571610000
005490,POSCO,264500,263000,-1500,-0.57,237855,62268756000
100840,STC,15550,15650,100,0.64,16664,261007900
064960,ST모티브,72500,71500,-1000,-1.38,215352,15599146800
003570,ST중공업,6410,6480,70,1.09,35800,230161830
036530,ST홀딩스,15650,16050,400,2.56,29285,465200900
010950,S-Oil,73600,74600,1000,1.36,627959,46773685000
010955,S-Oil우,41000,41550,550,1.34,26381,1093005050
034120,SBS,23300,22800,-500,-2.15,104200,2397448300
101060,SBS미디어홀딩스,1905,1965,60,3.15,210421,408442930
005090,SGC에너지,38000,37500,-500,-1.32,42737,1601660250
004060,SG세계물산,681,689,8,1.17,1787180,1224361868
001380,SG충방,2580,2570,-10,-0.39,369639,950497565
002360,SH에너지화학,921,924,3,0.33,873217,808947428
009160,SIMPAC,2870,3015,145,5.05,1552598,4732484925
123700,SJM,4470,4435,-35,-0.78,73903,323720135
025530,SJM홀딩스,3685,3705,20,0.54,18754,69174865
034730,SK,318000,315500,-2500,-0.79,490542,153762117500
011790,SKC,132000,130500,-1500,-1.14,450527,59110647000
018670,SK가스,100500,100000,-500,-0.5,17511,1750599500
001740,SK네트웍스,5440,5490,50,0.92,3541409,19800894080
001745,SK네트웍스우,110500,112000,1500,1.36,313,35039500
006120,SK디스커버리,66500,66700,200,0.3,136209,9098088300
006125,SK디스커버리우,57200,56900,-300,-0.52,29358,1677450300
210980,SK디앤디,41000,41950,950,2.32,113106,4692322950
068400,SK렌터카,11600,11200,-400,-3.45,241553,2732530350
326030,SK바이오팜,149500,149000,-500,-0.33,145785,21798207500
03473K,SK우,289000,281000,-8000,-2.77,15727,4444090000
096770,SK이노베이션,317000,304000,-13000,-4.1,2736810,830135734500
096775,SK이노베이션우,232500,223500,-9000,-3.87,141191,31532192000
001510,SK증권,864,870,6,0.69,4628919,4025904657
001515,SK증권우,4660,4670,10,0.21,9773,45913210
285130,SK케미칼,443000,423000,-20000,-4.51,434042,186994016000
28513K,SK케미칼우,220000,213500,-6500,-2.95,100466,21967948000
017670,SK텔레콤,247000,258500,11500,4.66,744401,190216734500
000660,SK하이닉스,125000,127500,2500,2.0,3497303,441554489000
005610,SPC삼립,70100,70800,700,1.0,10733,757353400
011810,STX,5940,5970,30,0.51,56814,339613840
077970,STX엔진,6950,6990,40,0.58,11508,80030070
071970,STX중공업,3535,3645,110,3.11,159517,574583925
084870,TBH글로벌,1775,1805,30,1.69,41845,74721100
002710,TCC스틸,4985,4980,-5,-0.1,172633,859716250
024070,WISCOM,3810,3900,90,2.36,280743,1072042300
037270,YGPLUS,6540,6410,-130,-1.99,1670144,10802206060
000500,가온전선,21750,22200,450,2.07,11698,257780900
000860,강남제비스코,22050,21900,-150,-0.68,20105,439911600
035250,강원랜드,23800,23900,100,0.42,493998,11819535950
011420,갤럭시아에스엠,1540,1525,-15,-0.97,323773,500369860
002100,경농,12850,13150,300,2.33,132905,1743980950
009450,경동나비엔,48350,48400,50,0.1,38384,1850019650
267290,경동도시가스,18100,18150,50,0.28,3301,60187600
012320,경동인베스트,29150,29350,200,0.69,2333,68376000
000050,경방,13050,12750,-300,-2.3,29542,378740950
214390,경보제약,14750,14850,100,0.68,107620,1594436850
012610,경인양행,7480,7420,-60,-0.8,481094,3606499240
009140,경인전자,29950,31150,1200,4.01,46877,1456144800
013580,계룡건설,30900,29950,-950,-3.07,125732,3780447900
012200,계양전기,4755,5100,345,7.26,11320315,57355190755
012205,계양전기우,7010,7230,220,3.14,79453,577009990
002140,고려산업,4100,4110,10,0.24,129445,532922570
010130,고려아연,409000,414500,5500,1.34,70392,28963186000
002240,고려제강,14300,14300,0,0.0,19126,273187300
009290,광동제약,9300,9300,0,0.0,196288,1824449960
017040,광명전기,2215,2235,20,0.9,899567,2013030445
017900,광전자,2465,2545,80,3.25,1049235,2693705450
037710,광주신세계,149500,150000,500,0.33,3344,500689500
030610,교보증권,7500,7590,90,1.2,564349,4249081180
339770,교촌에프앤비,17900,18150,250,1.4,100667,1815935600
007690,국도화학,51800,51300,-500,-0.97,11433,584889800
005320,국동,4680,4640,-40,-0.85,993082,4577725005
001140,국보,1565,1565,0,0.0,636561,972494970
002720,국제약품,8920,8980,60,0.67,70791,637118850
083420,그린케미칼,14550,13750,-800,-5.5,713650,10022036000
014530,극동유화,3370,3395,25,0.74,75472,256149160
014280,금강공업,5500,5460,-40,-0.73,113667,620791750
014285,금강공업우,10800,10900,100,0.93,4598,50128400
008870,금비,68900,68900,0,0.0,2539,173483200
001570,금양,6020,6010,-10,-0.17,290833,1754382340
002990,금호산업,8800,8770,-30,-0.34,135182,1193725790
002995,금호산업우,31200,31300,100,0.32,873,27228100
011780,금호석유,253000,276500,23500,9.29,1873503,524395808500
011785,금호석유우,99500,108500,9000,9.05,233043,24704992500
214330,금호에이치티,2895,2750,-145,-5.01,8069794,22521507650
001210,금호전기,2660,2560,-100,-3.76,130601,337519350
073240,금호타이어,3945,4045,100,2.53,588458,2329774535
092440,기신정기,3805,3795,-10,-0.26,29334,111509870
000270,기아차,98100,101500,3400,3.47,13146832,1305324121300
024110,기업은행,8110,8230,120,1.48,1725976,14140000290
013700,까뮤이앤씨,3750,3400,-350,-9.33,8833269,31475857100
004540,깨끗한나라,4240,4260,20,0.47,70314,299025950
004545,깨끗한나라우,18100,18000,-100,-0.55,1580,28479200
001260,남광토건,15100,15100,0,0.0,171918,2558139200
008350,남선알미늄,4500,4445,-55,-1.22,1127821,5024868405
008355,남선알미우,37650,38000,350,0.93,1274,48520050
004270,남성,3825,3755,-70,-1.83,400167,1514378780
003920,남양유업,295000,295000,0,0.0,1107,325423500
003925,남양유업우,184500,184000,-500,-0.27,45,8230000
025860,남해화학,8780,8780,0,0.0,240884,2114673540
005720,넥센,4620,4720,100,2.16,82742,385302465
005725,넥센우,2955,2980,25,0.85,4539,13454725
002350,넥센타이어,6530,7100,570,8.73,1959414,13668233100
002355,넥센타이어1우B,2625,2735,110,4.19,42518,115125380
003580,넥스트사이언스,5010,4980,-30,-0.6,137862,685972070
251270,넷마블,138000,138500,500,0.36,438903,60133540500
090350,노루페인트,9890,9720,-170,-1.72,200181,1953532050
090355,노루페인트우,12450,12450,0,0.0,1253,15343900
000320,노루홀딩스,10850,10850,0,0.0,24957,268677950
000325,노루홀딩스우,16800,16750,-50,-0.3,413,6941100
006280,녹십자,464500,453000,-11500,-2.48,167753,76291368000
005250,녹십자홀딩스,43450,42600,-850,-1.96,394197,16828606950
005257,녹십자홀딩스2우,109000,105500,-3500,-3.21,3411,360531500
004370,농심,288000,289500,1500,0.52,28399,8204513500
072710,농심홀딩스,74800,74700,-100,-0.13,7464,555463300
058730,다스코,5250,5250,0,0.0,43790,227334520
023590,다우기술,26400,26300,-100,-0.38,343074,8967849250
019680,대교,3790,3850,60,1.58,216906,830300530
019685,대교우B,2540,2585,45,1.77,71053,181914730
006370,대구백화점,7900,8190,290,3.67,6661,53456010
008060,대덕,6990,7000,10,0.14,168184,1177460170
00806K,대덕1우,8570,8570,0,0.0,6543,55930280
353200,대덕전자,15700,15700,0,0.0,5195043,82880659150
35320K,대덕전자1우,9460,9450,-10,-0.11,67697,642255760
000490,대동공업,7950,8910,960,12.08,6054476,53048477400
008110,대동전자,5970,5810,-160,-2.68,176443,1038332730
005750,대림BCo,6010,5820,-190,-3.16,144907,848899900
001880,대림건설,36400,35500,-900,-2.47,139961,4951643450
006570,대림통상,4620,4420,-200,-4.33,161626,720287505
001680,대상,26300,26550,250,0.95,148868,3929342100
001685,대상우,19650,19300,-350,-1.78,3499,67663900
084690,대상홀딩스,10150,10250,100,0.99,92407,940971400
084695,대상홀딩스우,8810,8740,-70,-0.79,7277,63177510
128820,대성산업,3120,3160,40,1.28,63651,199438960
117580,대성에너지,5140,5170,30,0.58,15370,79172680
016710,대성홀딩스,27600,27600,0,0.0,71393,1959267800
003540,대신증권,12450,12700,250,2.01,94496,1200704150
003547,대신증권2우B,9180,9290,110,1.2,27938,259400960
003545,대신증권우,9700,9840,140,1.44,71005,697526320
009190,대양금속,4015,4040,25,0.62,373159,1497514355
014160,대영포장,2010,1860,-150,-7.46,10917269,20842445530
047040,대우건설,6190,6200,10,0.16,4543114,28154566060
009320,대우부품,3080,2965,-115,-3.73,1569707,4768443470
042660,대우조선해양,25450,25950,500,1.96,156575,4024896450
003090,대웅,45500,45850,350,0.77,753595,35110818400
069620,대웅제약,150500,153000,2500,1.66,204669,31502388000
000430,대원강업,4710,4750,40,0.85,6867661,34040443565
006340,대원전선,1435,1550,115,8.01,8996808,13609243420
006345,대원전선우,2420,2490,70,2.89,12018,29292780
003220,대원제약,18000,17750,-250,-1.39,113014,1999286400
024890,대원화성,1830,1810,-20,-1.09,203972,367408755
002880,대유에이텍,1140,1115,-25,-2.19,1417954,1597976755
000300,대유플러스,795,799,4,0.5,1196167,952216169
012800,대창,1510,1525,15,0.99,683796,1035380495
015230,대창단조,7070,7060,-10,-0.14,70573,493412900
001070,대한방직,39750,39650,-100,-0.25,4545,179573550
006650,대한유화,307000,304000,-3000,-0.98,69892,21265321000
001440,대한전선,1205,1230,25,2.07,12102748,14815542970
084010,대한제강,13850,13450,-400,-2.89,847585,11591121200
001790,대한제당,20000,20200,200,1.0,13639,274549150
001795,대한제당우,14850,14800,-50,-0.34,267,3959550
001130,대한제분,147000,149000,2000,1.36,5131,758757500
003490,대한항공,30500,30000,-500,-1.64,2312430,69121522900
003495,대한항공우,42900,42500,-400,-0.93,16516,700293100
005880,대한해운,3225,3260,35,1.09,3320249,10853339220
003830,대한화섬,129000,126000,-3000,-2.33,2595,330457000
016090,대현,2060,2160,100,4.85,866412,1838555480
069460,대호에이엘,2160,2215,55,2.55,176959,389565130
192080,더블유게임즈,62600,62000,-600,-0.96,108105,6741024700
012510,더존비즈온,110000,109500,-500,-0.45,142432,15846273500
004830,덕성,6860,6890,30,0.44,310080,2119090010
004835,덕성우,11600,11400,-200,-1.72,21341,243626250
024900,덕양산업,3910,3860,-50,-1.28,12418703,52354810930
145720,덴티움,50800,52900,2100,4.13,124210,6500837700
002150,도화엔지니어링,8290,8280,-10,-0.12,90749,752563500
001230,동국제강,8050,8070,20,0.25,439034,3530276390
023450,동남합성,45000,44700,-300,-0.67,296,13204150
004140,동방,5130,5120,-10,-0.19,48495406,266587088435
007590,동방아그로,6640,6620,-20,-0.3,33529,221396220
005960,동부건설,13250,13100,-150,-1.13,92090,1199258950
005965,동부건설우,23100,22950,-150,-0.65,2076,47680300
026960,동서,34150,38500,4350,12.74,1620250,60664230750
002210,동성제약,13050,13200,150,1.15,173030,2262874500
102260,동성코퍼레이션,4800,4855,55,1.15,91190,439154165
005190,동성화학,15900,15900,0,0.0,8933,142315650
000640,동아쏘시오홀딩스,110500,110000,-500,-0.45,47102,5173706000
170900,동아에스티,83400,85900,2500,3.0,78265,6686450000
028100,동아지질,17000,16750,-250,-1.47,65837,1106536300
282690,동아타이어,9810,9710,-100,-1.02,24060,233523100
001520,동양,1275,1285,10,0.78,1000034,1284252640
001527,동양2우B,11550,11400,-150,-1.3,394,4496150
001529,동양3우B,28300,28450,150,0.53,1674,47240900
084670,동양고속,23500,23500,0,0.0,3319,77784000
002900,동양물산,1515,1545,30,1.98,2301809,3551023895
082640,동양생명,3890,3960,70,1.8,73364,288994520
001525,동양우,6980,6840,-140,-2.01,26,179260
008970,동양철관,1210,1220,10,0.83,1935736,2355119055
092780,동양피스톤,7290,7080,-210,-2.88,402388,2896850150
049770,동원FB,177500,180500,3000,1.69,5707,1021544000
018500,동원금속,1460,1405,-55,-3.77,10445738,14449766330
006040,동원산업,250000,250000,0,0.0,6046,1503365500
030720,동원수산,9130,9120,-10,-0.11,71936,650789150
014820,동원시스템즈,54600,57900,3300,6.04,351085,20187953500
014825,동원시스템즈우,34900,36000,1100,3.15,6183,221153500
163560,동일고무벨트,9800,9710,-90,-0.92,35011,340057740
004890,동일산업,79300,79000,-300,-0.38,4293,339874100
002690,동일제강,2870,2890,20,0.7,94902,270033535
000020,동화약품,15300,15500,200,1.31,186469,2884710800
000150,두산,52000,52600,600,1.15,86616,4554051900
000157,두산2우B,61500,61900,400,0.65,128,7908600
241560,두산밥캣,32800,32600,-200,-0.61,273384,8962754100
000155,두산우,40000,40400,400,1.0,6760,273003050
042670,두산인프라코어,8900,9110,210,2.36,12288411,112374106170
034020,두산중공업,11550,11800,250,2.16,4819620,57876766900
336260,두산퓨얼셀,60900,60400,-500,-0.82,1372157,83607919000
33626K,두산퓨얼셀1우,20300,20250,-50,-0.25,187523,3832792200
33626L,두산퓨얼셀2우B,21900,22000,100,0.46,25666,565831150
016740,두올,3910,3815,-95,-2.43,1692510,6728763905
192650,드림텍,10400,10400,0,0.0,214733,2243944100
024090,디씨엠,12300,12400,100,0.81,10731,133116100
003160,디아이,5630,5600,-30,-0.53,274487,1544447410
092200,디아이씨,3985,3915,-70,-1.76,723764,2835740610
013570,디와이,5800,5890,90,1.55,1236427,7248305380
210540,디와이파워,12000,11900,-100,-0.83,65368,772874550
007340,디티알오토모티브,27750,27800,50,0.18,23004,633768000
026890,디피씨,12450,12250,-200,-1.61,3211638,39527238600
115390,락앤락,12400,12800,400,3.23,296350,3761565250
032350,롯데관광개발,16000,16200,200,1.25,260391,4164331950
330590,롯데리츠,5050,5090,40,0.79,157833,800840770
000400,롯데손해보험,1760,1745,-15,-0.85,540261,948067710
023530,롯데쇼핑,110000,110500,500,0.45,87917,9678247500
004000,롯데정밀화학,55500,56900,1400,2.52,216096,12285431700
286940,롯데정보통신,38700,39350,650,1.68,37003,1452641600
280360,롯데제과,109000,112000,3000,2.75,23863,2634680500
004990,롯데지주,33150,33450,300,0.9,98092,3269054950
00499K,롯데지주우,61200,61300,100,0.16,644,39436000
005300,롯데칠성,127500,126000,-1500,-1.18,34583,4335456500
005305,롯데칠성우,64800,64500,-300,-0.46,2821,180381100
011170,롯데케미칼,270000,284000,14000,5.19,234939,65148911000
002270,롯데푸드,368500,367000,-1500,-0.41,6979,2580497000
071840,롯데하이마트,39500,39450,-50,-0.13,230777,9174413350
027740,마니커,688,690,2,0.29,820136,565422679
204320,만도,75800,73500,-2300,-3.03,1204222,88729861500
001080,만호제강,18400,18850,450,2.45,15114,280958450
088980,맥쿼리인프라,10850,10850,0,0.0,573971,6219624100
094800,맵스리얼티1,3940,3910,-30,-0.76,146204,572970900
138040,메리츠금융지주,9770,9820,50,0.51,312624,3057894550
008560,메리츠증권,3645,3725,80,2.19,1909343,7060217060
000060,메리츠화재,14550,14500,-50,-0.34,896322,12992324800
090370,메타랩스,1020,1030,10,0.98,303439,309277170
017180,명문제약,6600,6500,-100,-1.52,396419,2586003240
009900,명신산업,38000,37550,-450,-1.18,2443213,95093525850
012690,모나리자,4725,4720,-5,-0.11,108319,512640090
005360,모나미,5110,5080,-30,-0.59,138759,707574960
204210,모두투어리츠,3030,3025,-5,-0.17,9052,27392045
009680,모토닉,14450,14300,-150,-1.04,1430914,20973314700
009580,무림PP,5510,5470,-40,-0.73,846198,4594214820
009200,무림페이퍼,2920,2925,5,0.17,303272,885506325
033920,무학,7040,7090,50,0.71,41750,292691330
008420,문배철강,3380,3400,20,0.59,237442,803660565
025560,미래산업,3120,3270,150,4.81,579225,1882252795
007120,미래아이앤지,431,430,-1,-0.23,923047,397310857
006800,미래에셋대우,9650,9790,140,1.45,2399890,23469907300
00680K,미래에셋대우2우B,4560,4585,25,0.55,265699,1216564115
006805,미래에셋대우우,5170,5230,60,1.16,53255,277118100
357250,미래에셋맵스리츠,4710,4710,0,0.0,7486,35267675
085620,미래에셋생명,3680,3680,0,0.0,73837,270850555
002840,미원상사,129500,130000,500,0.39,2169,281719500
268280,미원에스씨,104500,103000,-1500,-1.44,2035,210335000
107590,미원홀딩스,72500,73000,500,0.69,909,66197400
134380,미원화학,60000,60000,0,0.0,139,8337500
003650,미창석유,63900,63900,0,0.0,305,19461600
155900,바다로19호,2235,2235,0,0.0,5142,11503780
003610,방림,2025,2050,25,1.23,290387,598659430
001340,백광산업,4240,4405,165,3.89,2631385,11392823550
035150,백산,6370,6310,-60,-0.94,198509,1257871630
002410,범양건영,5050,5090,40,0.79,253422,1297352310
096300,베트남개발1,234,234,0,0.0,142018,33075083
007210,벽산,2630,2545,-85,-3.23,1560234,3998551950
002760,보락,2215,2205,-10,-0.45,460081,1007834870
003850,보령제약,20150,20200,50,0.25,384906,7786702350
000890,보해양조,919,927,8,0.87,762956,705223855
003000,부광약품,21400,25750,4350,20.33,14715885,385809580800
001270,부국증권,21700,21950,250,1.15,7588,165349300
001275,부국증권우,19450,19500,50,0.26,1115,21710000
026940,부국철강,4025,4015,-10,-0.25,53881,216774105
015350,부산가스,54800,55300,500,0.91,1430,79031100
011390,부산산업,144000,140500,-3500,-2.43,14032,1987647000
005030,부산주공,712,711,-1,-0.14,351740,249458683
002070,비비안,3890,3930,40,1.03,1039858,4094763495
100220,비상교육,6400,6450,50,0.78,16650,106977580
030790,비케이탑스,15200,14400,-800,-5.26,300066,4369404250
352820,빅히트,241500,243000,1500,0.62,400509,97915890500
005180,빙그레,56300,57000,700,1.24,22338,1266217700
003960,사조대림,15900,16400,500,3.14,61829,1012866000
008040,사조동아원,1075,1080,5,0.47,11209391,12802372395
007160,사조산업,32950,36100,3150,9.56,120079,4257654800
014710,사조씨푸드,5090,5190,100,1.96,155727,807011060
006090,사조오양,9960,10400,440,4.42,140522,1426945840
001470,삼부토건,3605,3790,185,5.13,7282693,27843964500
006400,삼성SDI,747000,775000,28000,3.75,462993,353542174000
006405,삼성SDI우,543000,551000,8000,1.47,27554,15100783000
006660,삼성공조,8660,8860,200,2.31,56305,497233550
028260,삼성물산,133500,134500,1000,0.75,440289,58736979000
02826K,삼성물산우B,126000,126500,500,0.4,6378,804719000
207940,삼성바이오로직스,813000,812000,-1000,-0.12,67117,54432893000
032830,삼성생명,70700,71800,1100,1.56,328362,23445594300
018260,삼성에스디에스,192000,194500,2500,1.3,147634,28594512500
028050,삼성엔지니어링,12600,12650,50,0.4,785244,9902061150
009150,삼성전기,207500,207500,0,0.0,480453,99028644500
009155,삼성전기우,136000,133500,-2500,-1.84,60233,8036837500
005930,삼성전자,82500,83500,1000,1.21,18036835,1499217618600
005935,삼성전자우,74300,74300,0,0.0,1891452,140104787772
001360,삼성제약,8910,8660,-250,-2.81,3055824,27048657650
010140,삼성중공업,6170,6220,50,0.81,4074954,25216983150
010145,삼성중공우,310500,318500,8000,2.58,1023,318895500
016360,삼성증권,38250,39100,850,2.22,400200,15533556350
068290,삼성출판사,23650,24300,650,2.75,197733,4783718700
029780,삼성카드,30750,31700,950,3.09,121394,3803917750
000810,삼성화재,167500,168000,500,0.3,245604,41072725586
000815,삼성화재우,135000,134000,-1000,-0.74,9022,1212582500
006110,삼아알미늄,11500,11400,-100,-0.87,84937,972836200
145990,삼양사,62400,62900,500,0.8,36447,2293215600
145995,삼양사우,43100,43400,300,0.7,624,27105450
003230,삼양식품,91700,92000,300,0.33,24625,2262812400
002170,삼양통상,63500,63000,-500,-0.79,4307,271804300
272550,삼양패키징,19800,20150,350,1.77,14538,290524600
000070,삼양홀딩스,88500,90100,1600,1.81,21770,1939497800
000075,삼양홀딩스우,56400,56600,200,0.35,993,55952200
002810,삼영무역,13700,13700,0,0.0,23866,326391300
005680,삼영전자,11800,11150,-650,-5.51,844105,9528522250
003720,삼영화학,3025,2960,-65,-2.15,203706,605034910
023000,삼원강재,4010,4105,95,2.37,9783638,42741032730
004380,삼익THK,12550,12700,150,1.2,77071,975512500
002450,삼익악기,1515,1505,-10,-0.66,297242,450763870
004440,삼일씨엔에스,14150,13850,-300,-2.12,84761,1179048550
000520,삼일제약,19850,19750,-100,-0.5,22683,448972400
009770,삼정펄프,29050,29250,200,0.69,3506,102209850
005500,삼진제약,26300,26400,100,0.38,91475,2412402150
004690,삼천리,81600,82400,800,0.98,7134,583273500
010960,삼호개발,4600,4625,25,0.54,202450,933974410
004450,삼화왕관,38350,38550,200,0.52,760,29181950
009470,삼화전기,23500,23450,-50,-0.21,49994,1177073250
011230,삼화전자,3960,4070,110,2.78,99741,405819090
001820,삼화콘덴서,74700,74500,-200,-0.27,208960,15361099500
000390,삼화페인트,12400,11950,-450,-3.63,250366,3039465650
001290,상상인증권,1125,1135,10,0.89,62322,70477075
041650,상신브레이크,5400,5230,-170,-3.15,707537,3642935720
075180,새론오토모티브,6650,6990,340,5.11,150994,1045528690
007540,샘표,49000,48500,-500,-1.02,12298,600184150
248170,샘표식품,52100,49300,-2800,-5.37,104141,5192968400
007860,서연,8090,8110,20,0.25,205218,1663402890
200880,서연이화,7830,7990,160,2.04,769123,6163261570
017390,서울가스,87200,87400,200,0.23,5386,468606200
004410,서울식품,210,201,-9,-4.29,17593599,3571480180
004415,서울식품우,4860,4905,45,0.93,7851,38634855
021050,서원,2390,2425,35,1.46,234978,567568190
008490,서흥,51600,51600,0,0.0,15000,771140100
007610,선도전기,3180,3215,35,1.1,183810,593170125
136490,선진,20450,20200,-250,-1.22,337400,6695712150
002820,선창산업,4585,4560,-25,-0.55,34033,153949465
014910,성문전자,2000,1995,-5,-0.25,121556,240998730
014915,성문전자우,8160,8170,10,0.12,3368,27823800
003080,성보화학,4255,4305,50,1.18,17811,75720640
004980,성신양회,8330,8220,-110,-1.32,284628,2362748970
004985,성신양회우,13050,12950,-100,-0.77,5729,73898100
011300,성안,860,1115,255,29.65,52779623,52535864588
000180,성창기업지주,2285,2275,-10,-0.44,291018,663380590
002420,세기상사,61600,61600,0,0.0,0,0
004360,세방,14800,14300,-500,-3.38,453411,6524818000
004365,세방우,7900,7980,80,1.01,28347,224976010
004490,세방전지,111000,106500,-4500,-4.05,344962,37565166500
001430,세아베스틸,14000,14650,650,4.64,1008630,14602529900
306200,세아제강,93600,96500,2900,3.1,18578,1786386600
003030,세아제강지주,45350,46150,800,1.76,9038,411870950
019440,세아특수강,11750,11950,200,1.7,20396,242057100
058650,세아홀딩스,73700,73800,100,0.14,1162,85525200
013000,세우글로벌,3290,3270,-20,-0.61,790114,2584178850
091090,세원셀론텍,2930,2950,20,0.68,363214,1065458705
021820,세원정공,8090,8090,0,0.0,0,0
067830,세이브존IC,3330,3345,15,0.45,229551,766341310
033530,세종공업,11450,11400,-50,-0.44,6106170,72328556450
075580,세진중공업,5480,5840,360,6.57,1156972,6789537930
027970,세하,1755,1755,0,0.0,435705,765886085
145210,세화아이엠씨,584,581,-3,-0.51,968962,561727812
308170,센트랄모텍,30300,29750,-550,-1.82,139743,4203651250
012600,센트럴인사이트,9930,9920,-10,-0.1,1402531,14396464460
068270,셀트리온,341500,341500,0,0.0,1997418,695534667500
336370,솔루스첨단소재,48300,50800,2500,5.18,534013,26266236150
33637K,솔루스첨단소재1우,18400,18650,250,1.36,44590,813674000
33637L,솔루스첨단소재2우B,31050,31950,900,2.9,4522,141825750
248070,솔루엠,26050,24850,-1200,-4.61,6899845,172206820250
004430,송원산업,19500,19950,450,2.31,2046401,40327155750
017550,수산중공업,5310,4950,-360,-6.78,3569864,18026478745
053210,스카이라이프,8770,8640,-130,-1.48,92989,808484490
134790,시디즈,62500,60200,-2300,-3.68,6202,376350300
016590,신대양제지,65100,66300,1200,1.84,22082,1444011700
029530,신도리코,28050,28350,300,1.07,61265,1698218950
004970,신라교역,10250,10050,-200,-1.95,67129,676152300
011930,신성이엔지,3010,3160,150,4.98,17959461,57158246965
005390,신성통상,1485,1505,20,1.35,454479,679294455
004170,신세계,235500,238000,2500,1.06,52616,12473338000
035510,신세계IC,138500,138500,0,0.0,6189,858325500
034300,신세계건설,48400,48450,50,0.1,112748,5367453550
031430,신세계인터내셔날,174500,176500,2000,1.15,51656,9071345500
031440,신세계푸드,64700,65100,400,0.62,10205,658074100
006880,신송홀딩스,4035,4070,35,0.87,25086,102306340
005800,신영와코루,92000,94000,2000,2.17,1259,116962300
001720,신영증권,54000,54700,700,1.3,5420,293256000
001725,신영증권우,53400,53700,300,0.56,4222,225788000
009270,신원,1495,1495,0,0.0,180425,269167685
009275,신원우,37800,37200,-600,-1.59,447,16561450
002700,신일전자,2010,2030,20,1.0,5677200,11618657605
019170,신풍제약,81800,79800,-2000,-2.44,1819187,146460603800
019175,신풍제약우,82300,79900,-2400,-2.92,21593,1747201900
002870,신풍제지,2880,2815,-65,-2.26,751945,2124067675
293940,신한알파리츠,7040,7040,0,0.0,50571,356580590
055550,신한지주,31350,31800,450,1.44,3030139,96248310150
001770,신화실업,25050,24350,-700,-2.79,15834,386911700
004080,신흥,11700,11650,-50,-0.43,18827,221138250
102280,쌍방울,627,633,6,0.96,1691801,1066671287
003410,쌍용양회,6710,6740,30,0.45,1505575,10119014970
003620,쌍용차,2770,2770,0,0.0,0,0
004770,써니전자,4905,4700,-205,-4.18,2087135,9973034585
015540,쎌마테라퓨틱스,7860,8050,190,2.42,569141,4541603550
004920,씨아이테크,876,895,19,2.17,119924,106806401
112610,씨에스윈드,166500,169500,3000,1.8,456855,78060812500
008700,아남전자,3500,3315,-185,-5.29,7544252,25872114290
002790,아모레G,61100,62700,1600,2.62,171933,10661868742
00279K,아모레G3우전환,40700,40700,0,0.0,19021,774142350
002795,아모레G우,23450,23500,50,0.21,37463,871789200
090430,아모레퍼시픽,231500,227000,-4500,-1.94,312363,71390301000
090435,아모레퍼시픽우,84000,82600,-1400,-1.67,114583,9483072100
002030,아세아,96300,94300,-2000,-2.08,24976,2345549900
183190,아세아시멘트,95500,99000,3500,3.66,26330,2597921300
002310,아세아제지,43300,42650,-650,-1.5,55920,2377360600
267850,아시아나IDT,22250,22300,50,0.22,44830,991501850
020560,아시아나항공,14650,14700,50,0.34,461208,6792955250
122900,아이마켓코리아,8470,8650,180,2.13,116949,1009133790
010780,아이에스동서,55100,54000,-1100,-2.0,77867,4217275000
001780,알루코,5040,4970,-70,-1.39,1174089,5872397730
018250,애경산업,24650,24950,300,1.22,83166,2061673050
161000,애경유화,9930,9980,50,0.5,533855,5262099460
011090,에넥스,2330,2335,5,0.21,7348058,17043104895
005850,에스엘,28000,28450,450,1.61,401143,11181902900
012750,에스원,82300,83500,1200,1.46,50371,4174711700
023960,에쓰씨엔지니어링,4695,4630,-65,-1.38,730133,3394556515
298690,에어부산,3675,3700,25,0.68,334374,1232188935
140910,에이리츠,6820,6780,-40,-0.59,9068,61463280
078520,에이블씨엔씨,7550,7630,80,1.06,56332,428878820
015260,에이엔피,1510,1545,35,2.32,197024,298757220
007460,에이프로젠KIC,1875,1900,25,1.33,1429947,2717324920
003060,에이프로젠제약,1190,1190,0,0.0,938737,1112917085
244920,에이플러스에셋,4995,4995,0,0.0,65403,326848095
036570,엔씨소프트,962000,976000,14000,1.46,74762,72599410950
138250,엔에스쇼핑,13450,12900,-550,-4.09,103578,1344494000
085310,엔케이,1415,1370,-45,-3.18,1703677,2364205055
009810,엔케이물산,540,537,-3,-0.56,466055,250036839
900140,엘브이엠씨홀딩스,4050,3985,-65,-1.6,751524,3007241815
014440,영보화학,4225,4230,5,0.12,128327,541214010
111770,영원무역,35550,36400,850,2.39,211657,7597425150
009970,영원무역홀딩스,39600,39650,50,0.13,15560,609859600
003520,영진약품,6710,6690,-20,-0.3,828865,5580054760
000670,영풍,519000,523000,4000,0.77,1509,784728000
006740,영풍제지,6460,6300,-160,-2.48,370010,2316170470
012280,영화금속,2495,2420,-75,-3.01,1998145,4886364060
012160,영흥,1180,1180,0,0.0,427761,503848685
015360,예스코홀딩스,35000,35100,100,0.29,1760,61894100
007310,오뚜기,566000,569000,3000,0.53,3303,1873463000
002630,오리엔트바이오,2060,2075,15,0.73,3529876,7252845770
271560,오리온,118500,121500,3000,2.53,105166,12640806000
001800,오리온홀딩스,14000,14150,150,1.07,304833,4287786200
070960,용평리조트,4420,4405,-15,-0.34,100805,442650185
316140,우리금융지주,9010,9330,320,3.55,2103639,19367146750
033660,우리금융캐피탈,10950,10800,-150,-1.37,66997,724574800
004720,우리들제약,9990,10100,110,1.1,141434,1428206750
118000,우리들휴브레인,2600,2690,90,3.46,810441,2167684785
010050,우리종금,535,564,29,5.42,22166481,12400825960
006980,우성사료,3230,3200,-30,-0.93,294525,945071070
017370,우신시스템,4830,5400,570,11.8,1754793,9211591585
105840,우진,4000,3930,-70,-1.75,106744,423779240
010400,우진아이엔에스,8170,8140,-30,-0.37,17927,146459560
049800,우진플라임,5510,5450,-60,-1.09,9515,51810560
016880,웅진,1035,1040,5,0.48,115546,119224020
095720,웅진씽크빅,2700,2765,65,2.41,716121,1976048885
005820,원림,19800,19950,150,0.76,6160,123103250
010600,웰바이오텍,2465,2440,-25,-1.01,330596,810261590
008600,윌비스,1565,1520,-45,-2.88,1029955,1569029570
033270,유나이티드제약,51200,52800,1600,3.13,293304,15341805700
014830,유니드,55300,56300,1000,1.81,51948,2885970200
000910,유니온,5880,5890,10,0.17,258973,1512494970
047400,유니온머티리얼,3725,3720,-5,-0.13,709462,2664602475
011330,유니켐,1480,1480,0,0.0,507429,752240500
077500,유니퀘스트,13450,13500,50,0.37,156992,2113546850
002920,유성기업,3460,3490,30,0.87,2628449,9426898655
000700,유수홀딩스,5460,5440,-20,-0.37,17454,95094660
003470,유안타증권,3160,3190,30,0.95,425096,1366193150
003475,유안타증권우,2440,2475,35,1.43,35049,86308075
011690,유양디앤유,1220,1220,0,0.0,0,0
072130,유엔젤,3800,4005,205,5.39,212233,844831300
000220,유유제약,12800,12850,50,0.39,37409,479791600
000225,유유제약1우,11200,11300,100,0.89,3489,38910650
000227,유유제약2우B,28350,28250,-100,-0.35,131,3702050
001200,유진투자증권,3910,4070,160,4.09,535235,2152214640
000100,유한양행,65500,66300,800,1.22,345360,22857259500
000105,유한양행우,64000,64700,700,1.09,3506,225149100
003460,유화증권,2245,2285,40,1.78,20940,47428760
003465,유화증권우,2320,2340,20,0.86,2977,6895310
008730,율촌화학,22700,24500,1800,7.93,250884,6009818650
008250,이건산업,10200,10450,250,2.45,232963,2403419400
025820,이구산업,1940,1935,-5,-0.26,165296,321322685
214320,이노션,61500,60800,-700,-1.14,93676,5720168200
088260,이리츠코크렙,5180,5170,-10,-0.19,88433,456620670
139480,이마트,169000,168000,-1000,-0.59,136648,22968524000
007660,이수페타시스,3475,3490,15,0.43,170400,596208255
005950,이수화학,13950,14150,200,1.43,594429,8500250700
015020,이스타코,755,772,17,2.25,294237,225476593
093230,이아이디,348,298,-50,-14.37,282498391,96189636352
074610,이엔플러스,4000,4060,60,1.5,536355,2168618545
102460,이연제약,20100,20050,-50,-0.25,62281,1258761900
084680,이월드,3255,3405,150,4.61,1522541,5176499980
350520,이지스레지던스리츠,4815,4835,20,0.42,90408,435273205
334890,이지스밸류리츠,4855,4890,35,0.72,184688,898804130
000760,이화산업,17500,17200,-300,-1.71,3527,61082000
014990,인디에프,1465,1460,-5,-0.34,61030,88887500
101140,인바이오젠,3760,3765,5,0.13,352725,1332097600
006490,인스코비,2410,2510,100,4.15,1479694,3684791070
023800,인지컨트롤스,24000,24250,250,1.04,528318,12672742800
034590,인천도시가스,24550,24600,50,0.2,1504,36815150
129260,인터지스,3560,3575,15,0.42,190773,683120885
023810,인팩,7950,8040,90,1.13,59433,475380350
249420,일동제약,18400,18400,0,0.0,93902,1721637950
000230,일동홀딩스,16650,16750,100,0.6,56339,940048150
013360,일성건설,1365,1350,-15,-1.1,350855,478947355
003120,일성신약,81600,82100,500,0.61,1484,121712500
003200,일신방직,82000,82500,500,0.61,6785,556540900
007110,일신석재,1935,1930,-5,-0.26,367636,709602975
007570,일양약품,52000,53300,1300,2.5,700255,37673633400
007575,일양약품우,66000,68100,2100,3.18,7597,512834000
008500,일정실업,14900,15400,500,3.36,5958,91274650
081000,일진다이아,52700,52100,-600,-1.14,287573,14883463200
020760,일진디스플,5350,5340,-10,-0.19,199147,1046638700
020150,일진머티리얼즈,77500,76200,-1300,-1.68,1956543,153837331900
103590,일진전기,3830,3720,-110,-2.87,1274950,4814332030
015860,일진홀딩스,5660,5650,-10,-0.18,746660,4255713220
226320,잇츠한불,29800,29450,-350,-1.17,130202,3827024100
317400,자이에스앤디,12150,11100,-1050,-8.64,1249265,13924907750
033240,자화전자,23100,22550,-550,-2.38,257370,5898463600
000950,전방,32150,31950,-200,-0.62,3215,102903450
348950,제이알글로벌리츠,5110,5120,10,0.2,163545,832039790
194370,제이에스코퍼레이션,8760,8690,-70,-0.8,109646,946502100
025620,제이준코스메틱,2265,2235,-30,-1.32,128297,286346385
036420,제이콘텐트리,39500,40950,1450,3.67,245583,9969753700
030000,제일기획,19800,20000,200,1.01,370001,7356967300
271980,제일약품,47050,47050,0,0.0,39905,1882359100
001560,제일연마,6950,7080,130,1.87,6216,43591280
002620,제일파마홀딩스,19300,19450,150,0.78,12398,238865850
006220,제주은행,6000,6370,370,6.17,18275787,127643127180
089590,제주항공,20350,21050,700,3.44,459195,9533840400
004910,조광페인트,6470,6470,0,0.0,30830,198313180
004700,조광피혁,58400,58200,-200,-0.34,3864,226960100
001550,조비,19700,20150,450,2.28,60564,1219455600
000480,조선내화,78800,78500,-300,-0.38,2841,222702000
120030,조선선재,109000,108500,-500,-0.46,2882,311234500
018470,조일알미늄,604,603,-1,-0.17,139970,84014480
002600,조흥,174000,176000,2000,1.15,231,40621000
185750,종근당,178500,184000,5500,3.08,157030,28383397000
063160,종근당바이오,69800,70500,700,1.0,79893,5617925000
001630,종근당홀딩스,107500,110500,3000,2.79,24141,2629633500
044380,주연테크,930,942,12,1.29,323934,303567378
013890,지누스,98600,97100,-1500,-1.52,63908,6232171400
013870,지엠비코리아,9610,9170,-440,-4.58,854993,7968010550
071320,지역난방공사,37000,37050,50,0.14,12272,456364850
010580,지코,306,306,0,0.0,0,0
035000,지투알,5730,5700,-30,-0.52,64895,368911790
088790,진도,3925,3930,5,0.13,52587,206633150
003780,진양산업,4055,4050,-5,-0.12,127901,518773735
010640,진양폴리,3350,3310,-40,-1.19,41174,136399570
100250,진양홀딩스,2670,2680,10,0.37,28404,75975210
051630,진양화학,3790,3800,10,0.26,107841,408089140
272450,진에어,15750,17150,1400,8.89,1220950,20489814800
011000,진원생명과학,17150,17350,200,1.17,490632,8430943150
002780,진흥기업,2785,2725,-60,-2.15,184430,505762075
002787,진흥기업2우B,12300,12350,50,0.41,239,2944850
002785,진흥기업우B,5840,5720,-120,-2.05,8865,50366520
009310,참엔지니어링,1550,1470,-80,-5.16,1275213,1897753570
000650,천일고속,67300,67000,-300,-0.45,2114,141410700
033250,체시스,1695,1700,5,0.29,292120,494264880
035720,카카오,454500,455000,500,0.11,408416,184923580000
006380,카프로,3885,3915,30,0.77,291402,1135783685
109070,컨버즈,4100,4100,0,0.0,0,0
001620,케이비아이동국실업,949,950,1,0.11,426535,403343537
029460,케이씨,29700,30400,700,2.36,232727,7065470750
344820,케이씨씨글라스,39450,40100,650,1.65,282557,11345047050
281820,케이씨텍,27550,28150,600,2.18,230760,6405840550
145270,케이탑리츠,1820,1895,75,4.12,991017,1816132175
357120,코람코에너지리츠,4745,4765,20,0.42,66694,318012850
007815,코리아써우,7120,6960,-160,-2.25,6612,45926950
007810,코리아써키트,15850,15350,-500,-3.15,337574,5193781350
00781K,코리아써키트2우B,7400,7250,-150,-2.03,223,1617550
003690,코리안리,7620,7700,80,1.05,448380,3432462620
192820,코스맥스,104000,106500,2500,2.4,80687,8471828000
044820,코스맥스비티아이,16650,16800,150,0.9,10635,177795200
005070,코스모신소재,19150,19300,150,0.78,400055,7688673450
005420,코스모화학,12450,12550,100,0.8,371797,4605388500
071950,코아스,1205,1205,0,0.0,288219,345436675
002020,코오롱,22300,23150,850,3.81,190774,4423112000
003070,코오롱글로벌,19050,20450,1400,7.35,556392,11071135100
003075,코오롱글로벌우,25850,26400,550,2.13,2771,71982450
144620,코오롱머티리얼,3810,4010,200,5.25,10628165,44844677105
002025,코오롱우,14200,14500,300,2.11,19549,282539300
120110,코오롱인더,53500,53100,-400,-0.75,767041,40287184500
120115,코오롱인더우,27100,27000,-100,-0.37,94643,2510538000
138490,코오롱플라스틱,5790,6350,560,9.67,2823893,17543294080
021240,코웨이,69600,70100,500,0.72,294107,20482436800
031820,콤텍시스템,1650,1585,-65,-3.94,3616576,5812847385
192400,쿠쿠홀딩스,109500,113000,3500,3.2,13815,1532984500
284740,쿠쿠홈시스,39400,39150,-250,-0.63,43022,1688231150
015590,큐로,589,590,1,0.17,1300503,760936741
264900,크라운제과,10250,10500,250,2.44,131229,1379942250
26490K,크라운제과우,10550,10750,200,1.9,36043,384884400
005740,크라운해태홀딩스,9270,9380,110,1.19,48436,451510900
005745,크라운해태홀딩스우,13000,12900,-100,-0.77,16620,214105650
020120,키다리스튜디오,13050,13350,300,2.3,977115,13465766650
039490,키움증권,149500,149000,-500,-0.33,202734,30494994500
012170,키위미디어그룹,1105,1105,0,0.0,0,0
014580,태경비케이,4430,4315,-115,-2.6,580139,2522313840
015890,태경산업,5480,5400,-80,-1.46,56628,307514230
006890,태경케미컬,14800,14500,-300,-2.03,225769,3332250350
003240,태광산업,998000,999000,1000,0.1,2173,2174580000
011280,태림포장,5470,5410,-60,-1.1,1044504,5618268850
004100,태양금속,1240,1250,10,0.81,196400,246377685
004105,태양금속우,2820,2855,35,1.24,7961,22767565
009410,태영건설,12600,12450,-150,-1.19,362348,4479510350
009415,태영건설우,12000,11850,-150,-1.25,11563,135604400
001420,태원물산,4420,4440,20,0.45,40066,178525985
007980,태평양물산,2045,2025,-20,-0.98,299099,606153425
055490,테이팩스,38950,38900,-50,-0.13,48863,1888762050
078000,텔코웨어,11550,11600,50,0.43,11983,138539500
214420,토니모리,8650,8630,-20,-0.23,25693,221974260
019180,티에이치엔,3655,3680,25,0.68,408746,1495508495
363280,티와이홀딩스,28300,27700,-600,-2.12,371590,10247011250
36328K,티와이홀딩스우,25500,24950,-550,-2.16,21817,543536500
091810,티웨이항공,2655,2685,30,1.13,534751,1423459485
004870,티웨이홀딩스,1305,1390,85,6.51,1067252,1448449960
005690,파미셀,14650,14450,-200,-1.37,408059,5935412450
036580,팜스코,9220,9150,-70,-0.76,67960,629321960
028670,팬오션,4535,4570,35,0.77,1988054,9067096875
010820,퍼스텍,2380,2380,0,0.0,536216,1264169870
016800,퍼시스,29800,30200,400,1.34,3320,100321300
001020,페이퍼코리아,2485,2560,75,3.02,157900,399208635
090080,평화산업,1260,1225,-35,-2.78,355658,439209280
010770,평화홀딩스,4320,4180,-140,-3.24,49359,208155825
058430,포스코강판,17200,17500,300,1.74,66085,1153501950
047050,포스코인터내셔널,22600,22050,-550,-2.43,9205927,212545138100
003670,포스코케미칼,136000,139500,3500,2.57,498254,68229264500
007630,폴루스바이오팜,1225,1225,0,0.0,0,0
017810,풀무원,17400,17400,0,0.0,74669,1292377900
103140,풍산,28900,29350,450,1.56,173183,5037057500
005810,풍산홀딩스,25450,24700,-750,-2.95,73444,1839173650
950210,피비파마,28800,32800,4000,13.89,41481126,1295611101750
033180,필룩스,5490,5250,-240,-4.37,31722657,174779898850
086790,하나금융지주,33950,36150,2200,6.48,2786900,98612211350
293480,하나제약,24650,24400,-250,-1.01,42814,1049863250
039130,하나투어,59500,59800,300,0.5,83973,5002142000
172580,하이골드12호,1985,1990,5,0.25,4027,7952850
153360,하이골드3호,1185,1195,10,0.84,4316,5144950
071090,하이스틸,20150,20150,0,0.0,3798,76043150
019490,하이트론,6900,7000,100,1.45,391057,2718971620
000080,하이트진로,32650,34400,1750,5.36,993285,33593941450
000087,하이트진로2우B,20350,20750,400,1.97,3516,72565700
000140,하이트진로홀딩스,14950,15300,350,2.34,29658,449323400
000145,하이트진로홀딩스우,14700,14650,-50,-0.34,568,8311450
152550,한국ANKOR유전,1640,1640,0,0.0,11807,19419155
036460,한국가스공사,31750,32000,250,0.79,285097,9046863400
005430,한국공항,38800,39050,250,0.64,4989,193729600
071050,한국금융지주,83400,85200,1800,2.16,340310,28862651200
071055,한국금융지주우,62600,62700,100,0.16,12328,774330500
010040,한국내화,4040,3990,-50,-1.24,107473,431881540
025540,한국단자,84100,84700,600,0.71,105599,8932938300
004090,한국석유,115500,114000,-1500,-1.3,1964,225094000
002200,한국수출포장,23750,23600,-150,-0.63,17002,401246000
002960,한국쉘석유,242500,245500,3000,1.24,1234,302171500
000240,한국앤컴퍼니,21150,21450,300,1.42,1090668,23394139850
123890,한국자산신탁,3905,3865,-40,-1.02,595221,2288215135
015760,한국전력,23650,23550,-100,-0.42,2123828,49833006650
006200,한국전자홀딩스,915,936,21,2.3,728051,690013630
009540,한국조선해양,97400,98200,800,0.82,224555,21969345700
023350,한국종합기술,7630,7750,120,1.57,297424,2332246130
025890,한국주강,1720,1720,0,0.0,103698,179233095
000970,한국주철관,8450,8460,10,0.12,23791,200685760
104700,한국철강,8270,8050,-220,-2.66,501360,4029620390
017960,한국카본,11250,11450,200,1.78,892736,10112287450
161890,한국콜마,51300,51700,400,0.78,127678,6572485200
024720,한국콜마홀딩스,26700,26850,150,0.56,51346,1371873800
161390,한국타이어앤테크놀로지,43700,45050,1350,3.09,405929,18211185350
034830,한국토지신탁,2035,2055,20,0.98,1030341,2106348005
007280,한국특수형강,1875,1900,25,1.33,236810,450448385
168490,한국패러랠,1905,1915,10,0.52,7711,14777335
010100,한국프랜지,3250,3250,0,0.0,414612,1340822510
047810,한국항공우주,39200,39300,100,0.26,4879495,191513599300
123690,한국화장품,12350,12300,-50,-0.4,70432,866266400
003350,한국화장품제조,36100,36000,-100,-0.28,14600,523809800
011500,한농화성,19950,19050,-900,-4.51,3753204,81512010800
002390,한독,28900,28800,-100,-0.35,30355,876430550
014790,한라,5500,5320,-180,-3.27,368029,1965025910
060980,한라홀딩스,41700,40900,-800,-1.92,226624,9257437700
053690,한미글로벌,10300,10150,-150,-1.46,64806,660863350
042700,한미반도체,19600,19500,-100,-0.51,394275,7676122950
008930,한미사이언스,77100,76800,-300,-0.39,141458,10897197300
128940,한미약품,371500,369000,-2500,-0.67,59204,21913470000
009240,한샘,96400,102500,6100,6.33,177827,17812669500
020000,한섬,32050,32450,400,1.25,91662,2949224100
003680,한성기업,7800,7810,10,0.13,25505,198098430
105630,한세실업,16100,16150,50,0.31,121823,1965198650
069640,한세엠케이,3350,3410,60,1.79,52865,179269380
016450,한세예스24홀딩스,7080,7100,20,0.28,29764,210743440
010420,한솔PNS,1850,1850,0,0.0,124662,231088370
009180,한솔로지스틱스,2865,2915,50,1.75,454715,1319653525
213500,한솔제지,13250,13450,200,1.51,190535,2565413500
014680,한솔케미칼,204000,217500,13500,6.62,129920,27516357500
004710,한솔테크닉스,10200,10350,150,1.47,434399,4475281100
004150,한솔홀딩스,3615,3620,5,0.14,131787,476824190
025750,한솔홈데코,2145,2075,-70,-3.26,6415232,13569246990
004960,한신공영,18650,18650,0,0.0,45431,847367250
011700,한신기계,1730,1720,-10,-0.58,147722,254378240
001750,한양증권,10150,10650,500,4.93,251300,2648824600
001755,한양증권우,16000,16000,0,0.0,796,12714600
018880,한온시스템,18200,18350,150,0.82,998169,18169201400
009420,한올바이오파마,25350,25900,550,2.17,1906611,49448987900
014130,한익스프레스,6480,6380,-100,-1.54,231064,1504734290
300720,한일시멘트,111500,115500,4000,3.59,10389,1185611000
002220,한일철강,2045,2050,5,0.24,29933,61682940
006390,한일현대시멘트,39050,39200,150,0.38,105831,4171581150
003300,한일홀딩스,10700,10950,250,2.34,39033,425179200
051600,한전KPS,27500,27900,400,1.45,142618,3964029650
052690,한전기술,17700,17750,50,0.28,199562,3570203800
130660,한전산업,4610,4800,190,4.12,556435,2641765955
002320,한진,48550,48700,150,0.31,145189,6994520550
097230,한진중공업,7000,7060,60,0.86,78222,547979020
003480,한진중공업홀딩스,4045,4030,-15,-0.37,116737,466670250
180640,한진칼,61100,61100,0,0.0,51649,3160509500
18064K,한진칼우,43550,43200,-350,-0.8,2731,118194500
005110,한창,1340,1340,0,0.0,717871,955736150
009460,한창제지,2345,2375,30,1.28,2651091,6362377450
000880,한화,33800,34100,300,0.89,432853,14759317500
00088K,한화3우B,15000,15000,0,0.0,67902,1020529750
088350,한화생명,2735,2825,90,3.29,6637661,18748000535
000370,한화손해보험,3410,3420,10,0.29,255508,873271900
009830,한화솔루션,50600,54200,3600,7.11,4396197,234253087800
009835,한화솔루션우,61700,63300,1600,2.59,23677,1490653100
272210,한화시스템,19550,19000,-550,-2.81,2401241,45794606350
012450,한화에어로스페이스,44250,43550,-700,-1.58,945828,41172617900
000885,한화우,46200,46250,50,0.11,1921,88800650
003530,한화투자증권,2685,2670,-15,-0.56,3760784,10140341325
003535,한화투자증권우,3890,3880,-10,-0.26,52873,204024885
195870,해성디에스,35050,34500,-550,-1.57,401735,13953311550
101530,해태제과식품,8550,8690,140,1.64,102287,885113190
143210,핸즈코퍼레이션,7810,7830,20,0.26,84471,654969080
000720,현대건설,43150,42450,-700,-1.62,1022473,43457316200
267270,현대건설기계,34600,35100,500,1.45,140605,4910621650
000725,현대건설우,180000,178500,-1500,-0.83,1139,203237500
005440,현대그린푸드,8740,8770,30,0.34,386958,3385920760
086280,현대글로비스,224000,221000,-3000,-1.34,599124,131892677000
064350,현대로템,21050,20900,-150,-0.71,3571635,76249229000
079430,현대리바트,18000,18050,50,0.28,408282,7277931700
012330,현대모비스,358000,352500,-5500,-1.54,916535,322471272500
010620,현대미포조선,46200,47050,850,1.84,213441,9944652000
069960,현대백화점,78300,81800,3500,4.47,376046,30374654500
004560,현대비앤지스틸,19050,17950,-1100,-5.77,1198278,21493906750
004565,현대비앤지스틸우,131000,124500,-6500,-4.96,15591,1941053500
011760,현대상사,17800,17800,0,0.0,186799,3301033250
004310,현대약품,7480,7530,50,0.67,1131461,8616093930
322000,현대에너지솔루션,36300,36900,600,1.65,221802,8168036800
017800,현대엘리베이,43750,44550,800,1.83,348168,15464516450
307950,현대오토에버,129500,126500,-3000,-2.32,96117,12076849000
011210,현대위아,101000,98300,-2700,-2.67,1128929,110633809600
267260,현대일렉트릭,17800,17800,0,0.0,311296,5550432650
004020,현대제철,41200,41000,-200,-0.49,657694,26854592350
267250,현대중공업지주,247500,255000,7500,3.03,80983,20721787500
005380,현대차,248500,249500,1000,0.4,1539977,381091945000
005387,현대차2우B,114000,114000,0,0.0,142959,16179336500
005389,현대차3우B,109500,110000,500,0.46,24532,2692484500
005385,현대차우,122000,122500,500,0.41,208009,25296130000
001500,현대차증권,12550,12850,300,2.39,228201,2903785500
227840,현대코퍼레이션홀딩스,12850,12400,-450,-3.5,532310,6604605550
126560,현대퓨처넷,3625,3540,-85,-2.34,132756,475405920
001450,현대해상,20100,20100,0,0.0,372804,7473809350
057050,현대홈쇼핑,80600,82800,2200,2.73,34246,2800996400
093240,형지엘리트,4190,4095,-95,-2.27,646069,2658631400
003010,혜인,5400,5300,-100,-1.85,95563,510854910
111110,호전실업,9640,9740,100,1.04,24738,239811430
008770,호텔신라,81300,82000,700,0.86,344570,28112609300
008775,호텔신라우,81900,83000,1100,1.34,7602,627438400
002460,화성산업,11750,11850,100,0.85,41821,493265900
013520,화승알앤에이,2910,3260,350,12.03,14698731,49088383555
241590,화승엔터프라이즈,12350,12900,550,4.45,210517,2663508750
006060,화승인더,6910,6960,50,0.72,285092,1970742950
010690,화신,6580,6520,-60,-0.91,4793896,31656937590
133820,화인베스틸,2390,2400,10,0.42,222241,530962185
010660,화천기계,2400,2420,20,0.83,122135,295965900
000850,화천기공,32000,32550,550,1.72,13890,457286750
016580,환인제약,18700,18400,-300,-1.6,105126,1937090300
032560,황금에스티,8300,8290,-10,-0.12,45671,380385970
004800,효성,88400,88900,500,0.57,373063,32876573500
094280,효성ITX,23100,22700,-400,-1.73,127447,2915218850
298040,효성중공업,86000,86600,600,0.7,959136,80671357900
298050,효성첨단소재,294000,309500,15500,5.27,335300,101381281000
298020,효성티앤씨,449000,479000,30000,6.68,264110,123626529000
298000,효성화학,233000,260000,27000,11.59,313932,78484349500
093370,후성,12000,11950,-50,-0.42,1040981,12417095750
081660,휠라홀딩스,42150,43250,1100,2.61,204493,8753393950
005870,휴니드,6930,6690,-240,-3.46,257055,1750503920
079980,휴비스,8420,8420,0,0.0,480910,4059976180
005010,휴스틸,7560,7810,250,3.31,31736,244422370
069260,휴켐스,22900,22700,-200,-0.87,173324,3922775150
000540,흥국화재,3310,3380,70,2.11,90941,305503445
000547,흥국화재2우B,19800,19700,-100,-0.51,208,4105050
000545,흥국화재우,7690,7660,-30,-0.39,6678,50755510
003280,흥아해운,258,258,0,0.0,0,0
