티커,종목명,시가,종가,변동폭,등락률,거래량,거래대금
095570,AJ네트웍스,6000,5990,-10,-0.17,93271,553835310
006840,AK홀딩스,27200,26850,-350,-1.29,29189,782591150
027410,BGF,6160,6140,-20,-0.32,91924,565932760
282330,BGF리테일,165000,166000,1000,0.61,18501,3049406000
138930,BNK금융지주,7660,7640,-20,-0.26,946080,7219788170
001460,BYC,400000,398000,-2000,-0.5,345,137856500
001465,BYC우,180000,178500,-1500,-0.83,69,12287000
001040,CJ,99500,99100,-400,-0.4,61621,6091931600
079160,CJCGV,29200,29400,200,0.68,232443,6785455450
00104K,CJ4우전환,85700,84700,-1000,-1.17,13591,1148489500
000120,CJ대한통운,176500,175000,-1500,-0.85,50217,8744037000
011150,CJ씨푸드,4655,4610,-45,-0.97,308559,1418833655
011155,CJ씨푸드1우,40700,41300,600,1.47,119,4830100
001045,CJ우,62600,62200,-400,-0.64,2144,133198900
097950,CJ제일제당,478500,482000,3500,0.73,47996,22900192500
097955,CJ제일제당우,212000,215500,3500,1.65,8915,1919046500
000590,CS홀딩스,67300,67300,0,0.0,1243,82986600
012030,DB,1200,1160,-40,-3.33,3147074,3642921015
016610,DB금융투자,6800,6790,-10,-0.15,73257,497002410
005830,DB손해보험,57400,58600,1200,2.09,165502,9507548700
000990,DB하이텍,64100,65900,1800,2.81,1484945,97985711100
000995,DB하이텍1우,114500,114500,0,0.0,718,83798000
139130,DGB금융지주,9300,9190,-110,-1.18,575824,5288638500
001530,DI동일,311000,314000,3000,0.96,27048,8487770000
000210,DL,77700,77200,-500,-0.64,159601,12253010200
001880,DL건설,33300,32600,-700,-2.1,73334,2388520950
000215,DL우,45600,45300,-300,-0.66,2847,128440550
375500,DL이앤씨,144500,145500,1000,0.69,121571,17511635500
37550K,DL이앤씨우,80000,80200,200,0.25,8438,671825900
004840,DRB동일,7360,7210,-150,-2.04,28831,209163110
155660,DSR,6280,6260,-20,-0.32,31894,199244370
069730,DSR제강,6050,6080,30,0.5,58507,354090700
017940,E1,55500,55600,100,0.18,8431,467133700
365550,ESR켄달스퀘어리츠,6910,6760,-150,-2.17,392258,2661798930
383220,FF,613000,614000,1000,0.16,24295,14749913000
007700,FF홀딩스,37000,36400,-600,-1.62,75942,2774056550
114090,GKL,15900,16250,350,2.2,438670,7011129550
078930,GS,43050,43150,100,0.23,151888,6512199300
006360,GS건설,43900,43850,-50,-0.11,460948,20126319050
001250,GS글로벌,2735,2740,5,0.18,315899,861406325
007070,GS리테일,35050,34700,-350,-1.0,471434,16357622800
078935,GS우,36350,36250,-100,-0.28,4100,148235450
012630,HDC,12200,12000,-200,-1.64,378412,4539542150
039570,HDC아이콘트롤스,13900,13750,-150,-1.08,21266,291872700
089470,HDC현대EP,5830,5830,0,0.0,93921,545935810
294870,HDC현대산업개발,30650,30150,-500,-1.63,400795,12055583100
011200,HMM,38650,37600,-1050,-2.72,7344471,277827737950
082740,HSD엔진,8440,8210,-230,-2.73,415758,3440782850
003560,IHQ,1795,1805,10,0.56,896102,1624694730
175330,JB금융지주,7710,7590,-120,-1.56,548703,4163490480
234080,JW생명과학,18100,18300,200,1.1,38940,708003800
001060,JW중외제약,28650,28750,100,0.35,42419,1225058600
001067,JW중외제약2우B,60300,60400,100,0.17,436,26061700
001065,JW중외제약우,38700,37550,-1150,-2.97,1680,63978750
096760,JW홀딩스,4415,4400,-15,-0.34,38440,169128565
105560,KB금융,50900,51600,700,1.38,1043675,53466034000
002380,KCC,352500,343500,-9000,-2.55,40831,14103119500
344820,KCC글라스,71000,69400,-1600,-2.25,163510,11476037000
009070,KCTC,7740,7680,-60,-0.78,234238,1810794560
009440,KC그린홀딩스,6300,6200,-100,-1.59,235647,1465278130
119650,KC코트렐,9160,8750,-410,-4.48,888079,7791744690
092220,KEC,2400,2440,40,1.67,5932074,14665913295
016380,KG동부제철,16850,16700,-150,-0.89,417519,6902932950
016385,KG동부제철우,127000,122000,-5000,-3.94,570,69714500
001390,KG케미칼,37850,37350,-500,-1.32,276108,10326735450
033180,KH필룩스,3235,3215,-20,-0.62,739049,2387498630
001940,KISCO홀딩스,20700,20600,-100,-0.48,23300,480112300
025000,KPX케미칼,63400,63500,100,0.16,4397,278253400
092230,KPX홀딩스,68500,67500,-1000,-1.46,4048,273490500
000040,KR모터스,1230,1190,-40,-3.25,860330,1033936930
044450,KSS해운,11800,11600,-200,-1.69,174717,2024689550
030200,KT,33950,33550,-400,-1.18,877953,29550844750
033780,KTG,82600,82600,0,0.0,311672,25699724300
030210,KTB투자증권,7730,7490,-240,-3.1,526204,3967017910
058850,KTcs,3090,3130,40,1.29,293506,913044435
058860,KTis,2830,2825,-5,-0.18,115391,327231985
093050,LF,18250,17900,-350,-1.92,71538,1284439050
003550,LG,94800,95900,1100,1.16,260635,24811572100
034220,LG디스플레이,22000,22300,300,1.36,1444966,31812083300
051900,LG생활건강,1453000,1452000,-1000,-0.07,32131,46683758000
051905,LG생활건강우,672000,677000,5000,0.74,8364,5638238100
003555,LG우,72900,72800,-100,-0.14,5013,363828200
032640,LG유플러스,14600,14600,0,0.0,803939,11724969550
011070,LG이노텍,224500,223500,-1000,-0.45,144390,32173009000
066570,LG전자,156500,156500,0,0.0,716492,112019059500
066575,LG전자우,75300,74900,-400,-0.53,57412,4298040300
037560,LG헬로비전,7330,7230,-100,-1.36,657553,4772688630
051910,LG화학,864000,853000,-11000,-1.27,224682,193880272000
051915,LG화학우,388000,388500,500,0.13,12438,4829756000
079550,LIG넥스원,43250,42800,-450,-1.04,144925,6158401050
006260,LS,71100,70600,-500,-0.7,131584,9235548700
010120,LSELECTRIC,63800,65500,1700,2.66,271304,17649547100
000680,LS네트웍스,4135,4045,-90,-2.18,202390,821631425
229640,LS전선아시아,9030,8840,-190,-2.1,245905,2177342990
001120,LX인터내셔널,29450,29600,150,0.51,380362,11089456450
108670,LX하우시스,97900,95500,-2400,-2.45,131696,12560330500
108675,LX하우시스우,42700,42000,-700,-1.64,3686,154581050
383800,LX홀딩스,10500,10400,-100,-0.95,444969,4620494150
38380K,LX홀딩스1우,17600,17400,-200,-1.14,5871,102551700
023150,MH에탄올,11050,10650,-400,-3.62,92983,1007806100
035420,NAVER,433500,428000,-5500,-1.27,830841,354638945287
181710,NHN,76200,75200,-1000,-1.31,69132,5247177500
005940,NH투자증권,12900,12900,0,0.0,476775,6121765350
005945,NH투자증권우,11500,11450,-50,-0.43,34666,397876400
338100,NH프라임리츠,4940,4930,-10,-0.2,25957,127569090
034310,NICE,18800,18800,0,0.0,34258,642590550
008260,NI스틸,5010,4815,-195,-3.89,259603,1268147065
004250,NPC,5760,5830,70,1.22,2854419,16514293630
004255,NPC우,3330,3340,10,0.3,54330,180645590
010060,OCI,113000,113000,0,0.0,258779,29212818500
005490,POSCO,360000,341000,-19000,-5.28,885509,304381691000
010950,S-Oil,98400,97300,-1100,-1.12,400260,38597717300
010955,S-Oil우,55900,55600,-300,-0.54,18002,991613800
034120,SBS,50900,54100,3200,6.29,436477,23162910400
101060,SBS미디어홀딩스,2245,2195,-50,-2.23,542992,1209099335
005090,SGC에너지,50800,50400,-400,-0.79,102400,5107386400
001380,SG글로벌,3110,2970,-140,-4.5,378631,1140721505
004060,SG세계물산,818,806,-12,-1.47,1264254,1023546165
001770,SHD,27300,27050,-250,-0.92,13187,361246400
002360,SH에너지화학,1100,1080,-20,-1.82,2543676,2765352675
009160,SIMPAC,7180,6560,-620,-8.64,1167716,7793035920
123700,SJM,5430,5410,-20,-0.37,72209,385551060
025530,SJM홀딩스,4465,4285,-180,-4.03,91628,397385250
034730,SK,271500,273000,1500,0.55,93594,25402807000
011790,SKC,160000,159500,-500,-0.31,122404,19520430000
018670,SK가스,115500,114500,-1000,-0.87,4768,546522500
001740,SK네트웍스,6170,5890,-280,-4.54,2877037,16979838540
001745,SK네트웍스우,114500,115000,500,0.44,44,5042500
006120,SK디스커버리,49400,49100,-300,-0.61,57064,2787222600
006125,SK디스커버리우,39850,39500,-350,-0.88,3855,152400050
210980,SK디앤디,37100,37050,-50,-0.13,45582,1683469650
068400,SK렌터카,15600,15250,-350,-2.24,354525,5413736700
302440,SK바이오사이언스,197000,204000,7000,3.55,2863342,569613137500
326030,SK바이오팜,124000,124000,0,0.0,254700,31588850000
361610,SK아이이테크놀로지,228500,211000,-17500,-7.66,893344,198146612000
03473K,SK우,243500,243000,-500,-0.21,749,181990000
096770,SK이노베이션,256000,253000,-3000,-1.17,327193,82992942000
096775,SK이노베이션우,168000,167000,-1000,-0.6,2527,422017500
001510,SK증권,989,988,-1,-0.1,2365544,2332310732
001515,SK증권우,4500,4500,0,0.0,8601,38946570
285130,SK케미칼,251500,260000,8500,3.38,155114,39754180000
28513K,SK케미칼우,111500,113500,2000,1.79,26125,2920845000
017670,SK텔레콤,302000,306000,4000,1.32,113019,34447204500
000660,SK하이닉스,116000,120000,4000,3.45,4396423,525012153500
064960,SNT모티브,62300,59400,-2900,-4.65,150181,8974863300
100840,SNT에너지,21500,20850,-650,-3.02,56105,1176754750
003570,SNT중공업,10750,10800,50,0.47,32980,356365000
036530,SNT홀딩스,20700,20550,-150,-0.72,23516,480307900
005610,SPC삼립,83000,82900,-100,-0.12,11863,972745300
011810,STX,6740,6820,80,1.19,56221,378830530
077970,STX엔진,12000,12200,200,1.67,99924,1175548100
071970,STX중공업,6540,6440,-100,-1.53,450497,2897507790
002820,SUNL,6350,6340,-10,-0.16,14859,92708320
084870,TBH글로벌,2545,2430,-115,-4.52,140143,343224375
002710,TCC스틸,6420,6200,-220,-3.43,467732,2956268630
002900,TYM,2055,2055,0,0.0,1697807,3496154565
024070,WISCOM,4480,4480,0,0.0,112713,506943885
037270,YGPLUS,7150,7080,-70,-0.98,2049819,14698069750
000500,가온전선,33650,32150,-1500,-4.46,57922,1894167450
000860,강남제비스코,31600,31450,-150,-0.47,11059,346402350
035250,강원랜드,26150,26250,100,0.38,520966,13620374350
011420,갤럭시아에스엠,2080,2345,265,12.74,16542961,40191992695
002100,경농,16450,16950,500,3.04,1415382,24130108550
009450,경동나비엔,73300,72400,-900,-1.23,59082,4286435100
267290,경동도시가스,23700,23700,0,0.0,3680,87439750
012320,경동인베스트,40150,40000,-150,-0.37,2277,90628150
000050,경방,13700,13250,-450,-3.28,36862,489711450
214390,경보제약,12800,12800,0,0.0,92053,1174226200
012610,경인양행,6810,6850,40,0.59,84341,575297050
009140,경인전자,33150,33400,250,0.75,7785,260531750
013580,계룡건설,32500,32400,-100,-0.31,25457,825508200
012200,계양전기,5020,5270,250,4.98,791224,4091446060
012205,계양전기우,8350,8300,-50,-0.6,5049,41867200
002140,고려산업,4115,4025,-90,-2.19,144151,582434015
010130,고려아연,540000,530000,-10000,-1.85,72060,38261091000
002240,고려제강,24700,24400,-300,-1.21,42606,1028443500
009290,광동제약,8840,8780,-60,-0.68,134279,1179364040
017040,광명전기,3400,3290,-110,-3.24,1164065,3858150720
017900,광전자,2745,2730,-15,-0.55,213402,582071440
037710,광주신세계,184500,185000,500,0.27,712,131885500
030610,교보증권,8500,8450,-50,-0.59,57629,486255850
339770,교촌에프앤비,20450,19900,-550,-2.69,153012,3072208400
007690,국도화학,88200,86700,-1500,-1.7,96586,8378828100
005320,국동,3595,3550,-45,-1.25,408005,1440026490
001140,국보,1440,1480,40,2.78,1154406,1703309390
002720,국제약품,7010,7270,260,3.71,415691,3058395830
083420,그린케미칼,12150,11850,-300,-2.47,250490,2971813650
014530,극동유화,4590,4500,-90,-1.96,565381,2619256735
014280,금강공업,8120,8100,-20,-0.25,173892,1399291710
014285,금강공업우,22900,20600,-2300,-10.04,43427,922455150
008870,금비,74800,76300,1500,2.01,1544,117004600
001570,금양,4980,4975,-5,-0.1,240093,1196139370
002990,금호건설,12200,12500,300,2.46,161045,1994340300
002995,금호건설우,35800,35600,-200,-0.56,617,22001200
011780,금호석유,205000,215000,10000,4.88,472251,99442305500
011785,금호석유우,116500,124500,8000,6.87,63644,7762640000
214330,금호에이치티,2340,2330,-10,-0.43,859502,2014530220
001210,금호전기,2665,2730,65,2.44,103897,279232935
073240,금호타이어,6620,6480,-140,-2.11,642547,4171435920
092440,기신정기,5030,4905,-125,-2.49,130469,643319800
000270,기아,84700,85800,1100,1.3,1193061,101445363500
024110,기업은행,10200,10250,50,0.49,918779,9363953850
013700,까뮤이앤씨,2500,2580,80,3.2,4748879,12519984985
004540,깨끗한나라,6350,6200,-150,-2.36,298246,1852716080
004545,깨끗한나라우,31400,30200,-1200,-3.82,1721,52708250
001260,남광토건,16150,16050,-100,-0.62,34184,544356950
008350,남선알미늄,4185,4070,-115,-2.75,2654005,10854042010
008355,남선알미우,50000,48800,-1200,-2.4,2980,145156150
004270,남성,3425,3340,-85,-2.48,170723,576457250
003920,남양유업,592000,581000,-11000,-1.86,4555,2654264000
003925,남양유업우,331500,320000,-11500,-3.47,879,287257500
025860,남해화학,11300,11250,-50,-0.44,3620439,40839074750
005720,넥센,5090,5050,-40,-0.79,35300,177714500
005725,넥센우,3700,3650,-50,-1.35,373,1367630
002350,넥센타이어,9300,9280,-20,-0.22,288774,2638232210
002355,넥센타이어1우B,3920,3895,-25,-0.64,1407,5486090
003580,넥스트사이언스,26750,25450,-1300,-4.86,2983021,75351148100
251270,넷마블,137000,134500,-2500,-1.82,1179981,164954250000
090350,노루페인트,11750,11650,-100,-0.85,94681,1106033400
090355,노루페인트우,29250,28000,-1250,-4.27,12299,340927000
000320,노루홀딩스,14050,13950,-100,-0.71,24772,343719650
000325,노루홀딩스우,68800,65000,-3800,-5.52,22225,1459065800
006280,녹십자,295500,293000,-2500,-0.85,32925,9628666500
005250,녹십자홀딩스,31500,31250,-250,-0.79,77514,2428744950
005257,녹십자홀딩스2우,70500,70800,300,0.43,531,37684100
004370,농심,330000,325000,-5000,-1.52,31546,10238301000
072710,농심홀딩스,79900,79700,-200,-0.25,3204,255018500
058730,다스코,6450,6330,-120,-1.86,144377,909145560
023590,다우기술,26550,26600,50,0.19,88706,2370819600
019680,대교,4720,4610,-110,-2.33,169849,789503735
019685,대교우B,3495,3395,-100,-2.86,118243,405784940
006370,대구백화점,11250,11300,50,0.44,8986,101627250
008060,대덕,7690,7680,-10,-0.13,214163,1650185910
00806K,대덕1우,12850,12500,-350,-2.72,5556,69660250
353200,대덕전자,15750,15850,100,0.63,650809,10364165650
35320K,대덕전자1우,15600,15900,300,1.92,24824,390349300
000490,대동,12550,12000,-550,-4.38,527940,6427310700
008110,대동전자,6980,6850,-130,-1.86,15507,107166640
005750,대림BCo,8280,8150,-130,-1.57,104838,861981260
006570,대림통상,4335,4190,-145,-3.34,31347,131947445
001680,대상,27200,27100,-100,-0.37,139732,3760376300
001685,대상우,20550,20450,-100,-0.49,1970,40216250
084690,대상홀딩스,11100,11000,-100,-0.9,73606,811118950
084695,대상홀딩스우,13400,13350,-50,-0.37,3252,43498750
128820,대성산업,4940,4925,-15,-0.3,95589,470890165
117580,대성에너지,6330,6390,60,0.95,19194,121557090
016710,대성홀딩스,38350,38550,200,0.52,43472,1658730700
003540,대신증권,17850,17850,0,0.0,79920,1429094150
003547,대신증권2우B,15550,15550,0,0.0,12390,192909850
003545,대신증권우,16300,16350,50,0.31,55304,902015350
009190,대양금속,5720,5570,-150,-2.62,883423,4968808490
014160,대영포장,3075,3005,-70,-2.28,2537965,7658424390
047040,대우건설,7260,7270,10,0.14,1675653,12213965610
009320,대우부품,2525,2545,20,0.79,205997,522370715
042660,대우조선해양,32200,31700,-500,-1.55,241264,7633915150
003090,대웅,37450,37050,-400,-1.07,122911,4563507000
069620,대웅제약,174000,170000,-4000,-2.3,84120,14372737500
000430,대원강업,4030,4040,10,0.25,63161,254118630
006340,대원전선,2525,2425,-100,-3.96,1944814,4769661940
006345,대원전선우,4670,4450,-220,-4.71,60126,271237540
003220,대원제약,15850,15800,-50,-0.32,34687,547244700
024890,대원화성,2865,2870,5,0.17,229860,664745940
002880,대유에이텍,1385,1385,0,0.0,1281882,1803185300
000300,대유플러스,1505,1470,-35,-2.33,1059606,1564341885
012800,대창,2645,2580,-65,-2.46,2739795,7105800895
015230,대창단조,8620,8580,-40,-0.46,49748,427527410
001070,대한방직,43950,43950,0,0.0,4725,207164550
006650,대한유화,257000,253000,-4000,-1.56,77159,19524118500
001440,대한전선,2550,2460,-90,-3.53,14416195,35854138990
084010,대한제강,21700,21400,-300,-1.38,119188,2535719950
001790,대한제당,3180,3105,-75,-2.36,250407,780569100
001795,대한제당우,3830,3840,10,0.26,78331,296855935
001130,대한제분,178000,174000,-4000,-2.25,5379,941317500
003490,대한항공,29600,29700,100,0.34,1255218,37086257350
003495,대한항공우,39900,39850,-50,-0.13,3682,146193950
005880,대한해운,3025,2975,-50,-1.65,3051809,9092367420
003830,대한화섬,147500,145000,-2500,-1.69,218,31993000
016090,대현,2820,2755,-65,-2.3,345770,962967285
069460,대호에이엘,4265,4185,-80,-1.88,330554,1372017770
192080,더블유게임즈,60900,61900,1000,1.64,189668,11853759100
012510,더존비즈온,83900,85500,1600,1.91,138644,11787021500
004830,덕성,21650,19700,-1950,-9.01,2279383,46233756050
004835,덕성우,32850,30200,-2650,-8.07,160257,4984840850
024900,덕양산업,3530,3590,60,1.7,97765,351903970
145720,덴티움,72100,73400,1300,1.8,75258,5489196800
002150,도화엔지니어링,8900,8830,-70,-0.79,50855,450663420
001230,동국제강,20650,20000,-650,-3.15,1176835,23693289450
023450,동남합성,63200,65000,1800,2.85,2745,174487800
004140,동방,6290,6250,-40,-0.64,459705,2884581100
007590,동방아그로,8420,8750,330,3.92,277984,2405152400
005960,동부건설,14200,14000,-200,-1.41,58718,821859200
005965,동부건설우,44900,43000,-1900,-4.23,5613,243973700
026960,동서,30400,30300,-100,-0.33,57921,1749071900
002210,동성제약,9630,9830,200,2.08,125222,1219872860
102260,동성케미컬,6080,6090,10,0.16,59388,359649580
000640,동아쏘시오홀딩스,122500,124500,2000,1.63,13311,1642735500
170900,동아에스티,81500,82200,700,0.86,38562,3169316800
028100,동아지질,21550,22150,600,2.78,147160,3204285250
282690,동아타이어,12350,12450,100,0.81,10649,131735600
001520,동양,1950,1875,-75,-3.85,2567211,4893844565
001527,동양2우B,19300,18600,-700,-3.63,9178,172442900
001529,동양3우B,56700,53900,-2800,-4.94,8202,447943700
084670,동양고속,23550,23350,-200,-0.85,4811,112371250
082640,동양생명,5310,5410,100,1.88,143397,766947410
001525,동양우,10100,9840,-260,-2.57,9234,91731330
008970,동양철관,1770,1750,-20,-1.13,9792588,17443941945
092780,동양피스톤,6540,6430,-110,-1.68,99972,648855940
049770,동원FB,221000,220500,-500,-0.23,5159,1129278000
018500,동원금속,1010,1005,-5,-0.5,161378,162924500
006040,동원산업,244000,240500,-3500,-1.43,3474,835641500
030720,동원수산,9430,9540,110,1.17,32113,303823990
014820,동원시스템즈,43250,43900,650,1.5,18946,823891400
014825,동원시스템즈우,36950,36350,-600,-1.62,743,26906250
163560,동일고무벨트,9870,9780,-90,-0.91,34598,338454520
004890,동일산업,110000,107000,-3000,-2.73,8401,938593000
002690,동일제강,4255,4155,-100,-2.35,77915,328043420
000020,동화약품,14650,15300,650,4.44,487257,7348252900
000150,두산,95400,93000,-2400,-2.52,94864,8850832000
000157,두산2우B,136000,134500,-1500,-1.1,3449,465294500
241560,두산밥캣,44800,44150,-650,-1.45,372329,16290273350
000155,두산우,67500,66200,-1300,-1.93,7281,481324600
042670,두산인프라코어,16300,15700,-600,-3.68,1312493,20791834600
034020,두산중공업,21800,20700,-1100,-5.05,9201057,192441487100
336260,두산퓨얼셀,49200,48650,-550,-1.12,402696,19636480750
33626K,두산퓨얼셀1우,15750,15500,-250,-1.59,39260,611427750
33626L,두산퓨얼셀2우B,21500,21300,-200,-0.93,7636,162247900
016740,두올,4625,4640,15,0.32,61915,286486685
192650,드림텍,12750,12750,0,0.0,291779,3734331550
024090,디씨엠,18200,18600,400,2.2,74448,1337642700
003160,디아이,9040,9060,20,0.22,174139,1576159180
092200,디아이씨,6870,6660,-210,-3.06,327178,2197568180
013570,디와이,5770,5710,-60,-1.04,75684,434151670
210540,디와이파워,16500,16200,-300,-1.82,73387,1189685550
007340,디티알오토모티브,40300,40500,200,0.5,11709,469872100
026890,디피씨,13150,14100,950,7.22,1779315,24741847450
115390,락앤락,13250,13400,150,1.13,63660,845142150
032350,롯데관광개발,19100,19250,150,0.79,292380,5587810700
330590,롯데리츠,5890,5870,-20,-0.34,228519,1340995250
000400,롯데손해보험,1850,1855,5,0.27,391001,723978915
023530,롯데쇼핑,108500,108000,-500,-0.46,60201,6487949500
004000,롯데정밀화학,70200,70700,500,0.71,227637,16203676500
286940,롯데정보통신,40500,40150,-350,-0.86,38424,1532651700
280360,롯데제과,142000,139000,-3000,-2.11,11753,1630167500
004990,롯데지주,37850,37500,-350,-0.92,149599,5615950150
00499K,롯데지주우,58300,58300,0,0.0,91,5305300
005300,롯데칠성,143000,142000,-1000,-0.7,41715,5879033000
005305,롯데칠성우,77000,78100,1100,1.43,1777,136761900
011170,롯데케미칼,266500,270000,3500,1.31,163943,43965069000
002270,롯데푸드,442000,446500,4500,1.02,4200,1851409000
071840,롯데하이마트,35650,35750,100,0.28,58288,2073714200
027740,마니커,682,679,-3,-0.44,1094788,742303629
204320,만도,63300,64500,1200,1.9,535755,34276388600
001080,만호제강,22550,22200,-350,-1.55,7729,172121500
088980,맥쿼리인프라,12300,12300,0,0.0,407616,5022290450
094800,맵스리얼티1,4645,4635,-10,-0.22,12827,59523275
138040,메리츠금융지주,24600,24900,300,1.22,158459,3855915800
008560,메리츠증권,4930,4950,20,0.41,1241197,6110899765
000060,메리츠화재,24400,24500,100,0.41,426075,10228381500
090370,메타랩스,1185,1175,-10,-0.84,298709,351416235
017180,명문제약,5530,5580,50,0.9,232786,1304262270
009900,명신산업,33400,33150,-250,-0.75,1328694,44798576200
012690,모나리자,4980,5020,40,0.8,136776,687936130
005360,모나미,5610,5580,-30,-0.53,211734,1187282120
204210,모두투어리츠,4110,4085,-25,-0.61,24651,100373415
009680,모토닉,11100,11050,-50,-0.45,23690,262086450
009580,무림PP,4925,4855,-70,-1.42,251611,1222374035
009200,무림페이퍼,3115,3070,-45,-1.44,201258,618735780
033920,무학,8130,8030,-100,-1.23,30114,242670130
008420,문배철강,5140,5020,-120,-2.33,261229,1321913180
025560,미래산업,15450,15350,-100,-0.65,58080,892781700
007120,미래아이앤지,618,626,8,1.29,1145924,712062874
357250,미래에셋맵스리츠,4995,5010,15,0.3,16227,81096205
085620,미래에셋생명,4090,4120,30,0.73,64336,265022765
006800,미래에셋증권,8970,8910,-60,-0.67,1141070,10157593790
00680K,미래에셋증권2우B,4630,4620,-10,-0.22,191061,880229895
006805,미래에셋증권우,6080,6250,170,2.8,48271,292382020
002840,미원상사,207000,206000,-1000,-0.48,1633,336391500
268280,미원에스씨,181000,186500,5500,3.04,6879,1264196500
107590,미원홀딩스,127000,127500,500,0.39,622,79031000
134380,미원화학,81000,80600,-400,-0.49,379,30716200
003650,미창석유,81600,80400,-1200,-1.47,1821,147490000
155900,바다로19호,2770,2780,10,0.36,31269,87153605
003610,방림,2350,2350,0,0.0,68293,160055005
001340,백광산업,6800,6780,-20,-0.29,504957,3427639320
035150,백산,10550,10400,-150,-1.42,449173,4671804200
002410,범양건영,7320,8200,880,12.02,13229541,111133340180
096300,베트남개발1,240,239,-1,-0.42,136519,32500440
007210,벽산,4205,4220,15,0.36,635557,2683672750
002760,보락,2495,2640,145,5.81,19388823,51003335955
003850,보령제약,18050,17800,-250,-1.39,165736,2964801300
000890,보해양조,1135,1140,5,0.44,2885627,3309959085
003000,부광약품,20900,21650,750,3.59,2692310,57830572650
001270,부국증권,24650,24500,-150,-0.61,1658,40633800
001275,부국증권우,22600,22400,-200,-0.88,170,3808200
026940,부국철강,6930,6600,-330,-4.76,1815432,12016221010
015350,부산가스,61300,61900,600,0.98,3212,196584400
011390,부산산업,149000,151000,2000,1.34,11553,1724241000
005030,부산주공,596,600,4,0.67,181403,108684852
002070,비비안,3485,3495,10,0.29,233811,818242990
100220,비상교육,11700,11300,-400,-3.42,208031,2369467750
030790,비케이탑스,8260,8000,-260,-3.15,475419,3758109650
005180,빙그레,60500,59700,-800,-1.32,54749,3275714800
003960,사조대림,27500,27050,-450,-1.64,31357,848458900
008040,사조동아원,1595,1535,-60,-3.76,9720678,15031616200
007160,사조산업,69000,68500,-500,-0.72,98344,6724633500
014710,사조씨푸드,6320,6270,-50,-0.79,250657,1613979710
006090,사조오양,11950,11950,0,0.0,49194,587393850
001470,삼부토건,3320,3370,50,1.51,3480547,11550344870
006400,삼성SDI,747000,749000,2000,0.27,181067,135883917000
006405,삼성SDI우,438000,438500,500,0.11,2829,1242089000
006660,삼성공조,28300,28500,200,0.71,119324,3370107650
028260,삼성물산,143500,143500,0,0.0,421163,59921425000
02826K,삼성물산우B,141500,141000,-500,-0.35,15947,2228480500
207940,삼성바이오로직스,913000,909000,-4000,-0.44,61569,55932367500
032830,삼성생명,75800,76400,600,0.79,278936,21172206400
018260,삼성에스디에스,185500,185000,-500,-0.27,100578,18487761000
028050,삼성엔지니어링,23750,23400,-350,-1.47,1639148,38529405250
009150,삼성전기,190500,194000,3500,1.84,539887,104429339500
009155,삼성전기우,104500,106000,1500,1.44,13644,1441360500
005930,삼성전자,79300,81400,2100,2.65,24339360,1966480433000
005935,삼성전자우,73100,74200,1100,1.5,1622106,119713924900
001360,삼성제약,7400,7410,10,0.14,837902,6206166920
010140,삼성중공업,6540,6540,0,0.0,0,0
010145,삼성중공우,289500,289500,0,0.0,0,0
016360,삼성증권,44150,44100,-50,-0.11,201035,8862731150
068290,삼성출판사,41050,41300,250,0.61,162247,6757299800
029780,삼성카드,34700,34650,-50,-0.14,122253,4228462950
000810,삼성화재,216500,218500,2000,0.92,108444,23469190000
000815,삼성화재우,162000,162500,500,0.31,2761,447749500
006110,삼아알미늄,15000,14400,-600,-4.0,267206,3893486950
145990,삼양사,63500,63800,300,0.47,16361,1038485900
145995,삼양사우,46900,47000,100,0.21,53,2482900
003230,삼양식품,91200,90200,-1000,-1.1,18328,1657193000
002170,삼양통상,77000,76500,-500,-0.65,11240,853265600
272550,삼양패키징,28650,28150,-500,-1.75,18540,525855300
000070,삼양홀딩스,110000,107000,-3000,-2.73,39295,4205602500
000075,삼양홀딩스우,71600,69900,-1700,-2.37,471,32998800
002810,삼영무역,16200,16250,50,0.31,33877,553522650
005680,삼영전자,13300,13050,-250,-1.88,56606,743693250
003720,삼영화학,3305,3240,-65,-1.97,457486,1483417190
023000,삼원강재,3470,3460,-10,-0.29,56922,195192650
004380,삼익THK,13250,13200,-50,-0.38,47732,627375750
002450,삼익악기,1910,1905,-5,-0.26,467407,884262195
004440,삼일씨엔에스,12750,12750,0,0.0,18840,238205650
000520,삼일제약,9000,10300,1300,14.44,11864591,129225895330
009770,삼정펄프,36000,35400,-600,-1.67,4763,169370850
005500,삼진제약,27050,27100,50,0.18,21385,577724500
004690,삼천리,89700,89100,-600,-0.67,4755,422994500
010960,삼호개발,6000,6040,40,0.67,130222,787328170
004450,삼화왕관,44000,44000,0,0.0,1853,81144900
009470,삼화전기,33800,36000,2200,6.51,144761,5104292850
011230,삼화전자,3985,4075,90,2.26,70602,285098990
001820,삼화콘덴서,60400,61100,700,1.16,63597,3876862500
000390,삼화페인트,11150,11050,-100,-0.9,76391,840335650
001290,상상인증권,1280,1275,-5,-0.39,108775,137731925
041650,상신브레이크,4495,4460,-35,-0.78,65022,289512855
075180,새론오토모티브,6850,6790,-60,-0.88,24354,165732370
007540,샘표,55300,55300,0,0.0,5237,288939800
248170,샘표식품,57300,56700,-600,-1.05,12534,708015000
007860,서연,15450,14650,-800,-5.18,919321,13728098450
200880,서연이화,7750,7420,-330,-4.26,248123,1860618250
017390,서울가스,136500,138000,1500,1.1,3709,510950000
004410,서울식품,405,407,2,0.49,13480754,5507922297
004415,서울식품우,5220,5200,-20,-0.38,4430,23121460
021050,서원,3040,2970,-70,-2.3,1058270,3144386985
008490,서흥,54900,54800,-100,-0.18,11244,613520200
007610,선도전기,4320,4280,-40,-0.93,309865,1314617485
136490,선진,15600,15600,0,0.0,63350,981301900
014910,성문전자,2405,2410,5,0.21,69943,168562225
014915,성문전자우,10150,10100,-50,-0.49,1186,12036300
003080,성보화학,4885,4800,-85,-1.74,128076,615059015
004980,성신양회,11600,11550,-50,-0.43,138394,1586123000
004985,성신양회우,17150,16750,-400,-2.33,12866,214259500
011300,성안,787,787,0,0.0,0,0
000180,성창기업지주,2990,2925,-65,-2.17,591830,1741962350
002420,세기상사,6160,6160,0,0.0,0,0
004360,세방,13250,13250,0,0.0,53134,699547950
004365,세방우,8280,8210,-70,-0.85,2622,21551000
004490,세방전지,88500,88200,-300,-0.34,40633,3576249500
001430,세아베스틸,31100,29850,-1250,-4.02,325444,9727653200
306200,세아제강,103500,101000,-2500,-2.42,13885,1402663000
003030,세아제강지주,81300,80900,-400,-0.49,16686,1336642200
019440,세아특수강,16600,16650,50,0.3,38581,657649300
058650,세아홀딩스,104000,105000,1000,0.96,1546,161175500
013000,세우글로벌,2470,2470,0,0.0,0,0
091090,세원이앤씨,1125,1055,-70,-6.22,3081033,3270531565
021820,세원정공,8090,8090,0,0.0,0,0
067830,세이브존IC,3605,3575,-30,-0.83,32829,117240890
033530,세종공업,10100,10000,-100,-0.99,554440,5578141570
075580,세진중공업,6610,6580,-30,-0.45,206644,1356149410
027970,세하,2065,2055,-10,-0.48,531123,1074458640
145210,세화아이엠씨,733,731,-2,-0.27,3983906,2840276307
308170,센트랄모텍,26700,26300,-400,-1.5,56545,1490855250
012600,센트럴인사이트,2490,2490,0,0.0,0,0
068270,셀트리온,263500,265000,1500,0.57,279936,73563181500
336370,솔루스첨단소재,60500,60600,100,0.17,298771,18178774000
33637K,솔루스첨단소재1우,17450,17400,-50,-0.29,19211,336144450
33637L,솔루스첨단소재2우B,33400,33500,100,0.3,7253,240689800
248070,솔루엠,30000,30050,50,0.17,1227160,37551262050
004430,송원산업,19100,19100,0,0.0,112596,2150492650
017550,수산중공업,3735,3875,140,3.75,8421220,33465699950
053210,스카이라이프,10850,10750,-100,-0.92,94987,1022226400
134790,시디즈,72800,72300,-500,-0.69,1667,120857800
016590,신대양제지,97100,97800,700,0.72,8591,828857600
029530,신도리코,32450,31800,-650,-2.0,53214,1699544650
004970,신라교역,13000,12800,-200,-1.54,18281,232438800
011930,신성이엔지,2635,2600,-35,-1.33,1132138,2942664205
005390,신성통상,4135,4010,-125,-3.02,9098984,37892866935
004170,신세계,267000,268000,1000,0.37,30488,8115040000
035510,신세계IC,196000,192500,-3500,-1.79,17481,3373844000
034300,신세계건설,44650,45150,500,1.12,11652,523011950
031430,신세계인터내셔날,193500,191500,-2000,-1.03,25737,4896735500
031440,신세계푸드,98000,97100,-900,-0.92,26745,2627372900
006880,신송홀딩스,5370,5310,-60,-1.12,23212,124524530
005800,신영와코루,112000,113500,1500,1.34,650,72695000
001720,신영증권,64300,63900,-400,-0.62,2617,167670200
001725,신영증권우,66000,65600,-400,-0.61,512,33692100
009270,신원,2085,2095,10,0.48,8275811,17519186420
009275,신원우,54000,53000,-1000,-1.85,4274,230006600
002700,신일전자,2180,2120,-60,-2.75,9706977,20776433705
019170,신풍제약,64500,63800,-700,-1.09,551495,35200885600
019175,신풍제약우,86100,85400,-700,-0.81,13591,1158608400
002870,신풍제지,3110,3070,-40,-1.29,250481,767980685
293940,신한알파리츠,7980,7980,0,0.0,60485,479935010
055550,신한지주,38600,38750,150,0.39,1055373,40641631900
004080,신흥,16100,16700,600,3.73,60140,1001452400
102280,쌍방울,811,800,-11,-1.36,8386634,6720437524
003410,쌍용CE,7920,7860,-60,-0.76,790218,6213847350
003620,쌍용차,2770,2770,0,0.0,0,0
004770,써니전자,3515,3510,-5,-0.14,1534071,5492125615
015540,쎌마테라퓨틱스,6410,6410,0,0.0,0,0
004920,씨아이테크,1225,1220,-5,-0.41,186213,226225020
112610,씨에스윈드,80600,79300,-1300,-1.61,437658,34953096700
008700,아남전자,3270,3380,110,3.36,8784627,28969143535
002790,아모레G,58100,57400,-700,-1.2,194395,11106784100
00279K,아모레G3우전환,40650,40500,-150,-0.37,3435,138052150
002795,아모레G우,22200,21750,-450,-2.03,47870,1040352650
090430,아모레퍼시픽,220500,221000,500,0.23,211321,46252060595
090435,아모레퍼시픽우,78900,79500,600,0.76,17428,1374360400
002030,아세아,129500,128000,-1500,-1.16,3478,442784000
183190,아세아시멘트,121000,119500,-1500,-1.24,15128,1788839000
002310,아세아제지,53200,53100,-100,-0.19,24998,1323160500
012170,아센디오,2565,2470,-95,-3.7,381630,961564440
267850,아시아나IDT,20800,20900,100,0.48,19224,400856850
020560,아시아나항공,18050,18100,50,0.28,687670,12471017800
122900,아이마켓코리아,12350,12000,-350,-2.83,571310,6887093150
010780,아이에스동서,54000,52100,-1900,-3.52,139464,7312293300
001780,알루코,4740,4650,-90,-1.9,765337,3568420540
018250,애경산업,25200,24950,-250,-0.99,61457,1534864850
161000,애경유화,12950,12700,-250,-1.93,385478,4905781000
011090,에넥스,3070,3050,-20,-0.65,6970298,21832203875
137310,에스디바이오센서,55600,58300,2700,4.86,1837231,105159274900
005850,에스엘,33250,32250,-1000,-3.01,130014,4218179250
012750,에스원,80800,82300,1500,1.86,96700,7889457100
023960,에쓰씨엔지니어링,6030,5840,-190,-3.15,882548,5141186720
298690,에어부산,3275,3285,10,0.31,244836,796809545
140910,에이리츠,11400,11500,100,0.88,26910,307924700
078520,에이블씨엔씨,8750,8680,-70,-0.8,79010,687492710
015260,에이엔피,2025,2100,75,3.7,323037,661431900
007460,에이프로젠MED,2080,2055,-25,-1.2,1860779,3817094960
003060,에이프로젠제약,1195,1170,-25,-2.09,2403925,2835638185
244920,에이플러스에셋,12200,11300,-900,-7.38,3354942,37239824630
036570,엔씨소프트,824000,810000,-14000,-1.7,90490,73559793500
138250,엔에스쇼핑,12300,12350,50,0.41,36335,448943750
380440,엔에이치스팩19호,2225,2225,0,0.0,286068,635409195
085310,엔케이,1210,1185,-25,-2.07,377948,450768100
009810,엔케이물산,773,774,1,0.13,2025066,1554799788
900140,엘브이엠씨홀딩스,3455,3445,-10,-0.29,178255,610892235
097520,엠씨넥스,47450,47750,300,0.63,89389,4276410050
014440,영보화학,4880,4875,-5,-0.1,67429,325817290
111770,영원무역,39650,38900,-750,-1.89,102590,4000910800
009970,영원무역홀딩스,46050,45350,-700,-1.52,12812,581672600
003520,영진약품,5520,5520,0,0.0,457833,2530245300
000670,영풍,684000,678000,-6000,-0.88,1654,1122579000
006740,영풍제지,7730,7570,-160,-2.07,146971,1117215560
012280,영화금속,2155,2095,-60,-2.78,1432441,3037819685
012160,영흥,1180,1140,-40,-3.39,963971,1112982745
015360,예스코홀딩스,37550,37550,0,0.0,1569,58981550
007310,오뚜기,538000,534000,-4000,-0.74,2935,1566086000
002630,오리엔트바이오,1260,1250,-10,-0.79,424625,530136685
271560,오리온,117500,118000,500,0.43,57825,6819154500
001800,오리온홀딩스,16800,16650,-150,-0.89,98712,1643867950
011690,와이투솔루션,2440,2440,0,0.0,0,0
070960,용평리조트,5750,5770,20,0.35,171163,985030110
316140,우리금융지주,10850,10950,100,0.92,1754510,19115164600
033660,우리금융캐피탈,11450,11450,0,0.0,12431,141675900
118000,우리들휴브레인,1710,1680,-30,-1.75,867591,1463294340
010050,우리종금,994,988,-6,-0.6,3145292,3108257193
006980,우성사료,36050,35700,-350,-0.97,16310,580368950
017370,우신시스템,5230,5140,-90,-1.72,38597,199528090
105840,우진,9010,8450,-560,-6.22,861508,7436084430
010400,우진아이엔에스,8780,8740,-40,-0.46,13040,113573360
049800,우진플라임,4700,4515,-185,-3.94,173593,795889810
016880,웅진,3030,2905,-125,-4.13,4607749,13494430355
095720,웅진씽크빅,3980,3900,-80,-2.01,915267,3606223270
005820,원림,25000,25250,250,1.0,2897,72897200
010600,웰바이오텍,2805,2725,-80,-2.85,436606,1197481655
008600,윌비스,2450,2440,-10,-0.41,1066557,2601336390
033270,유나이티드제약,53500,52900,-600,-1.12,109475,5810645400
014830,유니드,116500,113000,-3500,-3.0,299343,33827601000
000910,유니온,7730,7720,-10,-0.13,200863,1547031320
047400,유니온머티리얼,3845,3825,-20,-0.52,231670,886761305
011330,유니켐,1640,1635,-5,-0.3,280922,457342450
077500,유니퀘스트,11000,11350,350,3.18,377021,4256987500
002920,유성기업,3625,3630,5,0.14,108158,394443355
000700,유수홀딩스,6220,6200,-20,-0.32,49634,306828390
003470,유안타증권,4450,4400,-50,-1.12,478876,2106476010
003475,유안타증권우,4725,4685,-40,-0.85,75549,350014825
072130,유엔젤,4660,4635,-25,-0.54,444412,2112870670
000220,유유제약,9670,9530,-140,-1.45,238087,2277482400
000225,유유제약1우,12600,12300,-300,-2.38,26081,319447750
000227,유유제약2우B,25450,25000,-450,-1.77,945,23650450
001200,유진투자증권,4025,4010,-15,-0.37,256059,1023336845
000100,유한양행,62000,61700,-300,-0.48,121169,7472386500
000105,유한양행우,59600,59600,0,0.0,1579,94025300
003460,유화증권,2890,2880,-10,-0.35,148521,424208670
003465,유화증권우,2850,2850,0,0.0,1839,5218085
008730,율촌화학,21200,21000,-200,-0.94,34439,721152000
008250,이건산업,14900,14650,-250,-1.68,393240,5784780300
025820,이구산업,4380,4210,-170,-3.88,968705,4097287760
214320,이노션,62400,61700,-700,-1.12,27117,1673414300
088260,이리츠코크렙,5940,5880,-60,-1.01,118264,696873560
139480,이마트,171500,173000,1500,0.87,245012,41935881000
007660,이수페타시스,3775,3690,-85,-2.25,376038,1407918305
005950,이수화학,11850,11950,100,0.84,134584,1598469650
015020,이스타코,3850,3750,-100,-2.6,4485405,18049164055
093230,이아이디,538,516,-22,-4.09,24302227,12716505294
074610,이엔플러스,3975,4100,125,3.14,772040,3151745350
102460,이연제약,51700,52200,500,0.97,414613,21555532300
084680,이월드,3385,3345,-40,-1.18,414157,1390946240
350520,이지스레지던스리츠,5100,5080,-20,-0.39,38600,196243830
334890,이지스밸류리츠,5600,5570,-30,-0.54,23109,128888820
000760,이화산업,19700,19650,-50,-0.25,5116,100368700
014990,인디에프,1580,1600,20,1.27,1178581,1884747220
101140,인바이오젠,4335,4085,-250,-5.77,1925406,7927242340
006490,인스코비,3800,3695,-105,-2.76,1778610,6607983310
023800,인지컨트롤스,15350,15300,-50,-0.33,86712,1326532450
034590,인천도시가스,28350,28550,200,0.71,951,27067550
129260,인터지스,3725,3685,-40,-1.07,141700,523891180
023810,인팩,12850,12750,-100,-0.78,44952,563815350
249420,일동제약,15200,15150,-50,-0.33,42767,646515800
000230,일동홀딩스,13500,13750,250,1.85,11070,149376250
013360,일성건설,3440,3505,65,1.89,9857679,37474323405
003120,일성신약,82600,83000,400,0.48,1637,135434500
003200,일신방직,100500,99400,-1100,-1.09,6578,655466800
007110,일신석재,2900,2925,25,0.86,24479143,72800242385
007570,일양약품,33800,34300,500,1.48,155010,5269734950
007575,일양약품우,33900,35250,1350,3.98,2317,80874350
008500,일정실업,19900,19900,0,0.0,913,18171700
081000,일진다이아,47200,47600,400,0.85,131420,6242460350
020760,일진디스플,4290,4390,100,2.33,94099,410722555
020150,일진머티리얼즈,80000,79000,-1000,-1.25,312931,25039264800
103590,일진전기,6700,6180,-520,-7.76,1607744,10290562180
015860,일진홀딩스,5950,5870,-80,-1.34,191629,1123970800
226320,잇츠한불,24850,24400,-450,-1.81,25451,624384150
317400,자이에스앤디,10650,10650,0,0.0,179281,1918558600
033240,자화전자,19750,19900,150,0.76,40661,808027500
000950,전방,39850,39650,-200,-0.5,1521,60539600
348950,제이알글로벌리츠,5300,5280,-20,-0.38,804209,4245440460
194370,제이에스코퍼레이션,22300,21400,-900,-4.04,495570,10701572350
025620,제이준코스메틱,2040,2185,145,7.11,36253750,82204622325
036420,제이콘텐트리,48400,48500,100,0.21,75578,3609742700
030000,제일기획,24050,24500,450,1.87,307867,7440500650
271980,제일약품,41200,41650,450,1.09,26072,1078241900
001560,제일연마,8130,8110,-20,-0.25,4297,34940190
002620,제일파마홀딩스,22450,22700,250,1.11,17843,402820700
006220,제주은행,6500,6390,-110,-1.69,105650,680612340
089590,제주항공,22200,22400,200,0.9,57701,1291538600
004910,조광페인트,8220,8090,-130,-1.58,53125,429771210
004700,조광피혁,56200,55500,-700,-1.25,2846,158246800
001550,조비,30650,33250,2600,8.48,6431434,216510639250
000480,조선내화,90100,89200,-900,-1.0,1504,133971500
120030,조선선재,118000,118500,500,0.42,3184,374253500
018470,조일알미늄,1360,1305,-55,-4.04,1595297,2096774110
002600,조흥,198500,196500,-2000,-1.01,232,45728000
185750,종근당,129500,129500,0,0.0,33599,4340185500
063160,종근당바이오,56500,56300,-200,-0.35,20657,1165561000
001630,종근당홀딩스,100500,101000,500,0.5,6424,644236000
044380,주연테크,1650,1535,-115,-6.97,2810554,4401444845
013890,지누스,104000,108500,4500,4.33,134372,14430454000
013870,지엠비코리아,6680,6600,-80,-1.2,64224,424220610
071320,지역난방공사,42550,42450,-100,-0.24,3307,140375000
010580,지코,306,306,0,0.0,0,0
035000,지투알,6570,6540,-30,-0.46,17316,112766790
088790,진도,4630,4380,-250,-5.4,176574,794002465
003780,진양산업,6400,6330,-70,-1.09,1671860,10814979230
010640,진양폴리,4025,3995,-30,-0.75,83755,336582380
100250,진양홀딩스,3285,3260,-25,-0.76,116458,383079335
051630,진양화학,4315,4325,10,0.23,114338,497356850
272450,진에어,19350,19450,100,0.52,109231,2119099050
011000,진원생명과학,42000,41350,-650,-1.55,2368909,96805096100
002780,진흥기업,2425,2425,0,0.0,1112899,2690269505
002787,진흥기업2우B,15900,15900,0,0.0,1326,21074650
002785,진흥기업우B,7020,6900,-120,-1.71,1901,13153340
009310,참엔지니어링,1600,1630,30,1.88,331391,535266875
000650,천일고속,71600,71600,0,0.0,2241,159713800
033250,체시스,1680,1675,-5,-0.3,491035,837159355
035720,카카오,146000,144000,-2000,-1.37,2697098,388018708500
006380,카프로,4750,4700,-50,-1.05,171906,807766740
109070,컨버즈,4100,4100,0,0.0,0,0
001620,케이비아이동국실업,1300,1330,30,2.31,2453483,3119233515
029460,케이씨,24900,25200,300,1.2,65786,1647324450
281820,케이씨텍,29050,29200,150,0.52,96504,2825072700
145270,케이탑리츠,1475,1465,-10,-0.68,596908,880086990
357120,코람코에너지리츠,5980,5920,-60,-1.0,67361,400322540
007815,코리아써우,7620,7440,-180,-2.36,4195,31563600
007810,코리아써키트,15200,14900,-300,-1.97,281418,4243431950
00781K,코리아써키트2우B,9330,9150,-180,-1.93,2610,24016150
003690,코리안리,9410,9350,-60,-0.64,146456,1369100650
192820,코스맥스,123500,119500,-4000,-3.24,119616,14264641000
044820,코스맥스비티아이,17600,17400,-200,-1.14,12608,218641700
005070,코스모신소재,42200,41950,-250,-0.59,1095978,46992711200
005420,코스모화학,13300,13650,350,2.63,1817469,24801222200
071950,코아스,1510,1500,-10,-0.66,222548,336130480
002020,코오롱,30650,31450,800,2.61,62830,1956296350
003070,코오롱글로벌,23800,23350,-450,-1.89,47085,1103422150
003075,코오롱글로벌우,33650,33300,-350,-1.04,4291,142215850
144620,코오롱머티리얼,3075,3075,0,0.0,0,0
002025,코오롱우,19750,20150,400,2.03,5034,100414100
120110,코오롱인더,79500,79800,300,0.38,388860,30685875300
120115,코오롱인더우,33600,33400,-200,-0.6,26759,893358250
138490,코오롱플라스틱,7720,7340,-380,-4.92,803623,5965359980
021240,코웨이,83900,85300,1400,1.67,168287,14236436300
031820,콤텍시스템,1270,1265,-5,-0.39,2976100,3695873900
192400,쿠쿠홀딩스,127500,127500,0,0.0,6273,797522500
284740,쿠쿠홈시스,45850,46050,200,0.44,50589,2314438800
015590,큐로,588,589,1,0.17,721447,425188637
264900,크라운제과,12250,11950,-300,-2.45,49771,595171400
26490K,크라운제과우,18350,17750,-600,-3.27,8782,157669450
005740,크라운해태홀딩스,11350,11000,-350,-3.08,31653,352224050
005745,크라운해태홀딩스우,18000,17800,-200,-1.11,2111,37791100
020120,키다리스튜디오,17600,16850,-750,-4.26,223408,3807664250
039490,키움증권,118000,117500,-500,-0.42,75185,8818959500
014580,태경비케이,6740,6430,-310,-4.6,1337969,8687008020
015890,태경산업,6720,6590,-130,-1.93,286417,1894415470
006890,태경케미컬,19950,19950,0,0.0,231599,4609436250
003240,태광산업,1106000,1088000,-18000,-1.63,961,1047933000
011280,태림포장,4925,4880,-45,-0.91,296707,1443722050
004100,태양금속,1595,1580,-15,-0.94,207932,328146485
004105,태양금속우,3395,3395,0,0.0,10157,34535175
009410,태영건설,12150,12150,0,0.0,115322,1390238500
009415,태영건설우,15200,15150,-50,-0.33,18508,277740600
001420,태원물산,5060,5040,-20,-0.4,76464,382048655
007980,태평양물산,2345,2300,-45,-1.92,306072,704434320
055490,테이팩스,59400,58200,-1200,-2.02,45238,2670302000
078000,텔코웨어,12300,12100,-200,-1.63,19306,234067050
214420,토니모리,7820,7720,-100,-1.28,54666,421973530
019180,티에이치엔,3565,3510,-55,-1.54,97048,340994370
363280,티와이홀딩스,31650,30650,-1000,-3.16,245189,7578492500
36328K,티와이홀딩스우,26700,26600,-100,-0.37,7463,198420550
091810,티웨이항공,3760,3795,35,0.93,339152,1278938740
004870,티웨이홀딩스,1290,1315,25,1.94,136746,176105370
005690,파미셀,17050,16900,-150,-0.88,282969,4802131650
036580,팜스코,7090,7090,0,0.0,128151,902179620
004720,팜젠사이언스,11700,11400,-300,-2.56,175754,2001960500
028670,팬오션,7340,7380,40,0.54,3021915,22149864280
010820,퍼스텍,2540,2490,-50,-1.97,197621,496620245
016800,퍼시스,35050,34500,-550,-1.57,3803,132383800
001020,페이퍼코리아,2225,2195,-30,-1.35,30570,67073090
090080,평화산업,1655,1635,-20,-1.21,181092,294822360
010770,평화홀딩스,4695,4600,-95,-2.02,37947,175881120
058430,포스코강판,68300,66700,-1600,-2.34,80079,5342012100
047050,포스코인터내셔널,25550,24800,-750,-2.94,1327355,33159730350
003670,포스코케미칼,154000,153000,-1000,-0.65,181065,27755284500
007630,폴루스바이오팜,1225,1225,0,0.0,0,0
017810,풀무원,19450,19000,-450,-2.31,135207,2566657900
103140,풍산,38950,37950,-1000,-2.57,253857,9675168850
005810,풍산홀딩스,28050,27900,-150,-0.53,11507,322302650
950210,프레스티지바이오파마,28050,28100,50,0.18,126584,3546669400
086790,하나금융지주,42800,43100,300,0.7,927513,39650079750
293480,하나제약,21700,22050,350,1.61,67994,1496884800
039130,하나투어,75600,76100,500,0.66,64298,4874100600
172580,하이골드12호,2565,2570,5,0.19,1005,2577940
153360,하이골드3호,1945,1945,0,0.0,3282,6341550
352820,하이브,294500,291500,-3000,-1.02,210664,62382289500
071090,하이스틸,3475,3380,-95,-2.73,181616,619984085
019490,하이트론,7200,7100,-100,-1.39,103633,731216810
000080,하이트진로,34000,33750,-250,-0.74,278642,9415024400
000087,하이트진로2우B,21350,21250,-100,-0.47,3382,71794450
000140,하이트진로홀딩스,15100,15050,-50,-0.33,18107,271198850
000145,하이트진로홀딩스우,18750,18900,150,0.8,1392,26136350
152550,한국ANKOR유전,1570,1580,10,0.64,1046,1647830
036460,한국가스공사,36850,36400,-450,-1.22,289329,10542524200
005430,한국공항,45150,45250,100,0.22,3384,153106800
071050,한국금융지주,95900,96200,300,0.31,439855,42552019300
071055,한국금융지주우,75600,76000,400,0.53,23842,1813123900
010040,한국내화,4725,4685,-40,-0.85,473466,2267666770
025540,한국단자,94200,91700,-2500,-2.65,132660,12139188300
004090,한국석유,14550,14400,-150,-1.03,167207,2450136050
002200,한국수출포장,27900,28100,200,0.72,13885,391620550
002960,한국쉘석유,274000,273500,-500,-0.18,1149,314869000
000240,한국앤컴퍼니,18000,18000,0,0.0,123464,2214212800
123890,한국자산신탁,4420,4450,30,0.68,329732,1460854725
015760,한국전력,25400,25300,-100,-0.39,1775821,44846647150
006200,한국전자홀딩스,1465,1465,0,0.0,417508,617638945
009540,한국조선해양,130000,129500,-500,-0.38,239720,30781138500
023350,한국종합기술,8870,8790,-80,-0.9,65095,575187180
025890,한국주강,2985,2995,10,0.34,109570,331271135
000970,한국주철관,10250,10050,-200,-1.95,183050,1844197520
104700,한국철강,9520,9270,-250,-2.63,115644,1072452980
017960,한국카본,11600,11500,-100,-0.86,221346,2544098600
161890,한국콜마,54300,53200,-1100,-2.03,165382,8800856300
024720,한국콜마홀딩스,28650,27950,-700,-2.44,70865,1982785400
161390,한국타이어앤테크놀로지,48750,49250,500,1.03,185491,9059641150
034830,한국토지신탁,2190,2165,-25,-1.14,625926,1356721955
007280,한국특강,3825,3720,-105,-2.75,208762,778962695
168490,한국패러랠,2030,2025,-5,-0.25,60969,123640225
010100,한국프랜지,3280,3260,-20,-0.61,126865,412655295
047810,한국항공우주,32800,33200,400,1.22,367654,12126645700
123690,한국화장품,10750,10650,-100,-0.93,43970,466300900
003350,한국화장품제조,32650,31950,-700,-2.14,20628,660622700
011500,한농화성,14450,14250,-200,-1.38,120888,1731371700
002390,한독,26600,26400,-200,-0.75,20178,534848350
014790,한라,5520,5410,-110,-1.99,192773,1043613830
060980,한라홀딩스,47000,46600,-400,-0.85,53979,2503430800
053690,한미글로벌,11300,11250,-50,-0.44,96250,1081621300
042700,한미반도체,37450,37500,50,0.13,729865,27743398050
008930,한미사이언스,72900,72900,0,0.0,74589,5414457400
128940,한미약품,321500,320500,-1000,-0.31,18149,5803146000
009240,한샘,120500,118000,-2500,-2.07,167338,19727160000
020000,한섬,39050,38100,-950,-2.43,84762,3232055000
003680,한성기업,8140,8170,30,0.37,27493,226427710
105630,한세실업,21050,20500,-550,-2.61,203581,4205992500
069640,한세엠케이,10050,9210,-840,-8.36,442130,4188461990
016450,한세예스24홀딩스,11150,10550,-600,-5.38,361474,3882478650
010420,한솔PNS,2630,2520,-110,-4.18,402436,1030637210
009180,한솔로지스틱스,4130,4020,-110,-2.66,499202,2014797790
213500,한솔제지,16200,16200,0,0.0,146556,2387166650
014680,한솔케미칼,267500,269000,1500,0.56,37044,9855473000
004710,한솔테크닉스,8170,8110,-60,-0.73,136758,1111292370
004150,한솔홀딩스,4360,4325,-35,-0.8,103696,447091535
025750,한솔홈데코,2210,2215,5,0.23,7249561,16166414520
004960,한신공영,23050,23150,100,0.43,40974,943030250
011700,한신기계,3865,3485,-380,-9.83,3442461,12496819105
001750,한양증권,16450,16400,-50,-0.3,38579,631285900
001755,한양증권우,23000,22650,-350,-1.52,4503,101122600
018880,한온시스템,15750,16050,300,1.9,3064146,47657066850
009420,한올바이오파마,23000,23300,300,1.3,1809212,43034685400
014130,한익스프레스,6870,6810,-60,-0.87,119385,814026330
300720,한일시멘트,172000,171000,-1000,-0.58,6545,1116268000
002220,한일철강,2950,2940,-10,-0.34,87813,260922465
006390,한일현대시멘트,35900,35900,0,0.0,17852,638403500
003300,한일홀딩스,13550,13450,-100,-0.74,17266,231855000
051600,한전KPS,42200,41150,-1050,-2.49,348498,14360193300
052690,한전기술,52400,50800,-1600,-3.05,497221,25198927100
130660,한전산업,13000,12500,-500,-3.85,1510282,18944150750
002320,한진,40900,40900,0,0.0,29716,1208069500
097230,한진중공업,8000,8050,50,0.63,41279,331346910
003480,한진중공업홀딩스,5600,5640,40,0.71,83811,468979150
180640,한진칼,65000,64600,-400,-0.62,83556,5370685900
18064K,한진칼우,41150,41000,-150,-0.36,1582,64899800
005110,한창,1700,1705,5,0.29,1162422,1980680580
009460,한창제지,2440,2395,-45,-1.84,496844,1194386165
000880,한화,29950,29800,-150,-0.5,243325,7261762950
00088K,한화3우B,14900,14850,-50,-0.34,34693,516056150
088350,한화생명,3400,3365,-35,-1.03,2484397,8342965560
000370,한화손해보험,4580,4580,0,0.0,568360,2579447935
009830,한화솔루션,38400,38450,50,0.13,1285274,49180327600
009835,한화솔루션우,48200,48150,-50,-0.1,3604,173217850
272210,한화시스템,16800,16800,0,0.0,452647,7593483700
012450,한화에어로스페이스,54000,54000,0,0.0,641290,34387527700
000885,한화우,43500,43250,-250,-0.57,1186,51047050
003530,한화투자증권,4605,4540,-65,-1.41,878143,3986727225
003535,한화투자증권우,14300,14000,-300,-2.1,93838,1301172000
195870,해성디에스,46800,46100,-700,-1.5,215546,10055507500
101530,해태제과식품,10150,9570,-580,-5.71,297326,2884502950
143210,핸즈코퍼레이션,6280,6190,-90,-1.43,14609,90814840
000720,현대건설,54400,54700,300,0.55,404818,22014838700
267270,현대건설기계,55200,55000,-200,-0.36,76829,4236665000
000725,현대건설우,199000,198500,-500,-0.25,1173,232902000
005440,현대그린푸드,9980,9980,0,0.0,194439,1939162870
086280,현대글로비스,196000,193500,-2500,-1.28,102586,19890944000
064350,현대로템,24850,25050,200,0.8,1830067,45585119350
079430,현대리바트,19550,19250,-300,-1.53,136811,2632592900
012330,현대모비스,271000,276000,5000,1.85,299662,81955281000
010620,현대미포조선,82000,79700,-2300,-2.8,314529,25123125800
069960,현대백화점,79600,79400,-200,-0.25,112691,8894420400
004560,현대비앤지스틸,22100,20950,-1150,-5.2,385890,8252230600
004565,현대비앤지스틸우,91100,90300,-800,-0.88,249,22507500
004310,현대약품,6480,6580,100,1.54,234702,1548148480
322000,현대에너지솔루션,29850,29800,-50,-0.17,34266,1017113050
017800,현대엘리베이,53500,53300,-200,-0.37,347870,18521209000
307950,현대오토에버,124500,130500,6000,4.82,156295,20302966500
011210,현대위아,96200,94900,-1300,-1.35,375102,35362927000
267260,현대일렉트릭,21700,21800,100,0.46,439230,9557812550
004020,현대제철,53400,50900,-2500,-4.68,1766659,90397369600
267250,현대중공업지주,68700,68700,0,0.0,126624,8682103600
005380,현대차,220000,223500,3500,1.59,775231,170834044500
005387,현대차2우B,105500,106500,1000,0.95,115483,12145031500
005389,현대차3우B,99100,100000,900,0.91,11253,1118786000
005385,현대차우,106000,108500,2500,2.36,39464,4186176500
001500,현대차증권,12750,12550,-200,-1.57,142906,1795542550
011760,현대코퍼레이션,19450,19400,-50,-0.26,32794,636462650
227840,현대코퍼레이션홀딩스,15050,15400,350,2.33,174925,2682474700
126560,현대퓨처넷,4470,4415,-55,-1.23,294612,1302023830
001450,현대해상,25850,25750,-100,-0.39,635574,16252511600
057050,현대홈쇼핑,84400,82500,-1900,-2.25,15507,1287611400
093240,형지엘리트,4585,4320,-265,-5.78,645375,2826646420
003010,혜인,6550,6360,-190,-2.9,269053,1735207980
111110,호전실업,13650,13300,-350,-2.56,23708,316714650
008770,호텔신라,92500,92600,100,0.11,188231,17366053900
008775,호텔신라우,95100,95600,500,0.53,10659,1012759300
002460,화성산업,12900,12800,-100,-0.78,47661,607701650
378850,화승알앤에이,6370,6550,180,2.83,277836,1806795010
241590,화승엔터프라이즈,15900,15950,50,0.31,281492,4456437900
006060,화승인더,7220,7250,30,0.42,172798,1242181950
013520,화승코퍼레이션,3135,3130,-5,-0.16,5471198,17770485685
010690,화신,9860,9610,-250,-2.54,763474,7280568620
133820,화인베스틸,2995,2910,-85,-2.84,277973,815135450
010660,화천기계,2920,2920,0,0.0,174174,504920235
000850,화천기공,36900,36900,0,0.0,5686,208025350
016580,환인제약,21150,20850,-300,-1.42,82359,1714097300
032560,황금에스티,9680,9490,-190,-1.96,201539,1914825400
004800,효성,118000,116000,-2000,-1.69,152972,17713952500
094280,효성ITX,23000,22950,-50,-0.22,17002,390906250
298040,효성중공업,74700,73800,-900,-1.2,93051,6870430500
298050,효성첨단소재,588000,593000,5000,0.85,91690,54349759000
298020,효성티앤씨,866000,867000,1000,0.12,43212,37300827000
298000,효성화학,374500,369000,-5500,-1.47,54307,20103203500
093370,후성,13200,12600,-600,-4.55,2464391,31595587950
081660,휠라홀딩스,52300,52800,500,0.96,237838,12517073800
005870,휴니드,7520,7480,-40,-0.53,139428,1052689680
079980,휴비스,11800,11300,-500,-4.24,552194,6376414650
005010,휴스틸,14000,13500,-500,-3.57,54940,746027950
069260,휴켐스,24150,23900,-250,-1.04,243769,5852671900
000540,흥국화재,4200,4225,25,0.6,92202,383623995
000547,흥국화재2우B,28300,28000,-300,-1.06,1243,34515000
000545,흥국화재우,10400,10300,-100,-0.96,3815,39213050
003280,흥아해운,1035,1035,0,0.0,0,0
