티커,종목명,시가,종가,변동폭,등락률,거래량,거래대금
095570,AJ네트웍스,6060,5880,-180,-2.97,117126,694795230
006840,AK홀딩스,31200,29100,-2100,-6.73,160146,4727160600
027410,BGF,6420,6280,-140,-2.18,379033,2391192060
282330,BGF리테일,168000,168500,500,0.3,44450,7499689500
138930,BNK금융지주,7530,7490,-40,-0.53,1399305,10482805180
001460,BYC,417000,404000,-13000,-3.12,956,390742500
001465,BYC우,188000,184500,-3500,-1.86,113,20916500
001040,CJ,102500,100500,-2000,-1.95,154408,15670735000
079160,CJCGV,30100,29750,-350,-1.16,527394,15785415400
00104K,CJ4우전환,86900,86500,-400,-0.46,4861,418809100
000120,CJ대한통운,180500,179000,-1500,-0.83,43288,7793694500
011150,CJ씨푸드,5020,4860,-160,-3.19,2326797,11506892405
011155,CJ씨푸드1우,44000,43750,-250,-0.57,1234,56138050
001045,CJ우,63800,63200,-600,-0.94,3181,202094000
097950,CJ제일제당,452500,446000,-6500,-1.44,41462,18585918000
097955,CJ제일제당우,208500,212000,3500,1.68,20231,4290810500
000590,CS홀딩스,70400,70000,-400,-0.57,2638,184680600
012030,DB,1280,1255,-25,-1.95,10030970,12920198160
016610,DB금융투자,7040,6900,-140,-1.99,333523,2313021690
005830,DB손해보험,54500,55000,500,0.92,155951,8665963600
000990,DB하이텍,62200,59900,-2300,-3.7,1129671,68678496800
000995,DB하이텍1우,120000,118000,-2000,-1.67,1456,168001000
139130,DGB금융지주,9000,9000,0,0.0,478952,4292134620
001530,DI동일,195500,191000,-4500,-2.3,10292,1975182000
000210,DL,79300,78900,-400,-0.5,95607,7584050900
001880,DL건설,36000,35900,-100,-0.28,87380,3157186450
000215,DL우,46850,46700,-150,-0.32,6338,295047900
375500,DL이앤씨,153500,152000,-1500,-0.98,320783,48894757500
37550K,DL이앤씨우,81600,80700,-900,-1.1,25164,2029720600
004840,DRB동일,7950,7760,-190,-2.39,87066,677250500
155660,DSR,7100,6870,-230,-3.24,163010,1126792130
069730,DSR제강,7020,6680,-340,-4.84,179815,1219953050
017940,E1,57300,56000,-1300,-2.27,15834,890564900
365550,ESR켄달스퀘어리츠,7590,7640,50,0.66,240206,1829307970
383220,FF,520000,508000,-12000,-2.31,54473,27678414000
007700,FF홀딩스,37350,36850,-500,-1.34,108278,4033427450
114090,GKL,16650,16400,-250,-1.5,425328,7013162250
078930,GS,45750,44700,-1050,-2.3,471303,21134527350
006360,GS건설,42950,42150,-800,-1.86,850648,36065987850
001250,GS글로벌,2970,2890,-80,-2.69,626945,1821409760
007070,GS리테일,37250,36700,-550,-1.48,305694,11274314850
078935,GS우,37900,37450,-450,-1.19,10589,397978150
012630,HDC,13600,13200,-400,-2.94,742638,9859399150
039570,HDC아이콘트롤스,14200,13800,-400,-2.82,54756,760244900
089470,HDC현대EP,6180,5990,-190,-3.07,345188,2088975540
294870,HDC현대산업개발,32800,31750,-1050,-3.2,824157,26476642150
011200,HMM,47200,45650,-1550,-3.28,4818314,222456472400
082740,HSD엔진,9310,9110,-200,-2.15,600660,5509529910
003560,IHQ,1865,1860,-5,-0.27,2363792,4415015760
175330,JB금융지주,7350,7340,-10,-0.14,210506,1542634130
234080,JW생명과학,19150,19000,-150,-0.78,54574,1038035300
001060,JW중외제약,31150,30700,-450,-1.44,139639,4296126600
001067,JW중외제약2우B,74000,71300,-2700,-3.65,999,71318300
001065,JW중외제약우,53800,51100,-2700,-5.02,1364,70740200
096760,JW홀딩스,4695,4665,-30,-0.64,113745,531375915
105560,KB금융,52800,52300,-500,-0.95,2043669,107177384200
002380,KCC,328000,318000,-10000,-3.05,61044,19630413500
009070,KCTC,8520,8820,300,3.52,31902961,298059901900
009440,KC그린홀딩스,5600,5500,-100,-1.79,186224,1025066600
119650,KC코트렐,7580,7430,-150,-1.98,257075,1883695800
092220,KEC,2620,2450,-170,-6.49,10516730,26375567495
016380,KG동부제철,17200,17250,50,0.29,651635,11378524000
016385,KG동부제철우,130000,132000,2000,1.54,264,34760000
001390,KG케미칼,37000,35800,-1200,-3.24,399423,14688583550
033180,KH필룩스,3435,3375,-60,-1.75,1354874,4588395745
001940,KISCO홀딩스,20300,20150,-150,-0.74,26192,530623450
025000,KPX케미칼,67400,66000,-1400,-2.08,6654,441575400
092230,KPX홀딩스,70100,69000,-1100,-1.57,7831,543903100
000040,KR모터스,1220,1220,0,0.0,656267,797605150
044450,KSS해운,12600,12350,-250,-1.98,189757,2360535650
030200,KT,32500,32500,0,0.0,1742820,57179776700
033780,KTG,83600,83000,-600,-0.72,576366,47938320000
030210,KTB투자증권,8170,8160,-10,-0.12,1161994,9623831040
058850,KTcs,3575,3500,-75,-2.1,1701720,6088478925
058860,KTis,3205,3220,15,0.47,712416,2318297470
093050,LF,19300,19250,-50,-0.26,173791,3372636600
003550,LG,100000,98400,-1600,-1.6,479483,47440338900
034220,LG디스플레이,23800,23500,-300,-1.26,4551246,106655573150
001120,LG상사,31500,31150,-350,-1.11,294737,9241442750
051900,LG생활건강,1743000,1763000,20000,1.15,28416,49894346000
051905,LG생활건강우,779000,787000,8000,1.03,8040,6346887234
003555,LG우,73600,73200,-400,-0.54,18505,1352369100
032640,LG유플러스,14750,14600,-150,-1.02,2270412,33417291350
011070,LG이노텍,232000,228500,-3500,-1.51,275938,64289622000
066570,LG전자,165000,160000,-5000,-3.03,1861927,301013712000
066575,LG전자우,78800,77300,-1500,-1.9,160034,12427476700
108670,LG하우시스,109500,104500,-5000,-4.57,218150,22956232500
108675,LG하우시스우,47150,45300,-1850,-3.92,13893,636195750
037560,LG헬로비전,8660,8360,-300,-3.46,2764758,23479575810
051910,LG화학,872000,859000,-13000,-1.49,220628,190087850000
051915,LG화학우,386000,382500,-3500,-0.91,13216,5043865000
079550,LIG넥스원,44150,42350,-1800,-4.08,230132,9861930300
006260,LS,69200,69300,100,0.14,139150,9676504300
010120,LSELECTRIC,56400,55700,-700,-1.24,81459,4555147100
000680,LS네트웍스,4980,4850,-130,-2.61,809597,3948943285
229640,LS전선아시아,9250,9050,-200,-2.16,480214,4363493550
383800,LX홀딩스,11000,10850,-150,-1.36,700361,7625830550
38380K,LX홀딩스1우,17850,17300,-550,-3.08,28755,500139850
023150,MH에탄올,12050,11650,-400,-3.32,224541,2622342700
035420,NAVER,417500,422000,4500,1.08,1142267,485766631000
181710,NHN,82200,80900,-1300,-1.58,120657,9846957100
005940,NH투자증권,12600,12500,-100,-0.79,406452,5094472600
005945,NH투자증권우,11150,11100,-50,-0.45,60090,667092650
338100,NH프라임리츠,4980,4940,-40,-0.8,43374,214307950
034310,NICE,18550,18750,200,1.08,54490,1012840600
008260,NI스틸,5380,5280,-100,-1.86,318811,1704651050
004250,NPC,4605,4535,-70,-1.52,317519,1455825240
004255,NPC우,2990,2980,-10,-0.33,6711,19947360
010060,OCI,119500,115500,-4000,-3.35,446040,52170426500
005490,POSCO,339500,339500,0,0.0,542052,186330923000
010950,S-Oil,105500,101000,-4500,-4.27,777760,79649457500
010955,S-Oil우,61900,61200,-700,-1.13,30929,1877902400
034120,SBS,45750,44500,-1250,-2.73,153128,6839158050
101060,SBS미디어홀딩스,2135,2105,-30,-1.41,787853,1675047815
005090,SGC에너지,50800,49650,-1150,-2.26,84404,4202374050
001380,SG글로벌,3490,3260,-230,-6.59,1297375,4293543840
004060,SG세계물산,844,820,-24,-2.84,2238624,1845809353
002360,SH에너지화학,1215,1185,-30,-2.47,1907270,2269366210
009160,SIMPAC,5260,5160,-100,-1.9,367581,1927566720
123700,SJM,5840,5710,-130,-2.23,117908,675949020
025530,SJM홀딩스,5370,5110,-260,-4.84,97234,502904840
034730,SK,275000,272500,-2500,-0.91,179705,49428666500
011790,SKC,160500,158000,-2500,-1.56,458399,72219108000
018670,SK가스,120000,116000,-4000,-3.33,12811,1500622000
001740,SK네트웍스,5880,5980,100,1.7,1326402,7904281910
001745,SK네트웍스우,118500,116500,-2000,-1.69,300,34989500
006120,SK디스커버리,52100,50900,-1200,-2.3,80467,4126370700
006125,SK디스커버리우,40950,40400,-550,-1.34,6649,269693650
210980,SK디앤디,36400,36850,450,1.24,73375,2694369800
068400,SK렌터카,14350,13900,-450,-3.14,311640,4368869200
302440,SK바이오사이언스,165000,157500,-7500,-4.55,949088,151653823000
326030,SK바이오팜,129500,130000,500,0.39,570279,75341772500
361610,SK아이이테크놀로지,199000,205000,6000,3.02,1524306,313849254000
03473K,SK우,250000,249500,-500,-0.2,2565,642363500
096770,SK이노베이션,272500,269000,-3500,-1.28,685120,185155513500
096775,SK이노베이션우,180500,177500,-3000,-1.66,8813,1573509000
001510,SK증권,1005,1000,-5,-0.5,5129237,5155139039
001515,SK증권우,4715,4650,-65,-1.38,25550,119540570
285130,SK케미칼,256500,251000,-5500,-2.14,90463,22855353000
28513K,SK케미칼우,112000,110000,-2000,-1.79,12060,1332600000
017670,SK텔레콤,314500,317000,2500,0.79,196903,62169365500
000660,SK하이닉스,123500,121500,-2000,-1.62,3165552,385948367500
064960,SNT모티브,68400,66700,-1700,-2.49,70372,4716968800
100840,SNT에너지,23350,22800,-550,-2.36,71422,1627396600
003570,SNT중공업,10500,10350,-150,-1.43,75402,786060550
036530,SNT홀딩스,21250,20950,-300,-1.41,16457,346019600
005610,SPC삼립,84200,82500,-1700,-2.02,19276,1601894900
011810,STX,8450,8170,-280,-3.31,134245,1106895680
077970,STX엔진,14150,13700,-450,-3.18,151077,2090974350
071970,STX중공업,8170,7870,-300,-3.67,1048485,8328435720
002820,SUNL,6820,6680,-140,-2.05,38073,252924570
084870,TBH글로벌,2875,2850,-25,-0.87,74784,210774155
002710,TCC스틸,5670,5410,-260,-4.59,1711045,9563221140
002900,TYM,2020,2045,25,1.24,3063636,6193158755
024070,WISCOM,5130,5040,-90,-1.75,452062,2273239115
037270,YGPLUS,6000,5940,-60,-1.0,671282,3990440230
000500,가온전선,33700,34500,800,2.37,140076,4795827450
000860,강남제비스코,30350,29700,-650,-2.14,21892,653489750
035250,강원랜드,26550,25850,-700,-2.64,1252304,32625632800
011420,갤럭시아에스엠,2080,2065,-15,-0.72,155545,318033510
002100,경농,16900,16250,-650,-3.85,187507,3098425050
009450,경동나비엔,65000,65900,900,1.38,86393,5659807700
267290,경동도시가스,24700,24150,-550,-2.23,33101,801614450
012320,경동인베스트,40100,39700,-400,-1.0,7342,291809300
000050,경방,14300,14200,-100,-0.7,12264,172690150
214390,경보제약,14000,14100,100,0.71,607285,8649288450
012610,경인양행,7100,6980,-120,-1.69,394388,2762410260
009140,경인전자,33450,33500,50,0.15,13778,453186200
013580,계룡건설,36000,35750,-250,-0.69,31655,1130852450
012200,계양전기,5180,5030,-150,-2.9,671611,3428371360
012205,계양전기우,8100,8120,20,0.25,7029,56541160
002140,고려산업,4385,4225,-160,-3.65,454953,1936068610
010130,고려아연,436000,434000,-2000,-0.46,50482,22071788000
002240,고려제강,24250,23800,-450,-1.86,76094,1826749000
009290,광동제약,9090,8970,-120,-1.32,159938,1439359830
017040,광명전기,3590,3410,-180,-5.01,2716997,9412078380
017900,광전자,3135,3070,-65,-2.07,990470,3015649305
037710,광주신세계,192500,190000,-2500,-1.3,2974,564039500
030610,교보증권,8650,8560,-90,-1.04,124773,1073961800
339770,교촌에프앤비,20200,20750,550,2.72,709557,14700523450
007690,국도화학,76500,74000,-2500,-3.27,68503,5103466500
005320,국동,3865,3765,-100,-2.59,1092331,4163741370
001140,국보,1380,1360,-20,-1.45,573453,778274640
002720,국제약품,7850,7800,-50,-0.64,177959,1390480460
083420,그린케미칼,11850,11650,-200,-1.69,155063,1816022000
014530,극동유화,4970,4820,-150,-3.02,360935,1754343670
014280,금강공업,9220,9030,-190,-2.06,621226,5708440200
014285,금강공업우,20800,21200,400,1.92,59960,1252468850
008870,금비,89500,85700,-3800,-4.25,2729,237437500
001570,금양,5390,5260,-130,-2.41,239329,1266064530
002990,금호건설,13050,13150,100,0.77,554117,7335387050
002995,금호건설우,36400,36500,100,0.27,1495,54650250
011780,금호석유,218000,216000,-2000,-0.92,275590,59729061000
011785,금호석유우,123000,122000,-1000,-0.81,28074,3413817000
214330,금호에이치티,2430,2535,105,4.32,32417876,82517050580
001210,금호전기,3155,3115,-40,-1.27,86318,268033165
073240,금호타이어,7270,6930,-340,-4.68,1947279,13546978710
092440,기신정기,5680,5590,-90,-1.58,225809,1262279940
000270,기아,87800,86900,-900,-1.03,1920196,167752984200
024110,기업은행,10400,10300,-100,-0.96,1675500,17316064850
013700,까뮤이앤씨,2950,2915,-35,-1.19,2948034,8857236510
004540,깨끗한나라,6770,6630,-140,-2.07,479910,3220414320
004545,깨끗한나라우,32100,32600,500,1.56,6609,217672950
001260,남광토건,17050,16700,-350,-2.05,72203,1206742650
008350,남선알미늄,3890,3885,-5,-0.13,2883814,11135147285
008355,남선알미우,42800,42500,-300,-0.7,1621,68695450
004270,남성,3685,3625,-60,-1.63,275177,1001948290
003920,남양유업,710000,694000,-16000,-2.25,6150,4289723000
003925,남양유업우,417000,403500,-13500,-3.24,1115,449738000
025860,남해화학,10150,9880,-270,-2.66,586709,5841110810
005720,넥센,5480,5290,-190,-3.47,102099,541116910
005725,넥센우,3825,3780,-45,-1.18,3435,12978880
002350,넥센타이어,9730,9460,-270,-2.77,408694,3912786680
002355,넥센타이어1우B,3970,3920,-50,-1.26,10125,39874365
003580,넥스트사이언스,16700,16500,-200,-1.2,1074342,17535496700
251270,넷마블,136000,135000,-1000,-0.74,340704,46436504000
090350,노루페인트,12950,12350,-600,-4.63,749326,9283677450
090355,노루페인트우,30700,29400,-1300,-4.23,14864,434257850
000320,노루홀딩스,14600,14250,-350,-2.4,82026,1179070850
000325,노루홀딩스우,72000,68100,-3900,-5.42,10396,708283100
006280,녹십자,333000,327500,-5500,-1.65,57794,18983373500
005250,녹십자홀딩스,34600,33900,-700,-2.02,147803,5056777850
005257,녹십자홀딩스2우,82500,81600,-900,-1.09,1260,103413300
004370,농심,314000,310500,-3500,-1.11,44972,13940929500
072710,농심홀딩스,80100,79800,-300,-0.37,5752,458391100
058730,다스코,6460,6330,-130,-2.01,315981,2011780220
023590,다우기술,28150,27600,-550,-1.95,226782,6316284800
019680,대교,5450,5150,-300,-5.5,747459,3907683300
019685,대교우B,4070,3990,-80,-1.97,345785,1391048585
006370,대구백화점,14300,13900,-400,-2.8,33770,468476000
008060,대덕,8460,8210,-250,-2.96,579666,4803111260
00806K,대덕1우,14250,14150,-100,-0.7,227279,3314647150
353200,대덕전자,15950,15700,-250,-1.57,620841,9762445150
35320K,대덕전자1우,15600,15500,-100,-0.64,64840,1011103550
000490,대동,11300,11250,-50,-0.44,255790,2857303700
008110,대동전자,7660,7500,-160,-2.09,61498,463055820
005750,대림BCo,8800,8650,-150,-1.7,397688,3488951360
006570,대림통상,4485,4415,-70,-1.56,65157,290611175
001680,대상,27300,26950,-350,-1.28,224802,6095180500
001685,대상우,21050,20850,-200,-0.95,3532,73781150
084690,대상홀딩스,11500,11300,-200,-1.74,124710,1413559250
084695,대상홀딩스우,14500,14050,-450,-3.1,17725,252545900
128820,대성산업,5450,5290,-160,-2.94,372519,1992464000
117580,대성에너지,6930,6760,-170,-2.45,142212,967070320
016710,대성홀딩스,37450,37650,200,0.53,71392,2660815200
003540,대신증권,19050,19000,-50,-0.26,102254,1946908750
003547,대신증권2우B,16700,16600,-100,-0.6,25685,426261700
003545,대신증권우,17150,17100,-50,-0.29,106278,1814010550
009190,대양금속,5440,5720,280,5.15,3507552,19839366810
014160,대영포장,3425,3455,30,0.88,92560797,322217332050
047040,대우건설,7550,7480,-70,-0.93,4573624,34634590270
009320,대우부품,2615,2560,-55,-2.1,301482,776462460
042660,대우조선해양,34950,33300,-1650,-4.72,680546,22995491650
003090,대웅,40050,38500,-1550,-3.87,1244604,48251607650
069620,대웅제약,162500,160500,-2000,-1.23,130183,20933398500
000430,대원강업,4160,4070,-90,-2.16,169502,697192155
006340,대원전선,2840,2785,-55,-1.94,4860694,13416324940
006345,대원전선우,5600,5450,-150,-2.68,148406,787654890
003220,대원제약,17000,16550,-450,-2.65,135594,2272655800
024890,대원화성,3050,2920,-130,-4.26,779680,2305877700
002880,대유에이텍,1405,1335,-70,-4.98,2300552,3151634685
000300,대유플러스,1525,1505,-20,-1.31,2562404,3842895915
012800,대창,2550,2540,-10,-0.39,8056361,20991850525
015230,대창단조,9260,9100,-160,-1.73,104019,950543980
001070,대한방직,44350,44200,-150,-0.34,2001,88155150
006650,대한유화,231500,228500,-3000,-1.3,69421,16033306500
001440,대한전선,3015,2900,-115,-3.81,37870681,110121456895
084010,대한제강,22150,22400,250,1.13,593342,13489656150
001790,대한제당,3330,3270,-60,-1.8,584914,1927745005
001795,대한제당우,4200,4150,-50,-1.19,123796,511361980
001130,대한제분,176500,175000,-1500,-0.85,6574,1155384500
003490,대한항공,31500,31000,-500,-1.59,2535059,79219199250
003495,대한항공우,41900,41800,-100,-0.24,9024,376499250
005880,대한해운,3530,3470,-60,-1.7,4161293,14381919355
003830,대한화섬,166000,160000,-6000,-3.61,763,122049000
016090,대현,3165,3065,-100,-3.16,1170566,3617340965
069460,대호에이엘,4265,4200,-65,-1.52,581623,2437631655
192080,더블유게임즈,61000,60700,-300,-0.49,243623,15100388600
012510,더존비즈온,93700,92600,-1100,-1.17,324495,30088458800
004830,덕성,19800,18600,-1200,-6.06,1335900,25003311500
004835,덕성우,30100,28000,-2100,-6.98,84159,2346964000
024900,덕양산업,3885,3835,-50,-1.29,635998,2443490625
145720,덴티움,63600,62300,-1300,-2.04,35503,2225082500
002150,도화엔지니어링,9190,9090,-100,-1.09,121535,1101353570
001230,동국제강,21450,21650,200,0.93,2831627,62479565750
023450,동남합성,57900,57900,0,0.0,6522,381750200
004140,동방,6790,6870,80,1.18,16153182,113536853000
007590,동방아그로,8930,8460,-470,-5.26,128763,1110019890
005960,동부건설,14900,14350,-550,-3.69,326679,4714837050
005965,동부건설우,54400,52500,-1900,-3.49,6641,347906500
026960,동서,30200,30050,-150,-0.5,103060,3111902250
002210,동성제약,10450,10250,-200,-1.91,165015,1706910400
102260,동성케미컬,6310,6300,-10,-0.16,205287,1282506010
000640,동아쏘시오홀딩스,128000,126500,-1500,-1.17,21440,2698445000
170900,동아에스티,85900,84900,-1000,-1.16,43806,3737596900
028100,동아지질,22050,21250,-800,-3.63,179504,3834584750
282690,동아타이어,12550,12450,-100,-0.8,22609,281628450
001520,동양,2145,2070,-75,-3.5,5145429,10707002750
001527,동양2우B,22350,21450,-900,-4.03,16049,347385950
001529,동양3우B,61300,58500,-2800,-4.57,13787,816700100
084670,동양고속,24950,24650,-300,-1.2,11552,284682000
082640,동양생명,5550,5500,-50,-0.9,235326,1285860010
001525,동양우,11400,11400,0,0.0,49474,578244250
008970,동양철관,1700,1675,-25,-1.47,3385857,5736465520
092780,동양피스톤,6180,7040,860,13.92,10656948,78100545470
049770,동원FB,222500,225000,2500,1.12,11000,2472541000
018500,동원금속,1080,1040,-40,-3.7,619587,653981875
006040,동원산업,258000,255000,-3000,-1.16,4982,1271527500
030720,동원수산,10100,9920,-180,-1.78,105660,1043045310
014820,동원시스템즈,43650,42400,-1250,-2.86,51843,2241859950
014825,동원시스템즈우,37950,36700,-1250,-3.29,1595,59096200
163560,동일고무벨트,10000,9790,-210,-2.1,79215,781380580
004890,동일산업,103000,102500,-500,-0.49,3916,401509500
002690,동일제강,4720,4590,-130,-2.75,154528,719149390
000020,동화약품,16100,15350,-750,-4.66,483775,7530343000
000150,두산,104500,99500,-5000,-4.78,137573,13856898500
000157,두산2우B,137000,127500,-9500,-6.93,18196,2361654000
241560,두산밥캣,50200,48450,-1750,-3.49,315671,15473060000
000155,두산우,68600,66800,-1800,-2.62,10987,743086600
042670,두산인프라코어,14450,14450,0,0.0,0,0
034020,두산중공업,25350,25250,-100,-0.39,6897281,173199119150
336260,두산퓨얼셀,49950,47000,-2950,-5.91,2454051,116941002900
33626K,두산퓨얼셀1우,17050,16600,-450,-2.64,100882,1683987050
33626L,두산퓨얼셀2우B,22100,21250,-850,-3.85,43869,933398900
016740,두올,4860,4725,-135,-2.78,397048,1886202780
192650,드림텍,12850,12600,-250,-1.95,1182056,14809855250
024090,디씨엠,16050,15550,-500,-3.12,32778,512682300
003160,디아이,9250,8740,-510,-5.51,752106,6703251000
092200,디아이씨,7250,6850,-400,-5.52,1148806,8040057460
013570,디와이,6180,5970,-210,-3.4,175507,1059407130
210540,디와이파워,16800,16400,-400,-2.38,89149,1470901800
007340,디티알오토모티브,39100,38900,-200,-0.51,16837,656919500
026890,디피씨,14200,14200,0,0.0,784955,11244325150
115390,락앤락,14050,13700,-350,-2.49,102728,1426958750
032350,롯데관광개발,19900,19550,-350,-1.76,688246,13546720500
330590,롯데리츠,6030,5980,-50,-0.83,623098,3723382750
000400,롯데손해보험,1965,1925,-40,-2.04,921558,1779812020
023530,롯데쇼핑,114000,111500,-2500,-2.19,172989,19405282000
004000,롯데정밀화학,68700,66400,-2300,-3.35,275491,18468482100
286940,롯데정보통신,40800,40200,-600,-1.47,36765,1496226550
280360,롯데제과,138500,138000,-500,-0.36,6621,911203000
004990,롯데지주,39200,38450,-750,-1.91,355520,13714563100
00499K,롯데지주우,61200,60100,-1100,-1.8,676,40660900
005300,롯데칠성,141500,140000,-1500,-1.06,31519,4429636000
005305,롯데칠성우,78600,78000,-600,-0.76,988,77253600
011170,롯데케미칼,261000,259000,-2000,-0.77,248439,64037990500
002270,롯데푸드,449000,438500,-10500,-2.34,4321,1903889000
071840,롯데하이마트,35150,34450,-700,-1.99,97409,3380903800
027740,마니커,751,737,-14,-1.86,2779060,2067276127
204320,만도,63500,61800,-1700,-2.68,584377,36440465900
001080,만호제강,22650,22650,0,0.0,11645,261492100
088980,맥쿼리인프라,12350,12300,-50,-0.4,660929,8144958350
094800,맵스리얼티1,4730,4680,-50,-1.06,86081,402957955
138040,메리츠금융지주,22250,22550,300,1.35,165605,3703271000
008560,메리츠증권,4815,4830,15,0.31,2037442,9869283315
000060,메리츠화재,20850,21250,400,1.92,402204,8442677450
090370,메타랩스,1320,1280,-40,-3.03,1534330,1968753635
017180,명문제약,5850,5760,-90,-1.54,631983,3677730140
009900,명신산업,30700,30050,-650,-2.12,1274649,39184455900
012690,모나리자,5600,5390,-210,-3.75,720692,3913149530
005360,모나미,6020,5880,-140,-2.33,736686,4363212640
204210,모두투어리츠,4740,4605,-135,-2.85,49048,225549850
009680,모토닉,12000,11800,-200,-1.67,39680,470707700
009580,무림PP,5650,5550,-100,-1.77,676466,3781431460
009200,무림페이퍼,3635,3435,-200,-5.5,922673,3218846055
033920,무학,8690,8380,-310,-3.57,107713,911655940
008420,문배철강,5200,5100,-100,-1.92,332089,1718736420
025560,미래산업,19000,18900,-100,-0.53,44635,844217150
007120,미래아이앤지,680,663,-17,-2.5,2107987,1410940443
357250,미래에셋맵스리츠,5030,5020,-10,-0.2,25090,125854300
085620,미래에셋생명,4240,4240,0,0.0,161085,674565480
006800,미래에셋증권,9310,9290,-20,-0.21,1798434,16824410260
00680K,미래에셋증권2우B,4740,4710,-30,-0.63,147156,695211560
006805,미래에셋증권우,6440,6380,-60,-0.93,76189,488974280
002840,미원상사,213500,213000,-500,-0.23,1292,275721500
268280,미원에스씨,186000,189500,3500,1.88,3364,629942500
107590,미원홀딩스,128000,128000,0,0.0,3459,446737500
134380,미원화학,79600,80000,400,0.5,235,18872900
003650,미창석유,84800,84800,0,0.0,2070,174962600
155900,바다로19호,2755,2730,-25,-0.91,20022,54782240
003610,방림,2600,2500,-100,-3.85,287566,730184200
001340,백광산업,6750,6700,-50,-0.74,921720,6228598320
035150,백산,10850,11500,650,5.99,3386726,38183913650
002410,범양건영,6840,6600,-240,-3.51,1741174,11449211090
096300,베트남개발1,236,235,-1,-0.42,246229,57470953
007210,벽산,4820,4665,-155,-3.22,2670871,12579071685
002760,보락,2310,2235,-75,-3.25,855704,1942005475
003850,보령제약,23150,22550,-600,-2.59,245164,5587493000
000890,보해양조,1160,1140,-20,-1.72,2704958,3122563850
003000,부광약품,20550,20500,-50,-0.24,969693,20027797050
001270,부국증권,25550,25300,-250,-0.98,8141,206167850
001275,부국증권우,22850,22600,-250,-1.09,726,16491000
026940,부국철강,4955,4830,-125,-2.52,277881,1354776525
015350,부산가스,59700,58500,-1200,-2.01,8517,499420700
011390,부산산업,147500,145000,-2500,-1.69,13244,1911615500
005030,부산주공,645,633,-12,-1.86,402478,256800915
002070,비비안,4155,4095,-60,-1.44,880550,3638097970
100220,비상교육,15500,15050,-450,-2.9,742931,11129963250
030790,비케이탑스,10100,9530,-570,-5.64,235533,2308434960
005180,빙그레,62700,62100,-600,-0.96,40662,2531635400
003960,사조대림,26750,26000,-750,-2.8,55271,1453808950
008040,사조동아원,1420,1385,-35,-2.46,1760864,2470744610
007160,사조산업,64300,63000,-1300,-2.02,18702,1185342500
014710,사조씨푸드,6710,6580,-130,-1.94,3772029,26066792560
006090,사조오양,12400,12650,250,2.02,285238,3589643700
001470,삼부토건,3255,3155,-100,-3.07,3113351,9880224970
006400,삼성SDI,749000,732000,-17000,-2.27,347334,257183692000
006405,삼성SDI우,467000,457500,-9500,-2.03,11847,5445910500
006660,삼성공조,24450,24700,250,1.02,129582,3161507450
028260,삼성물산,133500,130500,-3000,-2.25,602889,79285937500
02826K,삼성물산우B,130500,129500,-1000,-0.77,5307,689604000
207940,삼성바이오로직스,845000,863000,18000,2.13,149679,129217913000
032830,삼성생명,78000,77100,-900,-1.15,405612,31561776100
018260,삼성에스디에스,187500,184000,-3500,-1.87,142206,26363410500
028050,삼성엔지니어링,23350,22850,-500,-2.14,3515078,80957828000
009150,삼성전기,188500,182000,-6500,-3.45,762533,140284238000
009155,삼성전기우,108500,106000,-2500,-2.3,21927,2325505000
005930,삼성전자,80800,79900,-900,-1.11,16660998,1338741304400
005935,삼성전자우,73600,72700,-900,-1.22,2919624,212948146400
001360,삼성제약,8590,7470,-1120,-13.04,17390199,129231767310
010140,삼성중공업,6850,6700,-150,-2.19,6073930,41116327950
010145,삼성중공우,301000,300000,-1000,-0.33,797,239290500
016360,삼성증권,44100,43900,-200,-0.45,273536,12041395400
068290,삼성출판사,43700,42500,-1200,-2.75,140653,6054789850
029780,삼성카드,35150,35400,250,0.71,454701,16203482100
000810,삼성화재,215000,213000,-2000,-0.93,102801,21999284500
000815,삼성화재우,167000,165000,-2000,-1.2,6483,1074180500
006110,삼아알미늄,13050,12850,-200,-1.53,141829,1854522800
145990,삼양사,62800,62200,-600,-0.96,24004,1503334400
145995,삼양사우,48400,48000,-400,-0.83,810,39115750
003230,삼양식품,91000,90000,-1000,-1.1,31221,2820350700
002170,삼양통상,76400,74800,-1600,-2.09,5090,382626400
272550,삼양패키징,28500,28100,-400,-1.4,16250,457169800
000070,삼양홀딩스,107000,104500,-2500,-2.34,29889,3152040500
000075,삼양홀딩스우,73900,72500,-1400,-1.89,856,62592200
002810,삼영무역,17050,16750,-300,-1.76,24149,403723850
005680,삼영전자,13900,13450,-450,-3.24,139305,1897403100
003720,삼영화학,3355,3290,-65,-1.94,551078,1807638360
023000,삼원강재,3815,3705,-110,-2.88,156549,587276995
004380,삼익THK,13400,13200,-200,-1.49,61027,803970900
002450,삼익악기,1885,1880,-5,-0.27,724314,1357967760
004440,삼일씨엔에스,14650,14250,-400,-2.73,92859,1328882450
000520,삼일제약,9490,9400,-90,-0.95,39700,372941940
009770,삼정펄프,34650,34050,-600,-1.73,2336,80477650
005500,삼진제약,27600,27800,200,0.72,131766,3658437600
004690,삼천리,92800,91400,-1400,-1.51,14520,1329188200
010960,삼호개발,6560,6360,-200,-3.05,422099,2715822960
004450,삼화왕관,46550,45900,-650,-1.4,701,32170000
009470,삼화전기,36950,35900,-1050,-2.84,89752,3236825250
011230,삼화전자,4235,4020,-215,-5.08,251871,1031992060
001820,삼화콘덴서,63500,62400,-1100,-1.73,212710,13393801700
000390,삼화페인트,12600,12350,-250,-1.98,116710,1451878500
001290,상상인증권,1340,1315,-25,-1.87,347283,456227605
041650,상신브레이크,4940,4905,-35,-0.71,720931,3615269980
075180,새론오토모티브,7170,6880,-290,-4.04,204343,1459501470
007540,샘표,59100,57300,-1800,-3.05,13798,800416000
248170,샘표식품,60300,59000,-1300,-2.16,17103,1014892600
007860,서연,15950,15400,-550,-3.45,535791,8255597450
200880,서연이화,9080,8840,-240,-2.64,275116,2448267870
017390,서울가스,141500,140000,-1500,-1.06,3248,457231500
004410,서울식품,433,463,30,6.93,546287004,262448505386
004415,서울식품우,5550,5560,10,0.18,333307,2072814890
021050,서원,2730,2700,-30,-1.1,1087204,2969361930
008490,서흥,55700,54900,-800,-1.44,36602,2017444400
007610,선도전기,4395,4270,-125,-2.84,412371,1763766540
136490,선진,16900,16650,-250,-1.48,141755,2364235750
014910,성문전자,2760,2645,-115,-4.17,375706,1001773775
014915,성문전자우,10300,10050,-250,-2.43,6177,62297270
003080,성보화학,5180,5030,-150,-2.9,285749,1451330520
004980,성신양회,12700,12300,-400,-3.15,399747,4968804250
004985,성신양회우,19100,18300,-800,-4.19,29898,554365000
011300,성안,787,787,0,0.0,0,0
000180,성창기업지주,2955,2865,-90,-3.05,445732,1290925185
002420,세기상사,6160,6160,0,0.0,0,0
004360,세방,14700,14650,-50,-0.34,110138,1621161850
004365,세방우,8490,8390,-100,-1.18,4434,37244420
004490,세방전지,95900,92900,-3000,-3.13,110206,10379885600
001430,세아베스틸,30950,30950,0,0.0,338548,10663419050
306200,세아제강,109500,107500,-2000,-1.83,19570,2136706500
003030,세아제강지주,76600,79500,2900,3.79,56786,4575598200
019440,세아특수강,16800,16750,-50,-0.3,19141,320406750
058650,세아홀딩스,103500,103000,-500,-0.48,948,98314000
013000,세우글로벌,2470,2470,0,0.0,0,0
091090,세원이앤씨,2365,2235,-130,-5.5,2259392,5110789260
021820,세원정공,8090,8090,0,0.0,0,0
067830,세이브존IC,3790,3720,-70,-1.85,81878,305443155
033530,세종공업,9770,9350,-420,-4.3,723009,6867790500
075580,세진중공업,7280,7100,-180,-2.47,364184,2601902120
027970,세하,2365,2260,-105,-4.44,2556395,5837341850
145210,세화아이엠씨,899,908,9,1.0,41458136,39770370171
308170,센트랄모텍,27050,27250,200,0.74,126104,3445911050
012600,센트럴인사이트,2490,2490,0,0.0,0,0
068270,셀트리온,266500,266000,-500,-0.19,448215,119629105500
336370,솔루스첨단소재,50100,50800,700,1.4,340461,17141270900
33637K,솔루스첨단소재1우,16800,16700,-100,-0.6,13067,218693000
33637L,솔루스첨단소재2우B,29950,29550,-400,-1.34,4033,118750300
248070,솔루엠,27700,27300,-400,-1.44,776744,21179282600
004430,송원산업,19300,19450,150,0.78,529883,10478044100
017550,수산중공업,4320,4100,-220,-5.09,1420548,5908694700
053210,스카이라이프,10500,10400,-100,-0.95,196546,2047848750
134790,시디즈,74100,73500,-600,-0.81,3493,257130500
016590,신대양제지,87900,86200,-1700,-1.93,11381,990642200
029530,신도리코,33550,32750,-800,-2.38,36457,1199598450
004970,신라교역,13000,12650,-350,-2.69,39103,497498300
011930,신성이엔지,2775,2745,-30,-1.08,1239666,3416958715
005390,신성통상,3400,3360,-40,-1.18,3330492,11141509820
004170,신세계,278500,276000,-2500,-0.9,86447,23873111500
035510,신세계IC,184000,180500,-3500,-1.9,15743,2871868500
034300,신세계건설,47150,46200,-950,-2.01,66295,3072008500
031430,신세계인터내셔날,198000,200000,2000,1.01,31356,6264658500
031440,신세계푸드,100000,99300,-700,-0.7,14589,1453138300
006880,신송홀딩스,5750,5800,50,0.87,90753,529180020
005800,신영와코루,121500,121000,-500,-0.41,1035,124191000
001720,신영증권,64400,63900,-500,-0.78,5044,324101600
001725,신영증권우,64600,64400,-200,-0.31,910,58713300
009270,신원,1920,1850,-70,-3.65,1321236,2475926345
009275,신원우,51200,49950,-1250,-2.44,2819,141999500
002700,신일전자,1995,1960,-35,-1.75,1541349,3043652570
019170,신풍제약,65200,65300,100,0.15,4477411,296366097800
019175,신풍제약우,87700,87000,-700,-0.8,130885,11577244900
002870,신풍제지,3740,3540,-200,-5.35,1641943,5897924195
293940,신한알파리츠,7960,7910,-50,-0.63,149068,1175705030
055550,신한지주,39200,38950,-250,-0.64,1488835,58139411600
001770,신화실업,29950,28850,-1100,-3.67,10057,293644200
004080,신흥,15500,15550,50,0.32,11410,174876300
102280,쌍방울,830,810,-20,-2.41,12416482,10185754962
003410,쌍용CE,8210,8110,-100,-1.22,1093151,8889707600
003620,쌍용차,2770,2770,0,0.0,0,0
004770,써니전자,3750,3570,-180,-4.8,1376003,4994072255
015540,쎌마테라퓨틱스,6410,6410,0,0.0,0,0
004920,씨아이테크,1335,1305,-30,-2.25,240328,315626415
112610,씨에스윈드,78900,76800,-2100,-2.66,318768,24625726900
008700,아남전자,2930,2850,-80,-2.73,672068,1934802970
002790,아모레G,63700,62000,-1700,-2.67,310164,19412050800
00279K,아모레G3우전환,44950,43900,-1050,-2.34,7834,348038150
002795,아모레G우,24600,24350,-250,-1.02,31006,751708100
090430,아모레퍼시픽,244000,247500,3500,1.43,358509,88006370000
090435,아모레퍼시픽우,87500,87600,100,0.11,32799,2878727900
002030,아세아,129500,126000,-3500,-2.7,3114,395539500
183190,아세아시멘트,129000,125000,-4000,-3.1,21084,2666091500
002310,아세아제지,56000,54200,-1800,-3.21,99190,5443693000
012170,아센디오,2780,2740,-40,-1.44,73146,201041475
267850,아시아나IDT,24350,24350,0,0.0,0,0
020560,아시아나항공,17200,17200,0,0.0,0,0
122900,아이마켓코리아,10700,10600,-100,-0.93,141907,1504484350
010780,아이에스동서,59400,58400,-1000,-1.68,65336,3847708100
001780,알루코,5010,4930,-80,-1.6,1053657,5217984795
018250,애경산업,26600,26300,-300,-1.13,90145,2382000700
161000,애경유화,11750,11500,-250,-2.13,274683,3168463050
011090,에넥스,3200,3060,-140,-4.38,2771703,8471264265
005850,에스엘,33000,33100,100,0.3,210832,7002271100
012750,에스원,82400,83400,1000,1.21,149342,12518786000
023960,에쓰씨엔지니어링,5480,5500,20,0.36,1422064,7731732270
298690,에어부산,3575,3575,0,0.0,0,0
140910,에이리츠,14100,13500,-600,-4.26,138179,1871134400
078520,에이블씨엔씨,9400,9050,-350,-3.72,492827,4546183760
015260,에이엔피,1635,1620,-15,-0.92,190218,304898365
007460,에이프로젠MED,2290,2250,-40,-1.75,3378586,7637932825
003060,에이프로젠제약,1280,1235,-45,-3.52,3673409,4589268820
244920,에이플러스에셋,10900,10900,0,0.0,841486,9228504600
036570,엔씨소프트,834000,834000,0,0.0,72782,60576869000
138250,엔에스쇼핑,13650,13300,-350,-2.56,83653,1112981050
380440,엔에이치스팩19호,2230,2195,-35,-1.57,797493,1756065355
085310,엔케이,1360,1325,-35,-2.57,836162,1117029130
009810,엔케이물산,954,934,-20,-2.1,1993956,1847246325
900140,엘브이엠씨홀딩스,3780,3700,-80,-2.12,411996,1527805660
097520,엠씨넥스,47200,46350,-850,-1.8,157582,7354472650
014440,영보화학,5190,5130,-60,-1.16,188618,956466340
111770,영원무역,42300,41850,-450,-1.06,111766,4709059250
009970,영원무역홀딩스,48550,47950,-600,-1.24,17195,823898450
003520,영진약품,6020,5850,-170,-2.82,853326,5060061370
000670,영풍,644000,636000,-8000,-1.24,1794,1152258000
006740,영풍제지,9260,8560,-700,-7.56,3905342,33063446110
012280,영화금속,2470,2400,-70,-2.83,5268648,12998653615
012160,영흥,1270,1240,-30,-2.36,1078487,1344337015
015360,예스코홀딩스,37800,37850,50,0.13,1489,55831350
007310,오뚜기,539000,534000,-5000,-0.93,9537,5113707000
002630,오리엔트바이오,1340,1300,-40,-2.99,2620166,3381103385
271560,오리온,120000,118500,-1500,-1.25,102505,12192089500
001800,오리온홀딩스,16550,16350,-200,-1.21,225735,3704860400
070960,용평리조트,5880,5690,-190,-3.23,301674,1729984450
316140,우리금융지주,11450,11450,0,0.0,1797210,20630485700
033660,우리금융캐피탈,11850,11800,-50,-0.42,27391,324035750
118000,우리들휴브레인,1820,1850,30,1.65,602148,1094458860
010050,우리종금,1010,990,-20,-1.98,10502137,10464528636
006980,우성사료,36900,35850,-1050,-2.85,43162,1553769200
017370,우신시스템,5730,5540,-190,-3.32,155139,866340150
105840,우진,9050,8620,-430,-4.75,1160870,10050814090
010400,우진아이엔에스,9050,8990,-60,-0.66,16330,145783120
049800,우진플라임,4120,4300,180,4.37,116263,485158985
016880,웅진,2645,2540,-105,-3.97,1782833,4529335740
095720,웅진씽크빅,4040,3990,-50,-1.24,868394,3462475740
005820,원림,27200,26650,-550,-2.02,3622,97369100
010600,웰바이오텍,3130,3000,-130,-4.15,1553910,4685081855
008600,윌비스,2530,2535,5,0.2,5865485,15078154255
033270,유나이티드제약,57300,56100,-1200,-2.09,369021,20726840800
014830,유니드,77400,76800,-600,-0.78,21003,1613481000
000910,유니온,8080,7870,-210,-2.6,308891,2458730220
047400,유니온머티리얼,3995,3900,-95,-2.38,764291,3001940535
011330,유니켐,1705,1670,-35,-2.05,527286,879749135
077500,유니퀘스트,11900,11500,-400,-3.36,232188,2705165150
002920,유성기업,3970,3920,-50,-1.26,259693,1014749145
000700,유수홀딩스,7030,6830,-200,-2.84,162519,1107522390
003470,유안타증권,4620,4590,-30,-0.65,602843,2800855290
003475,유안타증권우,4795,4790,-5,-0.1,53655,259473580
011690,유양디앤유,2440,2440,0,0.0,0,0
072130,유엔젤,4740,4930,190,4.01,1207631,5921618715
000220,유유제약,11500,11600,100,0.87,6729380,78896763950
000225,유유제약1우,16300,15850,-450,-2.76,355285,5691237500
000227,유유제약2우B,31750,30800,-950,-2.99,13041,400473250
001200,유진투자증권,4435,4395,-40,-0.9,375534,1659255955
000100,유한양행,65100,63500,-1600,-2.46,259936,16650423200
000105,유한양행우,61200,60600,-600,-0.98,1223,74361900
003460,유화증권,2880,2865,-15,-0.52,140646,403052865
003465,유화증권우,2875,2860,-15,-0.52,1338,3833550
008730,율촌화학,21900,21600,-300,-1.37,82161,1776411200
008250,이건산업,14650,14600,-50,-0.34,457574,6656754250
025820,이구산업,4330,4255,-75,-1.73,1058045,4617404375
214320,이노션,66000,64600,-1400,-2.12,50264,3266607500
088260,이리츠코크렙,6000,6000,0,0.0,127401,761180080
139480,이마트,158000,155000,-3000,-1.9,182738,28505182000
007660,이수페타시스,4005,3860,-145,-3.62,986579,3860744525
005950,이수화학,12350,12150,-200,-1.62,308490,3760826350
015020,이스타코,5630,5430,-200,-3.55,3504387,19313496990
093230,이아이디,578,564,-14,-2.42,42889239,24334134235
074610,이엔플러스,4195,4070,-125,-2.98,263818,1088084780
102460,이연제약,71100,72100,1000,1.41,2447464,176144856800
084680,이월드,3470,3335,-135,-3.89,1719867,5788687565
350520,이지스레지던스리츠,5080,5060,-20,-0.39,76860,388335770
334890,이지스밸류리츠,5720,5680,-40,-0.7,73308,416574490
000760,이화산업,21950,21700,-250,-1.14,8373,182771400
014990,인디에프,1535,1475,-60,-3.91,376187,556361975
101140,인바이오젠,4520,4415,-105,-2.32,12651643,54908595220
006490,인스코비,3055,3315,260,8.51,19164867,64136676800
023800,인지컨트롤스,17500,17000,-500,-2.86,218714,3734455150
034590,인천도시가스,28700,28450,-250,-0.87,1615,46040050
129260,인터지스,4320,4200,-120,-2.78,340955,1451342350
023810,인팩,15200,14400,-800,-5.26,247663,3602279500
249420,일동제약,16150,15800,-350,-2.17,106503,1694157950
000230,일동홀딩스,14150,14100,-50,-0.35,14253,201223150
013360,일성건설,4135,4005,-130,-3.14,2451482,9763186650
003120,일성신약,85200,84800,-400,-0.47,3469,292950200
003200,일신방직,102500,101500,-1000,-0.98,9800,985312300
007110,일신석재,2645,2530,-115,-4.35,4336952,11044591485
007570,일양약품,37550,37100,-450,-1.2,228545,8510604900
007575,일양약품우,38100,37900,-200,-0.52,3687,139195600
008500,일정실업,20000,20000,0,0.0,1520,30213100
081000,일진다이아,42000,41200,-800,-1.9,126490,5214138000
020760,일진디스플,4445,4375,-70,-1.57,172709,757818870
020150,일진머티리얼즈,74700,71700,-3000,-4.02,491043,35585248700
103590,일진전기,5690,5380,-310,-5.45,659011,3589895460
015860,일진홀딩스,5740,5650,-90,-1.57,324699,1827219020
226320,잇츠한불,26750,25950,-800,-2.99,73140,1919114700
317400,자이에스앤디,11000,10750,-250,-2.27,213935,2320310950
033240,자화전자,21750,21000,-750,-3.45,161785,3432126350
000950,전방,38850,37300,-1550,-3.99,3692,139675350
348950,제이알글로벌리츠,5290,5290,0,0.0,427451,2255910630
194370,제이에스코퍼레이션,19000,19000,0,0.0,259083,5081220700
025620,제이준코스메틱,1700,1615,-85,-5.0,908892,1467208820
036420,제이콘텐트리,46150,45250,-900,-1.95,129944,5880557100
030000,제일기획,25250,24850,-400,-1.58,271602,6800062150
271980,제일약품,44900,44400,-500,-1.11,70474,3134305000
001560,제일연마,8640,8560,-80,-0.93,7067,60716270
002620,제일파마홀딩스,24550,23650,-900,-3.67,39483,940221750
006220,제주은행,7180,7040,-140,-1.95,196894,1399683510
089590,제주항공,24800,23150,-1650,-6.65,1488728,34020009800
004910,조광페인트,8920,8630,-290,-3.25,120241,1049984960
004700,조광피혁,57000,55900,-1100,-1.93,2774,155530700
001550,조비,25150,24250,-900,-3.58,77236,1890712500
000480,조선내화,91000,90700,-300,-0.33,1872,170223700
120030,조선선재,129500,126500,-3000,-2.32,7025,895135500
018470,조일알미늄,1015,1000,-15,-1.48,1498280,1496386080
002600,조흥,200000,198000,-2000,-1.0,179,35387500
185750,종근당,136500,134000,-2500,-1.83,111156,15122413000
063160,종근당바이오,59400,59800,400,0.67,411598,25296147400
001630,종근당홀딩스,109000,108000,-1000,-0.92,18808,2039862000
044380,주연테크,1505,1470,-35,-2.33,6847628,10350756085
013890,지누스,106000,103000,-3000,-2.83,103885,10922546000
013870,지엠비코리아,7260,7140,-120,-1.65,96668,690754190
071320,지역난방공사,43100,42450,-650,-1.51,11352,481069700
010580,지코,306,306,0,0.0,0,0
035000,지투알,6870,6750,-120,-1.75,37235,251680260
088790,진도,4830,4735,-95,-1.97,121512,579076375
003780,진양산업,6110,5840,-270,-4.42,399546,2360247270
010640,진양폴리,4145,3960,-185,-4.46,148563,596125995
100250,진양홀딩스,3175,3135,-40,-1.26,176336,552396240
051630,진양화학,4440,4300,-140,-3.15,191266,819167220
272450,진에어,20600,19650,-950,-4.61,633211,12518558200
011000,진원생명과학,51500,52800,1300,2.52,15778672,871136112000
002780,진흥기업,2530,2510,-20,-0.79,1976796,4949268825
002787,진흥기업2우B,15900,15600,-300,-1.89,10726,167481050
002785,진흥기업우B,7490,7300,-190,-2.54,6947,51005960
009310,참엔지니어링,1760,1700,-60,-3.41,834066,1444303510
000650,천일고속,75000,73900,-1100,-1.47,2528,187845400
033250,체시스,1780,1730,-50,-2.81,294888,514161650
035720,카카오,161000,163000,2000,1.24,4121257,669968277500
006380,카프로,5200,5030,-170,-3.27,552075,2811247570
109070,컨버즈,4100,4100,0,0.0,0,0
001620,케이비아이동국실업,1200,1130,-70,-5.83,4234385,4816352255
029460,케이씨,26800,26300,-500,-1.87,59035,1560123550
344820,케이씨씨글라스,67200,65700,-1500,-2.23,149016,9858880800
281820,케이씨텍,28850,27850,-1000,-3.47,154023,4328988100
145270,케이탑리츠,1785,1735,-50,-2.8,1009966,1768782955
357120,코람코에너지리츠,6200,6200,0,0.0,120779,745508120
007815,코리아써우,7840,7770,-70,-0.89,12334,95232750
007810,코리아써키트,13800,13550,-250,-1.81,140149,1894118950
00781K,코리아써키트2우B,9490,9390,-100,-1.05,1689,15946380
003690,코리안리,9660,9710,50,0.52,225654,2178288530
192820,코스맥스,136000,133000,-3000,-2.21,89530,11981868500
044820,코스맥스비티아이,19650,19150,-500,-2.54,26017,503547650
005070,코스모신소재,29950,29000,-950,-3.17,952793,27887553050
005420,코스모화학,11850,11400,-450,-3.8,361742,4178062400
071950,코아스,1575,1520,-55,-3.49,516972,794584735
002020,코오롱,32200,31700,-500,-1.55,85766,2738967950
003070,코오롱글로벌,24600,23750,-850,-3.46,81111,1946871700
003075,코오롱글로벌우,32250,32200,-50,-0.16,3318,105143650
144620,코오롱머티리얼,2980,2935,-45,-1.51,145870,430770600
002025,코오롱우,21650,21300,-350,-1.62,20033,426391600
120110,코오롱인더,80400,78800,-1600,-1.99,475419,38120745700
120115,코오롱인더우,35200,34250,-950,-2.7,26800,934628100
138490,코오롱플라스틱,7890,7650,-240,-3.04,412051,3177058490
021240,코웨이,79000,77800,-1200,-1.52,129357,10095173100
031820,콤텍시스템,1305,1250,-55,-4.21,4444526,5684831825
192400,쿠쿠홀딩스,121000,120000,-1000,-0.83,8132,978568000
284740,쿠쿠홈시스,44350,44000,-350,-0.79,51163,2248565150
015590,큐로,605,595,-10,-1.65,2498668,1492964900
264900,크라운제과,12850,12400,-450,-3.5,79593,1001533600
26490K,크라운제과우,19300,18500,-800,-4.15,18226,339932450
005740,크라운해태홀딩스,11100,10750,-350,-3.15,72756,792975950
005745,크라운해태홀딩스우,17800,17250,-550,-3.09,10054,173297700
020120,키다리스튜디오,16200,15350,-850,-5.25,166411,2607873100
039490,키움증권,124000,122000,-2000,-1.61,122962,15115178500
014580,태경비케이,5230,5100,-130,-2.49,975724,5020002210
015890,태경산업,7050,6910,-140,-1.99,907077,6300282650
006890,태경케미컬,19100,18700,-400,-2.09,1154348,21947485500
003240,태광산업,1138000,1109000,-29000,-2.55,1639,1821033000
011280,태림포장,5420,5280,-140,-2.58,3261549,17151095580
004100,태양금속,1705,1650,-55,-3.23,520205,870177260
004105,태양금속우,3565,3490,-75,-2.1,42338,148526185
009410,태영건설,12850,12850,0,0.0,244846,3140512050
009415,태영건설우,17000,16600,-400,-2.35,25963,430906050
001420,태원물산,6260,6060,-200,-3.19,151135,924953830
007980,태평양물산,2540,2490,-50,-1.97,686978,1709519105
055490,테이팩스,54200,52900,-1300,-2.4,23561,1266927400
078000,텔코웨어,13000,12600,-400,-3.08,52954,674603850
214420,토니모리,8560,8360,-200,-2.34,107491,907003130
019180,티에이치엔,3885,3805,-80,-2.06,237631,902117295
363280,티와이홀딩스,30400,29750,-650,-2.14,319210,9700697100
36328K,티와이홀딩스우,28250,27450,-800,-2.83,29647,828999250
091810,티웨이항공,4025,3975,-50,-1.24,1451016,5781129460
004870,티웨이홀딩스,1430,1375,-55,-3.85,560048,778283100
005690,파미셀,18550,19750,1200,6.47,8751674,171255604850
036580,팜스코,6980,6880,-100,-1.43,183078,1261407050
004720,팜젠사이언스,12900,13050,150,1.16,1625352,21046701450
028670,팬오션,8390,8140,-250,-2.98,6001723,49231963000
010820,퍼스텍,2865,2710,-155,-5.41,1160432,3182481045
016800,퍼시스,38400,37750,-650,-1.69,5782,218649050
001020,페이퍼코리아,2500,2390,-110,-4.4,268062,649006785
090080,평화산업,1835,1795,-40,-2.18,1087999,1979288305
010770,평화홀딩스,5200,5000,-200,-3.85,60292,306245575
058430,포스코강판,77200,77200,0,0.0,329454,25974026700
047050,포스코인터내셔널,23800,23400,-400,-1.68,1331589,31720367700
003670,포스코케미칼,149000,159000,10000,6.71,1688538,265012975500
007630,폴루스바이오팜,1225,1225,0,0.0,0,0
017810,풀무원,20000,19700,-300,-1.5,106694,2114851800
103140,풍산,37600,37850,250,0.66,498638,19043881800
005810,풍산홀딩스,27800,27800,0,0.0,15937,440935100
950210,프레스티지바이오파마,31750,31200,-550,-1.73,400990,12657562050
086790,하나금융지주,44000,43650,-350,-0.8,1125389,49280345300
293480,하나제약,22400,22100,-300,-1.34,92016,2026063200
039130,하나투어,78300,77000,-1300,-1.66,171990,13320365600
172580,하이골드12호,2555,2560,5,0.2,24038,61416445
153360,하이골드3호,1985,1970,-15,-0.76,24954,49198740
352820,하이브,297500,294000,-3500,-1.18,374006,110007063500
071090,하이스틸,3640,3515,-125,-3.43,199124,709890250
019490,하이트론,8240,8280,40,0.49,294615,2404344670
000080,하이트진로,35950,35500,-450,-1.25,508687,18111159750
000087,하이트진로2우B,22250,22000,-250,-1.12,2748,60895450
000140,하이트진로홀딩스,16550,16150,-400,-2.42,44813,728147250
000145,하이트진로홀딩스우,19100,18450,-650,-3.4,2656,49259750
152550,한국ANKOR유전,1600,1600,0,0.0,12062,19258840
036460,한국가스공사,36600,35400,-1200,-3.28,676174,24138409250
005430,한국공항,48350,46950,-1400,-2.9,20989,993600200
071050,한국금융지주,96900,97900,1000,1.03,466361,45927307800
071055,한국금융지주우,79000,79800,800,1.01,56578,4575334400
010040,한국내화,5140,4940,-200,-3.89,887381,4463469705
025540,한국단자,100000,96500,-3500,-3.5,109080,10713380200
004090,한국석유,16100,15850,-250,-1.55,150609,2397953900
002200,한국수출포장,28600,27300,-1300,-4.55,31570,874987950
002960,한국쉘석유,286500,280500,-6000,-2.09,4177,1177215500
000240,한국앤컴퍼니,19350,18900,-450,-2.33,255828,4870680200
123890,한국자산신탁,4740,4705,-35,-0.74,292898,1378543765
015760,한국전력,24850,24500,-350,-1.41,2791495,68821183950
006200,한국전자홀딩스,1505,1455,-50,-3.32,729753,1078876160
009540,한국조선해양,129000,126000,-3000,-2.33,573496,72660075000
023350,한국종합기술,10150,10200,50,0.49,506167,5066859360
025890,한국주강,2950,2840,-110,-3.73,128055,372328155
000970,한국주철관,10150,9920,-230,-2.27,302828,3028083340
104700,한국철강,9850,9710,-140,-1.42,195098,1919783740
017960,한국카본,11850,11650,-200,-1.69,359500,4210526850
161890,한국콜마,57400,56000,-1400,-2.44,295670,16594874200
024720,한국콜마홀딩스,29200,28600,-600,-2.05,100452,2915224450
161390,한국타이어앤테크놀로지,51400,50100,-1300,-2.53,275367,13910526300
034830,한국토지신탁,2340,2305,-35,-1.5,1181426,2731003900
007280,한국특강,3700,3770,70,1.89,405880,1553651410
168490,한국패러랠,2030,2025,-5,-0.25,11126,22486150
010100,한국프랜지,3835,3590,-245,-6.39,1359856,4998608850
047810,한국항공우주,34700,33500,-1200,-3.46,1009441,34284987600
123690,한국화장품,11850,11700,-150,-1.27,66136,775811500
003350,한국화장품제조,35650,35000,-650,-1.82,19739,695738300
011500,한농화성,14600,14550,-50,-0.34,182595,2659072100
002390,한독,27950,27600,-350,-1.25,44848,1238803200
014790,한라,5890,5770,-120,-2.04,329773,1925208580
060980,한라홀딩스,46250,46700,450,0.97,68734,3217124250
053690,한미글로벌,12550,12000,-550,-4.38,190715,2329022950
042700,한미반도체,35250,34150,-1100,-3.12,499825,17237465600
008930,한미사이언스,83500,84300,800,0.96,523491,43703205500
128940,한미약품,345500,343000,-2500,-0.72,67411,23222550000
009240,한샘,107500,106000,-1500,-1.4,74893,8048499000
020000,한섬,40300,40200,-100,-0.25,92850,3738297950
003680,한성기업,8830,8660,-170,-1.93,44161,385481500
105630,한세실업,22700,22450,-250,-1.1,176991,3991232550
069640,한세엠케이,9340,9500,160,1.71,1041167,9825154380
016450,한세예스24홀딩스,10100,9810,-290,-2.87,163185,1620248860
010420,한솔PNS,2735,2625,-110,-4.02,450443,1199549585
009180,한솔로지스틱스,4615,4525,-90,-1.95,4561115,21355851125
213500,한솔제지,16400,15900,-500,-3.05,225142,3617356100
014680,한솔케미칼,243500,237000,-6500,-2.67,40582,9710636000
004710,한솔테크닉스,8920,8760,-160,-1.79,342101,3019375490
004150,한솔홀딩스,4600,4545,-55,-1.2,178712,811323380
025750,한솔홈데코,2145,2090,-55,-2.56,2361048,4982254515
004960,한신공영,25600,25600,0,0.0,70462,1791165450
011700,한신기계,2865,2775,-90,-3.14,2014691,5687676745
001750,한양증권,15700,15800,100,0.64,50033,788002800
001755,한양증권우,22550,21450,-1100,-4.88,17896,385256400
018880,한온시스템,16800,16350,-450,-2.68,1322987,21786080350
009420,한올바이오파마,22100,21450,-650,-2.94,403517,8785792850
014130,한익스프레스,7230,7500,270,3.73,1501032,11022083300
300720,한일시멘트,161000,160500,-500,-0.31,3559,568124000
002220,한일철강,3100,3040,-60,-1.94,118147,362756825
006390,한일현대시멘트,38700,37500,-1200,-3.1,97703,3674847950
003300,한일홀딩스,13600,13450,-150,-1.1,31579,424220750
051600,한전KPS,43400,42000,-1400,-3.23,369137,15632619450
052690,한전기술,54400,52600,-1800,-3.31,566171,29887118200
130660,한전산업,16800,16900,100,0.6,4613626,75158726200
002320,한진,43200,43150,-50,-0.12,53722,2307125150
097230,한진중공업,8660,8620,-40,-0.46,327792,2863221080
003480,한진중공업홀딩스,6230,6380,150,2.41,2437305,16486052990
180640,한진칼,66300,64700,-1600,-2.41,132818,8698986200
18064K,한진칼우,45200,44350,-850,-1.88,3563,159233150
005110,한창,1580,1575,-5,-0.32,2008925,3109402880
009460,한창제지,2805,2685,-120,-4.28,2374865,6430949485
000880,한화,31200,30500,-700,-2.24,539154,16604880950
00088K,한화3우B,15400,15300,-100,-0.65,49415,757506700
088350,한화생명,3655,3520,-135,-3.69,5905329,21147509110
000370,한화손해보험,4920,4880,-40,-0.81,1104427,5418971485
009830,한화솔루션,44500,43900,-600,-1.35,1119216,49497472900
009835,한화솔루션우,54000,53400,-600,-1.11,5639,302005300
272210,한화시스템,17600,17200,-400,-2.27,1193721,20807560750
012450,한화에어로스페이스,54500,50800,-3700,-6.79,1334065,69556574500
000885,한화우,46250,45300,-950,-2.05,3762,170795400
003530,한화투자증권,4580,4600,20,0.44,4409655,20934091660
003535,한화투자증권우,14300,14750,450,3.15,145843,2239747550
195870,해성디에스,39550,39050,-500,-1.26,299462,11677985850
101530,해태제과식품,9760,9590,-170,-1.74,44409,429889650
143210,핸즈코퍼레이션,6550,6500,-50,-0.76,55810,360431010
000720,현대건설,59200,57700,-1500,-2.53,1239984,71996612700
267270,현대건설기계,54300,53400,-900,-1.66,70475,3782027800
000725,현대건설우,218000,214000,-4000,-1.83,1118,239723000
005440,현대그린푸드,10300,10150,-150,-1.46,428109,4373014600
086280,현대글로비스,207000,200500,-6500,-3.14,221468,44830133500
064350,현대로템,24300,23600,-700,-2.88,2391056,56648734350
079430,현대리바트,20050,19450,-600,-2.99,269191,5289262250
012330,현대모비스,282500,281500,-1000,-0.35,279771,78984841500
010620,현대미포조선,85100,81200,-3900,-4.58,855031,70260220400
069960,현대백화점,83500,81800,-1700,-2.04,334277,27503663900
004560,현대비앤지스틸,20850,21100,250,1.2,396406,8420442500
004565,현대비앤지스틸우,92100,91000,-1100,-1.19,926,85367300
004310,현대약품,7270,7050,-220,-3.03,356684,2541671450
322000,현대에너지솔루션,31500,30900,-600,-1.9,72941,2257429600
017800,현대엘리베이,52000,50500,-1500,-2.88,453923,23123697600
307950,현대오토에버,129500,126500,-3000,-2.32,72043,9145481000
011210,현대위아,96600,90400,-6200,-6.42,1335482,122535962800
267260,현대일렉트릭,20200,19850,-350,-1.73,291005,5787244900
004020,현대제철,52600,52600,0,0.0,1126070,59906816000
267250,현대중공업지주,68900,67100,-1800,-2.61,476814,32204886300
005380,현대차,232000,229500,-2500,-1.08,1241792,285696744500
005387,현대차2우B,112000,112000,0,0.0,139245,15494198000
005389,현대차3우B,106000,104500,-1500,-1.42,11135,1165713000
005385,현대차우,114000,112500,-1500,-1.32,84467,9475607500
001500,현대차증권,13300,13100,-200,-1.5,237766,3117924500
011760,현대코퍼레이션,20500,20400,-100,-0.49,81907,1660882150
227840,현대코퍼레이션홀딩스,14950,15050,100,0.67,92802,1396646750
126560,현대퓨처넷,4480,4365,-115,-2.57,390025,1719358990
001450,현대해상,25300,25450,150,0.59,826607,21004836200
057050,현대홈쇼핑,90400,90500,100,0.11,30448,2772110600
093240,형지엘리트,5200,4995,-205,-3.94,1288183,6544063360
003010,혜인,7250,7040,-210,-2.9,152180,1082093000
111110,호전실업,14600,13950,-650,-4.45,72000,1023733450
008770,호텔신라,93900,92800,-1100,-1.17,470511,43918006600
008775,호텔신라우,90500,89400,-1100,-1.22,19892,1773278200
002460,화성산업,14100,13800,-300,-2.13,104518,1442292550
378850,화승알앤에이,6140,6080,-60,-0.98,58290,355084650
241590,화승엔터프라이즈,17350,17050,-300,-1.73,198125,3386780750
006060,화승인더,7750,7660,-90,-1.16,338541,2598335990
013520,화승코퍼레이션,3165,3110,-55,-1.74,685825,2141787555
010690,화신,9600,9620,20,0.21,847992,8205641040
133820,화인베스틸,2980,2875,-105,-3.52,417405,1215234995
010660,화천기계,2900,2800,-100,-3.45,167208,471980695
000850,화천기공,38800,38400,-400,-1.03,4099,157863850
016580,환인제약,22750,22400,-350,-1.54,180796,4007544400
032560,황금에스티,9530,9420,-110,-1.15,231619,2179969330
004800,효성,102000,104000,2000,1.96,146951,15429970000
094280,효성ITX,21850,22150,300,1.37,50325,1098651800
298040,효성중공업,71500,71100,-400,-0.56,58734,4213541700
298050,효성첨단소재,487000,491500,4500,0.92,106479,52429451500
298020,효성티앤씨,881000,891000,10000,1.14,60858,54699068000
298000,효성화학,380500,380500,0,0.0,75046,28976669500
093370,후성,10600,11100,500,4.72,6888776,77019894550
081660,휠라홀딩스,55000,55000,0,0.0,409946,22519155200
005870,휴니드,8530,8260,-270,-3.17,163472,1366151750
079980,휴비스,11150,10750,-400,-3.59,470914,5127839250
005010,휴스틸,14300,14250,-50,-0.35,165383,2406525700
069260,휴켐스,23250,23000,-250,-1.08,310935,7211504200
000540,흥국화재,4540,4445,-95,-2.09,177141,792863695
000547,흥국화재2우B,31350,30200,-1150,-3.67,4502,137535750
000545,흥국화재우,11000,10650,-350,-3.18,18803,200469850
003280,흥아해운,1035,1035,0,0.0,0,0
