티커,종목명,시가,종가,변동폭,등락률,거래량,거래대금
095570,AJ네트웍스,4040,4055,15,0.37,210591,867237520
006840,AK홀딩스,28500,29300,800,2.81,248760,7447531500
027410,BGF,6880,6640,-240,-3.49,1436450,9774256910
282330,BGF리테일,164000,161500,-2500,-1.52,62919,10221246500
138930,BNK금융지주,5690,5740,50,0.88,1476965,8427356570
001460,BYC,290000,299000,9000,3.1,1292,383525500
001465,BYC우,140500,144000,3500,2.49,163,23117500
001040,CJ,97000,98800,1800,1.86,203944,20322031900
079160,CJCGV,27100,27500,400,1.48,398725,11065764050
00104K,CJ4우전환,76300,78200,1900,2.49,10372,807581200
000120,CJ대한통운,170000,174000,4000,2.35,122668,21334334500
011150,CJ씨푸드,4615,4620,5,0.11,300082,1394811130
011155,CJ씨푸드1우,37400,37350,-50,-0.13,711,26522500
001045,CJ우,60900,61500,600,0.99,6105,379235000
097950,CJ제일제당,434000,444000,10000,2.3,74665,33367872000
097955,CJ제일제당우,211500,216000,4500,2.13,14390,3105784000
000590,CS홀딩스,58100,58200,100,0.17,2030,117666300
012030,DB,855,861,6,0.7,2168857,1893496774
016610,DB금융투자,4860,5100,240,4.94,378962,1935311170
005830,DB손해보험,37600,38000,400,1.06,209655,7981751100
000990,DB하이텍,63300,63700,400,0.63,1449147,92657312600
000995,DB하이텍1우,119500,118500,-1000,-0.84,1551,183775000
139130,DGB금융지주,6540,6580,40,0.61,401732,2639340180
001530,DI동일,195000,188000,-7000,-3.59,48283,9125649000
000210,DL,64800,72800,8000,12.35,1246356,88301915800
000215,DL우,38550,41400,2850,7.39,152765,6438927850
375500,DL이앤씨,118000,121000,3000,2.54,813663,98945380500
37550K,DL이앤씨우,75900,76900,1000,1.32,61409,4763301800
004840,DRB동일,6940,7140,200,2.88,31805,227440200
155660,DSR,5560,5610,50,0.9,48561,271579050
069730,DSR제강,4780,4790,10,0.21,59249,283093110
017940,E1,40000,40100,100,0.25,6469,260669050
365550,ESR켄달스퀘어리츠,5510,5700,190,3.45,519089,2935408330
007700,FF,105000,109500,4500,4.29,155640,17087511000
114090,GKL,15350,15550,200,1.3,278225,4295385050
078930,GS,37300,38100,800,2.14,229784,8718002250
006360,GS건설,41750,42050,300,0.72,1073207,44764520700
001250,GS글로벌,2420,2440,20,0.83,1481851,3628937955
007070,GS리테일,35100,34800,-300,-0.85,379052,13235792700
078935,GS우,29600,29950,350,1.18,4373,130838650
012630,HDC,11100,11350,250,2.25,545026,6167673400
039570,HDC아이콘트롤스,10400,10600,200,1.92,58200,617464850
089470,HDC현대EP,6420,6480,60,0.93,130179,846174770
294870,HDC현대산업개발,28900,29200,300,1.04,687622,19939352300
011200,HMM,14000,14050,50,0.36,2478159,34779119400
082740,HSD엔진,7170,7160,-10,-0.14,386467,2796679670
003560,IHQ,1660,1720,60,3.61,3286712,5610360290
175330,JB금융지주,5280,5460,180,3.41,381557,2056831160
234080,JW생명과학,22300,22000,-300,-1.35,214147,4733359000
001060,JW중외제약,31000,30850,-150,-0.48,73211,2266658650
001067,JW중외제약2우B,53700,55500,1800,3.35,1667,91922100
001065,JW중외제약우,35200,35450,250,0.71,1700,60554200
096760,JW홀딩스,5230,5240,10,0.19,68750,360850120
105560,KB금융,42100,41850,-250,-0.59,1952910,82084578724
002380,KCC,200500,203500,3000,1.5,40203,8140169000
009070,KCTC,3975,4050,75,1.89,957356,3960350000
009440,KC그린홀딩스,5020,5040,20,0.4,90656,459190610
119650,KC코트렐,10050,10200,150,1.49,318906,3263054600
092220,KEC,2810,2855,45,1.6,2663904,7692099785
016380,KG동부제철,11050,11000,-50,-0.45,117555,1305355350
016385,KG동부제철우,114000,115000,1000,0.88,274,31406000
001390,KG케미칼,22650,22800,150,0.66,89201,2041613850
001940,KISCO홀딩스,14300,14500,200,1.4,41348,599546650
025000,KPX케미칼,52700,53900,1200,2.28,8984,481859900
092230,KPX홀딩스,58700,59900,1200,2.04,11638,688218100
000040,KR모터스,917,920,3,0.33,607570,559927775
044450,KSS해운,10700,10750,50,0.47,32984,355353500
030200,KT,24050,24250,200,0.83,1545073,37540752600
033780,KTG,80100,80000,-100,-0.12,564221,45204343000
030210,KTB투자증권,3545,3745,200,5.64,2061391,8022978805
058850,KTcs,2265,2305,40,1.77,300721,692277815
058860,KTis,2680,2680,0,0.0,127350,342132495
093050,LF,14400,14700,300,2.08,97594,1423262250
003550,LG,103000,102500,-500,-0.49,453180,46998784911
034220,LG디스플레이,22750,22800,50,0.22,4436303,101023564600
001120,LG상사,26550,27200,650,2.45,392771,10687090000
051900,LG생활건강,1564000,1599000,35000,2.24,33801,54052901250
051905,LG생활건강우,703000,712000,9000,1.28,9391,6702571000
003555,LG우,72000,71500,-500,-0.69,30711,2213323300
032640,LG유플러스,12100,12250,150,1.24,3831036,46524066300
011070,LG이노텍,207000,202500,-4500,-2.17,329292,67778095000
066570,LG전자,158000,158000,0,0.0,2620315,418544774000
066575,LG전자우,81500,80800,-700,-0.86,465749,38234362400
108670,LG하우시스,80300,78900,-1400,-1.74,97472,7731048100
108675,LG하우시스우,37000,36450,-550,-1.49,26352,966783800
037560,LG헬로비전,4465,4700,235,5.26,5474205,26135535395
051910,LG화학,950000,965000,15000,1.58,426057,411101098000
051915,LG화학우,477500,481500,4000,0.84,48315,23700999500
079550,LIG넥스원,37900,38700,800,2.11,238582,9316964050
006260,LS,66800,68200,1400,2.1,244554,16554183800
010120,LSELECTRIC,61900,62600,700,1.13,169218,10566161500
000680,LS네트웍스,2605,2610,5,0.19,67071,174567115
229640,LS전선아시아,7410,7430,20,0.27,148473,1105134960
023150,MH에탄올,8580,8170,-410,-4.78,241508,1976245690
035420,NAVER,348000,362500,14500,4.17,1951062,712826057000
181710,NHN,70700,70900,200,0.28,71912,5122450700
005940,NH투자증권,11800,11650,-150,-1.27,1191225,13948581300
005945,NH투자증권우,8550,8560,10,0.12,76713,656606340
338100,NH프라임리츠,4190,4195,5,0.12,36566,153181985
034310,NICE,17750,17900,150,0.85,36658,651675800
008260,NI스틸,3105,3115,10,0.32,233490,727414670
004250,NPC,3580,3565,-15,-0.42,202274,721383830
004255,NPC우,2455,2490,35,1.43,3127,7718775
010060,OCI,108500,108500,0,0.0,459230,49029706500
005490,POSCO,253000,263000,10000,3.95,457340,118861083500
100840,STC,15350,15550,200,1.3,35735,554095400
064960,ST모티브,71700,71600,-100,-0.14,162472,11658923600
003570,ST중공업,6580,6470,-110,-1.67,65985,433737030
036530,ST홀딩스,15900,15700,-200,-1.26,49374,778425550
010950,S-Oil,69200,71900,2700,3.9,488603,34750930100
010955,S-Oil우,38850,39900,1050,2.7,14922,592678400
034120,SBS,23000,23650,650,2.83,115292,2733899050
101060,SBS미디어홀딩스,1895,1905,10,0.53,95807,182314860
005090,SGC에너지,36250,37000,750,2.07,56154,2075500250
004060,SG세계물산,720,736,16,2.22,16957607,12522842660
001380,SG충방,2530,2675,145,5.73,1639394,4261697000
002360,SH에너지화학,898,911,13,1.45,1364508,1241916041
009160,SIMPAC,2695,2715,20,0.74,134093,362845945
123700,SJM,4100,4180,80,1.95,77755,324064600
025530,SJM홀딩스,3380,3455,75,2.22,135682,489562455
034730,SK,329000,325500,-3500,-1.06,557638,184361567000
011790,SKC,124500,135000,10500,8.43,1291196,172312471500
018670,SK가스,100500,101000,500,0.5,12948,1308724500
001740,SK네트웍스,5200,5400,200,3.85,1460561,7826239060
001745,SK네트웍스우,111500,111500,0,0.0,859,96333500
006120,SK디스커버리,66200,66900,700,1.06,101480,6718502500
006125,SK디스커버리우,55100,56200,1100,2.0,24812,1385149000
210980,SK디앤디,41450,41700,250,0.6,84099,3509232300
068400,SK렌터카,10400,10650,250,2.4,175158,1872388250
326030,SK바이오팜,149000,149500,500,0.34,191541,28655750000
03473K,SK우,291000,291500,500,0.17,16181,4765741500
096770,SK이노베이션,316000,317500,1500,0.47,2421197,763089443500
096775,SK이노베이션우,215500,221000,5500,2.55,118509,25883985500
001510,SK증권,851,868,17,2.0,8559770,7475827254
001515,SK증권우,4660,4720,60,1.29,15557,74120025
285130,SK케미칼,439500,435500,-4000,-0.91,388116,168674076500
28513K,SK케미칼우,197000,196000,-1000,-0.51,65028,12689384500
017670,SK텔레콤,245500,245000,-500,-0.2,444183,109007017500
000660,SK하이닉스,125000,130000,5000,4.0,4880067,633539068640
005610,SPC삼립,69600,70500,900,1.29,16202,1140648600
011810,STX,6110,6070,-40,-0.65,54512,332926310
077970,STX엔진,6920,6940,20,0.29,20826,144413040
071970,STX중공업,3620,3640,20,0.55,99043,359836900
084870,TBH글로벌,1730,1745,15,0.87,49689,86844090
002710,TCC스틸,5170,5120,-50,-0.97,580858,3023486640
024070,WISCOM,3795,3775,-20,-0.53,385215,1438509510
037270,YGPLUS,6100,6190,90,1.48,3344273,21011424720
000500,가온전선,21050,21450,400,1.9,13028,279164850
000860,강남제비스코,20850,21000,150,0.72,17727,372423400
035250,강원랜드,23600,23800,200,0.85,569506,13642142550
011420,갤럭시아에스엠,1460,1495,35,2.4,80430,118903515
002100,경농,12550,12800,250,1.99,231196,2992464150
009450,경동나비엔,48450,49100,650,1.34,41451,2028778800
267290,경동도시가스,17800,18100,300,1.69,12151,220006650
012320,경동인베스트,29700,29300,-400,-1.35,1527,44423800
000050,경방,12550,13100,550,4.38,53187,688721050
214390,경보제약,14750,14750,0,0.0,126002,1868465200
012610,경인양행,7150,7410,260,3.64,1013960,7536486520
009140,경인전자,28350,27850,-500,-1.76,20377,573666000
013580,계룡건설,31700,31850,150,0.47,69923,2231399600
012200,계양전기,4380,4495,115,2.63,321752,1439931280
012205,계양전기우,7050,7060,10,0.14,3151,22199780
002140,고려산업,3995,4030,35,0.88,158455,640585675
010130,고려아연,433500,427000,-6500,-1.5,151149,65539481000
002240,고려제강,14000,14250,250,1.79,54454,768261250
009290,광동제약,9350,9400,50,0.53,218549,2054997530
017040,광명전기,2110,2145,35,1.66,508539,1090564855
017900,광전자,2400,2445,45,1.88,262068,634570400
037710,광주신세계,153000,152000,-1000,-0.65,4619,704235000
030610,교보증권,7350,7450,100,1.36,87937,655860320
339770,교촌에프앤비,17350,17350,0,0.0,127122,2213758350
007690,국도화학,48850,49100,250,0.51,19287,949743000
005320,국동,4690,4865,175,3.73,1366045,6633592970
001140,국보,1700,1660,-40,-2.35,434215,721559535
002720,국제약품,8930,9050,120,1.34,133217,1202209670
083420,그린케미칼,13750,14200,450,3.27,579714,8111497650
014530,극동유화,3300,3325,25,0.76,71387,237365680
014280,금강공업,5300,5340,40,0.75,127645,681519150
014285,금강공업우,10700,11050,350,3.27,3234,35613350
008870,금비,68000,68100,100,0.15,1337,90533900
001570,금양,6120,6250,130,2.12,518136,3268278440
002990,금호산업,8520,8750,230,2.7,135078,1173608910
002995,금호산업우,31950,31950,0,0.0,2244,72068400
011780,금호석유,244500,250500,6000,2.45,1061655,272201462218
011785,금호석유우,98800,104000,5200,5.26,119895,12414273400
214330,금호에이치티,2880,2785,-95,-3.3,18156505,51398858835
001210,금호전기,2650,2650,0,0.0,80750,216277825
073240,금호타이어,3915,4025,110,2.81,653348,2607620915
092440,기신정기,3805,3770,-35,-0.92,90003,340074925
000270,기아차,90000,89100,-900,-1.0,6307645,563837765200
024110,기업은행,8160,8190,30,0.37,1414090,11571825910
013700,까뮤이앤씨,3430,3380,-50,-1.46,4873227,16480918995
004540,깨끗한나라,4220,4235,15,0.36,74784,316162270
004545,깨끗한나라우,18350,18100,-250,-1.36,3832,69076100
001260,남광토건,15100,15950,850,5.63,636934,9862145500
008350,남선알미늄,4370,4600,230,5.26,4875728,22187790060
008355,남선알미우,38000,39500,1500,3.95,2481,97351750
004270,남성,3660,3720,60,1.64,619752,2306969510
003920,남양유업,288500,295000,6500,2.25,1984,586032500
003925,남양유업우,183500,183500,0,0.0,78,14293000
025860,남해화학,8600,8710,110,1.28,291801,2527762810
005720,넥센,4475,4535,60,1.34,42799,194406520
005725,넥센우,2955,2980,25,0.85,9243,27602965
002350,넥센타이어,6520,6640,120,1.84,379615,2478059170
002355,넥센타이어1우B,2630,2650,20,0.76,5264,13961520
003580,넥스트사이언스,5100,5080,-20,-0.39,79660,404715010
251270,넷마블,139500,142500,3000,2.15,1421778,204308078500
090350,노루페인트,9080,9090,10,0.11,94236,857551010
090355,노루페인트우,12250,12450,200,1.63,1058,12991150
000320,노루홀딩스,10500,10600,100,0.95,30040,316978800
000325,노루홀딩스우,16800,17000,200,1.19,26,438650
006280,녹십자,423000,430000,7000,1.65,213796,91581000500
005250,녹십자홀딩스,43300,42850,-450,-1.04,627773,27123685550
005257,녹십자홀딩스2우,109500,109000,-500,-0.46,3316,361801000
004370,농심,283500,285500,2000,0.71,28214,8074575000
072710,농심홀딩스,74600,75000,400,0.54,12074,903633000
058730,다스코,5220,5210,-10,-0.19,42490,221889840
023590,다우기술,26450,27300,850,3.21,858622,23540015450
019680,대교,3750,3805,55,1.47,172649,650140860
019685,대교우B,2505,2520,15,0.6,52775,133070125
006370,대구백화점,7820,7920,100,1.28,3275,25749230
008060,대덕,6810,6860,50,0.73,297118,2057004190
00806K,대덕1우,8190,8310,120,1.47,15012,126129840
353200,대덕전자,13800,13750,-50,-0.36,1120511,15567084650
35320K,대덕전자1우,8930,8940,10,0.11,29770,268752560
000490,대동공업,7440,7450,10,0.13,201422,1513486250
008110,대동전자,5280,5460,180,3.41,223287,1226272670
005750,대림BCo,5640,5630,-10,-0.18,29887,169252720
001880,대림건설,36400,36950,550,1.51,123245,4555718200
006570,대림통상,5290,4825,-465,-8.79,3857414,22402701020
001680,대상,26550,26550,0,0.0,315955,8435605650
001685,대상우,19900,20300,400,2.01,12338,248628450
084690,대상홀딩스,9890,9980,90,0.91,174960,1756035370
084695,대상홀딩스우,8720,8760,40,0.46,10624,93530540
128820,대성산업,3140,3160,20,0.64,62221,197028140
117580,대성에너지,5130,5190,60,1.17,14622,75898760
016710,대성홀딩스,27500,27500,0,0.0,80228,2199373600
003540,대신증권,12350,12450,100,0.81,59625,743250600
003547,대신증권2우B,9150,9160,10,0.11,28555,261504910
003545,대신증권우,9560,9600,40,0.42,95703,917985770
009190,대양금속,4075,4145,70,1.72,512227,2101349570
014160,대영포장,1820,1895,75,4.12,12502804,23122369735
047040,대우건설,6460,6330,-130,-2.01,9918613,63017368990
009320,대우부품,2970,2995,25,0.84,1069298,3187827065
042660,대우조선해양,25600,26000,400,1.56,233568,6026271500
003090,대웅,47500,49300,1800,3.79,730669,35692407650
069620,대웅제약,157500,161500,4000,2.54,128937,20754084500
000430,대원강업,4360,4480,120,2.75,1911073,8486004800
006340,대원전선,1340,1395,55,4.1,15489359,23002343355
006345,대원전선우,2385,2410,25,1.05,16216,39808795
003220,대원제약,17400,17400,0,0.0,122045,2123949100
024890,대원화성,1725,1755,30,1.74,133853,234004075
002880,대유에이텍,1070,1100,30,2.8,8567774,9621019855
000300,대유플러스,796,789,-7,-0.88,2804538,2223159205
012800,대창,1485,1510,25,1.68,1241151,1890172950
015230,대창단조,7120,7130,10,0.14,34725,248701100
001070,대한방직,39950,39750,-200,-0.5,5307,211912900
006650,대한유화,287500,309500,22000,7.65,247394,75104458000
001440,대한전선,1205,1220,15,1.24,17321945,21127889955
084010,대한제강,11250,11950,700,6.22,817322,9834613000
001790,대한제당,19900,19900,0,0.0,17920,358786250
001795,대한제당우,14600,14950,350,2.4,1050,15636350
001130,대한제분,144000,148000,4000,2.78,8681,1285180000
003490,대한항공,29450,29650,200,0.68,1581226,46744223700
003495,대한항공우,43000,42950,-50,-0.12,26031,1117905550
005880,대한해운,3470,3380,-90,-2.59,7596912,26135214665
003830,대한화섬,111000,111000,0,0.0,1913,215382000
016090,대현,2015,2070,55,2.73,1115690,2410793785
069460,대호에이엘,2175,2240,65,2.99,118777,265081700
192080,더블유게임즈,64900,65100,200,0.31,171381,11114252400
012510,더존비즈온,102500,107000,4500,4.39,212437,22301697030
004830,덕성,6900,6950,50,0.72,383087,2675083990
004835,덕성우,11350,11450,100,0.88,19022,216472750
024900,덕양산업,3340,3400,60,1.8,1613450,5558436560
145720,덴티움,46950,50100,3150,6.71,342948,17215408900
002150,도화엔지니어링,8100,8090,-10,-0.12,53089,431339600
001230,동국제강,7800,8130,330,4.23,713475,5738988100
023450,동남합성,44750,44400,-350,-0.78,576,25758050
004140,동방,4680,4795,115,2.46,23473991,116812381080
007590,동방아그로,6510,6570,60,0.92,110597,789849720
005960,동부건설,12900,13050,150,1.16,76575,994890400
005965,동부건설우,23350,23100,-250,-1.07,1400,32658850
026960,동서,31400,31500,100,0.32,174685,5500272550
002210,동성제약,13100,13200,100,0.76,290509,3826620050
102260,동성코퍼레이션,4810,4815,5,0.1,149660,719862015
005190,동성화학,15900,15950,50,0.31,10350,164702100
000640,동아쏘시오홀딩스,114000,112500,-1500,-1.32,46260,5209410500
170900,동아에스티,83300,83400,100,0.12,42068,3500753200
028100,동아지질,16600,16850,250,1.51,144415,2434579250
282690,동아타이어,9640,9780,140,1.45,21110,204743320
001520,동양,1210,1225,15,1.24,897150,1094342550
001527,동양2우B,11400,11450,50,0.44,1045,11780050
001529,동양3우B,28950,29100,150,0.52,109,3189200
084670,동양고속,23250,23400,150,0.65,3574,83325500
002900,동양물산,1500,1500,0,0.0,1123744,1692076475
082640,동양생명,3885,3920,35,0.9,102586,405826170
001525,동양우,6800,6850,50,0.74,225,1556690
008970,동양철관,1170,1170,0,0.0,2314678,2712997275
092780,동양피스톤,6830,6790,-40,-0.59,165195,1121921720
049770,동원FB,178500,179000,500,0.28,7384,1326944500
018500,동원금속,1140,1190,50,4.39,24551671,29915596895
006040,동원산업,239000,245000,6000,2.51,3277,800548500
030720,동원수산,9050,9050,0,0.0,56613,513477260
014820,동원시스템즈,52100,51100,-1000,-1.92,221960,11524887200
014825,동원시스템즈우,34800,34800,0,0.0,3143,106376200
163560,동일고무벨트,9560,9670,110,1.15,63218,613966540
004890,동일산업,78900,79100,200,0.25,240,18983100
002690,동일제강,2710,2800,90,3.32,109224,301285255
000020,동화약품,15600,15800,200,1.28,170148,2685077300
000150,두산,52300,52600,300,0.57,82204,4337099000
000157,두산2우B,63200,62700,-500,-0.79,579,36302300
241560,두산밥캣,31100,31500,400,1.29,244743,7700116500
000155,두산우,39950,40250,300,0.75,8372,339520150
042670,두산인프라코어,8770,8830,60,0.68,10487792,92909569960
034020,두산중공업,11950,11850,-100,-0.84,2414158,28722249850
336260,두산퓨얼셀,57900,59100,1200,2.07,1053466,61461129900
33626K,두산퓨얼셀1우,19600,19900,300,1.53,283249,5581476150
33626L,두산퓨얼셀2우B,20800,20900,100,0.48,26474,556622500
016740,두올,3480,3600,120,3.45,590020,2101745520
192650,드림텍,10500,10550,50,0.48,262253,2774350650
024090,디씨엠,12100,12250,150,1.24,18337,221470150
003160,디아이,5670,5580,-90,-1.59,709322,3961990380
092200,디아이씨,4100,3990,-110,-2.68,903812,3606347580
013570,디와이,5140,5340,200,3.89,351921,1860827900
210540,디와이파워,11700,11900,200,1.71,66663,790147800
007340,디티알오토모티브,26500,27000,500,1.89,37553,1013442900
026890,디피씨,11300,11750,450,3.98,7292050,86377116900
115390,락앤락,12150,12100,-50,-0.41,248396,3039470600
032350,롯데관광개발,16700,16350,-350,-2.1,1028900,16973334000
330590,롯데리츠,5060,5070,10,0.2,461831,2338489690
000400,롯데손해보험,1735,1750,15,0.86,533091,940113835
023530,롯데쇼핑,107000,111000,4000,3.74,137168,15064751500
004000,롯데정밀화학,55700,56000,300,0.54,271688,15293980165
286940,롯데정보통신,40150,39950,-200,-0.5,66720,2661826850
280360,롯데제과,105500,108000,2500,2.37,8481,909422500
004990,롯데지주,32950,33450,500,1.52,167242,5594441000
00499K,롯데지주우,59900,60000,100,0.17,956,57649800
005300,롯데칠성,118500,126000,7500,6.33,55843,6916648000
005305,롯데칠성우,63100,65000,1900,3.01,2683,172640300
011170,롯데케미칼,265000,275000,10000,3.77,334228,92637264500
002270,롯데푸드,344000,361000,17000,4.94,17408,6331587500
071840,롯데하이마트,39450,39950,500,1.27,112031,4489813800
027740,마니커,687,690,3,0.44,733318,506782104
204320,만도,71700,71600,-100,-0.14,812901,58009689300
001080,만호제강,18900,18400,-500,-2.65,25906,480386650
088980,맥쿼리인프라,10800,10800,0,0.0,761780,8212941150
094800,맵스리얼티1,3905,3930,25,0.64,78418,307584480
138040,메리츠금융지주,9610,9790,180,1.87,189531,1848413880
008560,메리츠증권,3585,3610,25,0.7,5237593,18968695110
000060,메리츠화재,14900,15200,300,2.01,498196,7607943000
090370,메타랩스,1000,1040,40,4.0,362964,373411775
017180,명문제약,6370,6450,80,1.26,383130,2467682010
009900,명신산업,37050,37650,600,1.62,579410,21724846750
012690,모나리자,4640,4860,220,4.74,421911,2026203285
005360,모나미,5030,5120,90,1.79,207000,1064363720
204210,모두투어리츠,3040,3055,15,0.49,25810,78301525
009680,모토닉,13150,13200,50,0.38,100577,1341561700
009580,무림PP,4920,5140,220,4.47,1034638,5274581035
009200,무림페이퍼,2750,2900,150,5.45,724690,2101202340
033920,무학,6970,7090,120,1.72,31976,226383330
008420,문배철강,3240,3355,115,3.55,443594,1477518955
025560,미래산업,3120,3120,0,0.0,131784,412235575
007120,미래아이앤지,413,420,7,1.69,963081,400479670
006800,미래에셋대우,9830,9880,50,0.51,3136165,31039584740
00680K,미래에셋대우2우B,4465,4510,45,1.01,402720,1814857945
006805,미래에셋대우우,5110,5140,30,0.59,85548,441957410
357250,미래에셋맵스리츠,4710,4715,5,0.11,6544,30808435
085620,미래에셋생명,3710,3695,-15,-0.4,96145,356248020
002840,미원상사,131000,130000,-1000,-0.76,2235,290538500
268280,미원에스씨,106000,105000,-1000,-0.94,738,77688500
107590,미원홀딩스,71500,72000,500,0.7,904,65105300
134380,미원화학,60300,60300,0,0.0,1586,95110400
003650,미창석유,63200,64100,900,1.42,582,37144400
155900,바다로19호,2245,2265,20,0.89,24287,54700760
003610,방림,1975,2010,35,1.77,132998,264735995
001340,백광산업,4015,4150,135,3.36,2168554,8996445795
035150,백산,6060,6350,290,4.79,920953,5784018310
002410,범양건영,4820,5110,290,6.02,680996,3409799950
096300,베트남개발1,235,235,0,0.0,167368,39093314
007210,벽산,2515,2560,45,1.79,1178662,3018639780
002760,보락,2190,2210,20,0.91,317132,701387980
003850,보령제약,21150,20950,-200,-0.95,1057794,22243308150
000890,보해양조,923,920,-3,-0.33,1035536,955776754
003000,부광약품,22700,22650,-50,-0.22,453347,10288900650
001270,부국증권,21300,21600,300,1.41,8102,174169100
001275,부국증권우,19500,19450,-50,-0.26,1362,26524600
026940,부국철강,3850,3950,100,2.6,127665,500511750
015350,부산가스,53900,54700,800,1.48,3771,208562000
011390,부산산업,144500,140500,-4000,-2.77,29875,4231062000
005030,부산주공,695,714,19,2.73,814222,580633909
002070,비비안,4105,4100,-5,-0.12,2217549,9020983910
100220,비상교육,6430,6460,30,0.47,8844,56973090
030790,비케이탑스,15200,16250,1050,6.91,335340,5359028150
352820,빅히트,217500,232500,15000,6.9,1363038,312831235500
005180,빙그레,56400,56900,500,0.89,22462,1274218800
003960,사조대림,15800,16000,200,1.27,24023,383652700
008040,사조동아원,1025,1035,10,0.98,681553,704289760
007160,사조산업,32550,33300,750,2.3,13188,436221500
014710,사조씨푸드,5220,5320,100,1.92,119772,633235900
006090,사조오양,10050,10100,50,0.5,83730,847099500
001470,삼부토건,3450,3680,230,6.67,4259742,15451191430
006400,삼성SDI,745000,752000,7000,0.94,396348,297433618000
006405,삼성SDI우,530000,541000,11000,2.08,43934,23848127000
006660,삼성공조,8260,8550,290,3.51,51755,437144080
028260,삼성물산,130500,132000,1500,1.15,990980,131154636500
02826K,삼성물산우B,122000,123000,1000,0.82,12169,1516420500
207940,삼성바이오로직스,813000,826000,13000,1.6,136914,112482005000
032830,삼성생명,71000,72900,1900,2.68,552526,40028630200
018260,삼성에스디에스,194000,194000,0,0.0,350377,68643338500
028050,삼성엔지니어링,12550,12750,200,1.59,1191690,15160198950
009150,삼성전기,206000,209000,3000,1.46,757402,158633995000
009155,삼성전기우,136500,138500,2000,1.47,93600,12978232000
005930,삼성전자,83000,84400,1400,1.69,26302077,2234863449476
005935,삼성전자우,73300,74500,1200,1.64,2848960,213490131100
001360,삼성제약,8320,8370,50,0.6,2703882,22532955870
010140,삼성중공업,6500,6470,-30,-0.46,3663243,23630066030
010145,삼성중공우,313000,316000,3000,0.96,593,187307000
016360,삼성증권,38650,39000,350,0.91,579862,22699609250
068290,삼성출판사,23050,23750,700,3.04,143074,3393769550
029780,삼성카드,30900,31150,250,0.81,161142,5057468550
000810,삼성화재,170500,170500,0,0.0,163412,27997450000
000815,삼성화재우,134000,134500,500,0.37,9985,1343559000
006110,삼아알미늄,11350,11350,0,0.0,179883,2054602200
145990,삼양사,63000,63000,0,0.0,54054,3407938900
145995,삼양사우,43950,44100,150,0.34,688,30382200
003230,삼양식품,92000,93000,1000,1.09,34226,3192275800
002170,삼양통상,61800,63100,1300,2.1,6377,399336600
272550,삼양패키징,20400,20450,50,0.25,19518,397906550
000070,삼양홀딩스,89500,86000,-3500,-3.91,58995,5196368400
000075,삼양홀딩스우,61100,58400,-2700,-4.42,4794,282259800
002810,삼영무역,13600,13700,100,0.74,27436,373904650
005680,삼영전자,10100,10050,-50,-0.5,71378,718973540
003720,삼영화학,3030,3050,20,0.66,206575,628959955
023000,삼원강재,3550,3645,95,2.68,2242766,8151753470
004380,삼익THK,12700,13150,450,3.54,152637,1985240400
002450,삼익악기,1450,1480,30,2.07,189840,278995710
004440,삼일씨엔에스,13350,13950,600,4.49,185528,2617022700
000520,삼일제약,19250,19400,150,0.78,30253,587680800
009770,삼정펄프,29300,28900,-400,-1.37,5005,144257000
005500,삼진제약,25350,25150,-200,-0.79,31472,795433300
004690,삼천리,82600,82200,-400,-0.48,9755,804463100
010960,삼호개발,4390,4580,190,4.33,404023,1830790730
004450,삼화왕관,38900,38450,-450,-1.16,985,37864350
009470,삼화전기,23600,23900,300,1.27,92565,2230535650
011230,삼화전자,3905,3905,0,0.0,64809,254246360
001820,삼화콘덴서,76400,76500,100,0.13,225106,17226794800
000390,삼화페인트,11600,11450,-150,-1.29,178241,2073803900
001290,상상인증권,1120,1130,10,0.89,167252,189491520
041650,상신브레이크,4350,4865,515,11.84,14760691,75306413600
075180,새론오토모티브,6330,6380,50,0.79,194154,1308026590
007540,샘표,48600,48900,300,0.62,4004,196125750
248170,샘표식품,52000,51900,-100,-0.19,16758,865565400
007860,서연,7770,8100,330,4.25,300590,2412146180
200880,서연이화,7320,7370,50,0.68,237619,1765068230
017390,서울가스,88200,87600,-600,-0.68,319,28191100
004410,서울식품,196,203,7,3.57,15547571,3130782634
004415,서울식품우,4850,4915,65,1.34,7215,35358155
021050,서원,2230,2440,210,9.42,1759046,4264562650
008490,서흥,51800,51900,100,0.19,24205,1256443300
007610,선도전기,3085,3180,95,3.08,609196,1943182900
136490,선진,16400,16900,500,3.05,270280,4381567100
002820,선창산업,4535,4535,0,0.0,23244,105010125
014910,성문전자,1930,1970,40,2.07,103658,202490260
014915,성문전자우,8210,8300,90,1.1,1668,13656560
003080,성보화학,4305,4315,10,0.23,17899,77204020
004980,성신양회,7990,8110,120,1.5,420855,3444455340
004985,성신양회우,12150,12950,800,6.58,15808,198896200
011300,성안,883,856,-27,-3.06,4257493,3663120309
000180,성창기업지주,2290,2270,-20,-0.87,833490,1893654690
002420,세기상사,61600,61600,0,0.0,0,0
004360,세방,15000,15700,700,4.67,4384246,74429211250
004365,세방우,7700,9870,2170,28.18,583246,5662616480
004490,세방전지,126000,119500,-6500,-5.16,960057,119666067000
001430,세아베스틸,12250,12400,150,1.22,287936,3590764700
306200,세아제강,92900,92900,0,0.0,11150,1038864600
003030,세아제강지주,45900,45500,-400,-0.87,5128,234525900
019440,세아특수강,11250,11350,100,0.89,5652,64244800
058650,세아홀딩스,74400,74500,100,0.13,1535,113824700
013000,세우글로벌,3055,3200,145,4.75,1107049,3505021935
091090,세원셀론텍,2895,2925,30,1.04,354175,1040958420
021820,세원정공,8090,8090,0,0.0,0,0
067830,세이브존IC,3160,3230,70,2.22,139401,442518405
033530,세종공업,9670,9740,70,0.72,447911,4394840380
075580,세진중공업,5600,5670,70,1.25,283430,1609134940
027970,세하,1760,1770,10,0.57,497086,879059280
145210,세화아이엠씨,573,599,26,4.54,2140396,1273186732
308170,센트랄모텍,29200,29800,600,2.05,159744,4759156750
012600,센트럴인사이트,10100,9990,-110,-1.09,155644,1554984180
068270,셀트리온,371000,355500,-15500,-4.18,2321590,836077616500
336370,솔루스첨단소재,48050,48450,400,0.83,596687,29020908450
33637K,솔루스첨단소재1우,18750,18800,50,0.27,76355,1445877100
33637L,솔루스첨단소재2우B,30600,31400,800,2.61,18522,599920700
248070,솔루엠,34000,29150,-4850,-14.26,19866445,664806779200
004430,송원산업,15500,16050,550,3.55,374817,5982208800
017550,수산중공업,5270,5290,20,0.38,5148330,27640032170
053210,스카이라이프,8760,8710,-50,-0.57,54821,479481920
134790,시디즈,58100,62500,4400,7.57,41032,2498744900
016590,신대양제지,64400,65800,1400,2.17,79445,5325799000
029530,신도리코,29450,27950,-1500,-5.09,105263,2998899600
004970,신라교역,9960,10250,290,2.91,139124,1402061220
011930,신성이엔지,3100,3065,-35,-1.13,2966330,9187763110
005390,신성통상,1480,1525,45,3.04,416412,632514335
004170,신세계,237000,238000,1000,0.42,80088,19150283500
035510,신세계IC,135000,139500,4500,3.33,20659,2890723500
034300,신세계건설,47000,50000,3000,6.38,220076,10797965450
031430,신세계인터내셔날,174000,174000,0,0.0,37314,6517038000
031440,신세계푸드,64800,65500,700,1.08,9841,643101600
006880,신송홀딩스,3980,4030,50,1.26,20186,81341070
005800,신영와코루,94900,94800,-100,-0.11,1543,144339600
001720,신영증권,54000,53800,-200,-0.37,7954,428139300
001725,신영증권우,52700,52700,0,0.0,2339,123011400
009270,신원,1470,1490,20,1.36,1172828,1754134490
009275,신원우,38050,38400,350,0.92,363,13972900
002700,신일전자,1970,1980,10,0.51,886757,1750655710
019170,신풍제약,85100,85800,700,0.82,1433605,121855176400
019175,신풍제약우,85600,85500,-100,-0.12,23911,2043894500
002870,신풍제지,2880,2805,-75,-2.6,1873097,5271056775
293940,신한알파리츠,7020,7040,20,0.28,99208,697611210
055550,신한지주,31450,31950,500,1.59,1755951,55733782750
001770,신화실업,24150,24950,800,3.31,31618,785365150
004080,신흥,11100,11400,300,2.7,18047,201460900
102280,쌍방울,636,644,8,1.26,2465337,1574042049
003410,쌍용양회,6630,6640,10,0.15,942965,6254054030
003620,쌍용차,2770,2770,0,0.0,0,0
004770,써니전자,4705,4690,-15,-0.32,1263577,5958272925
015540,쎌마테라퓨틱스,8240,8040,-200,-2.43,4708830,39403149190
004920,씨아이테크,875,885,10,1.14,37701,33646381
112610,씨에스윈드,172000,172000,0,0.0,183170,31301905500
008700,아남전자,2915,3475,560,19.21,39354331,129416403300
002790,아모레G,59600,60700,1100,1.85,125269,7572625700
00279K,아모레G3우전환,40500,40100,-400,-0.99,20049,806764550
002795,아모레G우,23450,23700,250,1.07,92202,2164601850
090430,아모레퍼시픽,223000,230000,7000,3.14,213017,48785881500
090435,아모레퍼시픽우,83300,84000,700,0.84,130756,11076743800
002030,아세아,92100,93800,1700,1.85,20348,1898657000
183190,아세아시멘트,88400,91500,3100,3.51,21757,1981784100
002310,아세아제지,43500,43900,400,0.92,167828,7393893300
267850,아시아나IDT,21900,22550,650,2.97,46775,1046071300
020560,아시아나항공,15100,15050,-50,-0.33,597093,8985720350
122900,아이마켓코리아,8400,8420,20,0.24,65759,555222490
010780,아이에스동서,55300,55400,100,0.18,90142,4974644000
001780,알루코,4795,4820,25,0.52,1920934,9314067825
018250,애경산업,24650,25050,400,1.62,171229,4277533850
161000,애경유화,8780,9490,710,8.09,3377291,32913265970
011090,에넥스,2490,2550,60,2.41,21970273,55523669550
005850,에스엘,28500,27850,-650,-2.28,699073,19482361150
012750,에스원,83300,84700,1400,1.68,68175,5715289100
023960,에쓰씨엔지니어링,5150,5030,-120,-2.33,991919,5017739020
298690,에어부산,3600,3705,105,2.92,775493,2880581870
140910,에이리츠,6710,6770,60,0.89,16520,112177450
078520,에이블씨엔씨,7560,7660,100,1.32,67073,515403510
015260,에이엔피,1500,1555,55,3.67,154070,237493815
007460,에이프로젠KIC,1845,1915,70,3.79,1848452,3515726880
003060,에이프로젠제약,1180,1200,20,1.69,1450524,1737186785
244920,에이플러스에셋,5010,5070,60,1.2,126993,637714395
036570,엔씨소프트,953000,984000,31000,3.25,132535,129769673222
138250,엔에스쇼핑,12450,12850,400,3.21,69509,883156600
085310,엔케이,1320,1320,0,0.0,1225322,1620415680
009810,엔케이물산,533,540,7,1.31,714561,385675471
900140,엘브이엠씨홀딩스,3865,3900,35,0.91,3175561,12339953780
014440,영보화학,3965,4090,125,3.15,396807,1615907720
111770,영원무역,35450,35350,-100,-0.28,316535,11227357880
009970,영원무역홀딩스,38700,39100,400,1.03,58738,2325927250
003520,영진약품,6880,7020,140,2.03,664036,4613970820
000670,영풍,520000,527000,7000,1.35,3258,1733860000
006740,영풍제지,6670,6850,180,2.7,702094,4667526480
012280,영화금속,2520,2420,-100,-3.97,8627982,20941546490
012160,영흥,1225,1180,-45,-3.67,1490097,1786938205
015360,예스코홀딩스,34500,34500,0,0.0,792,27307450
007310,오뚜기,567000,566000,-1000,-0.18,4316,2453333000
002630,오리엔트바이오,2155,2220,65,3.02,10273834,22560989775
271560,오리온,123000,125500,2500,2.03,131733,16400138500
001800,오리온홀딩스,13650,13600,-50,-0.37,300669,4121104300
070960,용평리조트,4275,4290,15,0.35,103047,442381805
316140,우리금융지주,8990,9020,30,0.33,1599707,14502508260
033660,우리금융캐피탈,11000,11100,100,0.91,21494,237939150
004720,우리들제약,9880,10100,220,2.23,156825,1563542360
118000,우리들휴브레인,2605,2675,70,2.69,1063128,2863811625
010050,우리종금,520,524,4,0.77,1646602,863089484
006980,우성사료,3090,3145,55,1.78,324424,1014748080
017370,우신시스템,4440,4845,405,9.12,1718364,8328248410
105840,우진,3815,4055,240,6.29,238404,943918005
010400,우진아이엔에스,7800,7820,20,0.26,11735,91280450
049800,우진플라임,5200,5500,300,5.77,37343,200646550
016880,웅진,1030,1035,5,0.49,95261,98447465
095720,웅진씽크빅,2660,2725,65,2.44,319169,868312015
005820,원림,19800,19800,0,0.0,5322,105673200
010600,웰바이오텍,2510,2515,5,0.2,531149,1328947020
008600,윌비스,1480,1490,10,0.68,1008081,1499063005
033270,유나이티드제약,52000,52000,0,0.0,309699,16019230400
014830,유니드,51800,53600,1800,3.47,135280,7254181100
000910,유니온,5720,5760,40,0.7,394338,2308742170
047400,유니온머티리얼,3485,3560,75,2.15,482150,1715622005
011330,유니켐,1450,1475,25,1.72,631560,933504235
077500,유니퀘스트,13450,13350,-100,-0.74,327485,4415695500
002920,유성기업,3055,3145,90,2.95,138646,433234650
000700,유수홀딩스,5310,5460,150,2.82,20579,109970830
003470,유안타증권,3100,3195,95,3.06,594385,1887003990
003475,유안타증권우,2420,2465,45,1.86,57057,139985995
011690,유양디앤유,1220,1220,0,0.0,0,0
072130,유엔젤,3745,3760,15,0.4,32568,123271155
000220,유유제약,13100,13050,-50,-0.38,34624,454301500
000225,유유제약1우,11350,11350,0,0.0,1427,16202600
000227,유유제약2우B,28650,28900,250,0.87,207,6082400
001200,유진투자증권,3875,3965,90,2.32,543980,2158484655
000100,유한양행,66900,66700,-200,-0.3,457738,30614494700
000105,유한양행우,65000,64800,-200,-0.31,3773,246094900
003460,유화증권,2235,2265,30,1.34,29601,66864560
003465,유화증권우,2325,2330,5,0.22,2648,6155275
008730,율촌화학,23150,23250,100,0.43,94168,2190861300
008250,이건산업,9750,9800,50,0.51,142085,1389859690
025820,이구산업,1830,1880,50,2.73,420657,789665855
214320,이노션,63800,62900,-900,-1.41,67258,4256462900
088260,이리츠코크렙,5200,5190,-10,-0.19,15291,79708870
139480,이마트,169500,170500,1000,0.59,215653,37116657500
007660,이수페타시스,3400,3490,90,2.65,259283,900287125
005950,이수화학,13700,13800,100,0.73,665957,9284096150
015020,이스타코,735,739,4,0.54,183624,135412305
093230,이아이디,282,274,-8,-2.84,17622503,4922790226
074610,이엔플러스,3800,3860,60,1.58,387250,1493442735
102460,이연제약,20000,20000,0,0.0,82082,1650884700
084680,이월드,3225,3340,115,3.57,1070192,3566917845
350520,이지스레지던스리츠,4815,4815,0,0.0,45616,219729140
334890,이지스밸류리츠,4815,4855,40,0.83,78818,381463660
000760,이화산업,16550,16550,0,0.0,2438,40486600
014990,인디에프,1465,1470,5,0.34,111572,163702490
101140,인바이오젠,3840,3890,50,1.3,712550,2806510810
006490,인스코비,2350,2355,5,0.21,398542,939942495
023800,인지컨트롤스,21700,23950,2250,10.37,1903334,44538353350
034590,인천도시가스,24650,24650,0,0.0,1132,28004350
129260,인터지스,3550,3615,65,1.83,304253,1093375435
023810,인팩,7140,7390,250,3.5,108284,809456650
249420,일동제약,18500,18700,200,1.08,136478,2558583950
000230,일동홀딩스,15450,16050,600,3.88,111957,1783060050
013360,일성건설,1365,1370,5,0.37,316586,432934810
003120,일성신약,81500,81400,-100,-0.12,2281,185822500
003200,일신방직,83800,84800,1000,1.19,6456,546967200
007110,일신석재,1915,1940,25,1.31,500982,966875415
007570,일양약품,59100,53600,-5500,-9.31,935976,51611199100
007575,일양약품우,78600,67600,-11000,-13.99,37302,2612706600
008500,일정실업,15500,14800,-700,-4.52,13019,198226750
081000,일진다이아,49700,50100,400,0.8,120300,6028879450
020760,일진디스플,5460,5600,140,2.56,229810,1287177620
020150,일진머티리얼즈,70700,75500,4800,6.79,903917,67031288100
103590,일진전기,3300,3335,35,1.06,158195,526536040
015860,일진홀딩스,5600,5490,-110,-1.96,1064172,5924556600
226320,잇츠한불,28400,28450,50,0.18,177386,5069602500
317400,자이에스앤디,12400,12200,-200,-1.61,198809,2461523750
033240,자화전자,22500,23200,700,3.11,624232,14271414800
000950,전방,31950,33600,1650,5.16,10478,350373250
348950,제이알글로벌리츠,5110,5100,-10,-0.2,100280,511309830
194370,제이에스코퍼레이션,7580,7730,150,1.98,39836,307574720
025620,제이준코스메틱,2285,2275,-10,-0.44,103660,237837845
036420,제이콘텐트리,40100,41000,900,2.24,166233,6829481350
030000,제일기획,19850,20250,400,2.02,516238,10465272650
271980,제일약품,47700,48700,1000,2.1,100740,4904424200
001560,제일연마,6900,6900,0,0.0,4980,34505920
002620,제일파마홀딩스,19150,19450,300,1.57,16493,321514000
006220,제주은행,6350,6230,-120,-1.89,1475359,9265244580
089590,제주항공,20300,20400,100,0.49,185180,3779052950
004910,조광페인트,6140,6150,10,0.16,34220,212041410
004700,조광피혁,56600,58700,2100,3.71,19923,1205456800
001550,조비,19800,19500,-300,-1.52,60863,1200526450
000480,조선내화,78800,78900,100,0.13,3604,283780300
120030,조선선재,108000,107000,-1000,-0.93,9038,968544000
018470,조일알미늄,602,605,3,0.5,446952,270224018
002600,조흥,172500,172500,0,0.0,317,54022000
185750,종근당,188000,185500,-2500,-1.33,121986,22769801000
063160,종근당바이오,70200,69900,-300,-0.43,88440,6168904100
001630,종근당홀딩스,111500,110500,-1000,-0.9,17057,1892670000
044380,주연테크,960,970,10,1.04,613156,593244505
013890,지누스,100000,101500,1500,1.5,54748,5574459600
013870,지엠비코리아,9470,9360,-110,-1.16,1155695,10803833330
071320,지역난방공사,37300,37250,-50,-0.13,16376,612337600
010580,지코,306,306,0,0.0,0,0
035000,지투알,5580,5690,110,1.97,13783,77564740
088790,진도,3825,3855,30,0.78,88122,340281435
003780,진양산업,4150,4265,115,2.77,170502,721575455
010640,진양폴리,3210,3300,90,2.8,56346,184213200
100250,진양홀딩스,2610,2640,30,1.15,35053,92429490
051630,진양화학,3750,3925,175,4.67,188960,729642005
272450,진에어,16100,16100,0,0.0,208738,3364086550
011000,진원생명과학,17600,17850,250,1.42,1218718,21882066150
002780,진흥기업,2685,2655,-30,-1.12,481438,1285163170
002787,진흥기업2우B,12250,12200,-50,-0.41,1352,16470500
002785,진흥기업우B,5850,5820,-30,-0.51,5564,32534130
009310,참엔지니어링,1595,1585,-10,-0.63,379142,600146165
000650,천일고속,66300,67000,700,1.06,1317,87708200
033250,체시스,1655,1665,10,0.6,790034,1309676975
035720,카카오,441500,445500,4000,0.91,662905,298343795500
006380,카프로,3580,3740,160,4.47,440778,1637842270
109070,컨버즈,4100,4100,0,0.0,0,0
001620,케이비아이동국실업,827,869,42,5.08,339397,294406429
029460,케이씨,29550,29700,150,0.51,86735,2579100400
344820,케이씨씨글라스,37750,37700,-50,-0.13,91547,3451798950
281820,케이씨텍,27150,27450,300,1.1,146322,4029657750
145270,케이탑리츠,1680,1735,55,3.27,844422,1426951145
357120,코람코에너지리츠,4760,4745,-15,-0.32,118837,564797690
007815,코리아써우,7150,7260,110,1.54,3053,21969600
007810,코리아써키트,15000,15500,500,3.33,407567,6280249000
00781K,코리아써키트2우B,7180,7280,100,1.39,228,1661280
003690,코리안리,7470,7510,40,0.54,268132,2011768850
192820,코스맥스,103000,105500,2500,2.43,126923,13289374000
044820,코스맥스비티아이,16850,16800,-50,-0.3,22791,384621400
005070,코스모신소재,18550,19050,500,2.7,533011,10081084450
005420,코스모화학,12550,12900,350,2.79,567272,7308445000
071950,코아스,1180,1240,60,5.08,815881,996052025
002020,코오롱,20700,21850,1150,5.56,443373,9665143150
003070,코오롱글로벌,18500,18350,-150,-0.81,70666,1311198000
003075,코오롱글로벌우,25900,26350,450,1.74,1892,50842700
144620,코오롱머티리얼,3280,3410,130,3.96,370696,1277415020
002025,코오롱우,13950,14300,350,2.51,416221,6290497700
120110,코오롱인더,41950,49100,7150,17.04,6136833,310897087700
120115,코오롱인더우,22450,25350,2900,12.92,2589285,72740045300
138490,코오롱플라스틱,5200,5250,50,0.96,437991,2334863410
021240,코웨이,72600,71900,-700,-0.96,243182,17482318900
031820,콤텍시스템,1445,1615,170,11.76,76448514,125628957480
192400,쿠쿠홀딩스,98700,105000,6300,6.38,25651,2630746400
284740,쿠쿠홈시스,40800,40700,-100,-0.25,57760,2345951000
015590,큐로,598,603,5,0.84,1209488,726678416
264900,크라운제과,10650,11000,350,3.29,555350,6025398250
26490K,크라운제과우,11200,11350,150,1.34,223268,2512214700
005740,크라운해태홀딩스,9200,9290,90,0.98,183018,1695288550
005745,크라운해태홀딩스우,13350,13400,50,0.37,25181,335830950
020120,키다리스튜디오,12550,13100,550,4.38,700449,9288543050
039490,키움증권,145500,148000,2500,1.72,161350,23867458500
012170,키위미디어그룹,1105,1105,0,0.0,0,0
014580,태경비케이,4325,4395,70,1.62,591420,2607910835
015890,태경산업,5400,5440,40,0.74,15692,85672970
006890,태경케미컬,13400,13500,100,0.75,219213,2959092300
003240,태광산업,933000,901000,-32000,-3.43,3992,3640918000
011280,태림포장,5530,5610,80,1.45,964261,5371330230
004100,태양금속,1175,1195,20,1.7,154224,183170645
004105,태양금속우,2855,2875,20,0.7,20374,56119445
009410,태영건설,12400,12400,0,0.0,189946,2359267250
009415,태영건설우,11600,11950,350,3.02,14183,168162300
001420,태원물산,4260,4280,20,0.47,22735,97014845
007980,태평양물산,1985,2000,15,0.76,503188,1006027280
055490,테이팩스,38400,39600,1200,3.13,48584,1918162150
078000,텔코웨어,11650,11600,-50,-0.43,14682,171240100
214420,토니모리,8730,8760,30,0.34,15443,135614550
019180,티에이치엔,3410,3505,95,2.79,228981,805115155
363280,티와이홀딩스,23500,25850,2350,10.0,516471,12853035400
36328K,티와이홀딩스우,22650,24900,2250,9.93,99295,2476780450
091810,티웨이항공,2630,2665,35,1.33,370472,989626110
004870,티웨이홀딩스,1260,1285,25,1.98,450071,578694000
005690,파미셀,15150,14900,-250,-1.65,493262,7358876000
036580,팜스코,8360,8500,140,1.67,210277,1799035020
028670,팬오션,4625,4650,25,0.54,1959954,9072648500
010820,퍼스텍,2265,2265,0,0.0,411938,944417985
016800,퍼시스,29900,29650,-250,-0.84,1141,34042900
001020,페이퍼코리아,2480,2485,5,0.2,202581,501256515
090080,평화산업,1230,1235,5,0.41,276094,339588145
010770,평화홀딩스,4090,3995,-95,-2.32,56241,229196435
058430,포스코강판,16900,16850,-50,-0.3,87068,1458527400
047050,포스코인터내셔널,18300,18650,350,1.91,7536143,142649194300
003670,포스코케미칼,134500,135000,500,0.37,453225,61287665000
007630,폴루스바이오팜,1225,1225,0,0.0,0,0
017810,풀무원,17550,17300,-250,-1.42,145525,2535741650
103140,풍산,28800,29500,700,2.43,335316,9900276800
005810,풍산홀딩스,26200,25850,-350,-1.34,130116,3360554900
033180,필룩스,4335,4620,285,6.57,15385772,70799768860
086790,하나금융지주,35150,34850,-300,-0.85,1585391,55854083400
293480,하나제약,24100,24450,350,1.45,46568,1138735150
039130,하나투어,58200,58500,300,0.52,101987,5979637200
172580,하이골드12호,1975,1970,-5,-0.25,22602,44411705
153360,하이골드3호,1235,1175,-60,-4.86,22006,25835590
071090,하이스틸,20000,20150,150,0.75,2326,46810550
019490,하이트론,7350,7000,-350,-4.76,756566,5318425850
000080,하이트진로,32750,32600,-150,-0.46,373079,12198635900
000087,하이트진로2우B,20450,20600,150,0.73,2710,55966800
000140,하이트진로홀딩스,14900,14850,-50,-0.34,17835,265949700
000145,하이트진로홀딩스우,14350,14700,350,2.44,655,9682000
152550,한국ANKOR유전,1645,1645,0,0.0,11199,18362345
036460,한국가스공사,31550,31900,350,1.11,360329,11483634600
005430,한국공항,38950,38500,-450,-1.16,35015,1353321300
071050,한국금융지주,84600,85500,900,1.06,314073,26834609300
071055,한국금융지주우,62800,63000,200,0.32,44159,2797051300
010040,한국내화,3825,3930,105,2.75,182949,710329345
025540,한국단자,78000,78000,0,0.0,107709,8373132500
004090,한국석유,110500,111500,1000,0.9,2204,245182000
002200,한국수출포장,23650,23800,150,0.63,47373,1135603050
002960,한국쉘석유,243000,243500,500,0.21,2015,489656500
000240,한국앤컴퍼니,16550,18200,1650,9.97,3554617,63618389950
123890,한국자산신탁,3915,3910,-5,-0.13,445760,1750019515
015760,한국전력,22850,23400,550,2.41,4600666,108142985500
006200,한국전자홀딩스,905,908,3,0.33,195846,177835418
009540,한국조선해양,99900,99000,-900,-0.9,378047,37438577900
023350,한국종합기술,7220,7520,300,4.16,230351,1702569040
025890,한국주강,1620,1670,50,3.09,54583,89014820
000970,한국주철관,8320,8330,10,0.12,32262,269051110
104700,한국철강,7700,7810,110,1.43,250953,1952736930
017960,한국카본,12000,11950,-50,-0.42,698341,8382692750
161890,한국콜마,51300,51800,500,0.97,202129,10484572700
024720,한국콜마홀딩스,26950,27100,150,0.56,64526,1749763800
161390,한국타이어앤테크놀로지,43950,45050,1100,2.5,410937,18475967000
034830,한국토지신탁,2000,2030,30,1.5,860348,1744178410
007280,한국특수형강,1875,1885,10,0.53,76549,143593455
168490,한국패러랠,1905,1905,0,0.0,53544,101959930
010100,한국프랜지,3045,3045,0,0.0,437600,1334737560
047810,한국항공우주,32000,33800,1800,5.63,2829109,95754696400
123690,한국화장품,12450,12450,0,0.0,111784,1401012300
003350,한국화장품제조,36050,36500,450,1.25,13500,490853500
011500,한농화성,18250,19750,1500,8.22,1292022,24972415050
002390,한독,28900,29050,150,0.52,42717,1238137550
014790,한라,5380,5390,10,0.19,225154,1211683410
060980,한라홀딩스,44500,45000,500,1.12,143242,6307892100
053690,한미글로벌,10100,10050,-50,-0.5,143613,1460304190
042700,한미반도체,20200,20200,0,0.0,973392,20072444750
008930,한미사이언스,79600,80800,1200,1.51,194077,15705453700
128940,한미약품,379000,378000,-1000,-0.26,109572,41939151500
009240,한샘,96000,97100,1100,1.15,54902,5329563600
020000,한섬,31200,31650,450,1.44,67356,2126594900
003680,한성기업,7870,7940,70,0.89,38179,302277030
105630,한세실업,15850,15750,-100,-0.63,203789,3222637950
069640,한세엠케이,3105,3345,240,7.73,369078,1261601125
016450,한세예스24홀딩스,6900,7170,270,3.91,351675,2556193000
010420,한솔PNS,1735,1825,90,5.19,409704,735928000
009180,한솔로지스틱스,2700,2790,90,3.33,1085204,3062941720
213500,한솔제지,13100,13200,100,0.76,89215,1178320050
014680,한솔케미칼,197000,199000,2000,1.02,47384,9402282500
004710,한솔테크닉스,10300,10250,-50,-0.49,639256,6578200800
004150,한솔홀딩스,3520,3620,100,2.84,160730,574030775
025750,한솔홈데코,1985,1980,-5,-0.25,2405124,4802964855
004960,한신공영,19000,19250,250,1.32,38271,737324500
011700,한신기계,1625,1675,50,3.08,158074,262161815
001750,한양증권,9380,9700,320,3.41,105755,1025253370
001755,한양증권우,15100,15700,600,3.97,1701,26102200
018880,한온시스템,17600,17900,300,1.7,1231563,21908439900
009420,한올바이오파마,32550,32050,-500,-1.54,342072,11065025900
014130,한익스프레스,6320,6390,70,1.11,158557,1013152420
300720,한일시멘트,108500,110000,1500,1.38,7409,813024500
002220,한일철강,2005,2040,35,1.75,21045,42547730
006390,한일현대시멘트,38150,37950,-200,-0.52,80599,3049122600
003300,한일홀딩스,10650,10600,-50,-0.47,27763,294647400
051600,한전KPS,27200,27800,600,2.21,177600,4906298000
052690,한전기술,17150,17650,500,2.92,234530,4115176000
130660,한전산업,4490,4600,110,2.45,222335,1022628845
002320,한진,45900,45600,-300,-0.65,54265,2478837250
097230,한진중공업,7010,6980,-30,-0.43,138881,975369010
003480,한진중공업홀딩스,4225,4180,-45,-1.07,101378,420276460
180640,한진칼,61500,62800,1300,2.11,73530,4581591300
18064K,한진칼우,44150,44500,350,0.79,1809,80724750
005110,한창,1270,1310,40,3.15,2530886,3331810715
009460,한창제지,2270,2360,90,3.96,3269478,7595496195
000880,한화,32900,33800,900,2.74,819071,27766013550
00088K,한화3우B,14500,14800,300,2.07,142467,2114396900
088350,한화생명,2730,2850,120,4.4,7919722,22413614700
000370,한화손해보험,3540,3565,25,0.71,1232313,4429628250
009830,한화솔루션,51500,52100,600,1.17,1639934,86124387500
009835,한화솔루션우,62700,63100,400,0.64,9690,613378400
272210,한화시스템,17150,18200,1050,6.12,2410765,43247996100
012450,한화에어로스페이스,40900,41700,800,1.96,1569950,67071430500
000885,한화우,45250,46300,1050,2.32,2860,132749000
003530,한화투자증권,2740,3070,330,12.04,10367718,31185847465
003535,한화투자증권우,3890,4245,355,9.13,79881,332158735
195870,해성디에스,34950,34350,-600,-1.72,502784,17521491050
101530,해태제과식품,8290,8280,-10,-0.12,68938,571853170
143210,핸즈코퍼레이션,7490,7510,20,0.27,65260,488228690
000720,현대건설,43500,43250,-250,-0.57,969603,42051634000
267270,현대건설기계,35050,34350,-700,-2.0,180004,6223690700
000725,현대건설우,183000,183000,0,0.0,1815,332229000
005440,현대그린푸드,8770,8870,100,1.14,593828,5290609010
086280,현대글로비스,198500,201500,3000,1.51,378810,76804789500
064350,현대로템,19550,19650,100,0.51,1358930,26946099800
079430,현대리바트,17300,17100,-200,-1.16,428811,7381796050
012330,현대모비스,335500,334500,-1000,-0.3,610498,204975374248
010620,현대미포조선,46350,46350,0,0.0,293953,13653475850
069960,현대백화점,78500,79000,500,0.64,156720,12390441100
004560,현대비앤지스틸,18550,18500,-50,-0.27,1848418,34134534550
004565,현대비앤지스틸우,156000,149500,-6500,-4.17,36880,5445202000
011760,현대상사,16350,16450,100,0.61,66020,1090979900
004310,현대약품,7080,7260,180,2.54,1310418,9492565620
322000,현대에너지솔루션,37900,37950,50,0.13,135049,5145970000
017800,현대엘리베이,43050,43400,350,0.81,253156,10955909550
307950,현대오토에버,129500,127000,-2500,-1.93,75546,9711566500
011210,현대위아,93600,91600,-2000,-2.14,674125,62462544000
267260,현대일렉트릭,17650,17700,50,0.28,299512,5269377200
004020,현대제철,39450,40300,850,2.15,1033394,41489398850
267250,현대중공업지주,240500,241500,1000,0.42,51891,12662330000
005380,현대차,238500,240500,2000,0.84,1519973,365303362000
005387,현대차2우B,108000,107500,-500,-0.46,147122,15806381980
005389,현대차3우B,103500,103500,0,0.0,30682,3183828500
005385,현대차우,117000,116000,-1000,-0.85,171619,20032136500
001500,현대차증권,12900,12900,0,0.0,269816,3486178600
227840,현대코퍼레이션홀딩스,11200,11300,100,0.89,77219,873972950
126560,현대퓨처넷,3495,3530,35,1.0,145094,512361135
001450,현대해상,20200,20500,300,1.49,450457,9195336650
057050,현대홈쇼핑,80300,81300,1000,1.25,37338,3020252500
093240,형지엘리트,4305,4335,30,0.7,1080044,4654553245
003010,혜인,5160,5250,90,1.74,115540,602312740
111110,호전실업,9890,9910,20,0.2,97731,983074170
008770,호텔신라,81100,81300,200,0.25,538227,44040059400
008775,호텔신라우,81900,82000,100,0.12,13192,1089928600
002460,화성산업,11550,11700,150,1.3,42119,489202800
013520,화승알앤에이,2555,2595,40,1.57,112014,293304605
241590,화승엔터프라이즈,12600,12650,50,0.4,199014,2531526100
006060,화승인더,6770,6850,80,1.18,289894,1980172170
010690,화신,4725,4800,75,1.59,880039,4262587410
133820,화인베스틸,2375,2375,0,0.0,265709,632556460
010660,화천기계,2385,2410,25,1.05,117702,282648585
000850,화천기공,31700,31800,100,0.32,2749,86951050
016580,환인제약,18600,18550,-50,-0.27,167590,3118841300
032560,황금에스티,8130,8140,10,0.12,95674,781208430
004800,효성,79300,79900,600,0.76,273609,21745546100
094280,효성ITX,21000,20950,-50,-0.24,44880,944651450
298040,효성중공업,71200,71000,-200,-0.28,168970,11932308000
298050,효성첨단소재,276000,281000,5000,1.81,379627,105529791500
298020,효성티앤씨,389000,416000,27000,6.94,538484,229707509000
298000,효성화학,178500,183500,5000,2.8,73109,13314979500
093370,후성,12200,12250,50,0.41,1912732,23553210750
081660,휠라홀딩스,42800,44000,1200,2.8,315838,13802106350
005870,휴니드,6200,6690,490,7.9,629758,4138656970
079980,휴비스,7790,8050,260,3.34,383142,3089868520
005010,휴스틸,7580,7680,100,1.32,25448,195193340
069260,휴켐스,21900,22200,300,1.37,160676,3571090600
000540,흥국화재,3215,3310,95,2.95,110530,365636865
000547,흥국화재2우B,19550,19650,100,0.51,383,7516000
000545,흥국화재우,7620,7640,20,0.26,21308,162188510
003280,흥아해운,258,258,0,0.0,0,0
