티커,종목명,시가,종가,변동폭,등락률,거래량,거래대금
095570,AJ네트웍스,5920,5910,-10,-0.17,43610,255489560
006840,AK홀딩스,27300,27500,200,0.73,37746,1036582500
027410,BGF,6360,6330,-30,-0.47,152053,962598470
282330,BGF리테일,181000,178500,-2500,-1.38,40176,7138560000
138930,BNK금융지주,7740,7760,20,0.26,1181539,9123273270
001460,BYC,418000,412000,-6000,-1.44,1280,522275000
001465,BYC우,179500,179000,-500,-0.28,45,8028000
001040,CJ,101000,101500,500,0.5,123399,12462861900
079160,CJCGV,30300,30300,0,0.0,235984,7142449450
00104K,CJ4우전환,84100,84500,400,0.48,3017,253103900
000120,CJ대한통운,170000,171000,1000,0.59,43992,7476138250
011150,CJ씨푸드,4225,4230,5,0.12,77100,325004660
011155,CJ씨푸드1우,38800,38750,-50,-0.13,176,6774100
001045,CJ우,62700,62800,100,0.16,1324,82799200
097950,CJ제일제당,448000,453500,5500,1.23,45002,20248240000
097955,CJ제일제당우,201500,201500,0,0.0,4274,856047000
000590,CS홀딩스,64200,64600,400,0.62,1766,112405700
012030,DB,1065,1055,-10,-0.94,660646,694605205
016610,DB금융투자,6740,6750,10,0.15,131151,874247360
005830,DB손해보험,58600,58700,100,0.17,213865,12444776500
000990,DB하이텍,59900,59800,-100,-0.17,758772,44792095800
000995,DB하이텍1우,113000,112500,-500,-0.44,306,34449500
139130,DGB금융지주,9120,9100,-20,-0.22,431151,3930206960
001530,DI동일,363500,363500,0,0.0,23578,8556419500
000210,DL,72200,72300,100,0.14,108869,7819985400
001880,DL건설,32300,32300,0,0.0,34618,1112674200
000215,DL우,43750,43850,100,0.23,740,32309000
375500,DL이앤씨,139000,141000,2000,1.44,190985,26912941500
37550K,DL이앤씨우,78400,79000,600,0.77,12543,988330900
004840,DRB동일,6520,6500,-20,-0.31,11478,74465270
155660,DSR,6840,6960,120,1.75,771144,5486300310
069730,DSR제강,6600,6620,20,0.3,435706,2915450280
017940,E1,54300,55500,1200,2.21,15432,846485400
365550,ESR켄달스퀘어리츠,6940,6960,20,0.29,252418,1748328960
383220,FF,742000,723000,-19000,-2.56,29729,21660827000
007700,FF홀딩스,44200,44000,-200,-0.45,294047,12831817750
114090,GKL,15850,15600,-250,-1.58,368095,5735393500
078930,GS,42150,42500,350,0.83,331636,14016068600
006360,GS건설,43700,44750,1050,2.4,1219827,54060966050
001250,GS글로벌,2830,2835,5,0.18,287720,808145910
007070,GS리테일,34600,34300,-300,-0.87,465537,15981024000
078935,GS우,36050,36000,-50,-0.14,2716,97570900
012630,HDC,11700,11750,50,0.43,236826,2769107150
039570,HDC아이콘트롤스,12250,12350,100,0.82,13469,166148100
089470,HDC현대EP,5380,5380,0,0.0,38744,207755220
294870,HDC현대산업개발,29600,29900,300,1.01,454543,13544552050
011200,HMM,41000,42000,1000,2.44,4248085,175383233050
082740,HSD엔진,7560,7540,-20,-0.26,218900,1642241670
003560,IHQ,1670,1665,-5,-0.3,645354,1067988845
175330,JB금융지주,8200,8290,90,1.1,567258,4618895960
234080,JW생명과학,17250,17750,500,2.9,35699,622777300
001060,JW중외제약,27200,27150,-50,-0.18,49944,1355213800
001067,JW중외제약2우B,63900,63900,0,0.0,213,13509300
001065,JW중외제약우,39300,39400,100,0.25,290,11437350
096760,JW홀딩스,4140,4130,-10,-0.24,41507,170100575
105560,KB금융,52500,52900,400,0.76,2261916,118534861700
002380,KCC,360500,360000,-500,-0.14,43226,15601976000
344820,KCC글라스,73900,74500,600,0.81,194565,14400745000
009070,KCTC,6940,6900,-40,-0.58,155370,1071270250
009440,KC그린홀딩스,5850,5810,-40,-0.68,114560,666332050
119650,KC코트렐,8090,8100,10,0.12,165353,1338631840
092220,KEC,2210,2215,5,0.23,868334,1902868100
016380,KG동부제철,15200,15400,200,1.32,213310,3260223050
016385,KG동부제철우,118000,119500,1500,1.27,185,21893000
001390,KG케미칼,34050,34200,150,0.44,65311,2221462150
033180,KH필룩스,3170,3285,115,3.63,4066331,13223212730
001940,KISCO홀딩스,22050,22300,250,1.13,27931,612912600
025000,KPX케미칼,60400,60500,100,0.17,5198,311734800
092230,KPX홀딩스,66600,66600,0,0.0,1880,125273000
000040,KR모터스,1130,1125,-5,-0.44,267751,300356930
044450,KSS해운,11100,11100,0,0.0,33523,369710050
030200,KT,32450,32800,350,1.08,1079621,35433351950
033780,KTG,81000,81600,600,0.74,488956,39726668500
030210,KTB투자증권,7340,7360,20,0.27,363272,2649682520
058850,KTcs,2910,2900,-10,-0.34,136287,394998210
058860,KTis,2695,2695,0,0.0,103044,277039925
093050,LF,18500,18400,-100,-0.54,75628,1399010650
003550,LG,94100,95300,1200,1.28,380558,35940080200
034220,LG디스플레이,20250,20500,250,1.23,3046278,61637831300
051900,LG생활건강,1424000,1461000,37000,2.6,57376,83022284000
051905,LG생활건강우,671000,687000,16000,2.38,6381,4341734000
003555,LG우,69100,68700,-400,-0.58,8782,602034400
032640,LG유플러스,13950,14050,100,0.72,2471622,34480228450
011070,LG이노텍,208000,215000,7000,3.37,289730,61874728000
066570,LG전자,139500,142000,2500,1.79,1035617,145111487500
066575,LG전자우,69300,69900,600,0.87,35720,2471775100
037560,LG헬로비전,7870,7790,-80,-1.02,709502,5560962340
051910,LG화학,770000,758000,-12000,-1.56,577128,437696986000
051915,LG화학우,349500,346000,-3500,-1.0,53541,18387151500
079550,LIG넥스원,52700,52100,-600,-1.14,309564,16188749300
006260,LS,66600,66600,0,0.0,73066,4866268100
010120,LSELECTRIC,68500,68600,100,0.15,222144,15335587200
000680,LS네트웍스,3920,3900,-20,-0.51,50860,197766665
229640,LS전선아시아,8460,8470,10,0.12,64303,541778330
001120,LX인터내셔널,27600,27750,150,0.54,98487,2725885350
108670,LX하우시스,87900,88100,200,0.23,47897,4201088400
108675,LX하우시스우,39950,40050,100,0.25,2856,114088400
383800,LX홀딩스,10000,9870,-130,-1.3,403375,4001294810
38380K,LX홀딩스1우,15400,15250,-150,-0.97,6955,106255050
023150,MH에탄올,9670,9690,20,0.21,52149,505450590
035420,NAVER,428000,439000,11000,2.57,768823,334035980500
181710,NHN,70800,70600,-200,-0.28,42114,2979077800
005940,NH투자증권,13150,13250,100,0.76,1003457,13126147750
005945,NH투자증권우,11900,11900,0,0.0,72079,850364900
338100,NH프라임리츠,4830,4950,120,2.48,72183,350213250
034310,NICE,17700,18050,350,1.98,49010,876674050
008260,NI스틸,4525,4515,-10,-0.22,76401,341702925
004250,NPC,5610,5590,-20,-0.36,212006,1181243710
004255,NPC우,3175,3135,-40,-1.26,16558,51843380
010060,OCI,126000,127000,1000,0.79,401449,51054558000
178920,PI첨단소재,57600,58800,1200,2.08,176936,10288788800
005490,POSCO,332000,337000,5000,1.51,444769,148533771500
010950,S-Oil,94300,95100,800,0.85,407542,38154100700
010955,S-Oil우,55300,55200,-100,-0.18,9129,502101200
034120,SBS,50800,50700,-100,-0.2,73535,3724669500
101060,SBS미디어홀딩스,2200,2190,-10,-0.45,163906,358148920
005090,SGC에너지,46900,46950,50,0.11,42650,1988058000
001380,SG글로벌,2735,2690,-45,-1.65,157021,421820055
004060,SG세계물산,752,750,-2,-0.27,289067,216365049
001770,SHD,31400,31500,100,0.32,13610,423726950
002360,SH에너지화학,1020,1025,5,0.49,1907936,1963769730
009160,SIMPAC,6730,6620,-110,-1.63,315973,2090132520
123700,SJM,4715,4775,60,1.27,46393,220685165
025530,SJM홀딩스,3940,3955,15,0.38,36598,143456760
034730,SK,258500,263500,5000,1.93,243714,63241395000
011790,SKC,147500,159500,12000,8.14,904084,140914553000
018670,SK가스,119500,119500,0,0.0,11077,1329489000
001740,SK네트웍스,5590,5560,-30,-0.54,514916,2871275340
001745,SK네트웍스우,107000,108000,1000,0.93,101,10821500
006120,SK디스커버리,47850,47900,50,0.1,78435,3756561300
006125,SK디스커버리우,40600,40200,-400,-0.99,24035,973698500
210980,SK디앤디,38550,38600,50,0.13,76745,2953015500
068400,SK렌터카,12550,12700,150,1.2,124418,1574591050
302440,SK바이오사이언스,299500,313500,14000,4.67,3186015,998249156000
326030,SK바이오팜,121500,125500,4000,3.29,342891,42626664000
361610,SK아이이테크놀로지,209000,207500,-1500,-0.72,1553481,322533704500
03473K,SK우,245000,245000,0,0.0,3365,821823500
096770,SK이노베이션,240500,249500,9000,3.74,797027,196829970500
096775,SK이노베이션우,151000,154500,3500,2.32,10339,1589720000
001510,SK증권,922,921,-1,-0.11,1984568,1815997074
001515,SK증권우,4275,4280,5,0.12,8507,36081405
285130,SK케미칼,266500,270000,3500,1.31,174630,47281609500
28513K,SK케미칼우,132000,133000,1000,0.76,81962,11164486000
017670,SK텔레콤,291500,298000,6500,2.23,3137916,935979863500
000660,SK하이닉스,103500,106500,3000,2.9,4979276,520811866500
064960,SNT모티브,54400,54500,100,0.18,59655,3233086400
100840,SNT에너지,20500,20550,50,0.24,8443,173060650
003570,SNT중공업,10400,10500,100,0.96,19256,199873250
036530,SNT홀딩스,18600,18600,0,0.0,5640,104910550
005610,SPC삼립,81400,81500,100,0.12,10426,839333000
011810,STX,5050,4970,-80,-1.58,202709,1011458225
077970,STX엔진,11100,11100,0,0.0,21255,236821050
071970,STX중공업,5760,5640,-120,-2.08,189716,1071017140
002820,SUNL,5860,5830,-30,-0.51,12185,71047250
084870,TBH글로벌,3175,3150,-25,-0.79,381181,1188486025
002710,TCC스틸,7870,7830,-40,-0.51,473564,3670624640
002900,TYM,2195,2165,-30,-1.37,1855403,4031895340
024070,WISCOM,4100,4155,55,1.34,38756,160897575
037270,YGPLUS,7530,7920,390,5.18,2003111,15685825000
000500,가온전선,30850,30750,-100,-0.32,8553,263066050
000860,강남제비스코,27050,26900,-150,-0.55,14528,389407450
035250,강원랜드,27700,27700,0,0.0,1025277,28281698050
011420,갤럭시아에스엠,2240,2390,150,6.7,14777507,38219259810
002100,경농,14850,14750,-100,-0.67,56376,831457300
009450,경동나비엔,66500,67200,700,1.05,49210,3275530400
267290,경동도시가스,22050,22300,250,1.13,10941,244803850
012320,경동인베스트,36650,37100,450,1.23,1573,58045000
000050,경방,13750,13650,-100,-0.73,45091,611726350
214390,경보제약,11850,12050,200,1.69,489256,5934489900
012610,경인양행,6850,6960,110,1.61,251322,1743513760
009140,경인전자,29100,29100,0,0.0,5503,159089250
013580,계룡건설,39300,41250,1950,4.96,537199,21780826400
012200,계양전기,4650,4630,-20,-0.43,120022,553638185
012205,계양전기우,8000,8000,0,0.0,2790,22205670
002140,고려산업,3715,3690,-25,-0.67,93626,343830915
010130,고려아연,506000,532000,26000,5.14,106707,56310324000
002240,고려제강,26000,27100,1100,4.23,161875,4379893750
009290,광동제약,8200,8300,100,1.22,72039,594287280
017040,광명전기,2965,2905,-60,-2.02,661101,1913056465
017900,광전자,2740,2740,0,0.0,98750,270315095
037710,광주신세계,204500,207500,3000,1.47,3515,726705000
030610,교보증권,8460,8520,60,0.71,57822,488912910
339770,교촌에프앤비,19250,19500,250,1.3,79081,1521506450
007690,국도화학,64600,65400,800,1.24,39896,2577247700
005320,국동,2570,2585,15,0.58,812069,2092460225
001140,국보,1460,1420,-40,-2.74,2642823,3729116625
002720,국제약품,8310,8180,-130,-1.56,883139,7182998280
083420,그린케미칼,11300,11300,0,0.0,92406,1037141000
014530,극동유화,4265,4260,-5,-0.12,88081,372323560
014280,금강공업,8400,8500,100,1.19,105016,887641580
014285,금강공업우,14800,14950,150,1.01,9893,144947300
008870,금비,74600,75100,500,0.67,571,42626200
001570,금양,4975,5660,685,13.77,16773168,95015950590
002990,금호건설,13000,13100,100,0.77,352027,4596907350
002995,금호건설우,33700,33600,-100,-0.3,482,16178250
011780,금호석유,190000,194500,4500,2.37,287153,55128381000
011785,금호석유우,112000,113500,1500,1.34,12565,1408056500
214330,금호에이치티,2265,2270,5,0.22,1495193,3439559525
001210,금호전기,3355,3425,70,2.09,335632,1143200605
073240,금호타이어,6000,5910,-90,-1.5,434109,2573324300
092440,기신정기,4470,4420,-50,-1.12,78071,344551895
000270,기아,82600,85100,2500,3.03,2185162,183798438600
024110,기업은행,10300,10300,0,0.0,1510364,15486188800
013700,까뮤이앤씨,2355,2400,45,1.91,487452,1161143430
004540,깨끗한나라,5320,5300,-20,-0.38,154948,817978560
004545,깨끗한나라우,25150,24800,-350,-1.39,1148,28623950
001260,남광토건,15150,15200,50,0.33,30131,456636900
008350,남선알미늄,3715,3725,10,0.27,1185930,4338435910
008355,남선알미우,43500,42800,-700,-1.61,901,38442600
004270,남성,3470,3410,-60,-1.73,318049,1077210340
003920,남양유업,554000,565000,11000,1.99,4855,2741383000
003925,남양유업우,306000,307000,1000,0.33,122,37707000
025860,남해화학,10950,10950,0,0.0,669983,7240425550
005720,넥센,4935,4975,40,0.81,15745,77791165
005725,넥센우,3600,3670,70,1.94,3453,12748730
002350,넥센타이어,8400,8380,-20,-0.24,115682,966924780
002355,넥센타이어1우B,3750,3750,0,0.0,2726,10101645
003580,넥스트사이언스,30700,29000,-1700,-5.54,5164283,147569214250
251270,넷마블,125000,129000,4000,3.2,328533,41790436000
090350,노루페인트,11200,11250,50,0.45,76782,856963950
090355,노루페인트우,23900,23700,-200,-0.84,3327,78435600
000320,노루홀딩스,13000,13700,700,5.38,102269,1366433750
000325,노루홀딩스우,56300,55100,-1200,-2.13,5150,283136500
006280,녹십자,350500,385000,34500,9.84,476342,177450808500
005250,녹십자홀딩스,32950,34650,1700,5.16,699864,24034206900
005257,녹십자홀딩스2우,74900,97300,22400,29.91,27238,2536708500
004370,농심,299000,298500,-500,-0.17,21881,6525233000
072710,농심홀딩스,75800,76300,500,0.66,1601,121522100
058730,다스코,5730,5730,0,0.0,71008,407552120
023590,다우기술,26000,26050,50,0.19,74485,1936799400
145210,다이나믹디자인,592,593,1,0.17,913046,535653381
019680,대교,4325,4340,15,0.35,73987,318009915
019685,대교우B,3255,3230,-25,-0.77,43563,140828480
006370,대구백화점,11000,11300,300,2.73,9582,106800900
008060,대덕,7520,7520,0,0.0,92843,697065540
00806K,대덕1우,11400,11300,-100,-0.88,6689,75078650
353200,대덕전자,18700,18500,-200,-1.07,1256214,23151253150
35320K,대덕전자1우,15150,15100,-50,-0.33,17836,267550400
000490,대동,10600,10650,50,0.47,289904,3046598900
008110,대동전자,6690,6770,80,1.2,8279,55686130
005750,대림BCo,7730,7750,20,0.26,73954,567945420
006570,대림통상,4050,4040,-10,-0.25,10111,40911060
001680,대상,25350,25250,-100,-0.39,139362,3509196800
001685,대상우,19250,19200,-50,-0.26,2355,45348000
084690,대상홀딩스,11100,11000,-100,-0.9,110971,1223872350
084695,대상홀딩스우,12800,12550,-250,-1.95,2430,30631300
128820,대성산업,4450,4510,60,1.35,75324,337523565
117580,대성에너지,6390,6390,0,0.0,18415,117346730
016710,대성홀딩스,39800,39600,-200,-0.5,11809,468111350
003540,대신증권,19100,19200,100,0.52,126402,2406040650
003547,대신증권2우B,16550,16550,0,0.0,22538,373602700
003545,대신증권우,17150,17200,50,0.29,67702,1158465950
009190,대양금속,5370,5380,10,0.19,320874,1722201830
014160,대영포장,2760,2700,-60,-2.17,1268284,3440888130
047040,대우건설,7190,7350,160,2.23,2068501,15036972520
009320,대우부품,2650,2650,0,0.0,1170941,3106869790
042660,대우조선해양,28050,28050,0,0.0,522933,14593930450
003090,대웅,34550,36300,1750,5.07,221776,7916407300
069620,대웅제약,162000,166000,4000,2.47,74591,12263706000
000430,대원강업,4430,4470,40,0.9,450187,2001375785
006340,대원전선,2205,2165,-40,-1.81,1123483,2437671890
006345,대원전선우,3910,3975,65,1.66,21757,84752115
003220,대원제약,20450,20800,350,1.71,1465457,29939944700
024890,대원화성,3095,3250,155,5.01,8312185,26352993455
002880,대유에이텍,1270,1290,20,1.57,1359207,1741271055
000300,대유플러스,1305,1385,80,6.13,10303234,14232695915
012800,대창,2215,2195,-20,-0.9,1075055,2354921565
015230,대창단조,8100,8110,10,0.12,45268,365719300
001070,대한방직,43550,43400,-150,-0.34,7273,315804600
006650,대한유화,230000,231500,1500,0.65,49395,11362494500
001440,대한전선,2520,2495,-25,-0.99,7419761,18468546560
084010,대한제강,21850,21950,100,0.46,108525,2365020800
001790,대한제당,3000,2995,-5,-0.17,192147,575036160
001795,대한제당우,3115,3115,0,0.0,43162,134511275
001130,대한제분,164500,165000,500,0.3,2721,445407500
003490,대한항공,31100,31300,200,0.64,3513265,109126864650
003495,대한항공우,39100,39200,100,0.26,3309,129123650
005880,대한해운,2915,2945,30,1.03,1421911,4140870125
003830,대한화섬,143500,142500,-1000,-0.7,399,57091500
016090,대현,2575,2585,10,0.39,84499,216786605
069460,대호에이엘,4080,3995,-85,-2.08,298201,1188792100
192080,더블유게임즈,62500,63300,800,1.28,105926,6676927900
012510,더존비즈온,83100,85300,2200,2.65,170684,14462451100
004830,덕성,17600,17050,-550,-3.13,480449,8213496400
004835,덕성우,23700,23000,-700,-2.95,41985,974163500
024900,덕양산업,3175,3175,0,0.0,129479,408372945
145720,덴티움,85100,87100,2000,2.35,73808,6404557100
002150,도화엔지니어링,8420,8460,40,0.48,26374,222193250
001230,동국제강,20250,20300,50,0.25,757533,15355744900
023450,동남합성,65600,65600,0,0.0,460,30119700
004140,동방,5360,5290,-70,-1.31,448695,2382011350
007590,동방아그로,7610,7480,-130,-1.71,27736,208209210
005960,동부건설,14050,14000,-50,-0.36,106182,1480766050
005965,동부건설우,50200,48500,-1700,-3.39,5954,289501900
026960,동서,28900,28900,0,0.0,81394,2351073200
002210,동성제약,10500,10400,-100,-0.95,169501,1744091400
102260,동성케미컬,5690,5690,0,0.0,83878,477470210
000640,동아쏘시오홀딩스,114500,115000,500,0.44,17099,1924879500
170900,동아에스티,77500,77000,-500,-0.65,18018,1385341900
028100,동아지질,21000,21150,150,0.71,83939,1755965500
282690,동아타이어,12850,12850,0,0.0,13283,169942600
001520,동양,1750,1745,-5,-0.29,1289959,2213728955
001527,동양2우B,16500,16750,250,1.52,577,9485650
001529,동양3우B,41850,41450,-400,-0.96,1026,42119750
084670,동양고속,22050,22150,100,0.45,2362,51972750
082640,동양생명,5380,5400,20,0.37,220267,1181684460
001525,동양우,8380,8370,-10,-0.12,3522,29312570
008970,동양철관,1555,1540,-15,-0.96,1762493,2723048790
092780,동양피스톤,7770,7600,-170,-2.19,2314175,18306762680
049770,동원FB,210000,207500,-2500,-1.19,5492,1139138000
018500,동원금속,994,1000,6,0.6,115454,114841339
006040,동원산업,245500,244000,-1500,-0.61,2482,608224000
030720,동원수산,9500,9480,-20,-0.21,33104,313444140
014820,동원시스템즈,56100,56700,600,1.07,164730,9120141700
014825,동원시스템즈우,38050,37750,-300,-0.79,457,17146650
163560,동일고무벨트,8580,8600,20,0.23,20488,175814980
004890,동일산업,110000,110500,500,0.45,756,83093000
002690,동일제강,4120,4220,100,2.43,123987,517541035
000020,동화약품,15000,14850,-150,-1.0,188409,2779799300
000150,두산,90300,89500,-800,-0.89,72230,6393734000
000157,두산2우B,117000,115500,-1500,-1.28,1915,218471000
241560,두산밥캣,42550,43350,800,1.88,297682,12771333150
000155,두산우,65300,65100,-200,-0.31,2306,148978400
042670,두산인프라코어,12050,11800,-250,-2.07,1590116,18795620850
034020,두산중공업,20400,20900,500,2.45,4228787,86646733900
336260,두산퓨얼셀,53000,54900,1900,3.58,3702795,202759513400
33626K,두산퓨얼셀1우,15950,16150,200,1.25,124885,2026783100
33626L,두산퓨얼셀2우B,22600,22750,150,0.66,141871,3272538850
016740,두올,5260,5160,-100,-1.9,854520,4400513300
192650,드림텍,11300,11500,200,1.77,413637,4745588500
024090,디씨엠,17400,17550,150,0.86,25882,450208350
003160,디아이,9880,9710,-170,-1.72,238450,2323160330
092200,디아이씨,5510,5580,70,1.27,433257,2371674860
377190,디앤디플랫폼리츠,5230,5320,90,1.72,1541512,8134579710
013570,디와이,5780,5790,10,0.17,73567,423522970
210540,디와이파워,15300,15200,-100,-0.65,66235,1001593800
007340,디티알오토모티브,48500,48450,-50,-0.1,38702,1863640050
026890,디피씨,14350,14500,150,1.05,1772636,25600768950
115390,락앤락,12150,12050,-100,-0.82,71384,861939150
032350,롯데관광개발,19100,18900,-200,-1.05,666741,12555618200
089860,롯데렌탈,50300,49550,-750,-1.49,517384,25749239400
330590,롯데리츠,5770,5760,-10,-0.17,446792,2563025060
000400,롯데손해보험,1830,1820,-10,-0.55,391148,708856395
023530,롯데쇼핑,107500,107500,0,0.0,103082,10979071500
004000,롯데정밀화학,69900,70100,200,0.29,127115,8901364500
286940,롯데정보통신,37200,37550,350,0.94,43709,1627303200
280360,롯데제과,139000,138500,-500,-0.36,1034,142659000
004990,롯데지주,35550,35500,-50,-0.14,122701,4325006100
00499K,롯데지주우,55500,55600,100,0.18,803,44392700
005300,롯데칠성,145000,145000,0,0.0,27682,3992348500
005305,롯데칠성우,76300,76000,-300,-0.39,516,39102500
011170,롯데케미칼,246000,250000,4000,1.63,136925,33861503500
002270,롯데푸드,424000,420000,-4000,-0.94,1157,486852000
071840,롯데하이마트,31450,31350,-100,-0.32,75739,2362499700
027740,마니커,483,475,-8,-1.66,5683285,2676859444
204320,만도,60800,60700,-100,-0.16,192852,11648206800
001080,만호제강,21900,21900,0,0.0,1731,37821950
088980,맥쿼리인프라,12350,12400,50,0.4,980262,12117234550
094800,맵스리얼티1,4645,4650,5,0.11,35827,166523830
138040,메리츠금융지주,27000,28750,1750,6.48,566814,16343814050
008560,메리츠증권,5250,5360,110,2.1,2268734,12053722090
000060,메리츠화재,24600,26550,1950,7.93,859932,22581105800
090370,메타랩스,1070,1075,5,0.47,272883,291631015
017180,명문제약,5520,5540,20,0.36,223554,1230986170
009900,명신산업,29700,30900,1200,4.04,850063,25653944450
012690,모나리자,4600,4580,-20,-0.43,87875,400412930
005360,모나미,5140,5100,-40,-0.78,136769,694888510
204210,모두투어리츠,4035,4020,-15,-0.37,6822,27357560
009680,모토닉,12100,12050,-50,-0.41,182193,2203971150
009580,무림PP,4775,4760,-15,-0.31,79195,375727140
009200,무림페이퍼,2970,2955,-15,-0.51,81774,241809500
033920,무학,7620,7500,-120,-1.57,33568,252301310
008420,문배철강,4785,4730,-55,-1.15,173267,815965950
025560,미래산업,14350,14100,-250,-1.74,35320,500449150
007120,미래아이앤지,566,560,-6,-1.06,1047737,586243323
357250,미래에셋맵스리츠,4985,4990,5,0.1,23396,116618885
085620,미래에셋생명,4340,4320,-20,-0.46,138530,599810700
006800,미래에셋증권,8790,8820,30,0.34,1985026,17388635740
00680K,미래에셋증권2우B,4720,4750,30,0.64,394547,1867478470
006805,미래에셋증권우,6070,6040,-30,-0.49,45532,273880910
002840,미원상사,203000,204000,1000,0.49,1146,233112000
268280,미원에스씨,185500,186500,1000,0.54,864,162324500
107590,미원홀딩스,127000,129500,2500,1.97,1855,236425000
134380,미원화학,80000,80000,0,0.0,167,13347600
003650,미창석유,78000,78200,200,0.26,1198,92852600
155900,바다로19호,2790,2790,0,0.0,9292,25915810
003610,방림,2435,2495,60,2.46,130864,323892460
001340,백광산업,5560,5480,-80,-1.44,447237,2446546720
035150,백산,8810,8970,160,1.82,268357,2356412750
002410,범양건영,11950,12350,400,3.35,8373917,103554786100
096300,베트남개발1,234,232,-2,-0.85,55218,12854760
007210,벽산,3880,4000,120,3.09,869984,3443059530
002760,보락,2375,2350,-25,-1.05,655974,1542702085
003850,보령제약,16600,16550,-50,-0.3,385376,6318790600
000890,보해양조,1040,1030,-10,-0.96,777328,798319270
003000,부광약품,22000,21700,-300,-1.36,1560601,33731003100
001270,부국증권,24600,24600,0,0.0,1271,31204200
001275,부국증권우,22700,22800,100,0.44,2913,66049550
026940,부국철강,5940,5790,-150,-2.53,314945,1824328130
015350,부산가스,59400,59200,-200,-0.34,1335,79039900
011390,부산산업,137000,137500,500,0.36,3242,445583000
005030,부산주공,558,562,4,0.72,600697,340028918
002070,비비안,3390,3370,-20,-0.59,123550,416045435
100220,비상교육,9870,9910,40,0.41,37523,369243250
030790,비케이탑스,7280,7000,-280,-3.85,143776,1022043100
005180,빙그레,56800,57100,300,0.53,14740,837381600
003960,사조대림,30550,30550,0,0.0,73097,2210594100
008040,사조동아원,1380,1365,-15,-1.09,982481,1342572125
007160,사조산업,60000,60300,300,0.5,16683,995476600
014710,사조씨푸드,5710,5700,-10,-0.18,31079,176414210
006090,사조오양,10850,10900,50,0.46,22498,242766350
001470,삼부토건,2975,2980,5,0.17,2031682,5950895380
006400,삼성SDI,763000,793000,30000,3.93,393904,308107404000
006405,삼성SDI우,421500,428500,7000,1.66,8614,3652862500
006660,삼성공조,20350,19700,-650,-3.19,92251,1825797700
028260,삼성물산,131500,133000,1500,1.14,475478,62498178500
02826K,삼성물산우B,129000,129000,0,0.0,9214,1182826500
207940,삼성바이오로직스,947000,965000,18000,1.9,128840,123192271000
032830,삼성생명,73400,74500,1100,1.5,374557,27490072600
018260,삼성에스디에스,169500,172500,3000,1.77,136340,23334522500
028050,삼성엔지니어링,22150,22350,200,0.9,2282560,50402325400
009150,삼성전기,178500,184500,6000,3.36,512688,93377049500
009155,삼성전기우,100000,101500,1500,1.5,11121,1121529700
005930,삼성전자,74600,76700,2100,2.82,24630370,1864084402507
005935,삼성전자우,69700,70800,1100,1.58,2269612,159350311200
001360,삼성제약,7320,7270,-50,-0.68,689490,5001362270
010140,삼성중공업,6240,6300,60,0.96,2749357,17104535440
010145,삼성중공우,257500,257500,0,0.0,469,120865000
016360,삼성증권,49650,49450,-200,-0.4,840984,41288657050
068290,삼성출판사,41400,41150,-250,-0.6,112237,4616845150
029780,삼성카드,34450,34100,-350,-1.02,166926,5695633600
000810,삼성화재,224500,226000,1500,0.67,126758,28446054000
000815,삼성화재우,169500,172000,2500,1.47,13279,2262699000
006110,삼아알미늄,24700,24700,0,0.0,1098018,26958291500
145990,삼양사,64600,64400,-200,-0.31,10716,688319600
145995,삼양사우,44000,44700,700,1.59,195,8696050
003230,삼양식품,83500,83300,-200,-0.24,16467,1376579600
002170,삼양통상,68300,68000,-300,-0.44,4638,313479300
272550,삼양패키징,30750,30600,-150,-0.49,14537,444197550
000070,삼양홀딩스,106500,105500,-1000,-0.94,22263,2356514000
000075,삼양홀딩스우,71500,71200,-300,-0.42,389,27601100
002810,삼영무역,15900,15900,0,0.0,9144,145318700
005680,삼영전자,13150,13200,50,0.38,79454,1037144300
003720,삼영화학,3260,3275,15,0.46,267412,871683390
023000,삼원강재,3330,3350,20,0.6,14027,46900640
004380,삼익THK,12000,12050,50,0.42,25185,300227750
002450,삼익악기,1890,1930,40,2.12,434820,830785505
004440,삼일씨엔에스,12950,13000,50,0.39,74712,978408200
000520,삼일제약,9050,9010,-40,-0.44,103135,926080290
009770,삼정펄프,32900,32350,-550,-1.67,1587,51451950
005500,삼진제약,26850,26900,50,0.19,55209,1477040600
004690,삼천리,87600,87600,0,0.0,4678,408163100
010960,삼호개발,5620,5610,-10,-0.18,68716,382599660
004450,삼화왕관,43750,43600,-150,-0.34,317,13898850
009470,삼화전기,31500,31450,-50,-0.16,44232,1381145200
011230,삼화전자,3900,3970,70,1.79,55624,218335820
001820,삼화콘덴서,62400,62800,400,0.64,60365,3774264400
000390,삼화페인트,10700,10500,-200,-1.87,30817,323349050
001290,상상인증권,1275,1295,20,1.57,139737,179534315
041650,상신브레이크,4315,4275,-40,-0.93,29790,127207325
075180,새론오토모티브,6220,6280,60,0.96,10851,67805790
007540,샘표,46550,46800,250,0.54,4177,193962650
248170,샘표식품,46550,47000,450,0.97,19677,916181250
007860,서연,13150,12800,-350,-2.66,199037,2541789550
200880,서연이화,7370,7330,-40,-0.54,76003,553592620
017390,서울가스,150000,157000,7000,4.67,9096,1400299500
004410,서울식품,378,373,-5,-1.32,4621010,1725252476
004415,서울식품우,4935,4910,-25,-0.51,1828,8973630
021050,서원,2665,2645,-20,-0.75,257778,679483575
008490,서흥,53200,52700,-500,-0.94,18675,980699700
007610,선도전기,3855,3850,-5,-0.13,81648,311952505
136490,선진,15100,14950,-150,-0.99,132704,1977845750
014910,성문전자,2660,2750,90,3.38,605911,1656439220
014915,성문전자우,9900,9920,20,0.2,3307,32779890
003080,성보화학,4285,4310,25,0.58,48596,208235850
004980,성신양회,10700,10800,100,0.93,215543,2310043400
004985,성신양회우,16000,15750,-250,-1.56,7317,114881100
011300,성안,787,787,0,0.0,0,0
000180,성창기업지주,2725,2725,0,0.0,104072,282224095
002420,세기상사,6160,6160,0,0.0,0,0
004360,세방,13300,13500,200,1.5,68269,913105600
004365,세방우,7950,7870,-80,-1.01,5174,40823740
004490,세방전지,81100,83700,2600,3.21,58936,4899726000
001430,세아베스틸,29400,29250,-150,-0.51,101090,2940896500
306200,세아제강,107500,110500,3000,2.79,39511,4361704000
003030,세아제강지주,119000,128500,9500,7.98,42357,5215595000
019440,세아특수강,16150,16400,250,1.55,16733,272835100
058650,세아홀딩스,108000,108500,500,0.46,3468,375912000
013000,세우글로벌,2470,2470,0,0.0,0,0
091090,세원이앤씨,951,935,-16,-1.68,800893,747188295
021820,세원정공,8090,8090,0,0.0,0,0
067830,세이브존IC,3465,3455,-10,-0.29,14629,50273370
033530,세종공업,11500,11650,150,1.3,1441196,16636746850
075580,세진중공업,6330,6290,-40,-0.63,130545,820047780
027970,세하,1935,1895,-40,-2.07,334921,633294385
308170,센트랄모텍,23550,23750,200,0.85,18647,440017000
012600,센트럴인사이트,2490,2490,0,0.0,0,0
068270,셀트리온,291000,293000,2000,0.69,609839,177803221000
336370,솔루스첨단소재,58300,62000,3700,6.35,567204,34555519200
33637K,솔루스첨단소재1우,17500,17950,450,2.57,26711,478411500
33637L,솔루스첨단소재2우B,30100,30800,700,2.33,4859,149294100
248070,솔루엠,28550,28600,50,0.18,300800,8556343150
004430,송원산업,18000,18100,100,0.56,131251,2364174450
017550,수산중공업,3405,3365,-40,-1.17,379712,1273727415
053210,스카이라이프,10250,10350,100,0.98,97147,995836400
134790,시디즈,70000,71900,1900,2.71,3516,251111600
016590,신대양제지,95800,94800,-1000,-1.04,6933,655106100
029530,신도리코,31900,32150,250,0.78,11622,370817600
004970,신라교역,12850,12600,-250,-1.95,13153,165223650
011930,신성이엔지,2320,2310,-10,-0.43,733528,1691286605
005390,신성통상,3695,3980,285,7.71,9375277,37364013300
004170,신세계,266500,269000,2500,0.94,48936,13061125500
035510,신세계IC,225000,240000,15000,6.67,45701,10861913500
034300,신세계건설,44250,43750,-500,-1.13,17849,784790400
031430,신세계인터내셔날,197500,198000,500,0.25,21118,4159644500
031440,신세계푸드,100500,100000,-500,-0.5,17910,1783673900
006880,신송홀딩스,5730,5740,10,0.17,111421,634309030
005800,신영와코루,118500,119500,1000,0.84,216,25614500
001720,신영증권,63400,63000,-400,-0.63,5610,352815000
001725,신영증권우,63900,64400,500,0.78,1658,105358500
009270,신원,2305,2365,60,2.6,3513859,8267347965
009275,신원우,46700,46400,-300,-0.64,823,38254200
002700,신일전자,1850,1855,5,0.27,1385229,2559368530
019170,신풍제약,70200,70600,400,0.57,1895905,130728923200
019175,신풍제약우,99500,99900,400,0.4,62236,6064429200
002870,신풍제지,2815,2770,-45,-1.6,83930,232971745
293940,신한알파리츠,8130,8150,20,0.25,124697,1009610920
055550,신한지주,38300,38850,550,1.44,2096211,80337342640
004080,신흥,16050,16100,50,0.31,11404,183209500
102280,쌍방울,736,739,3,0.41,2796959,2051062599
003410,쌍용CE,8310,8430,120,1.44,1827079,15315822800
003620,쌍용차,2770,2770,0,0.0,0,0
004770,써니전자,3225,3240,15,0.47,171006,553197930
015540,쎌마테라퓨틱스,6410,6410,0,0.0,0,0
004920,씨아이테크,1065,1040,-25,-2.35,192165,203677865
112610,씨에스윈드,80000,79900,-100,-0.13,260591,20787473100
008700,아남전자,2620,2640,20,0.76,709825,1858504440
002790,아모레G,56200,57800,1600,2.85,304205,17495240500
00279K,아모레G3우전환,40350,40400,50,0.12,5051,205333500
002795,아모레G우,21600,21950,350,1.62,10368,225321800
090430,아모레퍼시픽,222500,227500,5000,2.25,206720,46633505000
090435,아모레퍼시픽우,79500,79500,0,0.0,22029,1755971300
002030,아세아,137000,137500,500,0.36,3354,458477500
183190,아세아시멘트,136500,137000,500,0.37,12212,1656286000
002310,아세아제지,50400,49450,-950,-1.88,39552,1959092100
012170,아센디오,2055,2155,100,4.87,58292,122692210
267850,아시아나IDT,22000,21350,-650,-2.95,51302,1102607600
020560,아시아나항공,23700,23700,0,0.0,2462310,57836744450
122900,아이마켓코리아,11600,12100,500,4.31,655555,7799673450
010780,아이에스동서,51000,50600,-400,-0.78,81564,4132381100
139990,아주스틸,28900,28900,0,0.0,614698,17945522850
001780,알루코,4365,4320,-45,-1.03,423998,1827197560
018250,애경산업,24400,24400,0,0.0,26827,653201300
161000,애경유화,12200,12450,250,2.05,224796,2797242950
011090,에넥스,2720,2955,235,8.64,10362367,29980451320
137310,에스디바이오센서,50700,49000,-1700,-3.35,1453218,71450290800
005850,에스엘,27700,27500,-200,-0.72,58152,1591998800
012750,에스원,81600,82100,500,0.61,65730,5375983800
023960,에쓰씨엔지니어링,4855,4830,-25,-0.51,217125,1045537015
298690,에어부산,2785,2750,-35,-1.26,146345,403041000
140910,에이리츠,11450,11550,100,0.87,28980,331131950
078520,에이블씨엔씨,8530,8580,50,0.59,21034,179084280
015260,에이엔피,2050,1975,-75,-3.66,485421,967300150
007460,에이프로젠MED,2050,2040,-10,-0.49,1109136,2252915745
003060,에이프로젠제약,1150,1130,-20,-1.74,840566,951424370
244920,에이플러스에셋,9900,9630,-270,-2.73,427587,4100345450
036570,엔씨소프트,649000,660000,11000,1.69,536884,350522410800
138250,엔에스쇼핑,17050,17250,200,1.17,766223,13233500300
380440,엔에이치스팩19호,2225,2220,-5,-0.22,144921,321548315
085310,엔케이,1205,1210,5,0.41,387409,465010645
009810,엔케이물산,716,709,-7,-0.98,513968,362280388
900140,엘브이엠씨홀딩스,3540,3505,-35,-0.99,422059,1485283010
097520,엠씨넥스,43300,43100,-200,-0.46,138498,5932734350
014440,영보화학,4835,4820,-15,-0.31,168900,810639335
111770,영원무역,40950,41650,700,1.71,121779,5037762450
009970,영원무역홀딩스,46000,46050,50,0.11,12725,580067350
003520,영진약품,5460,5400,-60,-1.1,353260,1910738130
000670,영풍,696000,714000,18000,2.59,6216,4432059000
006740,영풍제지,7270,7230,-40,-0.55,50737,364781960
012280,영화금속,2045,2125,80,3.91,22080004,49575961880
012160,영흥,1130,1140,10,0.88,257261,293028880
015360,예스코홀딩스,37650,38200,550,1.46,937,35481250
007310,오뚜기,520000,517000,-3000,-0.58,3318,1720208000
002630,오리엔트바이오,1270,1250,-20,-1.57,747808,928675465
271560,오리온,127000,126500,-500,-0.39,115442,14600468500
001800,오리온홀딩스,15900,15950,50,0.31,84476,1345338900
011690,와이투솔루션,2440,2440,0,0.0,0,0
070960,용평리조트,5450,5510,60,1.1,136546,754226520
316140,우리금융지주,11050,11250,200,1.81,3037236,33803656500
118000,우리들휴브레인,1605,1600,-5,-0.31,292228,461548480
010050,우리종금,936,937,1,0.11,2826577,2617306526
006980,우성사료,31700,31900,200,0.63,12701,402597500
017370,우신시스템,4300,4315,15,0.35,222792,1002345005
105840,우진,7750,7670,-80,-1.03,180118,1369934890
010400,우진아이엔에스,8360,8380,20,0.24,25216,209179020
049800,우진플라임,4740,4670,-70,-1.48,70759,329409515
016880,웅진,2545,2480,-65,-2.55,1094259,2701264090
095720,웅진씽크빅,3730,3730,0,0.0,674878,2532491320
005820,원림,21700,21800,100,0.46,4484,97023050
010600,웰바이오텍,2195,2130,-65,-2.96,614973,1321169205
008600,윌비스,2125,2070,-55,-2.59,677389,1416478215
033270,유나이티드제약,50700,52500,1800,3.55,277220,14422117100
014830,유니드,128000,133000,5000,3.91,310768,40806507000
000910,유니온,6730,6700,-30,-0.45,75414,504065220
047400,유니온머티리얼,3390,3410,20,0.59,126414,429194180
011330,유니켐,1635,1625,-10,-0.61,203721,331864465
077500,유니퀘스트,10550,10550,0,0.0,151187,1580725950
002920,유성기업,3425,3495,70,2.04,37955,130516485
000700,유수홀딩스,6230,6200,-30,-0.48,71981,444278830
003470,유안타증권,4340,4395,55,1.27,483620,2097050690
003475,유안타증권우,4435,4485,50,1.13,27260,120996965
072130,유엔젤,4645,4730,85,1.83,134864,629520050
000220,유유제약,8870,8910,40,0.45,303437,2727147020
000225,유유제약1우,11450,11400,-50,-0.44,9872,112165550
000227,유유제약2우B,23300,23450,150,0.64,535,12481550
001200,유진투자증권,3975,3995,20,0.5,161611,640031550
000100,유한양행,60900,62500,1600,2.63,537774,33407376300
000105,유한양행우,59100,59700,600,1.02,778,46152300
003460,유화증권,2680,2680,0,0.0,48782,129532785
003465,유화증권우,2770,2770,0,0.0,3557,9620895
008730,율촌화학,20100,20550,450,2.24,47091,959494250
008250,이건산업,13700,13750,50,0.36,126349,1722985000
025820,이구산업,3985,3955,-30,-0.75,347738,1374889355
214320,이노션,58700,58500,-200,-0.34,27600,1613164600
088260,이리츠코크렙,5850,5850,0,0.0,172899,1013506350
139480,이마트,176500,179000,2500,1.42,201445,35761786500
007660,이수페타시스,4440,4285,-155,-3.49,1093002,4719687940
005950,이수화학,13300,13200,-100,-0.75,394535,5156842850
015020,이스타코,4565,4810,245,5.37,7979925,37610346960
093230,이아이디,520,513,-7,-1.35,17789304,9159040554
074610,이엔플러스,3905,3860,-45,-1.15,188604,729907920
102460,이연제약,54100,52700,-1400,-2.59,393477,21075630800
084680,이월드,2910,2920,10,0.34,254927,740524435
350520,이지스레지던스리츠,5050,5070,20,0.4,31400,159444330
334890,이지스밸류리츠,5520,5520,0,0.0,27155,149498170
000760,이화산업,18750,19000,250,1.33,1370,25774950
014990,인디에프,1535,1575,40,2.61,255549,398476405
101140,인바이오젠,4215,4325,110,2.61,1430729,6071879830
006490,인스코비,4215,4255,40,0.95,1883000,7953886885
023800,인지컨트롤스,15350,15750,400,2.61,229227,3631850200
034590,인천도시가스,27900,27900,0,0.0,1993,55633900
129260,인터지스,3540,3570,30,0.85,82635,293369305
023810,인팩,12450,12400,-50,-0.4,41787,518165900
249420,일동제약,14400,14400,0,0.0,36118,515592050
000230,일동홀딩스,13100,12900,-200,-1.53,7638,98496900
013360,일성건설,4215,4225,10,0.24,6034310,25740053200
003120,일성신약,80100,80500,400,0.5,894,71674800
003200,일신방직,110500,110000,-500,-0.45,4109,449460500
007110,일신석재,2635,2715,80,3.04,3387933,9069395080
007570,일양약품,34100,34500,400,1.17,138476,4767172550
007575,일양약품우,33500,33700,200,0.6,2197,73504150
008500,일정실업,19200,20800,1600,8.33,8275,170945150
081000,일진다이아,52500,52500,0,0.0,994983,52417065700
020760,일진디스플,4270,4380,110,2.58,201546,883635940
020150,일진머티리얼즈,73900,75700,1800,2.44,296259,22274610700
103590,일진전기,6210,6040,-170,-2.74,924595,5595587400
015860,일진홀딩스,8690,8210,-480,-5.52,7736547,64137285200
226320,잇츠한불,22550,22600,50,0.22,15743,353754900
317400,자이에스앤디,9880,9920,40,0.4,141982,1410448510
033240,자화전자,16700,17200,500,2.99,83060,1402416950
000950,전방,39300,39450,150,0.38,1229,48183250
348950,제이알글로벌리츠,5300,5290,-10,-0.19,1200464,6371965550
194370,제이에스코퍼레이션,19950,21350,1400,7.02,189236,3951249050
025620,제이준코스메틱,1335,1350,15,1.12,836015,1127509970
036420,제이콘텐트리,43400,41900,-1500,-3.46,174305,7506855400
030000,제일기획,22950,23100,150,0.65,307121,7057877950
271980,제일약품,40250,39750,-500,-1.24,49895,1989357250
001560,제일연마,8400,8400,0,0.0,7068,59368530
002620,제일파마홀딩스,20450,19900,-550,-2.69,43816,869443200
006220,제주은행,6790,6730,-60,-0.88,236682,1580414270
089590,제주항공,22800,22800,0,0.0,0,0
004910,조광페인트,7370,7520,150,2.04,28528,211723030
004700,조광피혁,52700,53800,1100,2.09,2641,141017300
001550,조비,26650,26900,250,0.94,83325,2238658850
000480,조선내화,88000,88500,500,0.57,1249,110494600
120030,조선선재,111000,110500,-500,-0.45,2162,237028000
018470,조일알미늄,1800,1945,145,8.06,81429336,158329294470
002600,조흥,195500,196500,1000,0.51,183,35798000
185750,종근당,128000,129000,1000,0.78,36060,4605046000
063160,종근당바이오,51100,51700,600,1.17,29359,1499248700
001630,종근당홀딩스,92100,92000,-100,-0.11,9075,831479600
044380,주연테크,1435,1405,-30,-2.09,619835,869885570
013890,지누스,81100,83500,2400,2.96,76159,6263213500
013870,지엠비코리아,6880,7140,260,3.78,727653,5196089880
071320,지역난방공사,40250,40400,150,0.37,4516,182055100
010580,지코,306,306,0,0.0,0,0
035000,지투알,6460,6460,0,0.0,10456,67187780
088790,진도,3850,3940,90,2.34,37571,145758710
003780,진양산업,5880,5750,-130,-2.21,295886,1712499190
010640,진양폴리,3690,3690,0,0.0,38509,141678350
100250,진양홀딩스,3080,3080,0,0.0,53706,164779215
051630,진양화학,4030,3975,-55,-1.36,79040,311572260
272450,진에어,21850,21750,-100,-0.46,220719,4785279100
011000,진원생명과학,32750,32950,200,0.61,3693408,123678422700
002780,진흥기업,2375,2355,-20,-0.84,613183,1442391670
002787,진흥기업2우B,16150,15950,-200,-1.24,387,6175850
002785,진흥기업우B,6570,6680,110,1.67,2834,18799210
009310,참엔지니어링,1430,1420,-10,-0.7,171509,242078725
000650,천일고속,70100,70200,100,0.14,392,27511900
033250,체시스,1530,1515,-15,-0.98,287445,439011745
035720,카카오,151500,155000,3500,2.31,3078357,472238141000
323410,카카오뱅크,81900,83900,2000,2.44,1768789,145547183800
006380,카프로,4205,4120,-85,-2.02,174658,722515690
109070,컨버즈,4100,4100,0,0.0,0,0
001620,케이비아이동국실업,1255,1280,25,1.99,3269288,4196743185
029460,케이씨,23950,24250,300,1.25,31802,761479650
281820,케이씨텍,26100,26600,500,1.92,59444,1559683900
145270,케이탑리츠,1650,1565,-85,-5.15,1897698,2991426355
357120,코람코에너지리츠,6020,6070,50,0.83,94241,569941820
007815,코리아써우,7640,7640,0,0.0,11835,89729900
007810,코리아써키트,15600,15950,350,2.24,307873,4858360400
00781K,코리아써키트2우B,9020,9020,0,0.0,343,3096280
003690,코리안리,9420,9430,10,0.11,176509,1653952760
192820,코스맥스,130500,130500,0,0.0,58696,7690619000
044820,코스맥스비티아이,18200,18000,-200,-1.1,5896,105544100
005070,코스모신소재,41400,43050,1650,3.99,1041563,44252387650
005420,코스모화학,18500,18600,100,0.54,1684997,31628163250
071950,코아스,1320,1315,-5,-0.38,166125,216674370
002020,코오롱,32650,32650,0,0.0,76823,2480356500
003070,코오롱글로벌,22850,22950,100,0.44,81297,1858034850
003075,코오롱글로벌우,32000,32000,0,0.0,966,30980900
144620,코오롱머티리얼,3075,3075,0,0.0,0,0
002025,코오롱우,20700,20700,0,0.0,1682,34824200
120110,코오롱인더,86300,87000,700,0.81,334235,28927080500
120115,코오롱인더우,35850,36000,150,0.42,23826,856817250
138490,코오롱플라스틱,7260,7290,30,0.41,109374,794828640
021240,코웨이,76900,78200,1300,1.69,604428,46861344600
031820,콤텍시스템,1080,1065,-15,-1.39,931266,986565765
192400,쿠쿠홀딩스,25250,25100,-150,-0.59,45412,1132921000
284740,쿠쿠홈시스,42050,42000,-50,-0.12,24385,1025038200
015590,큐로,521,520,-1,-0.19,532684,276002456
264900,크라운제과,11000,11000,0,0.0,16456,179284750
26490K,크라운제과우,15250,15300,50,0.33,5055,76609850
005740,크라운해태홀딩스,9590,9590,0,0.0,13165,125735660
005745,크라운해태홀딩스우,15350,15500,150,0.98,1975,30329450
259960,크래프톤,497000,491500,-5500,-1.11,409300,197471759000
020120,키다리스튜디오,16350,16900,550,3.36,404031,6798180100
039490,키움증권,117000,118000,1000,0.85,51787,6054556000
014580,태경비케이,6080,6100,20,0.33,575414,3445528600
015890,태경산업,6300,6330,30,0.48,85039,533865770
006890,태경케미컬,16400,16200,-200,-1.22,113881,1835265800
003240,태광산업,1098000,1105000,7000,0.64,682,749543000
011280,태림포장,4645,4615,-30,-0.65,111639,515195490
004100,태양금속,1695,1790,95,5.6,2086301,3618251535
004105,태양금속우,3620,3690,70,1.93,47027,168969695
009410,태영건설,12150,12200,50,0.41,81898,997726200
009415,태영건설우,14950,15250,300,2.01,6320,95220100
001420,태원물산,5720,5690,-30,-0.52,59952,339418260
007980,태평양물산,2500,2515,15,0.6,221718,552471445
055490,테이팩스,72400,72800,400,0.55,37526,2717770400
078000,텔코웨어,11500,11500,0,0.0,1987,22786400
214420,토니모리,7580,7610,30,0.4,15506,117672090
019180,티에이치엔,3665,3685,20,0.55,130000,476258935
363280,티와이홀딩스,30800,30750,-50,-0.16,68742,2109485800
36328K,티와이홀딩스우,25300,25300,0,0.0,6035,151343750
091810,티웨이항공,3805,3770,-35,-0.92,391037,1460657820
004870,티웨이홀딩스,1275,1275,0,0.0,109601,138906625
005690,파미셀,16450,16350,-100,-0.61,390172,6358053100
036580,팜스코,6470,6390,-80,-1.24,73576,471609490
004720,팜젠사이언스,9720,9760,40,0.41,112667,1102027600
028670,팬오션,8270,8310,40,0.48,6095122,50396447680
010820,퍼스텍,2420,2440,20,0.83,217028,524434390
016800,퍼시스,39350,38400,-950,-2.41,7695,295020400
001020,페이퍼코리아,2080,2045,-35,-1.68,25213,51883500
090080,평화산업,2150,2440,290,13.49,56248883,142524583135
010770,평화홀딩스,5510,5850,340,6.17,3968447,24897181100
058430,포스코강판,65400,65400,0,0.0,64866,4195235300
047050,포스코인터내셔널,22300,22750,450,2.02,874737,19686096900
003670,포스코케미칼,152000,155500,3500,2.3,295645,45505969000
007630,폴루스바이오팜,1225,1225,0,0.0,0,0
017810,풀무원,17350,17500,150,0.86,52709,911623300
103140,풍산,35350,35450,100,0.28,121688,4307136800
005810,풍산홀딩스,29800,29800,0,0.0,74131,2228187050
950210,프레스티지바이오파마,32250,31900,-350,-1.09,274154,8713830650
086790,하나금융지주,43650,45050,1400,3.21,1423949,63146698350
293480,하나제약,22050,22550,500,2.27,118138,2645773300
039130,하나투어,78100,77400,-700,-0.9,75219,5829669700
172580,하이골드12호,2660,2660,0,0.0,30497,80880555
153360,하이골드3호,2205,2220,15,0.68,35427,78586490
352820,하이브,286000,289500,3500,1.22,185294,52929731000
071090,하이스틸,3555,3620,65,1.83,361966,1304151150
019490,하이트론,4800,4730,-70,-1.46,163821,773878485
000080,하이트진로,33850,33350,-500,-1.48,343731,11486626500
000087,하이트진로2우B,21150,21150,0,0.0,494,10404950
000140,하이트진로홀딩스,14400,14550,150,1.04,12050,173033950
000145,하이트진로홀딩스우,18200,18100,-100,-0.55,2116,37997950
152550,한국ANKOR유전,1565,1565,0,0.0,16772,26249180
036460,한국가스공사,35950,36200,250,0.7,233126,8367660200
005430,한국공항,50200,50200,0,0.0,9552,476937500
071050,한국금융지주,92900,95300,2400,2.58,341374,31939953500
071055,한국금융지주우,70800,71300,500,0.71,30158,2123028100
010040,한국내화,4340,4300,-40,-0.92,59584,257319950
025540,한국단자,80900,82800,1900,2.35,42239,3438537500
004090,한국석유,13550,13300,-250,-1.85,29570,393562950
002200,한국수출포장,26800,26450,-350,-1.31,15182,403015850
002960,한국쉘석유,268000,269500,1500,0.56,995,266951000
000240,한국앤컴퍼니,17000,17250,250,1.47,118700,2029222300
123890,한국자산신탁,4480,4500,20,0.45,145905,654735550
015760,한국전력,23800,24000,200,0.84,1893955,45101269650
006200,한국전자홀딩스,1315,1355,40,3.04,508421,676201320
009540,한국조선해양,117500,118500,1000,0.85,321123,37711061000
023350,한국종합기술,8670,8680,10,0.12,123867,1076943080
025890,한국주강,2815,2795,-20,-0.71,71369,198587595
000970,한국주철관,10100,10200,100,0.99,141260,1429362000
104700,한국철강,10100,9990,-110,-1.09,90874,908651750
017960,한국카본,10800,10650,-150,-1.39,263279,2809736550
161890,한국콜마,48550,48250,-300,-0.62,76299,3674391200
024720,한국콜마홀딩스,24600,24500,-100,-0.41,32662,797221750
161390,한국타이어앤테크놀로지,46200,46600,400,0.87,362369,16750478100
034830,한국토지신탁,2330,2350,20,0.86,514756,1203266795
007280,한국특강,3620,3615,-5,-0.14,71595,257922700
168490,한국패러랠,2040,2035,-5,-0.25,24042,48996135
010100,한국프랜지,3140,3210,70,2.23,234780,748497780
047810,한국항공우주,32500,32850,350,1.08,345640,11284530400
123690,한국화장품,10100,10100,0,0.0,24964,250084470
003350,한국화장품제조,30100,30150,50,0.17,6292,189219150
011500,한농화성,13800,13850,50,0.36,62266,855541750
002390,한독,25300,26850,1550,6.13,209605,5603861900
014790,한라,5240,5250,10,0.19,81462,425997790
060980,한라홀딩스,46100,46250,150,0.33,31206,1441124550
053690,한미글로벌,11500,11450,-50,-0.43,71293,814584850
042700,한미반도체,34350,34550,200,0.58,248820,8506078300
008930,한미사이언스,73600,73400,-200,-0.27,116055,8483874300
128940,한미약품,305500,309000,3500,1.15,50442,15368702500
009240,한샘,115500,116000,500,0.43,86865,10091948500
020000,한섬,39200,40650,1450,3.7,139120,5577586850
003680,한성기업,7580,7610,30,0.4,16021,121180930
105630,한세실업,20900,20650,-250,-1.2,157754,3260023650
069640,한세엠케이,7270,7380,110,1.51,81216,601140130
016450,한세예스24홀딩스,8950,8930,-20,-0.22,61289,545330590
010420,한솔PNS,2215,2195,-20,-0.9,198828,435859360
009180,한솔로지스틱스,4550,4680,130,2.86,1196437,5527506180
213500,한솔제지,17800,17500,-300,-1.69,256809,4496647150
014680,한솔케미칼,287000,290500,3500,1.22,41851,12053447000
004710,한솔테크닉스,7390,7340,-50,-0.68,90952,666616620
004150,한솔홀딩스,4110,4075,-35,-0.85,122734,499645045
025750,한솔홈데코,1935,1930,-5,-0.26,794006,1522953785
004960,한신공영,22050,22200,150,0.68,40050,883530750
011700,한신기계,3050,3020,-30,-0.98,403829,1215728435
001750,한양증권,18800,19000,200,1.06,44066,832226500
001755,한양증권우,22500,22700,200,0.89,2612,58401050
018880,한온시스템,16200,16450,250,1.54,1120598,18264030750
009420,한올바이오파마,24500,23900,-600,-2.45,1120772,26937839500
014130,한익스프레스,6740,6690,-50,-0.74,29420,197227490
300720,한일시멘트,235500,236000,500,0.21,35667,8326140500
002220,한일철강,3010,3070,60,1.99,231312,710004770
006390,한일현대시멘트,35100,35300,200,0.57,36752,1294404650
003300,한일홀딩스,13850,13950,100,0.72,40504,563401800
051600,한전KPS,37950,37600,-350,-0.92,97719,3689310450
052690,한전기술,47800,46450,-1350,-2.82,163194,7630172000
130660,한전산업,11800,11600,-200,-1.69,518317,6003811350
002320,한진,39450,39200,-250,-0.63,22104,867063500
097230,한진중공업,8840,8830,-10,-0.11,198948,1729664560
003480,한진중공업홀딩스,4885,4940,55,1.13,105670,521653270
180640,한진칼,66400,65900,-500,-0.75,91346,6041211300
18064K,한진칼우,39900,40000,100,0.25,1051,42024550
005110,한창,1370,1345,-25,-1.82,1107384,1503318820
009460,한창제지,2260,2250,-10,-0.44,227593,510161780
372910,한컴라이프케어,11650,11650,0,0.0,949975,11003583200
000880,한화,35050,34800,-250,-0.71,762173,26454299700
00088K,한화3우B,16300,16000,-300,-1.84,72238,1160260650
088350,한화생명,3335,3335,0,0.0,2041571,6786864090
000370,한화손해보험,4275,4280,5,0.12,258990,1098626350
009830,한화솔루션,40450,40750,300,0.74,1432659,58044406050
009835,한화솔루션우,47100,47500,400,0.85,2339,109938550
272210,한화시스템,19700,19750,50,0.25,2966770,58979884250
012450,한화에어로스페이스,50200,50900,700,1.39,395493,20048600000
000885,한화우,43500,43350,-150,-0.34,540,23337700
003530,한화투자증권,4780,4905,125,2.62,2975726,14419688745
003535,한화투자증권우,13950,15000,1050,7.53,91465,1325521150
195870,해성디에스,39200,40750,1550,3.95,148742,5933308450
101530,해태제과식품,8890,8900,10,0.11,21353,187841610
143210,핸즈코퍼레이션,5650,5790,140,2.48,33227,189890200
000720,현대건설,53300,55500,2200,4.13,1231729,67343203400
267270,현대건설기계,49700,49300,-400,-0.8,97068,4753612100
000725,현대건설우,180000,185500,5500,3.06,1832,338400500
005440,현대그린푸드,9910,9940,30,0.3,226731,2242297410
086280,현대글로비스,194000,194000,0,0.0,216296,41736267000
064350,현대로템,25800,26600,800,3.1,2691543,71101502100
079430,현대리바트,18000,18000,0,0.0,80639,1446864700
012330,현대모비스,272500,277500,5000,1.83,285091,78480150986
010620,현대미포조선,77700,76300,-1400,-1.8,217545,16578725600
069960,현대백화점,80400,80800,400,0.5,98650,7927399500
004560,현대비앤지스틸,18800,18900,100,0.53,118511,2220845000
004565,현대비앤지스틸우,81900,82100,200,0.24,216,17690500
004310,현대약품,6210,6210,0,0.0,42958,265604530
322000,현대에너지솔루션,27200,27250,50,0.18,19216,521842100
017800,현대엘리베이,50100,50200,100,0.2,291995,14607368500
307950,현대오토에버,117000,117000,0,0.0,67200,7854084500
011210,현대위아,92100,91500,-600,-0.65,176590,16176792000
267260,현대일렉트릭,25050,24950,-100,-0.4,450247,11233096800
004020,현대제철,50100,51000,900,1.8,650642,32770974800
267250,현대중공업지주,65800,65300,-500,-0.76,333726,21754379500
005380,현대차,210000,212500,2500,1.19,777103,163722401000
005387,현대차2우B,97800,99300,1500,1.53,112346,11053239500
005389,현대차3우B,95000,96000,1000,1.05,7261,691426400
005385,현대차우,99800,102500,2700,2.71,72389,7305028800
001500,현대차증권,12600,12650,50,0.4,79161,993173000
011760,현대코퍼레이션,18100,18200,100,0.55,13368,241766900
227840,현대코퍼레이션홀딩스,14000,13950,-50,-0.36,27672,384709500
126560,현대퓨처넷,4415,4620,205,4.64,11604753,55531020295
001450,현대해상,25550,25600,50,0.2,552214,14098750950
057050,현대홈쇼핑,74700,73700,-1000,-1.34,25120,1855429600
093240,형지엘리트,4760,4820,60,1.26,231760,1103807980
003010,혜인,6020,6010,-10,-0.17,58266,348424480
111110,호전실업,12950,12900,-50,-0.39,20544,262716550
008770,호텔신라,89100,89800,700,0.79,215382,19234413500
008775,호텔신라우,92700,92900,200,0.22,8918,823576800
002460,화성산업,12850,12850,0,0.0,15177,194053100
378850,화승알앤에이,6070,6120,50,0.82,16145,98300100
241590,화승엔터프라이즈,15650,15700,50,0.32,103780,1631220950
006060,화승인더,6950,7100,150,2.16,192820,1366296980
013520,화승코퍼레이션,2920,2930,10,0.34,340087,992067575
010690,화신,8730,8830,100,1.15,293890,2547480130
133820,화인베스틸,2980,2950,-30,-1.01,232097,679045340
010660,화천기계,2780,2845,65,2.34,147472,414696880
000850,화천기공,38250,38500,250,0.65,6388,245011850
016580,환인제약,19550,19500,-50,-0.26,69742,1349342650
032560,황금에스티,9320,9360,40,0.43,72030,670316490
004800,효성,120000,120000,0,0.0,88552,10592521500
094280,효성ITX,21400,21400,0,0.0,12532,268146650
298040,효성중공업,81400,82000,600,0.74,280952,22986948900
298050,효성첨단소재,625000,619000,-6000,-0.96,81267,50173198000
298020,효성티앤씨,771000,777000,6000,0.78,38459,29615312000
298000,효성화학,396000,386000,-10000,-2.53,57637,22139649500
093370,후성,13900,14250,350,2.52,1619266,22970307500
081660,휠라홀딩스,43550,44900,1350,3.1,463916,20509014550
005870,휴니드,8190,8000,-190,-2.32,190044,1525420810
079980,휴비스,10600,10400,-200,-1.89,79088,823103450
005010,휴스틸,15000,16850,1850,12.33,521465,8320905100
069260,휴켐스,26850,26750,-100,-0.37,1509250,40027561100
000540,흥국화재,3945,3945,0,0.0,30514,120101200
000547,흥국화재2우B,28000,27500,-500,-1.79,1789,49688800
000545,흥국화재우,10050,9800,-250,-2.49,6116,60212240
003280,흥아해운,1035,1035,0,0.0,0,0
