티커,종목명,시가,종가,변동폭,등락률,거래량,거래대금
095570,AJ네트웍스,6260,6180,-80,-1.28,295284,1807388330
006840,AK홀딩스,33500,34900,1400,4.18,124814,4306753650
027410,BGF,6930,6910,-20,-0.29,223309,1549730600
282330,BGF리테일,177500,180500,3000,1.69,30384,5442678500
138930,BNK금융지주,8100,8050,-50,-0.62,1437841,11534725270
001460,BYC,390000,383500,-6500,-1.67,309,118821000
001465,BYC우,171000,171000,0,0.0,140,23734500
001040,CJ,107500,108000,500,0.47,181940,19676897500
079160,CJCGV,27700,28950,1250,4.51,818743,23281801600
00104K,CJ4우전환,84700,85700,1000,1.18,10682,906204200
000120,CJ대한통운,170000,169500,-500,-0.29,26626,4500399500
011150,CJ씨푸드,4660,4560,-100,-2.15,572177,2635948020
011155,CJ씨푸드1우,47200,44050,-3150,-6.67,4984,223207550
001045,CJ우,64800,64500,-300,-0.46,10738,691037800
097950,CJ제일제당,454000,457500,3500,0.77,64338,29395626500
097955,CJ제일제당우,216000,218000,2000,0.93,14024,3049687000
000590,CS홀딩스,78200,73200,-5000,-6.39,17310,1299703800
012030,DB,927,912,-15,-1.62,954293,870943146
016610,DB금융투자,7300,7270,-30,-0.41,248042,1808529690
005830,DB손해보험,51700,50700,-1000,-1.93,199995,10124916100
000990,DB하이텍,55400,52100,-3300,-5.96,2242140,118872466600
000995,DB하이텍1우,133500,128000,-5500,-4.12,2584,322210500
139130,DGB금융지주,9340,9280,-60,-0.64,544722,5050087610
001530,DI동일,186500,186000,-500,-0.27,9247,1721748500
000210,DL,85100,83000,-2100,-2.47,376466,31234947400
001880,DL건설,35900,35650,-250,-0.7,72676,2613594300
000215,DL우,50800,48700,-2100,-4.13,28617,1409659150
375500,DL이앤씨,139500,133000,-6500,-4.66,431460,57907767000
37550K,DL이앤씨우,78500,77400,-1100,-1.4,17080,1316088200
004840,DRB동일,7160,7200,40,0.56,29072,207355800
155660,DSR,6980,6800,-180,-2.58,153439,1054183190
069730,DSR제강,6320,6090,-230,-3.64,258382,1602399830
017940,E1,48600,49200,600,1.23,14564,710549200
365550,ESR켄달스퀘어리츠,6510,6370,-140,-2.15,474704,3058099280
007700,FF,180000,180000,0,0.0,0,0
114090,GKL,16950,17400,450,2.65,872187,15099291000
078930,GS,48250,47650,-600,-1.24,422489,20059298800
006360,GS건설,43450,42800,-650,-1.5,703595,30162229450
001250,GS글로벌,2845,2755,-90,-3.16,468490,1313842565
007070,GS리테일,36700,36950,250,0.68,410323,15087285000
078935,GS우,39000,38550,-450,-1.15,10494,406064000
012630,HDC,14050,13900,-150,-1.07,587148,8201233200
039570,HDC아이콘트롤스,12400,12400,0,0.0,100113,1249613300
089470,HDC현대EP,6110,5970,-140,-2.29,112194,679379060
294870,HDC현대산업개발,28750,28300,-450,-1.57,456124,12994154850
011200,HMM,43700,42850,-850,-1.95,19700199,858285109000
082740,HSD엔진,10100,10000,-100,-0.99,1238820,12353070290
003560,IHQ,2580,2640,60,2.33,3448911,8992476775
175330,JB금융지주,7900,7890,-10,-0.13,478733,3768602710
234080,JW생명과학,18750,18550,-200,-1.07,85318,1581028300
001060,JW중외제약,28600,28750,150,0.52,46330,1330959700
001067,JW중외제약2우B,85300,77700,-7600,-8.91,8280,659002200
001065,JW중외제약우,63200,57500,-5700,-9.02,10482,610660200
096760,JW홀딩스,4785,4720,-65,-1.36,136299,646547770
105560,KB금융,57600,57900,300,0.52,1079044,61972656900
002380,KCC,340500,331000,-9500,-2.79,55362,18336540500
009070,KCTC,7970,8080,110,1.38,1706362,13970548510
009440,KC그린홀딩스,4540,4595,55,1.21,43713,202037750
119650,KC코트렐,7680,7640,-40,-0.52,85362,657034150
092220,KEC,2050,2085,35,1.71,1256928,2611215755
016380,KG동부제철,20750,20550,-200,-0.96,668681,13922937100
016385,KG동부제철우,169000,167000,-2000,-1.18,791,131913000
001390,KG케미칼,29300,28800,-500,-1.71,126941,3734804800
033180,KH필룩스,3430,3310,-120,-3.5,2682411,9002723740
001940,KISCO홀딩스,19350,18700,-650,-3.36,216285,4065644600
025000,KPX케미칼,73400,72000,-1400,-1.91,14499,1033304300
092230,KPX홀딩스,76600,74100,-2500,-3.26,35895,2676942800
000040,KR모터스,1190,1150,-40,-3.36,649141,755178485
044450,KSS해운,13350,12800,-550,-4.12,1301705,16969026700
030200,KT,31000,31250,250,0.81,1254323,39037873350
033780,KTG,82300,82700,400,0.49,363265,29991371200
030210,KTB투자증권,5630,5590,-40,-0.71,624273,3547026260
058850,KTcs,3140,3030,-110,-3.5,1246740,3902782705
058860,KTis,3125,3050,-75,-2.4,455365,1412111385
093050,LF,19300,18850,-450,-2.33,140965,2674704600
003550,LG,126500,126500,0,0.0,0,0
034220,LG디스플레이,22000,22200,200,0.91,2697612,60036457200
001120,LG상사,34750,34350,-400,-1.15,269373,9287463900
051900,LG생활건강,1521000,1518000,-3000,-0.2,23640,35942594000
051905,LG생활건강우,712000,728000,16000,2.25,7796,5630185000
003555,LG우,99500,99500,0,0.0,0,0
032640,LG유플러스,14800,14800,0,0.0,2730140,40447218300
011070,LG이노텍,195500,192500,-3000,-1.53,125233,24214962500
066570,LG전자,148500,147500,-1000,-0.67,553776,81877974000
066575,LG전자우,71500,71400,-100,-0.14,81430,5824987300
108670,LG하우시스,104000,100000,-4000,-3.85,242341,24153255400
108675,LG하우시스우,49750,47450,-2300,-4.62,23077,1102912850
037560,LG헬로비전,5180,5040,-140,-2.7,780273,3980938130
051910,LG화학,854000,860000,6000,0.7,126099,108444478000
051915,LG화학우,407000,401000,-6000,-1.47,10976,4430416000
079550,LIG넥스원,39700,39350,-350,-0.88,90749,3593462600
006260,LS,71300,71000,-300,-0.42,119795,8542778600
010120,LSELECTRIC,55200,54800,-400,-0.72,55838,3067745700
000680,LS네트웍스,2940,2930,-10,-0.34,163348,487117100
229640,LS전선아시아,8200,7980,-220,-2.68,312616,2516364660
023150,MH에탄올,10150,10250,100,0.99,57681,591482550
035420,NAVER,342500,344000,1500,0.44,453316,155976513000
181710,NHN,72500,72400,-100,-0.14,57058,4151124200
005940,NH투자증권,13300,13000,-300,-2.26,1314220,17208252650
005945,NH투자증권우,11800,11450,-350,-2.97,284914,3288146300
338100,NH프라임리츠,4570,4575,5,0.11,59182,270594250
034310,NICE,18900,18650,-250,-1.32,49543,924410750
008260,NI스틸,5600,5640,40,0.71,1338393,7557416620
004250,NPC,4520,4370,-150,-3.32,299366,1337889100
004255,NPC우,2985,2905,-80,-2.68,19158,56205895
010060,OCI,116500,123000,6500,5.58,446093,54068155000
005490,POSCO,380000,367000,-13000,-3.42,661551,245271183500
010950,S-Oil,96100,97600,1500,1.56,637860,62159396800
010955,S-Oil우,55800,56700,900,1.61,30841,1739454800
034120,SBS,35100,38900,3800,10.83,1460004,56990403900
101060,SBS미디어홀딩스,2050,2010,-40,-1.95,1450756,2937445195
005090,SGC에너지,43900,44250,350,0.8,41433,1821657700
001380,SG글로벌,4230,3950,-280,-6.62,2365918,9813301685
004060,SG세계물산,756,741,-15,-1.98,1008327,750468033
002360,SH에너지화학,1170,1220,50,4.27,17887941,21801919285
009160,SIMPAC,4800,4560,-240,-5.0,320472,1510821825
123700,SJM,5650,5420,-230,-4.07,373410,2087606950
025530,SJM홀딩스,4360,4270,-90,-2.06,122718,529983860
034730,SK,270000,268500,-1500,-0.56,140523,37743636500
011790,SKC,129000,128000,-1000,-0.78,371782,47604356500
018670,SK가스,105000,104000,-1000,-0.95,14760,1549230500
001740,SK네트웍스,5630,5570,-60,-1.07,1034597,5738624430
001745,SK네트웍스우,127500,124000,-3500,-2.75,719,90445500
006120,SK디스커버리,54000,53100,-900,-1.67,46891,2512701600
006125,SK디스커버리우,42650,42550,-100,-0.23,6830,292549550
210980,SK디앤디,36050,35550,-500,-1.39,40521,1449383750
068400,SK렌터카,12850,13400,550,4.28,530419,7037282700
302440,SK바이오사이언스,146000,159500,13500,9.25,1262922,197806334000
326030,SK바이오팜,110500,111000,500,0.45,352455,39382840500
361610,SK아이이테크놀로지,141000,138000,-3000,-2.13,931047,130224343500
03473K,SK우,251500,249000,-2500,-0.99,3796,946168000
096770,SK이노베이션,269000,274000,5000,1.86,909280,250697100500
096775,SK이노베이션우,187500,188500,1000,0.53,12188,2309954500
001510,SK증권,1010,1000,-10,-0.99,6825524,6844894061
001515,SK증권우,5500,5460,-40,-0.73,32954,179803880
285130,SK케미칼,254500,257000,2500,0.98,66368,17154847000
28513K,SK케미칼우,121500,122500,1000,0.82,11505,1407520000
017670,SK텔레콤,317000,307000,-10000,-3.15,281335,86855895500
000660,SK하이닉스,118500,117500,-1000,-0.84,3110127,367395250748
064960,SNT모티브,61800,61100,-700,-1.13,62996,3844329900
100840,SNT에너지,18500,18500,0,0.0,41089,759828200
003570,SNT중공업,8800,8820,20,0.23,49425,436636950
036530,SNT홀딩스,20050,19900,-150,-0.75,64331,1281854750
005610,SPC삼립,87900,89600,1700,1.93,76302,6866166600
011810,STX,9840,10100,260,2.64,211871,2146733060
077970,STX엔진,15000,15950,950,6.33,329797,5123090250
071970,STX중공업,8850,9230,380,4.29,856178,7721752400
002820,SUNL,7000,7200,200,2.86,203399,1475154090
084870,TBH글로벌,2020,2035,15,0.74,81353,166682395
002710,TCC스틸,5070,4920,-150,-2.96,520430,2595042445
002900,TYM,1740,1665,-75,-4.31,10974172,19003569390
024070,WISCOM,4500,4495,-5,-0.11,276477,1246049570
037270,YGPLUS,5920,6010,90,1.52,760975,4568728180
000500,가온전선,28150,27700,-450,-1.6,38983,1087040100
000860,강남제비스코,29800,29400,-400,-1.34,19368,571881850
035250,강원랜드,25950,26250,300,1.16,1494211,39272799650
011420,갤럭시아에스엠,2025,2210,185,9.14,1538383,3341794090
002100,경농,15700,15700,0,0.0,163108,2580509050
009450,경동나비엔,64800,63200,-1600,-2.47,123151,7945576400
267290,경동도시가스,23700,24000,300,1.27,23074,550401750
012320,경동인베스트,45450,42950,-2500,-5.5,16373,723118700
000050,경방,14700,14200,-500,-3.4,102765,1471820350
214390,경보제약,13100,12850,-250,-1.91,249342,3255714250
012610,경인양행,7150,7280,130,1.82,520121,3772625150
009140,경인전자,30650,30400,-250,-0.82,4320,132107350
013580,계룡건설,34350,33700,-650,-1.89,108522,3651097700
012200,계양전기,4520,4480,-40,-0.88,157067,713741055
012205,계양전기우,8400,8400,0,0.0,21677,183374360
002140,고려산업,4095,4020,-75,-1.83,804312,3301097455
010130,고려아연,459000,455000,-4000,-0.87,70185,31887619000
002240,고려제강,27200,27650,450,1.65,94543,2602616950
009290,광동제약,9010,9160,150,1.66,329833,3023104900
017040,광명전기,2670,2575,-95,-3.56,852500,2225274855
017900,광전자,2485,2405,-80,-3.22,609225,1476533870
037710,광주신세계,189500,191000,1500,0.79,4506,862465500
030610,교보증권,8950,8840,-110,-1.23,240033,2125732200
339770,교촌에프앤비,20300,19650,-650,-3.2,195640,3898974500
007690,국도화학,73300,72300,-1000,-1.36,64873,4667746900
005320,국동,3710,3525,-185,-4.99,534937,1910080725
001140,국보,1820,1780,-40,-2.2,756452,1337893455
002720,국제약품,7350,7340,-10,-0.14,55084,404417250
083420,그린케미칼,11900,11900,0,0.0,107914,1303370000
014530,극동유화,5390,5280,-110,-2.04,1266814,6836230000
014280,금강공업,6780,6710,-70,-1.03,165728,1114321720
014285,금강공업우,14750,14550,-200,-1.36,4978,73073650
008870,금비,80300,80100,-200,-0.25,4569,367233500
001570,금양,5070,5200,130,2.56,444262,2313998140
002990,금호건설,10450,10200,-250,-2.39,207527,2139748700
002995,금호건설우,42000,41000,-1000,-2.38,12235,487047900
011780,금호석유,244000,227500,-16500,-6.76,804028,187655884500
011785,금호석유우,128000,122000,-6000,-4.69,111828,13753251000
214330,금호에이치티,2510,2465,-45,-1.79,2007390,4986179160
001210,금호전기,3090,3115,25,0.81,181087,562876010
073240,금호타이어,5680,4790,-890,-15.67,5667051,28623181535
092440,기신정기,5230,5150,-80,-1.53,88088,457969130
000270,기아,82600,81600,-1000,-1.21,1775429,145415561775
024110,기업은행,10700,10800,100,0.93,2531553,27206799250
013700,까뮤이앤씨,2505,2420,-85,-3.39,447990,1106181390
004540,깨끗한나라,6800,6700,-100,-1.47,851232,5767388300
004545,깨끗한나라우,42900,40900,-2000,-4.66,16739,692955350
001260,남광토건,17600,17100,-500,-2.84,320633,5539195150
008350,남선알미늄,3795,3710,-85,-2.24,1551910,5806131695
008355,남선알미우,46000,43800,-2200,-4.78,7309,326535350
004270,남성,3795,3875,80,2.11,1472752,5769537975
003920,남양유업,383500,392500,9000,2.35,13929,5480651500
003925,남양유업우,174500,178000,3500,2.01,1090,192734000
025860,남해화학,9600,9290,-310,-3.23,649786,6117610010
005720,넥센,5080,4965,-115,-2.26,60574,303937425
005725,넥센우,3640,3690,50,1.37,6384,23535120
002350,넥센타이어,8590,8400,-190,-2.21,284686,2409885610
002355,넥센타이어1우B,3670,3650,-20,-0.54,13476,49531760
003580,넥스트사이언스,18050,13800,-4250,-23.55,5448643,81951757400
251270,넷마블,127500,131500,4000,3.14,296640,38491532500
090350,노루페인트,13400,13100,-300,-2.24,395951,5284646150
090355,노루페인트우,47200,41200,-6000,-12.71,59772,2619849700
000320,노루홀딩스,15050,14750,-300,-1.99,77244,1146978950
000325,노루홀딩스우,99000,95000,-4000,-4.04,33629,3293592400
006280,녹십자,352500,366500,14000,3.97,196960,71235383000
005250,녹십자홀딩스,36600,38100,1500,4.1,358664,13478617600
005257,녹십자홀딩스2우,99500,100500,1000,1.01,4095,409152800
004370,농심,301000,296000,-5000,-1.66,43149,12830975000
072710,농심홀딩스,87700,83000,-4700,-5.36,27353,2335755000
058730,다스코,5410,5270,-140,-2.59,68743,366263730
023590,다우기술,27450,27450,0,0.0,141072,3904126600
019680,대교,4470,4445,-25,-0.56,195672,863985525
019685,대교우B,3165,3130,-35,-1.11,93043,292142950
006370,대구백화점,10950,10900,-50,-0.46,4634,50676050
008060,대덕,7220,7110,-110,-1.52,305113,2180800540
00806K,대덕1우,11200,10450,-750,-6.7,43482,463829500
353200,대덕전자,14950,14550,-400,-2.68,602336,8876625200
35320K,대덕전자1우,13900,13300,-600,-4.32,111952,1518559250
000490,대동,11050,12500,1450,13.12,4269066,52403874050
008110,대동전자,8620,8380,-240,-2.78,40909,348945890
005750,대림BCo,7290,7130,-160,-2.19,76600,548884770
006570,대림통상,4110,4140,30,0.73,28183,117530205
001680,대상,29850,29500,-350,-1.17,617580,18408900050
001685,대상우,23450,22800,-650,-2.77,27302,637877200
084690,대상홀딩스,13150,12800,-350,-2.66,250691,3219562450
084695,대상홀딩스우,20350,18700,-1650,-8.11,330788,6631017900
128820,대성산업,5130,4950,-180,-3.51,431798,2189716520
117580,대성에너지,5920,5950,30,0.51,52265,310161100
016710,대성홀딩스,34250,34500,250,0.73,19421,666353050
003540,대신증권,18750,18350,-400,-2.13,203810,3769499900
003547,대신증권2우B,16100,15900,-200,-1.24,45682,728823950
003545,대신증권우,16450,16250,-200,-1.22,151924,2476592950
009190,대양금속,4550,4650,100,2.2,837580,3859570675
014160,대영포장,2595,2590,-5,-0.19,1120267,2936027670
047040,대우건설,7400,7350,-50,-0.68,2088976,15464310310
009320,대우부품,2450,2390,-60,-2.45,398549,957028350
042660,대우조선해양,36400,36750,350,0.96,476684,17516637850
003090,대웅,35250,34200,-1050,-2.98,301065,10485328600
069620,대웅제약,147500,145000,-2500,-1.69,74317,10812813000
000430,대원강업,4270,4215,-55,-1.29,139129,589100110
006340,대원전선,1590,1550,-40,-2.52,963045,1503039045
006345,대원전선우,3545,3520,-25,-0.71,38115,134956985
003220,대원제약,16350,16200,-150,-0.92,69649,1131733850
024890,대원화성,2965,3010,45,1.52,10621506,33017481055
002880,대유에이텍,1180,1160,-20,-1.69,622781,729427835
000300,대유플러스,1115,1075,-40,-3.59,3407944,3686011460
012800,대창,2575,2580,5,0.19,2949088,7708506655
015230,대창단조,9410,9040,-370,-3.93,263878,2429685050
001070,대한방직,43650,43500,-150,-0.34,11244,489995300
006650,대한유화,272000,265000,-7000,-2.57,43816,11739208000
001440,대한전선,1250,1220,-30,-2.4,8942874,10908283420
084010,대한제강,20250,20800,550,2.72,638012,13371782700
001790,대한제당,3725,3645,-80,-2.15,641801,2359354805
001795,대한제당우,6080,5690,-390,-6.41,434152,2494355850
001130,대한제분,187500,182500,-5000,-2.67,30517,5576690500
003490,대한항공,29300,30500,1200,4.1,8708514,264303874800
003495,대한항공우,40400,43800,3400,8.42,597400,27218039150
005880,대한해운,3385,3415,30,0.89,9508477,33335282095
003830,대한화섬,140000,140000,0,0.0,379,53195000
016090,대현,2640,2710,70,2.65,831783,2232907400
069460,대호에이엘,3620,3735,115,3.18,10838816,40590195245
192080,더블유게임즈,64500,64700,200,0.31,72777,4704046600
012510,더존비즈온,79200,78900,-300,-0.38,204962,16141038300
004830,덕성,23550,25650,2100,8.92,4548252,117111215100
004835,덕성우,49100,50200,1100,2.24,531027,26973940850
024900,덕양산업,3385,3350,-35,-1.03,217050,734680930
145720,덴티움,57700,57400,-300,-0.52,37775,2161642600
002150,도화엔지니어링,9550,9240,-310,-3.25,218790,2043203110
001230,동국제강,23400,23400,0,0.0,2703544,64013681200
023450,동남합성,52700,51800,-900,-1.71,2845,148883200
004140,동방,6250,6150,-100,-1.6,1204599,7487969100
007590,동방아그로,8010,7890,-120,-1.5,89352,700091140
005960,동부건설,12750,12550,-200,-1.57,150722,1901452000
005965,동부건설우,75600,64900,-10700,-14.15,57503,3792506300
026960,동서,30400,30150,-250,-0.82,95764,2896371550
002210,동성제약,11600,11500,-100,-0.86,128331,1476235950
102260,동성케미컬,6450,6430,-20,-0.31,131572,841395570
000640,동아쏘시오홀딩스,124500,124500,0,0.0,44890,5673939000
170900,동아에스티,85800,86500,700,0.82,31040,2658525700
028100,동아지질,21950,22200,250,1.14,598147,13416582800
282690,동아타이어,13050,12550,-500,-3.83,85277,1084521050
001520,동양,1460,1410,-50,-3.42,889892,1272795620
001527,동양2우B,39350,29000,-10350,-26.3,128833,3964534100
001529,동양3우B,95000,78900,-16100,-16.95,70035,5873426200
084670,동양고속,24000,23900,-100,-0.42,5874,140929500
082640,동양생명,5720,5420,-300,-5.24,795555,4375294370
001525,동양우,16400,12200,-4200,-25.61,139795,1834003300
008970,동양철관,1665,1620,-45,-2.7,5863986,9702918560
092780,동양피스톤,5760,5710,-50,-0.87,100123,574471520
049770,동원FB,234000,228500,-5500,-2.35,23356,5369352500
018500,동원금속,1145,1110,-35,-3.06,591714,666925925
006040,동원산업,294000,284500,-9500,-3.23,4684,1343888500
030720,동원수산,9220,9290,70,0.76,44592,411350490
014820,동원시스템즈,43250,42650,-600,-1.39,29736,1275637650
014825,동원시스템즈우,46000,43300,-2700,-5.87,5574,247699750
163560,동일고무벨트,9990,9630,-360,-3.6,102553,1000884980
004890,동일산업,100000,99500,-500,-0.5,2345,233120600
002690,동일제강,4840,4740,-100,-2.07,714009,3405340385
000020,동화약품,14700,15000,300,2.04,137869,2045709750
000150,두산,68500,69500,1000,1.46,100863,6956211300
000157,두산2우B,77300,77300,0,0.0,2855,220668200
241560,두산밥캣,49300,48000,-1300,-2.64,312221,15147790350
000155,두산우,48200,48350,150,0.31,13722,664184750
042670,두산인프라코어,10400,10350,-50,-0.48,2464718,25707967950
034020,두산중공업,12300,12500,200,1.63,2558009,32137626750
336260,두산퓨얼셀,39450,38900,-550,-1.39,514905,20009069200
33626K,두산퓨얼셀1우,14750,14650,-100,-0.68,35346,519761450
33626L,두산퓨얼셀2우B,18000,17550,-450,-2.5,10056,177541450
016740,두올,4860,4955,95,1.95,941495,4638850685
192650,드림텍,9490,9810,320,3.37,570609,5636922130
024090,디씨엠,16650,16800,150,0.9,39894,667478350
003160,디아이,6940,6860,-80,-1.15,174654,1212507270
092200,디아이씨,5150,5400,250,4.85,4521984,23838332120
013570,디와이,5980,6000,20,0.33,292785,1765792060
210540,디와이파워,19050,19000,-50,-0.26,181173,3486156600
007340,디티알오토모티브,37250,35750,-1500,-4.03,47917,1732867550
026890,디피씨,14050,13800,-250,-1.78,736719,10342004350
115390,락앤락,14000,13500,-500,-3.57,86603,1185018150
032350,롯데관광개발,18900,19400,500,2.65,1422350,27810355600
330590,롯데리츠,5540,5550,10,0.18,319444,1773707780
000400,롯데손해보험,2075,2025,-50,-2.41,1172779,2380903730
023530,롯데쇼핑,114500,117000,2500,2.18,142042,16433979500
004000,롯데정밀화학,61400,60700,-700,-1.14,140635,8602825700
286940,롯데정보통신,40000,39750,-250,-0.63,48081,1917771050
280360,롯데제과,154000,148500,-5500,-3.57,17761,2658038500
004990,롯데지주,37450,37600,150,0.4,396047,14947179400
00499K,롯데지주우,64300,63900,-400,-0.62,1134,72559400
005300,롯데칠성,166500,158000,-8500,-5.11,106530,16834116000
005305,롯데칠성우,89100,83700,-5400,-6.06,5020,427461100
011170,롯데케미칼,282500,276000,-6500,-2.3,240184,66951251500
002270,롯데푸드,428500,418500,-10000,-2.33,6073,2555240500
071840,롯데하이마트,40050,40200,150,0.37,60888,2443687400
027740,마니커,762,749,-13,-1.71,1907830,1435066784
204320,만도,65600,65500,-100,-0.15,417506,27267695400
001080,만호제강,23800,22650,-1150,-4.83,26096,602329050
088980,맥쿼리인프라,12050,12100,50,0.41,847685,10226588050
094800,맵스리얼티1,4750,4750,0,0.0,63460,301142750
138040,메리츠금융지주,19600,16550,-3050,-15.56,2800391,46570050700
008560,메리츠증권,4880,4205,-675,-13.83,16356571,71305735010
000060,메리츠화재,21150,17600,-3550,-16.78,3428940,62814109600
090370,메타랩스,1110,1055,-55,-4.95,279004,303004945
017180,명문제약,5470,5410,-60,-1.1,153281,837659830
009900,명신산업,27450,27300,-150,-0.55,160338,4396480050
012690,모나리자,5260,5190,-70,-1.33,366762,1924644410
005360,모나미,5220,5150,-70,-1.34,272740,1417935340
204210,모두투어리츠,4080,4220,140,3.43,53572,222690695
009680,모토닉,12500,12300,-200,-1.6,35692,442043350
009580,무림PP,5770,5670,-100,-1.73,496093,2779644080
009200,무림페이퍼,3090,3035,-55,-1.78,190164,581703790
033920,무학,9190,9170,-20,-0.22,57859,526641490
008420,문배철강,5680,5520,-160,-2.82,1075691,5982253770
025560,미래산업,15000,15350,350,2.33,36501,556772000
007120,미래아이앤지,550,546,-4,-0.73,767197,422024789
357250,미래에셋맵스리츠,5010,5020,10,0.2,104616,525934200
085620,미래에셋생명,4170,4205,35,0.84,449659,1874974510
006800,미래에셋증권,10100,9970,-130,-1.29,2118186,21275531830
00680K,미래에셋증권2우B,4930,4885,-45,-0.91,437879,2149420325
006805,미래에셋증권우,6810,6680,-130,-1.91,124147,833342970
002840,미원상사,220000,212000,-8000,-3.64,7463,1615781500
268280,미원에스씨,174000,170500,-3500,-2.01,4109,714295000
107590,미원홀딩스,125500,128000,2500,1.99,10329,1329509000
134380,미원화학,76100,75900,-200,-0.26,1644,124932400
003650,미창석유,83800,83600,-200,-0.24,5358,449954000
155900,바다로19호,2615,2615,0,0.0,5519,14433325
003610,방림,2905,2960,55,1.89,2721236,8176482700
001340,백광산업,5340,5320,-20,-0.37,1333718,7119245560
035150,백산,9850,9760,-90,-0.91,549263,5405260460
002410,범양건영,4080,4020,-60,-1.47,195712,787387080
096300,베트남개발1,237,235,-2,-0.84,400566,93783559
007210,벽산,4220,4040,-180,-4.27,1468189,5995054360
002760,보락,2365,2400,35,1.48,6312366,15538478925
003850,보령제약,23000,22150,-850,-3.7,411618,9217239000
000890,보해양조,1170,1150,-20,-1.71,3298104,3832632820
003000,부광약품,20600,20300,-300,-1.46,501181,10244134050
001270,부국증권,25100,25050,-50,-0.2,8278,206741550
001275,부국증권우,22100,22100,0,0.0,341,7540000
026940,부국철강,4960,4860,-100,-2.02,350845,1738423935
015350,부산가스,64400,60900,-3500,-5.43,15192,940693600
011390,부산산업,139000,135500,-3500,-2.52,14172,1942741000
005030,부산주공,587,574,-13,-2.21,674271,385034662
002070,비비안,3580,3570,-10,-0.28,281008,1002779065
100220,비상교육,8490,8510,20,0.24,222329,1912600280
030790,비케이탑스,8900,8510,-390,-4.38,87069,752285590
005180,빙그레,62900,62300,-600,-0.95,46342,2907114600
003960,사조대림,21100,20600,-500,-2.37,109996,2339299450
008040,사조동아원,1450,1385,-65,-4.48,2937371,4126246140
007160,사조산업,50400,50300,-100,-0.2,34044,1728428850
014710,사조씨푸드,6220,6160,-60,-0.96,170883,1058412170
006090,사조오양,11400,11200,-200,-1.75,117403,1335011450
001470,삼부토건,2725,2725,0,0.0,950234,2602453225
006400,삼성SDI,626000,623000,-3000,-0.48,257196,160948160000
006405,삼성SDI우,419000,416500,-2500,-0.6,6326,2638606000
006660,삼성공조,16050,16450,400,2.49,206853,3376625100
028260,삼성물산,140000,140000,0,0.0,662504,92781854000
02826K,삼성물산우B,136000,136500,500,0.37,15367,2094061500
207940,삼성바이오로직스,948000,874000,-74000,-7.81,546343,487861165000
032830,삼성생명,84900,85400,500,0.59,400611,34210134900
018260,삼성에스디에스,180500,179500,-1000,-0.55,90119,16127426000
028050,삼성엔지니어링,19000,18750,-250,-1.32,2748057,52336948900
009150,삼성전기,164500,164500,0,0.0,635533,104608912000
009155,삼성전기우,103500,104500,1000,0.97,17984,1889477000
005930,삼성전자,80100,79600,-500,-0.62,17740855,1414228804206
005935,삼성전자우,73900,73900,0,0.0,997605,73546701400
001360,삼성제약,8430,8470,40,0.47,5086124,42680282320
010140,삼성중공업,5840,5940,100,1.71,5825521,34314320080
010145,삼성중공우,301000,300000,-1000,-0.33,1675,503021500
016360,삼성증권,44400,44900,500,1.13,530920,23794572100
068290,삼성출판사,41350,43700,2350,5.68,3474595,160716123000
029780,삼성카드,33600,32900,-700,-2.08,295743,9792508900
000810,삼성화재,212500,211500,-1000,-0.47,127004,26563604000
000815,삼성화재우,165500,165500,0,0.0,17181,2831412000
006110,삼아알미늄,13550,13050,-500,-3.69,521558,6858421050
145990,삼양사,65700,64700,-1000,-1.52,52352,3410586400
145995,삼양사우,49000,48850,-150,-0.31,2608,127977750
003230,삼양식품,95500,93900,-1600,-1.68,56336,5296626100
002170,삼양통상,87000,87200,200,0.23,9384,817112800
272550,삼양패키징,30000,29650,-350,-1.17,45030,1337500600
000070,삼양홀딩스,120000,115000,-5000,-4.17,106552,12269356500
000075,삼양홀딩스우,77800,74800,-3000,-3.86,3569,268345100
002810,삼영무역,17050,17450,400,2.35,50064,871156650
005680,삼영전자,12450,12950,500,4.02,327114,4199103050
003720,삼영화학,2815,2780,-35,-1.24,245648,687687090
023000,삼원강재,3850,3725,-125,-3.25,294204,1110116095
004380,삼익THK,14450,14000,-450,-3.11,83426,1175237850
002450,삼익악기,1755,1785,30,1.71,1753007,3158573675
004440,삼일씨엔에스,15250,14800,-450,-2.95,101527,1526448850
000520,삼일제약,9320,9260,-60,-0.64,33619,312280360
009770,삼정펄프,36600,35100,-1500,-4.1,16186,576192550
005500,삼진제약,26600,26250,-350,-1.32,27582,727323500
004690,삼천리,86900,87400,500,0.58,10226,893966100
010960,삼호개발,6370,6120,-250,-3.92,1312657,8303558850
004450,삼화왕관,41800,41650,-150,-0.36,971,40482000
009470,삼화전기,33150,32500,-650,-1.96,150093,4872658650
011230,삼화전자,3850,3870,20,0.52,18081,69916730
001820,삼화콘덴서,60100,59700,-400,-0.67,59063,3542075300
000390,삼화페인트,13100,12800,-300,-2.29,155397,2010064050
001290,상상인증권,1345,1335,-10,-0.74,463829,629696190
041650,상신브레이크,4550,4555,5,0.11,65505,299276820
075180,새론오토모티브,5980,6010,30,0.5,6122,36875260
007540,샘표,58500,57000,-1500,-2.56,23321,1345753000
248170,샘표식품,59500,56700,-2800,-4.71,117791,6783214500
007860,서연,19500,19950,450,2.31,1270919,25630677400
200880,서연이화,9060,9310,250,2.76,382666,3561188380
017390,서울가스,102500,108000,5500,5.37,19757,2122751000
004410,서울식품,358,347,-11,-3.07,9198120,3220524638
004415,서울식품우,5700,5500,-200,-3.51,14384,79895220
021050,서원,2690,2705,15,0.56,904683,2483866575
008490,서흥,54800,58400,3600,6.57,190324,10885272300
007610,선도전기,3960,3835,-125,-3.16,407652,1567749425
136490,선진,18400,17350,-1050,-5.71,787150,13738709250
014910,성문전자,2400,2325,-75,-3.13,360255,844595390
014915,성문전자우,11950,10900,-1050,-8.79,40850,454966400
003080,성보화학,5020,5070,50,1.0,134094,677046230
004980,성신양회,10650,10800,150,1.41,805814,8916568000
004985,성신양회우,17800,17800,0,0.0,19903,355567150
011300,성안,787,787,0,0.0,0,0
000180,성창기업지주,3270,3215,-55,-1.68,3290393,10909610510
002420,세기상사,6160,6160,0,0.0,0,0
004360,세방,14650,14200,-450,-3.07,198630,2821749550
004365,세방우,8770,8720,-50,-0.57,18088,156163010
004490,세방전지,82400,86300,3900,4.73,129481,10974695800
001430,세아베스틸,31100,31200,100,0.32,628624,19461028000
306200,세아제강,115000,111500,-3500,-3.04,42921,4791887500
003030,세아제강지주,74000,72700,-1300,-1.76,20441,1515697400
019440,세아특수강,16950,16800,-150,-0.88,78149,1327018200
058650,세아홀딩스,110000,107000,-3000,-2.73,3212,348658000
013000,세우글로벌,2470,2470,0,0.0,0,0
091090,세원이앤씨,1755,1740,-15,-0.85,843778,1475781465
021820,세원정공,8090,8090,0,0.0,0,0
067830,세이브존IC,4080,4080,0,0.0,184569,756903770
033530,세종공업,8210,8180,-30,-0.37,74783,612156430
075580,세진중공업,6650,6670,20,0.3,596882,4020443710
027970,세하,2130,2160,30,1.41,954849,2025644830
145210,세화아이엠씨,653,647,-6,-0.92,2848169,1854741544
308170,센트랄모텍,27000,26900,-100,-0.37,41254,1111905450
012600,센트럴인사이트,2490,2490,0,0.0,0,0
068270,셀트리온,270500,269500,-1000,-0.37,571257,155266247500
336370,솔루스첨단소재,52400,54300,1900,3.63,580414,31321237900
33637K,솔루스첨단소재1우,18250,18550,300,1.64,46385,857541050
33637L,솔루스첨단소재2우B,30400,30950,550,1.81,8124,251416450
248070,솔루엠,24600,24050,-550,-2.24,379770,9198496200
004430,송원산업,19350,18550,-800,-4.13,278092,5225670300
017550,수산중공업,5420,5590,170,3.14,4984384,28543032490
053210,스카이라이프,9780,9600,-180,-1.84,313099,3003295150
134790,시디즈,84000,77600,-6400,-7.62,22114,1748813900
016590,신대양제지,86400,90500,4100,4.75,38656,3508515800
029530,신도리코,31550,32300,750,2.38,42710,1376082150
004970,신라교역,12250,12400,150,1.22,35058,429389650
011930,신성이엔지,2930,2865,-65,-2.22,2091887,6031344350
005390,신성통상,1885,1900,15,0.8,1743882,3338891630
004170,신세계,308000,318500,10500,3.41,149448,46983944500
035510,신세계IC,176500,175500,-1000,-0.57,7626,1335669000
034300,신세계건설,45850,45150,-700,-1.53,30373,1386837800
031430,신세계인터내셔날,224500,233000,8500,3.79,58108,13420051500
031440,신세계푸드,100500,99200,-1300,-1.29,46404,4566733100
006880,신송홀딩스,5730,5500,-230,-4.01,68414,382043320
005800,신영와코루,123000,124500,1500,1.22,2776,343962500
001720,신영증권,62200,61400,-800,-1.29,9435,583338800
001725,신영증권우,63200,62000,-1200,-1.9,1464,91348100
009270,신원,1770,1775,5,0.28,693396,1223390690
009275,신원우,74000,64000,-10000,-13.51,19110,1262792400
002700,신일전자,2130,1980,-150,-7.04,7625056,15496228245
019170,신풍제약,65600,67300,1700,2.59,1409404,95690824900
019175,신풍제약우,83900,84500,600,0.72,33425,2898686500
002870,신풍제지,3285,3200,-85,-2.59,204382,666060855
293940,신한알파리츠,8230,8200,-30,-0.36,86686,710381940
055550,신한지주,41200,41050,-150,-0.36,1512128,61784220800
001770,신화실업,32500,33200,700,2.15,11266,375293100
004080,신흥,15900,15650,-250,-1.57,41929,653885200
102280,쌍방울,636,633,-3,-0.47,2275668,1441718402
003410,쌍용CE,7610,7590,-20,-0.26,820146,6230444000
003620,쌍용차,2770,2770,0,0.0,0,0
004770,써니전자,3485,3450,-35,-1.0,253180,880652475
015540,쎌마테라퓨틱스,6410,6410,0,0.0,0,0
004920,씨아이테크,1675,1655,-20,-1.19,466318,782424770
112610,씨에스윈드,69200,69400,200,0.29,246932,17130959600
008700,아남전자,2750,2740,-10,-0.36,398418,1099881750
002790,아모레G,74700,75200,500,0.67,140583,10558494000
00279K,아모레G3우전환,49750,49700,-50,-0.1,12817,633869900
002795,아모레G우,26950,27000,50,0.19,61143,1641685350
090430,아모레퍼시픽,291500,294500,3000,1.03,180370,53113925000
090435,아모레퍼시픽우,103500,105000,1500,1.45,74823,7779263500
002030,아세아,137000,137500,500,0.36,5523,775175000
183190,아세아시멘트,138000,135500,-2500,-1.81,35074,4735170000
002310,아세아제지,55400,57500,2100,3.79,204852,11978613800
012170,아센디오,2900,2820,-80,-2.76,127839,362834585
267850,아시아나IDT,23500,24350,850,3.62,232371,5636622100
020560,아시아나항공,15100,15650,550,3.64,1715774,26784148700
122900,아이마켓코리아,11700,12250,550,4.7,957373,11505949400
010780,아이에스동서,64600,63400,-1200,-1.86,70336,4472226900
001780,알루코,5000,5010,10,0.2,1369326,6928207470
018250,애경산업,26000,27050,1050,4.04,379194,10197047400
161000,애경유화,13350,12450,-900,-6.74,831193,10527571950
011090,에넥스,2240,2295,55,2.46,18216864,43277207040
005850,에스엘,26950,26350,-600,-2.23,339768,8893601500
012750,에스원,79900,79900,0,0.0,60816,4856955300
023960,에쓰씨엔지니어링,4355,4235,-120,-2.76,290991,1247773830
298690,에어부산,3560,3600,40,1.12,749678,2710670700
140910,에이리츠,15850,18000,2150,13.56,801526,13891808350
078520,에이블씨엔씨,7860,8200,340,4.33,513797,4208684330
015260,에이엔피,1515,1460,-55,-3.63,228804,336308610
007460,에이프로젠KIC,2320,2200,-120,-5.17,13468378,30251727100
003060,에이프로젠제약,1280,1235,-45,-3.52,5073207,6345428035
244920,에이플러스에셋,8670,8650,-20,-0.23,156698,1370539100
036570,엔씨소프트,831000,815000,-16000,-1.93,84788,69138326000
138250,엔에스쇼핑,13550,12950,-600,-4.43,117222,1531396050
085310,엔케이,1385,1305,-80,-5.78,1263126,1691112560
009810,엔케이물산,599,586,-13,-2.17,648831,383212128
900140,엘브이엠씨홀딩스,3655,3620,-35,-0.96,234951,854952740
014440,영보화학,4950,4730,-220,-4.44,449909,2194768005
111770,영원무역,47100,47100,0,0.0,227894,10790043000
009970,영원무역홀딩스,54300,52800,-1500,-2.76,20140,1067614500
003520,영진약품,6240,6160,-80,-1.28,868702,5396452190
000670,영풍,701000,700000,-1000,-0.14,2286,1607739000
006740,영풍제지,6700,6700,0,0.0,91672,617446820
012280,영화금속,1960,1985,25,1.28,1062991,2097609820
012160,영흥,1235,1225,-10,-0.81,764158,946633245
015360,예스코홀딩스,36750,37900,1150,3.13,27963,1050954150
007310,오뚜기,547000,545000,-2000,-0.37,6492,3528953000
002630,오리엔트바이오,1655,1670,15,0.91,9303190,16035387360
271560,오리온,121000,119500,-1500,-1.24,60280,7268091500
001800,오리온홀딩스,17950,17750,-200,-1.11,215652,3845572700
070960,용평리조트,5270,5270,0,0.0,364002,1906142130
316140,우리금융지주,11100,11100,0,0.0,1730845,19200047150
033660,우리금융캐피탈,11900,11750,-150,-1.26,77328,902519700
118000,우리들휴브레인,2140,2065,-75,-3.5,687414,1425456335
010050,우리종금,867,859,-8,-0.92,5349272,4620400547
006980,우성사료,37600,36400,-1200,-3.19,51804,1911773450
017370,우신시스템,5250,5100,-150,-2.86,53298,274350700
105840,우진,5310,5310,0,0.0,312881,1666031480
010400,우진아이엔에스,9300,8990,-310,-3.33,64433,586772490
049800,우진플라임,4980,4425,-555,-11.14,591157,2688570630
016880,웅진,2430,2430,0,0.0,2893608,7294656015
095720,웅진씽크빅,4115,3980,-135,-3.28,2448415,10052688535
005820,원림,24550,24300,-250,-1.02,13542,331782100
010600,웰바이오텍,3570,3595,25,0.7,960125,3504441735
008600,윌비스,2230,2245,15,0.67,1735447,3925359270
033270,유나이티드제약,56500,57400,900,1.59,293975,16773752100
014830,유니드,79000,79000,0,0.0,51052,4074424200
000910,유니온,7970,7840,-130,-1.63,261537,2066545390
047400,유니온머티리얼,3830,3780,-50,-1.31,595294,2266530955
011330,유니켐,1665,1640,-25,-1.5,622665,1031029445
077500,유니퀘스트,11100,11100,0,0.0,177006,1958175400
002920,유성기업,3645,3605,-40,-1.1,215195,771847735
000700,유수홀딩스,8230,8140,-90,-1.09,240325,1984157380
003470,유안타증권,4450,4445,-5,-0.11,737138,3281878555
003475,유안타증권우,4970,4940,-30,-0.6,203387,992549555
011690,유양디앤유,2440,2440,0,0.0,0,0
072130,유엔젤,4105,4030,-75,-1.83,119471,489098130
000220,유유제약,9690,9630,-60,-0.62,327911,3188232370
000225,유유제약1우,15200,14600,-600,-3.95,85267,1250317700
000227,유유제약2우B,33050,31300,-1750,-5.3,13426,425961800
001200,유진투자증권,4535,4585,50,1.1,728342,3341544790
000100,유한양행,63300,63900,600,0.95,345696,21945698600
000105,유한양행우,61400,61300,-100,-0.16,924,56695800
003460,유화증권,2695,2680,-15,-0.56,138333,369989755
003465,유화증권우,2750,2735,-15,-0.55,8030,21958575
008730,율촌화학,24100,22900,-1200,-4.98,122080,2872538850
008250,이건산업,14250,16350,2100,14.74,6031397,98035338100
025820,이구산업,4355,4205,-150,-3.44,1180765,5094286540
214320,이노션,59300,59300,0,0.0,44659,2638130100
088260,이리츠코크렙,6120,6170,50,0.82,45702,279354550
139480,이마트,154000,154000,0,0.0,155791,24055580500
007660,이수페타시스,3800,3700,-100,-2.63,328727,1234393400
005950,이수화학,13600,13200,-400,-2.94,1020529,13573848300
015020,이스타코,3290,3365,75,2.28,11381737,37621206095
093230,이아이디,439,429,-10,-2.28,34544695,15010594742
074610,이엔플러스,3500,3495,-5,-0.14,187227,656309565
102460,이연제약,24750,32150,7400,29.9,4837506,139576900600
084680,이월드,3505,3535,30,0.86,1145846,4102116515
350520,이지스레지던스리츠,5060,5060,0,0.0,57578,290552580
334890,이지스밸류리츠,5010,4995,-15,-0.3,89460,446290060
000760,이화산업,19800,20300,500,2.53,2629,53032950
014990,인디에프,1500,1450,-50,-3.33,474922,696069030
101140,인바이오젠,3095,3005,-90,-2.91,405133,1237896725
006490,인스코비,3035,3035,0,0.0,892652,2685743275
023800,인지컨트롤스,23150,22400,-750,-3.24,657947,14991973550
034590,인천도시가스,27500,27350,-150,-0.55,2832,77969700
129260,인터지스,4620,4500,-120,-2.6,455860,2081996660
023810,인팩,12400,12900,500,4.03,168466,2157106600
249420,일동제약,15600,15750,150,0.96,44278,694482100
000230,일동홀딩스,14200,13900,-300,-2.11,11733,164577200
013360,일성건설,2310,2350,40,1.73,1538106,3667706205
003120,일성신약,90900,90100,-800,-0.88,8968,807356500
003200,일신방직,108500,109500,1000,0.92,20011,2158652500
007110,일신석재,2140,2135,-5,-0.23,1115382,2380359135
007570,일양약품,39250,38150,-1100,-2.8,299643,11621148450
007575,일양약품우,43500,41700,-1800,-4.14,6264,265265350
008500,일정실업,16100,18250,2150,13.35,18811,330792500
081000,일진다이아,40450,40100,-350,-0.87,40604,1629975600
020760,일진디스플,4460,4600,140,3.14,317673,1484306065
020150,일진머티리얼즈,66300,66100,-200,-0.3,160249,10679517700
103590,일진전기,4035,4080,45,1.12,419087,1731409655
015860,일진홀딩스,5330,5270,-60,-1.13,188183,997498670
226320,잇츠한불,27850,28550,700,2.51,196576,5582168350
317400,자이에스앤디,10600,10400,-200,-1.89,228109,2364246900
033240,자화전자,19500,18950,-550,-2.82,97848,1877117400
000950,전방,40250,39550,-700,-1.74,6830,271720750
348950,제이알글로벌리츠,5160,5160,0,0.0,243657,1255830930
194370,제이에스코퍼레이션,21950,20900,-1050,-4.78,154923,3233410500
025620,제이준코스메틱,2305,2275,-30,-1.3,458958,1059776365
036420,제이콘텐트리,45750,46300,550,1.2,51508,2366477900
030000,제일기획,23000,22850,-150,-0.65,401042,9182579900
271980,제일약품,42700,42950,250,0.59,56540,2432165650
001560,제일연마,8780,8700,-80,-0.91,16701,145331080
002620,제일파마홀딩스,24750,24350,-400,-1.62,23410,578111200
006220,제주은행,7040,7110,70,0.99,1835182,13287854260
089590,제주항공,24500,25100,600,2.45,598722,15068007500
004910,조광페인트,8610,8500,-110,-1.28,362777,3095562080
004700,조광피혁,54900,53400,-1500,-2.73,11722,629582000
001550,조비,23400,22950,-450,-1.92,48540,1124045850
000480,조선내화,91500,89900,-1600,-1.75,4512,408582200
120030,조선선재,155500,150500,-5000,-3.22,21801,3318030000
018470,조일알미늄,958,959,1,0.1,5573546,5412936468
002600,조흥,190000,195000,5000,2.63,2180,439691500
185750,종근당,130500,129000,-1500,-1.15,49203,6379045000
063160,종근당바이오,61000,60400,-600,-0.98,99156,6030189800
001630,종근당홀딩스,111500,111500,0,0.0,23248,2573396000
044380,주연테크,1110,1065,-45,-4.05,637762,693832715
013890,지누스,97000,97300,300,0.31,107177,10361341700
013870,지엠비코리아,7430,7300,-130,-1.75,96384,704127760
071320,지역난방공사,42800,43050,250,0.58,14537,629300750
010580,지코,306,306,0,0.0,0,0
035000,지투알,6670,6580,-90,-1.35,99204,662280470
088790,진도,5360,5450,90,1.68,544472,3015459860
003780,진양산업,5620,5510,-110,-1.96,152253,851725830
010640,진양폴리,3745,3700,-45,-1.2,113354,423567220
100250,진양홀딩스,3130,3125,-5,-0.16,80756,252631915
051630,진양화학,4175,4115,-60,-1.44,86628,357847320
272450,진에어,24000,25400,1400,5.83,1236230,31133056050
011000,진원생명과학,19350,24350,5000,25.84,27367886,625349764500
002780,진흥기업,2405,2300,-105,-4.37,2262851,5290401810
002787,진흥기업2우B,20000,17100,-2900,-14.5,148186,2730149650
002785,진흥기업우B,9580,7930,-1650,-17.22,240294,1988646760
009310,참엔지니어링,1530,1450,-80,-5.23,628169,924891170
000650,천일고속,74900,72400,-2500,-3.34,3655,267624800
033250,체시스,1625,1595,-30,-1.85,246724,395116955
035720,카카오,109000,110500,1500,1.38,1656454,182283948000
006380,카프로,4860,4800,-60,-1.23,386566,1885811065
109070,컨버즈,4100,4100,0,0.0,0,0
001620,케이비아이동국실업,884,886,2,0.23,298838,263527437
029460,케이씨,28600,28200,-400,-1.4,79092,2227936250
344820,케이씨씨글라스,63500,62700,-800,-1.26,121897,7588555000
281820,케이씨텍,29300,29600,300,1.02,149761,4406362650
145270,케이탑리츠,2020,2180,160,7.92,6702056,14937207940
357120,코람코에너지리츠,6090,6090,0,0.0,104581,636064360
007815,코리아써우,7720,7490,-230,-2.98,21672,162593340
007810,코리아써키트,12550,12200,-350,-2.79,117593,1438114950
00781K,코리아써키트2우B,9380,9090,-290,-3.09,34576,314721680
003690,코리안리,9920,9610,-310,-3.13,536380,5190630350
192820,코스맥스,120500,123000,2500,2.07,81419,9908371500
044820,코스맥스비티아이,18200,18250,50,0.27,41757,755018450
005070,코스모신소재,24900,24000,-900,-3.61,568117,13750777650
005420,코스모화학,11250,11150,-100,-0.89,189539,2129637650
071950,코아스,1310,1300,-10,-0.76,339359,440844335
002020,코오롱,32800,31450,-1350,-4.12,83920,2670788800
003070,코오롱글로벌,26500,25150,-1350,-5.09,101428,2602658500
003075,코오롱글로벌우,37100,36150,-950,-2.56,8556,313026000
144620,코오롱머티리얼,2990,2920,-70,-2.34,221585,650767555
002025,코오롱우,23150,22400,-750,-3.24,32903,750954350
120110,코오롱인더,60400,58200,-2200,-3.64,260078,15346409300
120115,코오롱인더우,29950,29100,-850,-2.84,18742,554254000
138490,코오롱플라스틱,6420,6130,-290,-4.52,317498,1980182730
021240,코웨이,78000,77500,-500,-0.64,485462,37866814400
031820,콤텍시스템,1280,1275,-5,-0.39,373242,476584065
192400,쿠쿠홀딩스,134500,135000,500,0.37,3718,497908000
284740,쿠쿠홈시스,46000,45550,-450,-0.98,97552,4473970600
015590,큐로,595,586,-9,-1.51,1866756,1099547158
264900,크라운제과,14300,14600,300,2.1,199567,2908486350
26490K,크라운제과우,31650,30500,-1150,-3.63,123276,3878210000
005740,크라운해태홀딩스,12700,12400,-300,-2.36,237024,3041314000
005745,크라운해태홀딩스우,26600,27600,1000,3.76,58885,1675542200
020120,키다리스튜디오,14100,14300,200,1.42,168942,2413134300
039490,키움증권,126500,124000,-2500,-1.98,159827,19948539500
014580,태경비케이,4680,4490,-190,-4.06,358098,1635603075
015890,태경산업,7000,6800,-200,-2.86,82673,568311750
006890,태경케미컬,14150,14500,350,2.47,321880,4688869200
003240,태광산업,1208000,1207000,-1000,-0.08,2371,2866210000
011280,태림포장,5100,5130,30,0.59,266645,1373209930
004100,태양금속,1595,1585,-10,-0.63,1274261,2031430515
004105,태양금속우,3665,3530,-135,-3.68,200177,713465795
009410,태영건설,13600,13450,-150,-1.1,211098,2830857900
009415,태영건설우,19500,19700,200,1.03,36980,717819100
001420,태원물산,4875,4785,-90,-1.85,134083,644578670
007980,태평양물산,2825,2735,-90,-3.19,861470,2422589865
055490,테이팩스,56200,54800,-1400,-2.49,49569,2736296800
078000,텔코웨어,12300,12200,-100,-0.81,26649,326338950
214420,토니모리,8150,8050,-100,-1.23,61598,500033440
019180,티에이치엔,3330,3210,-120,-3.6,203314,659467535
363280,티와이홀딩스,25950,26400,450,1.73,82339,2152757050
36328K,티와이홀딩스우,27950,27250,-700,-2.5,30076,824652650
091810,티웨이항공,3085,3160,75,2.43,4214082,13424218620
004870,티웨이홀딩스,1405,1430,25,1.78,712513,1033404325
005690,파미셀,18300,18350,50,0.27,4747800,86871360300
036580,팜스코,8180,7840,-340,-4.16,525756,4125719970
004720,팜젠사이언스,12450,13200,750,6.02,3593942,48385410850
028670,팬오션,6870,6820,-50,-0.73,9824519,68024034800
010820,퍼스텍,2490,2435,-55,-2.21,319127,781082165
016800,퍼시스,45750,42650,-3100,-6.78,32267,1443750700
001020,페이퍼코리아,2185,2175,-10,-0.46,58152,127959465
090080,평화산업,1210,1230,20,1.65,210567,255519760
010770,평화홀딩스,4240,4240,0,0.0,29335,124489310
058430,포스코강판,68600,64800,-3800,-5.54,457781,30061612400
047050,포스코인터내셔널,22000,21500,-500,-2.27,577096,12514200900
003670,포스코케미칼,146500,143000,-3500,-2.39,206431,29667442000
007630,폴루스바이오팜,1225,1225,0,0.0,0,0
017810,풀무원,21400,21350,-50,-0.23,619992,13486370250
103140,풍산,43550,42650,-900,-2.07,601276,25895389700
005810,풍산홀딩스,29100,28500,-600,-2.06,43437,1248575650
950210,프레스티지바이오파마,29350,30150,800,2.73,336688,10088886150
086790,하나금융지주,45900,46400,500,1.09,896178,41291986050
293480,하나제약,23300,22950,-350,-1.5,25642,588182950
039130,하나투어,68400,73900,5500,8.04,774795,56160637400
172580,하이골드12호,2370,2375,5,0.21,57420,136376340
153360,하이골드3호,1685,1700,15,0.89,37702,64108490
352820,하이브,242500,248500,6000,2.47,143607,35145541500
071090,하이스틸,3790,3740,-50,-1.32,837123,3140251270
019490,하이트론,9160,9090,-70,-0.76,768939,7274766690
000080,하이트진로,35700,36300,600,1.68,948590,34300121150
000087,하이트진로2우B,23050,22950,-100,-0.43,10291,237080750
000140,하이트진로홀딩스,17500,17250,-250,-1.43,96908,1705800150
000145,하이트진로홀딩스우,19800,20500,700,3.54,8027,167235250
152550,한국ANKOR유전,1665,1670,5,0.3,847,1415280
036460,한국가스공사,32150,31500,-650,-2.02,474026,15037287250
005430,한국공항,43350,45200,1850,4.27,93156,4225576100
071050,한국금융지주,106000,103000,-3000,-2.83,440723,45267082000
071055,한국금융지주우,87000,84600,-2400,-2.76,51464,4394442400
010040,한국내화,4585,4510,-75,-1.64,367163,1659083940
025540,한국단자,83600,83900,300,0.36,125970,10565621500
004090,한국석유,16800,16150,-650,-3.87,470054,7726411650
002200,한국수출포장,26200,27200,1000,3.82,103746,2852043800
002960,한국쉘석유,280500,283000,2500,0.89,13779,3960403000
000240,한국앤컴퍼니,18800,19000,200,1.06,180413,3406175650
123890,한국자산신탁,4975,5030,55,1.11,1011548,5109543190
015760,한국전력,23900,23600,-300,-1.26,3001654,71007363400
006200,한국전자홀딩스,1260,1255,-5,-0.4,527315,663570225
009540,한국조선해양,148500,153000,4500,3.03,333311,50607689000
023350,한국종합기술,8850,8530,-320,-3.62,332079,2934852290
025890,한국주강,2675,2680,5,0.19,178922,482699240
000970,한국주철관,10250,10150,-100,-0.98,389937,3905481470
104700,한국철강,11150,11000,-150,-1.35,317723,3547113550
017960,한국카본,11750,11750,0,0.0,449178,5272511950
161890,한국콜마,57000,57600,600,1.05,165711,9501543200
024720,한국콜마홀딩스,31300,31600,300,0.96,85795,2713060950
161390,한국타이어앤테크놀로지,48000,47850,-150,-0.31,334540,16124195600
034830,한국토지신탁,2350,2340,-10,-0.43,515709,1211143815
007280,한국특강,3770,3665,-105,-2.79,664899,2430218915
168490,한국패러랠,1975,1980,5,0.25,42116,83424360
010100,한국프랜지,3150,3160,10,0.32,440489,1399044940
047810,한국항공우주,31250,31250,0,0.0,356215,11184779100
123690,한국화장품,11750,11800,50,0.43,90602,1074272000
003350,한국화장품제조,35400,35750,350,0.99,24658,877578400
011500,한농화성,14900,14600,-300,-2.01,275646,4037502750
002390,한독,28800,28900,100,0.35,57471,1665439950
014790,한라,5760,5560,-200,-3.47,360590,2024537350
060980,한라홀딩스,44000,44200,200,0.45,69182,3030858850
053690,한미글로벌,11950,11800,-150,-1.26,112060,1331580800
042700,한미반도체,32850,32700,-150,-0.46,1542722,50862230850
008930,한미사이언스,66600,67100,500,0.75,210229,14148386600
128940,한미약품,329000,340000,11000,3.34,72760,24294657000
009240,한샘,105500,106000,500,0.47,42035,4460167500
020000,한섬,48150,46650,-1500,-3.12,133732,6272215500
003680,한성기업,8450,8540,90,1.07,74021,627619600
105630,한세실업,27550,25650,-1900,-6.9,859361,22850746200
069640,한세엠케이,4690,4655,-35,-0.75,113809,537445485
016450,한세예스24홀딩스,9220,9010,-210,-2.28,136649,1247461710
010420,한솔PNS,2200,2220,20,0.91,285000,630745100
009180,한솔로지스틱스,3395,3370,-25,-0.74,579785,1975938845
213500,한솔제지,16850,16300,-550,-3.26,282000,4651606850
014680,한솔케미칼,242000,234500,-7500,-3.1,50088,11776578000
004710,한솔테크닉스,9340,8930,-410,-4.39,580059,5271376710
004150,한솔홀딩스,4475,4395,-80,-1.79,260051,1153048520
025750,한솔홈데코,2220,2220,0,0.0,11407408,26066156825
004960,한신공영,26600,25000,-1600,-6.02,278765,7002925600
011700,한신기계,2340,2410,70,2.99,872173,2098259835
001750,한양증권,14550,14850,300,2.06,211226,3144273500
001755,한양증권우,24650,24100,-550,-2.23,15461,386663350
018880,한온시스템,16000,16000,0,0.0,816368,13095753000
009420,한올바이오파마,20700,21300,600,2.9,285216,6049957550
014130,한익스프레스,6870,6860,-10,-0.15,161703,1109949850
300720,한일시멘트,161500,157500,-4000,-2.48,13146,2119869500
002220,한일철강,3290,3195,-95,-2.89,397673,1275577900
006390,한일현대시멘트,41400,40150,-1250,-3.02,83488,3373133100
003300,한일홀딩스,14800,14450,-350,-2.36,31649,467251500
051600,한전KPS,38700,38600,-100,-0.26,437433,17001288250
052690,한전기술,40100,41950,1850,4.61,745137,31154071650
130660,한전산업,5090,5060,-30,-0.59,167511,846592520
002320,한진,39500,39800,300,0.76,134059,5377387900
097230,한진중공업,8240,8020,-220,-2.67,175267,1420496940
003480,한진중공업홀딩스,4345,4475,130,2.99,207573,925808325
180640,한진칼,59900,66000,6100,10.18,1429921,93100397500
18064K,한진칼우,43350,48850,5500,12.69,566432,29155393400
005110,한창,1235,1260,25,2.02,1000926,1260084550
009460,한창제지,2395,2460,65,2.71,1767780,4313545295
000880,한화,31800,30300,-1500,-4.72,1434381,44264560850
00088K,한화3우B,15550,15450,-100,-0.64,118303,1847882850
088350,한화생명,3950,3810,-140,-3.54,14210389,55001710130
000370,한화손해보험,4875,4615,-260,-5.33,3207135,15088108545
009830,한화솔루션,44050,44650,600,1.36,1008696,45006226250
009835,한화솔루션우,54700,53900,-800,-1.46,7512,408238400
272210,한화시스템,16750,16700,-50,-0.3,463490,7730935800
012450,한화에어로스페이스,43250,42400,-850,-1.97,704076,30316908950
000885,한화우,46400,46500,100,0.22,3206,149937700
003530,한화투자증권,5150,4800,-350,-6.8,7615044,37663392695
003535,한화투자증권우,29800,28250,-1550,-5.2,814991,23581225550
195870,해성디에스,32750,31950,-800,-2.44,125071,4037702750
101530,해태제과식품,10550,10700,150,1.42,596802,6549801100
143210,핸즈코퍼레이션,6540,6450,-90,-1.38,82544,529497810
000720,현대건설,51900,52600,700,1.35,690409,36305870700
267270,현대건설기계,60100,56600,-3500,-5.82,455837,26236683200
000725,현대건설우,227000,227000,0,0.0,4958,1120713500
005440,현대그린푸드,11300,11250,-50,-0.44,1338594,15126654400
086280,현대글로비스,186000,183500,-2500,-1.34,129188,23833728500
064350,현대로템,20100,20250,150,0.75,958892,19441202100
079430,현대리바트,18300,18200,-100,-0.55,353484,6486617200
012330,현대모비스,275000,276500,1500,0.55,323015,89343214500
010620,현대미포조선,88900,91000,2100,2.36,447708,40748092800
069960,현대백화점,91100,90900,-200,-0.22,227189,20718317000
004560,현대비앤지스틸,20950,20400,-550,-2.63,562803,11577705250
004565,현대비앤지스틸우,99400,97200,-2200,-2.21,3265,321558800
004310,현대약품,6960,6970,10,0.14,155069,1083326930
322000,현대에너지솔루션,32350,32100,-250,-0.77,36680,1177257150
017800,현대엘리베이,49600,50500,900,1.81,364864,18385236550
307950,현대오토에버,109000,105000,-4000,-3.67,57765,6159179000
011210,현대위아,81000,78900,-2100,-2.59,467832,37185937100
267260,현대일렉트릭,23050,22150,-900,-3.9,428247,9567698600
004020,현대제철,55900,54900,-1000,-1.79,1416061,78002141400
267250,현대중공업지주,73400,74600,1200,1.63,231426,17118675400
005380,현대차,229000,227000,-2000,-0.87,875528,199303166000
005387,현대차2우B,113000,111000,-2000,-1.77,120019,13356762000
005389,현대차3우B,104500,104000,-500,-0.48,11846,1230921500
005385,현대차우,111500,111000,-500,-0.45,40508,4514100500
001500,현대차증권,14450,14500,50,0.35,236101,3416649650
011760,현대코퍼레이션,21100,20650,-450,-2.13,150449,3110622250
227840,현대코퍼레이션홀딩스,15050,14800,-250,-1.66,81649,1218199900
126560,현대퓨처넷,4360,4310,-50,-1.15,218707,951858975
001450,현대해상,24800,23800,-1000,-4.03,1151645,27607794350
057050,현대홈쇼핑,93600,92000,-1600,-1.71,33804,3126411700
093240,형지엘리트,4900,5030,130,2.65,1998264,9928242325
003010,혜인,7480,7320,-160,-2.14,266657,1954824870
111110,호전실업,13900,13600,-300,-2.16,71566,980070100
008770,호텔신라,92600,95500,2900,3.13,1064010,99960969900
008775,호텔신라우,90600,92000,1400,1.55,38741,3567080200
002460,화성산업,13800,13650,-150,-1.09,117550,1596035850
378850,화승알앤에이,6320,6290,-30,-0.47,110348,698277880
241590,화승엔터프라이즈,20350,19350,-1000,-4.91,714605,13878293000
006060,화승인더,8700,8200,-500,-5.75,1933985,16055472410
013520,화승코퍼레이션,2230,2130,-100,-4.48,917002,1980399635
010690,화신,5700,5480,-220,-3.86,1205859,6793666050
133820,화인베스틸,2860,2815,-45,-1.57,631664,1787285185
010660,화천기계,2670,2640,-30,-1.12,125174,332876590
000850,화천기공,37450,36850,-600,-1.6,17353,643856850
016580,환인제약,20950,21000,50,0.24,132701,2776772700
032560,황금에스티,10050,9710,-340,-3.38,647595,6370018560
004800,효성,102500,100000,-2500,-2.44,84559,8495052900
094280,효성ITX,19450,19400,-50,-0.26,20192,391625600
298040,효성중공업,64700,62600,-2100,-3.25,60807,3844472100
298050,효성첨단소재,360500,350000,-10500,-2.91,56701,19986602000
298020,효성티앤씨,729000,723000,-6000,-0.82,58583,42541699000
298000,효성화학,377000,365000,-12000,-3.18,60352,22153357000
093370,후성,10000,9900,-100,-1.0,497302,4949169110
081660,휠라홀딩스,53700,55700,2000,3.72,1015657,56595471700
005870,휴니드,8060,8160,100,1.24,166682,1366382020
079980,휴비스,11050,10950,-100,-0.9,284808,3121459700
005010,휴스틸,17400,14900,-2500,-14.37,681114,11051474550
069260,휴켐스,21950,21850,-100,-0.46,120390,2629242500
000540,흥국화재,4735,4600,-135,-2.85,1087108,5228130640
000547,흥국화재2우B,33700,43800,10100,29.97,109298,4466935100
000545,흥국화재우,12400,13650,1250,10.08,253689,3560262150
003280,흥아해운,258,258,0,0.0,0,0
