티커,종목명,시가,종가,변동폭,등락률,거래량,거래대금
095570,AJ네트웍스,4360,4385,25,0.57,183639,799014915
006840,AK홀딩스,24800,25000,200,0.81,125264,3124306700
027410,BGF,4690,4725,35,0.75,333509,1570346425
282330,BGF리테일,135500,140500,5000,3.69,89517,12423156500
138930,BNK금융지주,5720,5940,220,3.85,6466669,38116163750
001460,BYC,313500,315500,2000,0.64,885,277733500
001465,BYC우,156000,152000,-4000,-2.56,302,45918500
001040,CJ,98500,98300,-200,-0.2,296619,29016933100
079160,CJCGV,26150,28150,2000,7.65,2564920,71276248150
00104K,CJ4우전환,78700,78400,-300,-0.38,23449,1813566300
000120,CJ대한통운,170000,172000,2000,1.18,88355,15035017500
011150,CJ씨푸드,4855,4860,5,0.1,580438,2837516360
011155,CJ씨푸드1우,37200,38700,1500,4.03,371,14140400
001045,CJ우,58700,58800,100,0.17,14513,842890700
097950,CJ제일제당,424000,417000,-7000,-1.65,98843,40874401500
097955,CJ제일제당우,180500,177000,-3500,-1.94,10319,1819530000
000590,CS홀딩스,61700,61900,200,0.32,9857,616065600
012030,DB,840,836,-4,-0.48,1727946,1439496557
016610,DB금융투자,5730,5490,-240,-4.19,578421,3234407420
005830,DB손해보험,42750,42700,-50,-0.12,297675,12628933200
000990,DB하이텍,56200,61900,5700,10.14,7038777,426166687100
000995,DB하이텍1우,122500,123500,1000,0.82,6454,811209000
139130,DGB금융지주,7020,7150,130,1.85,802159,5733003930
001530,DI동일,169000,162500,-6500,-3.85,51689,8241013500
004840,DRB동일,7290,7330,40,0.55,120027,880080810
155660,DSR,6020,5900,-120,-1.99,249349,1454472000
069730,DSR제강,4940,4910,-30,-0.61,156493,762438855
017940,E1,41800,42350,550,1.32,22894,960039350
365550,ESR켄달스퀘어리츠,5150,5230,80,1.55,724948,3761207800
007700,FF,84100,86800,2700,3.21,147185,12552395300
114090,GKL,15850,16200,350,2.21,707772,11407927200
078930,GS,39900,40050,150,0.38,697899,27899931100
006360,GS건설,42950,42750,-200,-0.47,1445362,61139942250
001250,GS글로벌,2235,2210,-25,-1.12,1182680,2628861755
007070,GS리테일,36250,36150,-100,-0.28,641386,23452114500
078935,GS우,30350,30400,50,0.16,7391,223913150
012630,HDC,10850,10850,0,0.0,744052,8092178100
039570,HDC아이콘트롤스,10250,10500,250,2.44,82877,854720800
089470,HDC현대EP,7290,6900,-390,-5.35,776623,5441147210
294870,HDC현대산업개발,27000,28100,1100,4.07,2472988,69144115100
011200,HMM,15200,14850,-350,-2.3,8445013,126123801250
082740,HSD엔진,7920,8100,180,2.27,1023862,8272438720
003560,IHQ,1500,1525,25,1.67,954108,1460617570
175330,JB금융지주,5640,5690,50,0.89,557882,3188201590
234080,JW생명과학,20750,21850,1100,5.3,881084,19037450400
001060,JW중외제약,33950,33100,-850,-2.5,320815,10723191950
001067,JW중외제약2우B,54200,52900,-1300,-2.4,359,19090500
001065,JW중외제약우,38450,38300,-150,-0.39,1403,53707550
096760,JW홀딩스,5700,5650,-50,-0.88,274508,1555870520
105560,KB금융,45900,46200,300,0.65,4151212,191899260500
002380,KCC,205000,202000,-3000,-1.46,63141,12671609500
009070,KCTC,3465,4500,1035,29.87,11355730,46369412635
009440,KC그린홀딩스,5490,5500,10,0.18,192261,1048655800
119650,KC코트렐,11550,11350,-200,-1.73,770200,8777262850
092220,KEC,2990,2885,-105,-3.51,5996868,17526303995
016380,KG동부제철,11800,11550,-250,-2.12,341715,3950927700
016385,KG동부제철우,116000,115500,-500,-0.43,228,26104000
001390,KG케미칼,24050,23800,-250,-1.04,212401,5069231900
001940,KISCO홀딩스,14400,14450,50,0.35,62789,901560650
025000,KPX케미칼,53100,53100,0,0.0,11299,597086300
092230,KPX홀딩스,56700,56800,100,0.18,7452,424392200
000040,KR모터스,1070,1040,-30,-2.8,663212,699184475
044450,KSS해운,10900,10750,-150,-1.38,168163,1822404250
030200,KT,23800,23950,150,0.63,2696835,64871750350
033780,KTG,81900,81900,0,0.0,850846,69990716500
030210,KTB투자증권,4010,3850,-160,-3.99,934193,3664063820
058850,KTcs,2190,2485,295,13.47,20825100,51092478835
058860,KTis,2580,2810,230,8.91,7456797,21007674105
093050,LF,14750,14850,100,0.68,144089,2131207450
003550,LG,103000,102000,-1000,-0.97,1051249,106498559920
034220,LG디스플레이,19600,20000,400,2.04,6454986,128105884800
001120,LG상사,26400,25900,-500,-1.89,372729,9630006300
051900,LG생활건강,1602000,1560000,-42000,-2.62,57656,90427574000
051905,LG생활건강우,707000,705000,-2000,-0.28,3914,2750898000
003555,LG우,71900,70200,-1700,-2.36,61499,4333354700
032640,LG유플러스,12650,12550,-100,-0.79,7581075,96103486900
011070,LG이노텍,188500,187000,-1500,-0.8,406147,76413686000
066570,LG전자,142000,138500,-3500,-2.46,4585235,642869736000
066575,LG전자우,61800,59800,-2000,-3.24,710169,42819413000
108670,LG하우시스,78900,77200,-1700,-2.15,94732,7318403400
108675,LG하우시스우,33300,32900,-400,-1.2,12899,423206650
037560,LG헬로비전,3840,3850,10,0.26,502795,1936941260
051910,LG화학,998000,962000,-36000,-3.61,774712,748066167011
051915,LG화학우,480000,461000,-19000,-3.96,114657,52508639000
079550,LIG넥스원,32000,32250,250,0.78,200245,6381639250
006260,LS,74700,72000,-2700,-3.61,491204,35470087400
010120,LSELECTRIC,69000,68300,-700,-1.01,360296,24611161800
000680,LS네트웍스,2575,2530,-45,-1.75,98838,251438680
229640,LS전선아시아,7770,7760,-10,-0.13,279869,2177876170
023150,MH에탄올,7730,7660,-70,-0.91,41453,319166270
035420,NAVER,309000,304000,-5000,-1.62,1573299,472267233000
181710,NHN,75900,76200,300,0.4,114581,8677285900
005940,NH투자증권,12400,11950,-450,-3.63,2948374,35412960800
005945,NH투자증권우,8750,8610,-140,-1.6,144951,1253116790
338100,NH프라임리츠,4220,4205,-15,-0.36,139529,587479470
034310,NICE,18450,18500,50,0.27,99090,1823172750
008260,NI스틸,2830,3020,190,6.71,24325658,78519708620
004250,NPC,3240,3270,30,0.93,64649,210187085
004255,NPC우,2240,2235,-5,-0.22,6381,14237565
010060,OCI,107000,103000,-4000,-3.74,493111,51051631000
005490,POSCO,284000,277000,-7000,-2.46,615637,170200048000
100840,STC,15550,15600,50,0.32,21542,333365950
064960,ST모티브,58600,54800,-3800,-6.48,276852,15177388100
003570,ST중공업,6030,6040,10,0.17,108002,647914740
036530,ST홀딩스,14700,14700,0,0.0,38546,565326500
010950,S-Oil,73000,75100,2100,2.88,1351984,101496513700
010955,S-Oil우,40050,41000,950,2.37,37756,1548667650
034120,SBS,23650,26100,2450,10.36,283956,6999173700
101060,SBS미디어홀딩스,1860,1885,25,1.34,94243,175952460
005090,SGC에너지,40700,39400,-1300,-3.19,177927,7022797200
004060,SG세계물산,621,622,1,0.16,1280939,799320253
001380,SG충방,2250,2265,15,0.67,1060044,2411928950
002360,SH에너지화학,1040,988,-52,-5.0,8757313,8766845983
009160,SIMPAC,2675,2665,-10,-0.37,289312,763124225
123700,SJM,3580,3580,0,0.0,94661,336369290
025530,SJM홀딩스,3115,3070,-45,-1.44,7796,24158845
034730,SK,290000,281500,-8500,-2.93,795811,224064276500
011790,SKC,103000,100500,-2500,-2.43,626246,62255012000
018670,SK가스,108500,106500,-2000,-1.84,31752,3404348000
001740,SK네트웍스,5000,4965,-35,-0.7,1168348,5799953925
001745,SK네트웍스우,107500,104000,-3500,-3.26,801,83618000
006120,SK디스커버리,61000,62500,1500,2.46,182126,11310007800
006125,SK디스커버리우,52500,52300,-200,-0.38,20541,1079991100
210980,SK디앤디,46500,45500,-1000,-2.15,172005,7845295200
068400,SK렌터카,10100,10400,300,2.97,287939,2966113250
326030,SK바이오팜,156000,154500,-1500,-0.96,400078,61591938500
03473K,SK우,272000,262000,-10000,-3.68,27577,7228670000
096770,SK이노베이션,294000,284500,-9500,-3.23,2349677,666743977500
096775,SK이노베이션우,192500,187000,-5500,-2.86,96585,17958465000
001510,SK증권,973,940,-33,-3.39,28974545,27602666912
001515,SK증권우,5290,5210,-80,-1.51,35069,182256480
285130,SK케미칼,363000,360000,-3000,-0.83,147319,53606554500
28513K,SK케미칼우,165500,167000,1500,0.91,20976,3485597500
017670,SK텔레콤,257500,253500,-4000,-1.55,594335,152344376000
000660,SK하이닉스,133000,129000,-4000,-3.01,8700877,1121945369000
005610,SPC삼립,70400,74500,4100,5.82,162912,12091679000
011810,STX,5590,5630,40,0.72,19038,107335330
077970,STX엔진,7270,7470,200,2.75,36767,271369510
071970,STX중공업,3845,3845,0,0.0,105018,402735825
084870,TBH글로벌,1690,1675,-15,-0.89,49028,81694585
002710,TCC스틸,5400,5430,30,0.56,1569899,8667420130
024070,WISCOM,2620,2580,-40,-1.53,98799,255532230
037270,YGPLUS,5280,5690,410,7.77,8614994,48670324600
000500,가온전선,22200,22200,0,0.0,12884,285363700
000860,강남제비스코,20550,20750,200,0.97,34383,702963050
035250,강원랜드,23700,24900,1200,5.06,2679231,65539204100
011420,갤럭시아에스엠,1440,1440,0,0.0,154646,221612480
002100,경농,12500,12250,-250,-2.0,89135,1096061500
009450,경동나비엔,52900,52600,-300,-0.57,58693,3062659500
267290,경동도시가스,19100,19000,-100,-0.52,28188,537498150
012320,경동인베스트,30000,29600,-400,-1.33,6477,192204250
000050,경방,12350,12550,200,1.62,29334,363465550
214390,경보제약,15800,15800,0,0.0,259602,4150204050
012610,경인양행,7170,7710,540,7.53,5875977,44214393220
009140,경인전자,27700,28500,800,2.89,25044,711767950
013580,계룡건설,32050,32100,50,0.16,308538,9845952200
012200,계양전기,4740,4840,100,2.11,1308837,6362631290
012205,계양전기우,7190,7250,60,0.83,14058,101295750
002140,고려산업,4265,4305,40,0.94,557827,2428754455
010130,고려아연,421500,418500,-3000,-0.71,85062,35427155500
002240,고려제강,14750,14800,50,0.34,38923,576503050
009290,광동제약,10000,9950,-50,-0.5,523937,5240222900
017040,광명전기,2040,2165,125,6.13,1836699,3902945270
017900,광전자,2450,2525,75,3.06,1854107,4665381975
037710,광주신세계,156000,157500,1500,0.96,3143,494894000
030610,교보증권,8340,8420,80,0.96,371192,3097495470
339770,교촌에프앤비,18550,18450,-100,-0.54,156053,2883230800
007690,국도화학,52400,52100,-300,-0.57,35481,1832223500
005320,국동,3880,3990,110,2.84,27388103,122496416120
001140,국보,1770,1775,5,0.28,324748,575631950
002720,국제약품,9720,9640,-80,-0.82,213791,2072769620
083420,그린케미칼,14700,15850,1150,7.82,4050843,62621520750
014530,극동유화,3355,3360,5,0.15,205798,691258170
014280,금강공업,5820,5610,-210,-3.61,485189,2699483900
014285,금강공업우,11250,11100,-150,-1.33,5335,59128600
008870,금비,68400,66900,-1500,-2.19,7713,520554600
001570,금양,6220,6080,-140,-2.25,504806,3068879620
002990,금호산업,9530,9610,80,0.84,639780,6146937750
002995,금호산업우,32050,32400,350,1.09,2331,74853700
011780,금호석유,159500,160500,1000,0.63,422447,67362744500
011785,금호석유우,58000,57900,-100,-0.17,44576,2567299300
214330,금호에이치티,2435,2355,-80,-3.29,2722432,6516665590
001210,금호전기,3115,3000,-115,-3.69,123515,372651805
073240,금호타이어,3720,3740,20,0.54,881034,3245062360
092440,기신정기,3770,3820,50,1.33,144032,547279815
000270,기아차,70100,70200,100,0.14,5784682,402570885400
024110,기업은행,8670,8680,10,0.12,3264949,28290360480
013700,까뮤이앤씨,3265,3430,165,5.05,6319047,21030021860
004540,깨끗한나라,4115,4175,60,1.46,172932,722858315
004545,깨끗한나라우,19350,19550,200,1.03,1763,33912200
001260,남광토건,12750,13100,350,2.75,108910,1415624300
008350,남선알미늄,4430,4420,-10,-0.23,2234150,9834484820
008355,남선알미우,41300,40450,-850,-2.06,3484,141084750
004270,남성,4430,4245,-185,-4.18,1938557,8394261910
003920,남양유업,298500,300000,1500,0.5,4534,1359274500
003925,남양유업우,156500,164000,7500,4.79,1278,206541500
025860,남해화학,8430,8430,0,0.0,538830,4546999810
005720,넥센,4620,4585,-35,-0.76,40707,186486805
005725,넥센우,3005,2975,-30,-1.0,8732,26019290
002350,넥센타이어,6100,6040,-60,-0.98,421127,2536963780
002355,넥센타이어1우B,2530,2520,-10,-0.4,5019,12693395
003580,넥스트사이언스,5230,5260,30,0.57,168462,880008490
251270,넷마블,127000,125000,-2000,-1.57,534016,66610034000
090350,노루페인트,9760,9920,160,1.64,3553468,37523493720
090355,노루페인트우,12050,12450,400,3.32,4016,50225000
000320,노루홀딩스,10900,10700,-200,-1.83,233009,2557322800
000325,노루홀딩스우,17550,17550,0,0.0,543,9530250
006280,녹십자,393500,397500,4000,1.02,243504,97556389000
005250,녹십자홀딩스,45300,44250,-1050,-2.32,1798644,82088066700
005257,녹십자홀딩스2우,113000,117000,4000,3.54,7392,867308500
004370,농심,298000,293500,-4500,-1.51,71423,21121745000
072710,농심홀딩스,77800,76900,-900,-1.16,20222,1555349100
058730,다스코,5400,5370,-30,-0.56,203605,1102974040
023590,다우기술,23150,23850,700,3.02,1012380,24089245450
019680,대교,3610,3625,15,0.42,148503,537288115
019685,대교우B,2510,2495,-15,-0.6,17761,44346945
006370,대구백화점,8890,8620,-270,-3.04,12212,106592880
008060,대덕,6790,7210,420,6.19,9146624,67641185520
00806K,대덕1우,8600,8930,330,3.84,1071018,10235625530
353200,대덕전자,13500,15950,2450,18.15,60299135,947370581500
35320K,대덕전자1우,9030,10750,1720,19.05,4709222,51101021510
000490,대동공업,6970,7150,180,2.58,303020,2147701160
008110,대동전자,4365,4330,-35,-0.8,10375,45001985
005750,대림BCo,5720,5760,40,0.7,34941,200581930
001880,대림건설,37400,39250,1850,4.95,475829,18589477800
000210,대림산업,83000,83000,0,0.0,0,0
000215,대림산업우,53200,53200,0,0.0,0,0
006570,대림통상,4025,4070,45,1.12,10454,42489265
001680,대상,26900,27250,350,1.3,548874,14945644100
001685,대상우,17950,17850,-100,-0.56,15708,278515050
084690,대상홀딩스,10850,10900,50,0.46,215426,2339249950
084695,대상홀딩스우,8280,8300,20,0.24,8232,68184270
128820,대성산업,3195,3175,-20,-0.63,73774,234458210
117580,대성에너지,5220,5210,-10,-0.19,37325,193628870
016710,대성홀딩스,27800,28000,200,0.72,85998,2357289100
003540,대신증권,13400,13200,-200,-1.49,240404,3164881700
003547,대신증권2우B,9350,9280,-70,-0.75,81819,759451630
003545,대신증권우,9920,9750,-170,-1.71,174711,1708526800
009190,대양금속,3935,4040,105,2.67,625772,2456560435
014160,대영포장,1600,1955,355,22.19,173534256,340735378345
047040,대우건설,5860,5770,-90,-1.54,6772346,39195848900
009320,대우부품,2830,2890,60,2.12,1655659,4794000430
042660,대우조선해양,28550,28400,-150,-0.53,452425,12793330900
003090,대웅,55400,62900,7500,13.54,9774664,610451719800
069620,대웅제약,168000,174000,6000,3.57,1044798,185886881500
000430,대원강업,4030,3995,-35,-0.87,652909,2657191180
006340,대원전선,1430,1380,-50,-3.5,3574667,4933503625
006345,대원전선우,2810,2725,-85,-3.02,13092,35761815
003220,대원제약,19000,18900,-100,-0.53,227975,4302782650
024890,대원화성,1750,1750,0,0.0,110862,195011595
002880,대유에이텍,864,880,16,1.85,340120,296280881
000300,대유플러스,763,765,2,0.26,472593,360676543
012800,대창,1565,1580,15,0.96,3069499,4869396740
015230,대창단조,6950,6780,-170,-2.45,52025,353345730
001070,대한방직,39750,39850,100,0.25,16216,645771500
006650,대한유화,277000,282000,5000,1.81,222648,62442109500
001440,대한전선,1375,1350,-25,-1.82,5819816,7860474125
084010,대한제강,11400,11300,-100,-0.88,160168,1801188650
001790,대한제당,20700,20400,-300,-1.45,25369,518239450
001795,대한제당우,14650,14700,50,0.34,3280,48703200
001130,대한제분,159000,159500,500,0.31,8295,1318194000
003490,대한항공,29100,29450,350,1.2,6659698,195844661700
003495,대한항공우,42600,43200,600,1.41,117395,5093452750
005880,대한해운,3365,3475,110,3.27,21271570,74699954935
003830,대한화섬,107500,105500,-2000,-1.86,918,96960000
016090,대현,1820,1830,10,0.55,120049,221043685
069460,대호에이엘,2460,2465,5,0.2,362705,890410125
192080,더블유게임즈,62400,61500,-900,-1.44,148861,9181041200
012510,더존비즈온,112500,112500,0,0.0,166816,18467286000
004830,덕성,7830,7880,50,0.64,835195,6668222550
004835,덕성우,13200,12900,-300,-2.27,44238,576740000
024900,덕양산업,2030,1970,-60,-2.96,672861,1336075085
145720,덴티움,42750,43200,450,1.05,59243,2531458350
002150,도화엔지니어링,8490,8500,10,0.12,392105,3366730550
001230,동국제강,8990,8930,-60,-0.67,1287553,11521845480
023450,동남합성,49050,48250,-800,-1.63,4109,198451750
004140,동방,3015,3915,900,29.85,12478043,47192160345
007590,동방아그로,6300,6290,-10,-0.16,6805,42887010
005960,동부건설,13800,14000,200,1.45,217005,3035553750
005965,동부건설우,23050,23000,-50,-0.22,769,17726200
026960,동서,33600,33400,-200,-0.6,477985,16110274200
002210,동성제약,13850,14200,350,2.53,2579781,36762850250
102260,동성코퍼레이션,4875,4770,-105,-2.15,497394,2373427875
005190,동성화학,15800,15800,0,0.0,20001,316908850
000640,동아쏘시오홀딩스,130500,129000,-1500,-1.15,129357,16594302000
170900,동아에스티,89000,86800,-2200,-2.47,55117,4814360600
028100,동아지질,16900,16850,-50,-0.3,101092,1694794800
282690,동아타이어,10300,10550,250,2.43,47050,496452500
001520,동양,1195,1190,-5,-0.42,824432,983356830
001527,동양2우B,12050,12300,250,2.07,6,72600
001529,동양3우B,29250,29150,-100,-0.34,20,584450
084670,동양고속,24100,24100,0,0.0,6887,165528050
002900,동양물산,1565,1625,60,3.83,7857654,12739342655
082640,동양생명,4070,4060,-10,-0.25,575334,2356999685
001525,동양우,6840,6850,10,0.15,348,2381590
008970,동양철관,1135,1155,20,1.76,1487618,1699633585
092780,동양피스톤,6340,6250,-90,-1.42,297407,1848004390
049770,동원FB,186000,184000,-2000,-1.08,19293,3536930000
018500,동원금속,816,792,-24,-2.94,565135,444311999
006040,동원산업,253500,249000,-4500,-1.78,9056,2246981000
030720,동원수산,9090,9200,110,1.21,53939,495071700
014820,동원시스템즈,40250,38950,-1300,-3.23,162278,6365273050
014825,동원시스템즈우,31250,31100,-150,-0.48,2704,83856000
163560,동일고무벨트,10800,10800,0,0.0,262102,2794049100
004890,동일산업,76900,76700,-200,-0.26,2926,222933900
002690,동일제강,2450,2510,60,2.45,94636,233866090
000020,동화약품,18100,18100,0,0.0,377078,6860414300
000150,두산,50700,50200,-500,-0.99,135595,6790265550
000157,두산2우B,64500,62500,-2000,-3.1,718,45307900
241560,두산밥캣,32600,33100,500,1.53,784630,25930227800
000155,두산우,40150,39650,-500,-1.25,15711,624410500
042670,두산인프라코어,8130,8100,-30,-0.37,2075748,16839622950
034020,두산중공업,13450,13250,-200,-1.49,3281855,43136529100
336260,두산퓨얼셀,57400,54700,-2700,-4.7,2162242,119022814500
33626K,두산퓨얼셀1우,15100,14800,-300,-1.99,138837,2049977600
33626L,두산퓨얼셀2우B,19750,19350,-400,-2.03,17128,333127800
016740,두올,3875,3935,60,1.55,1745395,6710154205
192650,드림텍,11750,11600,-150,-1.28,711526,8396857700
024090,디씨엠,11900,11900,0,0.0,8430,99750000
003160,디아이,4830,4850,20,0.41,374016,1833752755
092200,디아이씨,3310,3695,385,11.63,5294667,18513636955
013570,디와이,5140,5130,-10,-0.19,989506,5097032460
210540,디와이파워,12700,12400,-300,-2.36,139894,1750437500
007340,디티알오토모티브,27500,27950,450,1.64,121118,3434702300
026890,디피씨,8290,8340,50,0.6,643304,5341378520
115390,락앤락,10100,10150,50,0.5,286935,2910037400
032350,롯데관광개발,14900,15050,150,1.01,710302,10598657800
330590,롯데리츠,5260,5230,-30,-0.57,386702,2028235570
000400,롯데손해보험,1840,1875,35,1.9,836252,1554996585
023530,롯데쇼핑,109500,119500,10000,9.13,717104,83508648500
004000,롯데정밀화학,57400,56400,-1000,-1.74,209869,11872732200
286940,롯데정보통신,41500,41200,-300,-0.72,86231,3557669150
280360,롯데제과,107000,108500,1500,1.4,21941,2374432500
004990,롯데지주,35400,36700,1300,3.67,524677,19045391400
00499K,롯데지주우,64700,64800,100,0.15,1295,84038500
005300,롯데칠성,112500,117500,5000,4.44,145227,16885451500
005305,롯데칠성우,60500,60900,400,0.66,5950,361504900
011170,롯데케미칼,287500,313000,25500,8.87,1405533,432892963500
002270,롯데푸드,328000,332500,4500,1.37,6100,2028999000
071840,롯데하이마트,34650,35100,450,1.3,219447,7617329400
027740,마니커,680,683,3,0.44,1358380,927952894
204320,만도,79800,77400,-2400,-3.01,1700576,131132640100
001080,만호제강,19600,20500,900,4.59,131405,2678836150
088980,맥쿼리인프라,10400,10400,0,0.0,857048,8925305400
094800,맵스리얼티1,3875,3875,0,0.0,130829,506323310
138040,메리츠금융지주,9940,9790,-150,-1.51,355374,3463313600
008560,메리츠증권,3840,3810,-30,-0.78,5709240,21693617500
000060,메리츠화재,14200,14100,-100,-0.7,383200,5418859550
090370,메타랩스,985,990,5,0.51,501448,489827982
017180,명문제약,7250,7430,180,2.48,3828176,28721046640
009900,명신산업,43650,44850,1200,2.75,3222156,141828225850
012690,모나리자,4660,4625,-35,-0.75,238628,1105453530
005360,모나미,5580,5430,-150,-2.69,672041,3665802560
204210,모두투어리츠,2950,2975,25,0.85,21277,62323730
009680,모토닉,14650,13900,-750,-5.12,553760,7819614650
009580,무림PP,3820,4115,295,7.72,5023104,20481929135
009200,무림페이퍼,2650,2700,50,1.89,928517,2559552655
033920,무학,6810,6820,10,0.15,60998,411582870
008420,문배철강,3620,3695,75,2.07,2658281,10041185750
025560,미래산업,3055,3060,5,0.16,167326,514321505
007120,미래아이앤지,413,413,0,0.0,828296,341587636
006800,미래에셋대우,10500,10100,-400,-3.81,5792327,58627041770
00680K,미래에셋대우2우B,4595,4520,-75,-1.63,656008,2975392975
006805,미래에셋대우우,5090,5010,-80,-1.57,59583,299116250
357250,미래에셋맵스리츠,4700,4695,-5,-0.11,8186,38513305
085620,미래에셋생명,3955,3910,-45,-1.14,344948,1359726320
002840,미원상사,135000,131500,-3500,-2.59,4733,624337500
268280,미원에스씨,108000,108500,500,0.46,1957,212820500
107590,미원홀딩스,81600,80000,-1600,-1.96,3649,291811600
134380,미원화학,66500,64800,-1700,-2.56,4120,267517200
003650,미창석유,65500,65500,0,0.0,903,58842700
155900,바다로19호,2270,2270,0,0.0,15957,36121775
003610,방림,1935,1940,5,0.26,105812,204026630
001340,백광산업,3680,4240,560,15.22,44106895,183059771895
035150,백산,5540,5620,80,1.44,117594,656378660
002410,범양건영,5510,5610,100,1.81,842981,4698181210
096300,베트남개발1,237,237,0,0.0,503479,118618155
007210,벽산,2700,2735,35,1.3,6065577,16622474080
002760,보락,2365,2365,0,0.0,878165,2101967940
003850,보령제약,25800,23650,-2150,-8.33,17709382,475304115750
000890,보해양조,922,926,4,0.43,1640783,1518115139
003000,부광약품,26000,25150,-850,-3.27,943324,23993898500
001270,부국증권,21300,21300,0,0.0,15762,336632550
001275,부국증권우,19500,19500,0,0.0,1867,36497400
026940,부국철강,4325,4285,-40,-0.92,125741,539641435
015350,부산가스,52100,52400,300,0.58,3646,192162100
011390,부산산업,115500,116000,500,0.43,11562,1337302500
005030,부산주공,703,709,6,0.85,1189669,843101808
002070,비비안,3840,3755,-85,-2.21,659333,2510882810
100220,비상교육,6410,6500,90,1.4,15892,103039090
030790,비케이탑스,17150,17150,0,0.0,241371,4125140600
352820,빅히트,154500,153500,-1000,-0.65,202504,31077952500
005180,빙그레,57200,57100,-100,-0.17,44710,2558026700
003960,사조대림,16950,17100,150,0.88,24706,422377000
008040,사조동아원,959,963,4,0.42,477929,464745446
007160,사조산업,32450,33400,950,2.93,40867,1350371150
014710,사조씨푸드,6020,6000,-20,-0.33,313003,1875808470
006090,사조오양,9680,9790,110,1.14,70671,692132930
001470,삼부토건,4175,4110,-65,-1.56,2831725,11794601190
006400,삼성SDI,730000,745000,15000,2.05,944536,688480420000
006405,삼성SDI우,470000,478500,8500,1.81,116484,55482647000
006660,삼성공조,10200,9470,-730,-7.16,2748829,28779716590
028260,삼성물산,150500,145500,-5000,-3.32,1194252,174211369000
02826K,삼성물산우B,138500,136500,-2000,-1.44,36279,4945555500
207940,삼성바이오로직스,846000,818000,-28000,-3.31,289113,238545233000
032830,삼성생명,82000,82600,600,0.73,1308709,108410548900
018260,삼성에스디에스,209000,206000,-3000,-1.44,565322,114524104000
028050,삼성엔지니어링,14000,14050,50,0.36,3109142,43408755250
009150,삼성전기,193000,193000,0,0.0,954299,181645216000
009155,삼성전기우,106000,102500,-3500,-3.3,100218,10249348200
005930,삼성전자,91000,90600,-400,-0.44,48682416,4362546108950
005935,삼성전자우,81000,80000,-1000,-1.23,7552741,599767430400
001360,삼성제약,9800,9670,-130,-1.33,18909458,177914728960
010140,삼성중공업,7020,7000,-20,-0.28,7761685,54057479250
010145,삼성중공우,333500,336000,2500,0.75,1326,448949000
016360,삼성증권,45000,43950,-1050,-2.33,1729487,75570033700
068290,삼성출판사,22500,23100,600,2.67,50926,1166482100
029780,삼성카드,32250,32200,-50,-0.16,222909,7136032500
000810,삼성화재,184000,184500,500,0.27,175474,32257871500
000815,삼성화재우,138500,139000,500,0.36,21346,2947546000
006110,삼아알미늄,11900,11800,-100,-0.84,538680,6471512350
145990,삼양사,61500,62600,1100,1.79,115688,7224805500
145995,삼양사우,43300,43050,-250,-0.58,1027,44451300
003230,삼양식품,99500,99100,-400,-0.4,68573,6805302100
002170,삼양통상,63400,66300,2900,4.57,35715,2322573300
272550,삼양패키징,21000,20700,-300,-1.43,31814,662906800
000070,삼양홀딩스,76200,76300,100,0.13,40767,3072629100
000075,삼양홀딩스우,48800,48100,-700,-1.43,425,20432300
002810,삼영무역,13900,13900,0,0.0,26777,370042450
005680,삼영전자,10400,10750,350,3.37,123681,1298712300
003720,삼영화학,3080,3180,100,3.25,713693,2246121580
023000,삼원강재,2545,2510,-35,-1.38,104409,261821465
004380,삼익THK,11800,11600,-200,-1.69,58869,684229500
002450,삼익악기,1410,1400,-10,-0.71,509725,715420410
004440,삼일씨엔에스,11300,11500,200,1.77,140616,1605389200
000520,삼일제약,20050,20050,0,0.0,38281,768426150
009770,삼정펄프,31750,31450,-300,-0.94,3738,115744350
005500,삼진제약,26650,26500,-150,-0.56,123945,3316934100
004690,삼천리,83400,83600,200,0.24,14555,1209211400
010960,삼호개발,4205,4180,-25,-0.59,111727,468782085
004450,삼화왕관,38250,38250,0,0.0,1400,53569000
009470,삼화전기,22250,21950,-300,-1.35,112047,2468759700
011230,삼화전자,3905,3845,-60,-1.54,163539,623269070
001820,삼화콘덴서,75000,73900,-1100,-1.47,520837,38259126800
000390,삼화페인트,13300,12650,-650,-4.89,1116611,14656393750
001290,상상인증권,1200,1150,-50,-4.17,372275,431281160
041650,상신브레이크,3625,3575,-50,-1.38,324126,1172151450
075180,새론오토모티브,6060,6160,100,1.65,15726,95752220
007540,샘표,48850,48550,-300,-0.61,9377,456025500
248170,샘표식품,55500,54400,-1100,-1.98,25995,1420835300
007860,서연,9550,9590,40,0.42,481755,4655979430
200880,서연이화,7910,7790,-120,-1.52,795415,6309425530
017390,서울가스,90000,90300,300,0.33,1716,153878900
004410,서울식품,214,214,0,0.0,27083100,5791721309
004415,서울식품우,4890,4965,75,1.53,28055,138652845
021050,서원,2675,2510,-165,-6.17,1824449,4609906485
008490,서흥,49150,49250,100,0.2,74201,3642341200
007610,선도전기,3270,3300,30,0.92,861687,2888239110
136490,선진,12650,13550,900,7.11,359674,4686904850
002820,선창산업,4480,4545,65,1.45,19701,87900910
014910,성문전자,1930,1915,-15,-0.78,200168,384866190
014915,성문전자우,8070,8050,-20,-0.25,3385,27293260
003080,성보화학,4255,4300,45,1.06,6822,29300415
004980,성신양회,7460,7560,100,1.34,239012,1813437250
004985,성신양회우,11100,11250,150,1.35,7453,83931000
011300,성안,394,387,-7,-1.78,564943,216829226
000180,성창기업지주,2190,2135,-55,-2.51,568400,1222539645
002420,세기상사,61600,61600,0,0.0,0,0
004360,세방,14900,16000,1100,7.38,2885449,44350661300
004365,세방우,7760,7770,10,0.13,16057,122316950
004490,세방전지,86600,81500,-5100,-5.89,322303,25967927400
001430,세아베스틸,11650,11900,250,2.15,452466,5352309000
306200,세아제강,99600,96800,-2800,-2.81,18024,1766661700
003030,세아제강지주,46650,46600,-50,-0.11,14173,658715650
019440,세아특수강,11300,11150,-150,-1.33,47786,537086450
058650,세아홀딩스,77000,75800,-1200,-1.56,1764,133713500
013000,세우글로벌,2905,2915,10,0.34,853608,2478004520
091090,세원셀론텍,3010,2980,-30,-1.0,692348,2071214560
021820,세원정공,8090,8090,0,0.0,0,0
067830,세이브존IC,3075,3190,115,3.74,511046,1606890055
033530,세종공업,10300,10500,200,1.94,2571041,27037157220
075580,세진중공업,6430,6330,-100,-1.56,536830,3400416150
027970,세하,1800,1850,50,2.78,2735199,5065210695
145210,세화아이엠씨,556,560,4,0.72,1322082,735765709
308170,센트랄모텍,28600,37150,8550,29.9,12534409,425517336500
012600,센트럴인사이트,9800,9850,50,0.51,186518,1833496890
068270,셀트리온,374000,384000,10000,2.67,2475166,940013273000
336370,솔루스첨단소재,53300,53800,500,0.94,835571,44451501400
33637K,솔루스첨단소재1우,16850,16750,-100,-0.59,59693,1001929400
33637L,솔루스첨단소재2우B,32750,32300,-450,-1.37,6272,204463500
004430,송원산업,16400,16600,200,1.22,436048,7216289450
017550,수산중공업,3440,3185,-255,-7.41,3976864,12951432210
053210,스카이라이프,8710,8710,0,0.0,168815,1467464860
134790,시디즈,56300,54900,-1400,-2.49,6157,338419500
016590,신대양제지,63400,64700,1300,2.05,70553,4626744000
029530,신도리코,26200,25700,-500,-1.91,25508,657938100
004970,신라교역,9340,9590,250,2.68,75002,712806060
011930,신성이엔지,3565,3515,-50,-1.4,6730346,23869484115
005390,신성통상,1675,1645,-30,-1.79,940483,1558748075
004170,신세계,243000,255000,12000,4.94,379558,95178835500
035510,신세계IC,133000,130500,-2500,-1.88,10770,1409133000
034300,신세계건설,30950,37200,6250,20.19,1116187,40339856700
031430,신세계인터내셔날,162000,168000,6000,3.7,164825,27412886500
031440,신세계푸드,64700,65500,800,1.24,28410,1841724200
006880,신송홀딩스,4040,4000,-40,-0.99,39010,155549350
005800,신영와코루,100500,98900,-1600,-1.59,730,72595300
001720,신영증권,54700,54700,0,0.0,10257,557415200
001725,신영증권우,52200,52300,100,0.19,6288,331773800
009270,신원,1440,1450,10,0.69,389600,562893350
009275,신원우,37400,37350,-50,-0.13,224,8377800
002700,신일전자,1885,1915,30,1.59,1404818,2664420180
019170,신풍제약,120000,118500,-1500,-1.25,1209711,145515969500
019175,신풍제약우,118500,118000,-500,-0.42,26849,3205513000
002870,신풍제지,2940,3110,170,5.78,8579655,27057880660
293940,신한알파리츠,7030,7010,-20,-0.28,99533,698057410
055550,신한지주,32900,33100,200,0.61,5467907,181444826850
001770,신화실업,21400,21100,-300,-1.4,18492,393919450
004080,신흥,10700,10550,-150,-1.4,9689,103497200
102280,쌍방울,605,605,0,0.0,1819768,1101292070
003410,쌍용양회,6570,6600,30,0.46,1445646,9521046800
003620,쌍용차,2770,2770,0,0.0,0,0
004770,써니전자,4930,4865,-65,-1.32,2818108,13757729535
015540,쎌마테라퓨틱스,6200,6030,-170,-2.74,781213,4815911670
004920,씨아이테크,878,873,-5,-0.57,53849,46951850
112610,씨에스윈드,171500,167500,-4000,-2.33,372320,61328735000
008700,아남전자,3100,3050,-50,-1.61,2628538,8047136820
002790,아모레G,56100,58200,2100,3.74,401398,23046767200
00279K,아모레G3우전환,36850,37550,700,1.9,25891,960385950
002795,아모레G우,20300,20300,0,0.0,52976,1079706300
090430,아모레퍼시픽,196000,203000,7000,3.57,518390,104337841000
090435,아모레퍼시픽우,59700,60300,600,1.01,69628,4203355500
002030,아세아,92400,90600,-1800,-1.95,8392,760791600
183190,아세아시멘트,81100,79200,-1900,-2.34,24789,1953198500
002310,아세아제지,40200,41300,1100,2.74,246880,10327295250
267850,아시아나IDT,24550,25600,1050,4.28,295974,7560809000
020560,아시아나항공,4210,4210,0,0.0,0,0
122900,아이마켓코리아,8160,8200,40,0.49,116649,960746170
010780,아이에스동서,54300,53700,-600,-1.1,154916,8284265600
033660,아주캐피탈,11550,11550,0,0.0,66095,758698950
001780,알루코,5130,5180,50,0.97,9221294,47817525570
018250,애경산업,24200,24400,200,0.83,146769,3535154950
161000,애경유화,8980,9020,40,0.45,189573,1726321410
011090,에넥스,1735,1660,-75,-4.32,48012217,83005034710
005850,에스엘,19000,19000,0,0.0,662836,12668845350
012750,에스원,88000,87400,-600,-0.68,97582,8514851100
023960,에쓰씨엔지니어링,7400,7270,-130,-1.76,727118,5342264000
298690,에어부산,3350,3465,115,3.43,1399151,4808467195
140910,에이리츠,6840,6800,-40,-0.58,13534,92155590
078520,에이블씨엔씨,7160,7400,240,3.35,109330,805838400
015260,에이엔피,1580,1600,20,1.27,524091,823785540
007460,에이프로젠KIC,2000,1955,-45,-2.25,7239401,14191195225
003060,에이프로젠제약,1250,1250,0,0.0,2108024,2624521765
244920,에이플러스에셋,5370,5360,-10,-0.19,125829,672763920
036570,엔씨소프트,978000,947000,-31000,-3.17,192743,181800574372
138250,엔에스쇼핑,13050,13600,550,4.21,164556,2215776800
085310,엔케이,1135,1145,10,0.88,671838,769698100
009810,엔케이물산,513,535,22,4.29,2462754,1299200838
900140,엘브이엠씨홀딩스,4340,4300,-40,-0.92,1991018,8494151645
014440,영보화학,3780,3800,20,0.53,58131,218875870
111770,영원무역,32100,33350,1250,3.89,408625,13506883000
009970,영원무역홀딩스,37750,37750,0,0.0,19248,729127250
003520,영진약품,7520,7460,-60,-0.8,1718351,12906936280
000670,영풍,542000,534000,-8000,-1.48,3143,1682283000
006740,영풍제지,5720,6150,430,7.52,3870461,24497962230
012280,영화금속,2360,2400,40,1.69,1278652,3030862000
012160,영흥,1155,1160,5,0.43,363819,421137260
015360,예스코홀딩스,34400,34900,500,1.45,5702,197248950
007310,오뚜기,572000,572000,0,0.0,9241,5260864000
002630,오리엔트바이오,1400,1450,50,3.57,6778492,9891852220
271560,오리온,122500,120500,-2000,-1.63,144537,17478347500
001800,오리온홀딩스,13250,13050,-200,-1.51,271905,3576455750
070960,용평리조트,4180,4270,90,2.15,186270,784991280
316140,우리금융지주,9720,9720,0,0.0,2818731,27419858460
004720,우리들제약,10350,10300,-50,-0.48,216077,2238413900
118000,우리들휴브레인,2585,2610,25,0.97,631838,1655165730
010050,우리종금,534,532,-2,-0.37,2688505,1430793228
006980,우성사료,3125,3165,40,1.28,435565,1374457895
017370,우신시스템,3595,3635,40,1.11,335203,1218184190
105840,우진,4300,4240,-60,-1.4,95828,409264900
010400,우진아이엔에스,7870,7810,-60,-0.76,12031,94473090
049800,우진플라임,5990,5980,-10,-0.17,50549,298911550
016880,웅진,1060,1060,0,0.0,110197,116551105
095720,웅진씽크빅,2665,2685,20,0.75,507710,1362983995
005820,원림,19500,19650,150,0.77,1500,29263350
010600,웰바이오텍,2500,2515,15,0.6,424890,1059158035
008600,윌비스,1400,1405,5,0.36,1092287,1536760975
033270,유나이티드제약,56400,54500,-1900,-3.37,651300,36004993100
014830,유니드,48100,48350,250,0.52,51517,2487337850
000910,유니온,5610,5590,-20,-0.36,211228,1178131940
047400,유니온머티리얼,3750,3695,-55,-1.47,925758,3440302940
011330,유니켐,1485,1500,15,1.01,972641,1452207895
077500,유니퀘스트,16150,15150,-1000,-6.19,1303343,19998232800
002920,유성기업,2960,3020,60,2.03,335121,1016326705
000700,유수홀딩스,5550,5560,10,0.18,37946,213473430
003470,유안타증권,3600,3485,-115,-3.19,1422781,4980125845
003475,유안타증권우,2615,2550,-65,-2.49,109641,282271500
011690,유양디앤유,1220,1220,0,0.0,0,0
072130,유엔젤,4020,3960,-60,-1.49,184349,723535835
000220,유유제약,13750,13650,-100,-0.73,68020,932112100
000225,유유제약1우,12750,12450,-300,-2.35,14250,178017750
000227,유유제약2우B,29550,28300,-1250,-4.23,821,23710300
001200,유진투자증권,4525,4415,-110,-2.43,1840762,8104539515
000100,유한양행,73300,72600,-700,-0.95,687354,49580860700
000105,유한양행우,66700,66900,200,0.3,6468,429385700
003460,유화증권,2350,2350,0,0.0,41489,96673200
003465,유화증권우,2440,2430,-10,-0.41,3531,8591390
008730,율촌화학,23500,23050,-450,-1.91,304841,6925924400
008250,이건산업,10350,10250,-100,-0.97,278248,2853864900
025820,이구산업,1985,1985,0,0.0,295596,588981245
214320,이노션,68100,65600,-2500,-3.67,133028,8725335700
088260,이리츠코크렙,5270,5250,-20,-0.38,63862,336495750
139480,이마트,173500,183000,9500,5.48,1152248,210483901000
007660,이수페타시스,3760,3790,30,0.8,453748,1716811735
005950,이수화학,15150,14750,-400,-2.64,1326711,19684036500
015020,이스타코,705,720,15,2.13,515989,365570896
093230,이아이디,295,288,-7,-2.37,23200457,6782743968
074610,이엔플러스,3785,3700,-85,-2.25,533593,1992987095
102460,이연제약,20450,20250,-200,-0.98,105126,2142677050
084680,이월드,3370,3295,-75,-2.23,899376,2956022085
350520,이지스레지던스리츠,4850,4835,-15,-0.31,54499,263664110
334890,이지스밸류리츠,4700,4680,-20,-0.43,75000,351938190
000760,이화산업,15450,15100,-350,-2.27,2422,36933850
014990,인디에프,1520,1495,-25,-1.64,216215,325923670
101140,인바이오젠,4510,4295,-215,-4.77,1908521,8299867445
006490,인스코비,2195,2150,-45,-2.05,549552,1185462565
023800,인지컨트롤스,19550,20350,800,4.09,1092637,21827732450
034590,인천도시가스,24900,24750,-150,-0.6,5823,144057500
129260,인터지스,4035,3950,-85,-2.11,428601,1719252255
023810,인팩,7140,7150,10,0.14,118150,872288180
249420,일동제약,18900,19700,800,4.23,384503,7481407550
000230,일동홀딩스,14250,14550,300,2.11,73552,1063793000
013360,일성건설,1385,1415,30,2.17,17895876,27159151165
003120,일성신약,80900,81500,600,0.74,5518,444649500
003200,일신방직,84800,85900,1100,1.3,12307,1039228600
007110,일신석재,1910,1930,20,1.05,977985,1887019615
007570,일양약품,59700,59000,-700,-1.17,245336,14625192900
007575,일양약품우,68500,67600,-900,-1.31,3655,250427300
008500,일정실업,17900,18300,400,2.23,3678,66866500
081000,일진다이아,50100,49300,-800,-1.6,174746,8639905850
020760,일진디스플,6080,6040,-40,-0.66,271780,1652817750
020150,일진머티리얼즈,58600,58800,200,0.34,739195,43055145000
103590,일진전기,3250,3270,20,0.62,165733,541575525
015860,일진홀딩스,5680,5930,250,4.4,1529865,8936551020
226320,잇츠한불,24600,25400,800,3.25,80137,2013547200
317400,자이에스앤디,14100,13800,-300,-2.13,364465,5034195250
033240,자화전자,21200,21150,-50,-0.24,210082,4420680900
000950,전방,31550,31800,250,0.79,7501,236534150
348950,제이알글로벌리츠,5040,5060,20,0.4,242921,1220461825
194370,제이에스코퍼레이션,7260,7200,-60,-0.83,20321,146720270
025620,제이준코스메틱,2220,2230,10,0.45,162852,361825545
036420,제이콘텐트리,38050,40700,2650,6.96,510068,20297982400
030000,제일기획,20450,20600,150,0.73,578233,11808058180
271980,제일약품,57000,55800,-1200,-2.11,134368,7598008300
001560,제일연마,7180,7130,-50,-0.7,11322,80148710
002620,제일파마홀딩스,20250,20100,-150,-0.74,17903,357926650
006220,제주은행,3725,4190,465,12.48,2843518,11933787065
089590,제주항공,18650,18750,100,0.54,465110,8698464100
004910,조광페인트,6370,6370,0,0.0,92870,598316100
004700,조광피혁,62200,60400,-1800,-2.89,4284,260096400
001550,조비,19050,19000,-50,-0.26,26776,509247650
000480,조선내화,83300,82000,-1300,-1.56,3379,277986700
120030,조선선재,111500,110500,-1000,-0.9,19623,2225472000
018470,조일알미늄,560,587,27,4.82,1255509,729683545
002600,조흥,175000,171500,-3500,-2.0,281,48257500
185750,종근당,209500,203000,-6500,-3.1,202403,41736766000
063160,종근당바이오,76000,77600,1600,2.11,249967,19332832800
001630,종근당홀딩스,118000,120000,2000,1.69,51098,6092503500
044380,주연테크,1045,1055,10,0.96,472736,494491820
013890,지누스,99500,102000,2500,2.51,107795,10901173200
013870,지엠비코리아,8200,8150,-50,-0.61,354720,2885746570
071320,지역난방공사,39350,39150,-200,-0.51,27395,1073900700
010580,지코,306,306,0,0.0,0,0
035000,지투알,5540,5580,40,0.72,27672,154850700
088790,진도,4175,4220,45,1.08,175355,752406805
003780,진양산업,4760,4865,105,2.21,822060,4007481895
010640,진양폴리,3650,3670,20,0.55,122265,449189830
100250,진양홀딩스,2740,2750,10,0.36,92417,253257475
051630,진양화학,4950,4855,-95,-1.92,475907,2292472920
272450,진에어,16000,15900,-100,-0.63,447698,7061008400
011000,진원생명과학,20700,20100,-600,-2.9,1000839,20090041300
002780,진흥기업,2705,2835,130,4.81,402245,1118936460
002787,진흥기업2우B,11600,11650,50,0.43,2772,32178900
002785,진흥기업우B,6260,6200,-60,-0.96,2045,12686650
009310,참엔지니어링,1405,1390,-15,-1.07,320680,444226375
000650,천일고속,66900,67300,400,0.6,1907,127940500
033250,체시스,2020,1995,-25,-1.24,465603,928871820
035720,카카오,453000,457500,4500,0.99,1577872,706469033000
006380,카프로,3860,3880,20,0.52,306328,1187545665
109070,컨버즈,4100,4100,0,0.0,0,0
001620,케이비아이동국실업,718,712,-6,-0.84,105607,74728073
029460,케이씨,27250,28200,950,3.49,342327,9728999400
344820,케이씨씨글라스,36750,37000,250,0.68,185676,6777341200
281820,케이씨텍,29350,29750,400,1.36,384348,11474311150
145270,케이탑리츠,1150,1120,-30,-2.61,319514,359331925
357120,코람코에너지리츠,4800,4770,-30,-0.63,103163,492897910
007815,코리아써우,7420,7620,200,2.7,11942,87094810
007810,코리아써키트,14400,14900,500,3.47,1080464,16066164350
00781K,코리아써키트2우B,7280,7320,40,0.55,630,4560680
003690,코리안리,7630,7610,-20,-0.26,683498,5202873190
192820,코스맥스,93600,93500,-100,-0.11,97340,9080074700
044820,코스맥스비티아이,16900,17000,100,0.59,34119,576076150
005070,코스모신소재,20050,20600,550,2.74,1860162,37860047750
005420,코스모화학,13100,12900,-200,-1.53,1052096,13568875050
071950,코아스,1085,1105,20,1.84,319934,351926955
002020,코오롱,22950,22800,-150,-0.65,139177,3189355400
003070,코오롱글로벌,18350,18700,350,1.91,145469,2726742200
003075,코오롱글로벌우,28250,28450,200,0.71,3127,89639550
144620,코오롱머티리얼,3820,3860,40,1.05,1038684,3978980530
002025,코오롱우,15050,14800,-250,-1.66,7147,105649750
120110,코오롱인더,42300,42350,50,0.12,359172,15191637400
120115,코오롱인더우,23050,22950,-100,-0.43,22627,522461200
138490,코오롱플라스틱,4610,4755,145,3.15,487917,2342773750
021240,코웨이,72500,72100,-400,-0.55,351291,25119829300
031820,콤텍시스템,1470,1470,0,0.0,1338177,1972397485
192400,쿠쿠홀딩스,96000,96300,300,0.31,9459,901816800
284740,쿠쿠홈시스,37650,37350,-300,-0.8,83099,3105888450
015590,큐로,650,635,-15,-2.31,1855192,1187787699
264900,크라운제과,8830,8780,-50,-0.57,6098,53644370
26490K,크라운제과우,9680,9600,-80,-0.83,9893,94710900
005740,크라운해태홀딩스,8610,8660,50,0.58,14732,127528880
005745,크라운해태홀딩스우,12250,11900,-350,-2.86,9967,119542700
020120,키다리스튜디오,9440,9480,40,0.42,63067,598456930
039490,키움증권,162000,155500,-6500,-4.01,428191,66870920500
012170,키위미디어그룹,1485,1485,0,0.0,0,0
014580,태경비케이,4015,4195,180,4.48,1727644,7305070450
015890,태경산업,5690,5670,-20,-0.35,34600,196481810
006890,태경케미컬,13900,14350,450,3.24,1731546,25471670800
003240,태광산업,837000,827000,-10000,-1.19,3200,2632863000
011280,태림포장,5420,5610,190,3.51,4041884,23140233220
004100,태양금속,1120,1145,25,2.23,158882,180582930
004105,태양금속우,2800,2795,-5,-0.18,8447,23747475
009410,태영건설,12450,12600,150,1.2,418110,5240320800
009415,태영건설우,12500,12650,150,1.2,28229,354740400
001420,태원물산,4200,4245,45,1.07,60679,257178390
007980,태평양물산,1975,1960,-15,-0.76,521121,1018635190
055490,테이팩스,38000,37400,-600,-1.58,82710,3057362350
078000,텔코웨어,11750,11800,50,0.43,11886,140918250
214420,토니모리,8300,8510,210,2.53,44902,377127980
019180,티에이치엔,3810,3480,-330,-8.66,2164473,7674498245
363280,티와이홀딩스,28150,28300,150,0.53,243871,6882700150
36328K,티와이홀딩스우,25300,25300,0,0.0,20208,508791350
091810,티웨이항공,2590,2605,15,0.58,972414,2516214865
004870,티웨이홀딩스,1040,1055,15,1.44,289867,304271930
005690,파미셀,16450,16100,-350,-2.13,902417,14677573500
036580,팜스코,6690,6560,-130,-1.94,211693,1366617460
028670,팬오션,4920,4860,-60,-1.22,5345372,26375836655
010820,퍼스텍,2280,2190,-90,-3.95,1304637,2859428365
016800,퍼시스,28950,28950,0,0.0,2829,81007150
001020,페이퍼코리아,2625,2590,-35,-1.33,1608332,4368170355
090080,평화산업,1200,1205,5,0.42,228239,273644200
010770,평화홀딩스,3900,3800,-100,-2.56,54415,204954980
058430,포스코강판,18000,17700,-300,-1.67,67086,1187926100
047050,포스코인터내셔널,15150,15100,-50,-0.33,1101763,16577712700
003670,포스코케미칼,127500,127500,0,0.0,641264,80106219500
007630,폴루스바이오팜,1225,1225,0,0.0,0,0
017810,풀무원,17850,17950,100,0.56,140617,2501482700
103140,풍산,30200,29750,-450,-1.49,464460,13672158800
005810,풍산홀딩스,30550,30150,-400,-1.31,34428,1030954200
033180,필룩스,3725,3790,65,1.74,4246188,16408715385
086790,하나금융지주,37700,39150,1450,3.85,4060491,157421971800
293480,하나제약,24900,24800,-100,-0.4,99162,2472030700
039130,하나투어,57000,59200,2200,3.86,574095,33706896200
172580,하이골드12호,1930,1920,-10,-0.52,21853,42142950
153360,하이골드3호,1210,1190,-20,-1.65,16882,20203755
071090,하이스틸,19000,18750,-250,-1.32,13045,243231900
019490,하이트론,4600,4900,300,6.52,492558,2402634850
000080,하이트진로,34050,35200,1150,3.38,1059524,36843527300
000087,하이트진로2우B,20600,20800,200,0.97,3316,68412050
000140,하이트진로홀딩스,15350,15550,200,1.3,42959,664715300
000145,하이트진로홀딩스우,14300,14450,150,1.05,462,6587900
152550,한국ANKOR유전,1635,1635,0,0.0,36952,60342210
036460,한국가스공사,30950,32700,1750,5.65,2376805,77315254800
005430,한국공항,38550,38700,150,0.39,27685,1076325600
071050,한국금융지주,88800,85500,-3300,-3.72,1065789,90777015600
071055,한국금융지주우,65900,64600,-1300,-1.97,83660,5372372100
010040,한국내화,3970,4150,180,4.53,435531,1772373130
025540,한국단자,68000,65600,-2400,-3.53,97747,6430256200
004090,한국석유,97000,98200,1200,1.24,2777,271576300
002200,한국수출포장,22900,23200,300,1.31,79220,1844947550
002960,한국쉘석유,248500,247500,-1000,-0.4,5133,1263437000
123890,한국자산신탁,3915,3880,-35,-0.89,492025,1903298175
015760,한국전력,26350,26200,-150,-0.57,8024674,212413600350
006200,한국전자홀딩스,927,911,-16,-1.73,1423849,1334497465
009540,한국조선해양,115000,116000,1000,0.87,527749,60577747500
023350,한국종합기술,5270,5440,170,3.23,449348,2406945100
025890,한국주강,1550,1555,5,0.32,49799,76697095
000970,한국주철관,8230,8280,50,0.61,53620,441803900
104700,한국철강,6900,6980,80,1.16,531835,3707293900
017960,한국카본,13500,13250,-250,-1.85,673566,8950974650
161890,한국콜마,50300,51000,700,1.39,408155,20588623300
024720,한국콜마홀딩스,26000,26200,200,0.77,111336,2915704750
161390,한국타이어앤테크놀로지,38600,38750,150,0.39,605018,23288048050
000240,한국테크놀로지그룹,14750,14500,-250,-1.69,375705,5440974550
034830,한국토지신탁,1990,2030,40,2.01,1610030,3250018490
007280,한국특수형강,1800,1795,-5,-0.28,278061,494160470
168490,한국패러랠,1905,1895,-10,-0.52,51604,97938640
010100,한국프랜지,3600,3600,0,0.0,1072406,3932070125
047810,한국항공우주,27200,27100,-100,-0.37,922066,24926540250
123690,한국화장품,12200,12250,50,0.41,101670,1241391500
003350,한국화장품제조,35550,35900,350,0.98,14109,504421450
011500,한농화성,9950,9870,-80,-0.8,264615,2619588140
002390,한독,31100,31600,500,1.61,95875,3028736950
014790,한라,4950,4950,0,0.0,230010,1140782965
060980,한라홀딩스,45150,43850,-1300,-2.88,153975,6759820550
053690,한미글로벌,10450,10250,-200,-1.91,252648,2593585850
042700,한미반도체,17200,17400,200,1.16,663319,11568919100
008930,한미사이언스,81900,78300,-3600,-4.4,447200,35504922700
128940,한미약품,369500,360000,-9500,-2.57,118769,43027773000
009240,한샘,102500,102500,0,0.0,110972,11331217000
020000,한섬,30000,30750,750,2.5,195066,5980826000
003680,한성기업,8380,8390,10,0.12,37880,318512920
105630,한세실업,15150,15300,150,0.99,302294,4593750450
069640,한세엠케이,3300,3285,-15,-0.45,15395,50693475
016450,한세예스24홀딩스,7190,7190,0,0.0,77906,560055970
010420,한솔PNS,1805,1790,-15,-0.83,269154,491551405
009180,한솔로지스틱스,2810,2845,35,1.25,2087247,6049549110
213500,한솔제지,13350,13450,100,0.75,191720,2568844400
014680,한솔케미칼,185500,189000,3500,1.89,116124,21582430500
004710,한솔테크닉스,9880,10100,220,2.23,808001,8032389290
004150,한솔홀딩스,3750,3700,-50,-1.33,319466,1189673700
025750,한솔홈데코,2220,2260,40,1.8,9473402,21591517480
004960,한신공영,19200,18950,-250,-1.3,66215,1248723200
011700,한신기계,1605,1605,0,0.0,173085,276136870
001750,한양증권,9690,9670,-20,-0.21,122235,1177629870
001755,한양증권우,16400,16250,-150,-0.91,2227,36888950
018880,한온시스템,17600,17600,0,0.0,3664774,64928889700
009420,한올바이오파마,35750,36550,800,2.24,408816,14699406100
014130,한익스프레스,6880,7060,180,2.62,4133294,30915721430
300720,한일시멘트,109000,108000,-1000,-0.92,16434,1765413000
002220,한일철강,2020,2025,5,0.25,80486,161791890
006390,한일현대시멘트,30300,30200,-100,-0.33,44169,1334408700
003300,한일홀딩스,10450,10450,0,0.0,67672,701114350
051600,한전KPS,28250,28250,0,0.0,262549,7420281600
052690,한전기술,17750,17400,-350,-1.97,185496,3244528300
130660,한전산업,4450,4355,-95,-2.13,284426,1250411445
002320,한진,48400,47800,-600,-1.24,158431,7541824050
097230,한진중공업,6900,6950,50,0.72,125083,862043230
003480,한진중공업홀딩스,4525,4465,-60,-1.33,146890,653989885
180640,한진칼,67700,68100,400,0.59,281613,18994754900
18064K,한진칼우,47700,47650,-50,-0.1,6122,291348150
005110,한창,1625,1700,75,4.62,10280043,17022939560
009460,한창제지,2215,2270,55,2.48,3247669,7496389940
000880,한화,30300,29450,-850,-2.81,734343,21815008750
00088K,한화3우B,13850,13600,-250,-1.81,129298,1759367950
088350,한화생명,3220,3085,-135,-4.19,16008777,50521793800
000370,한화손해보험,3735,3595,-140,-3.75,1172857,4263089665
009830,한화솔루션,56800,53700,-3100,-5.46,5750071,311808690800
009835,한화솔루션우,69100,65600,-3500,-5.07,45674,3033552700
272210,한화시스템,17750,17850,100,0.56,1592036,28515211800
012450,한화에어로스페이스,31800,33550,1750,5.5,2251689,73545265250
000885,한화우,44600,44100,-500,-1.12,1831,81202600
003530,한화투자증권,3120,3020,-100,-3.21,5833244,17626364955
003535,한화투자증권우,3800,3680,-120,-3.16,121219,446221640
195870,해성디에스,30000,28150,-1850,-6.17,775805,22195741200
101530,해태제과식품,8020,8030,10,0.12,34044,273228510
143210,핸즈코퍼레이션,8560,8700,140,1.64,203502,1737015650
000720,현대건설,44100,45600,1500,3.4,4678743,211635045200
267270,현대건설기계,38300,36700,-1600,-4.18,307791,11371737150
000725,현대건설우,182500,182000,-500,-0.27,1100,203322500
005440,현대그린푸드,8910,9080,170,1.91,1230221,11084023270
086280,현대글로비스,193500,187000,-6500,-3.36,478245,89894032500
064350,현대로템,21000,21100,100,0.48,4481709,94324652500
079430,현대리바트,16950,16800,-150,-0.88,281538,4711667350
012330,현대모비스,352500,332000,-20500,-5.82,1874045,628479449000
010620,현대미포조선,52000,52000,0,0.0,409634,21061572000
069960,현대백화점,77700,80400,2700,3.47,538602,42761409400
004560,현대비앤지스틸,11650,11500,-150,-1.29,261788,3061201350
004565,현대비앤지스틸우,67800,67900,100,0.15,613,41661400
011760,현대상사,17700,17500,-200,-1.13,134413,2347253100
004310,현대약품,8280,8540,260,3.14,10774256,94634931610
322000,현대에너지솔루션,42200,40950,-1250,-2.96,301016,12316881600
017800,현대엘리베이,42150,43400,1250,2.97,865672,37445871300
307950,현대오토에버,135500,132000,-3500,-2.58,242658,31688382500
011210,현대위아,84300,81800,-2500,-2.97,553523,45251901700
267260,현대일렉트릭,19150,18950,-200,-1.04,552267,10380190050
004020,현대제철,45550,44400,-1150,-2.52,1965550,87285055700
267250,현대중공업지주,276500,271000,-5500,-1.99,99977,27164657500
005380,현대차,267500,261000,-6500,-2.43,8040182,2106294704000
005387,현대차2우B,115000,112500,-2500,-2.17,659867,74571294500
005389,현대차3우B,111500,108500,-3000,-2.69,117126,12699055000
005385,현대차우,121000,124500,3500,2.89,1631033,202101915500
001500,현대차증권,15600,14750,-850,-5.45,971044,14637302600
227840,현대코퍼레이션홀딩스,11200,10950,-250,-2.23,45550,501621350
126560,현대퓨처넷,3660,3610,-50,-1.37,368952,1341431460
001450,현대해상,22500,22350,-150,-0.67,663151,14808672150
057050,현대홈쇼핑,78700,80700,2000,2.54,74557,5969342000
093240,형지엘리트,4275,4365,90,2.11,7849256,34925237315
003010,혜인,5070,5140,70,1.38,83929,428728210
111110,호전실업,9230,9340,110,1.19,104746,974132610
008770,호텔신라,81800,85000,3200,3.91,2121881,179107050300
008775,호텔신라우,83900,86000,2100,2.5,59445,5079334200
002460,화성산업,12300,12200,-100,-0.81,111922,1365189850
013520,화승알앤에이,2480,2505,25,1.01,471003,1176582970
241590,화승엔터프라이즈,12750,13550,800,6.27,708879,9482874300
006060,화승인더,6850,6870,20,0.29,432690,2967942970
010690,화신,3720,3640,-80,-2.15,585848,2127649750
133820,화인베스틸,2715,2705,-10,-0.37,394628,1069250800
010660,화천기계,2560,2535,-25,-0.98,147733,376201190
000850,화천기공,32800,32800,0,0.0,5242,171508300
016580,환인제약,17300,17450,150,0.87,697479,12379885050
032560,황금에스티,8600,8580,-20,-0.23,187516,1605270530
004800,효성,77600,75900,-1700,-2.19,233576,17816015500
094280,효성ITX,21000,20950,-50,-0.24,38047,796723450
298040,효성중공업,67700,66100,-1600,-2.36,212571,13971089500
298050,효성첨단소재,156000,155000,-1000,-0.64,82380,12755492500
298020,효성티앤씨,215000,214500,-500,-0.23,31579,6723086500
298000,효성화학,177000,178500,1500,0.85,47850,8499856500
093370,후성,11600,11950,350,3.02,3507860,41799942250
081660,휠라홀딩스,45850,47500,1650,3.6,859013,39705398500
005870,휴니드,6020,5980,-40,-0.66,310516,1851659820
079980,휴비스,8000,7990,-10,-0.13,193429,1535736580
005010,휴스틸,7320,7270,-50,-0.68,29887,216908750
069260,휴켐스,24850,24800,-50,-0.2,228872,5643643650
000540,흥국화재,2970,2950,-20,-0.67,101162,302205570
000547,흥국화재2우B,19500,19900,400,2.05,1656,32145350
000545,흥국화재우,7300,7750,450,6.16,15886,120654110
003280,흥아해운,258,258,0,0.0,0,0
