티커,종목명,시가,종가,변동폭,등락률,거래량,거래대금
095570,AJ네트웍스,5120,5010,-110,-2.15,145663,730382785
006840,AK홀딩스,19500,19450,-50,-0.26,19604,378017950
027410,BGF,5250,5170,-80,-1.52,136284,702499070
282330,BGF리테일,140000,139000,-1000,-0.71,23350,3216866500
138930,BNK금융지주,8560,8830,270,3.15,2162291,18924146590
001460,BYC,513000,505000,-8000,-1.56,832,419642500
001465,BYC우,198000,197500,-500,-0.25,58,11472500
001040,CJ,81900,81500,-400,-0.49,34854,2827119800
079160,CJCGV,24400,24150,-250,-1.02,110068,2650514400
00104K,CJ4우전환,71000,70400,-600,-0.85,5631,394234200
000120,CJ대한통운,127500,126000,-1500,-1.18,26951,3387217000
011150,CJ씨푸드,3875,3810,-65,-1.68,137086,523634205
011155,CJ씨푸드1우,36950,36100,-850,-2.3,389,13941150
001045,CJ우,49450,49050,-400,-0.81,5547,271406450
097950,CJ제일제당,380500,385000,4500,1.18,36588,14055580500
097955,CJ제일제당우,174500,174500,0,0.0,3015,523127500
000590,CS홀딩스,65000,65800,800,1.23,2372,154815200
012030,DB,970,965,-5,-0.52,314626,302816696
016610,DB금융투자,6620,6670,50,0.76,117789,780850340
005830,DB손해보험,60600,64400,3800,6.27,386257,24669531200
000990,DB하이텍,77900,78000,100,0.13,954264,74589728600
000995,DB하이텍1우,103000,99700,-3300,-3.2,525,52506900
139130,DGB금융지주,9490,9730,240,2.53,812413,7837916930
001530,DI동일,267000,262000,-5000,-1.87,6183,1614685500
000210,DL,66200,66100,-100,-0.15,68614,4560208900
001880,DL건설,29200,31150,1950,6.68,188304,5753621450
000215,DL우,38000,38250,250,0.66,872,33279100
375500,DL이앤씨,132000,133000,1000,0.76,129102,17056126000
37550K,DL이앤씨우,71500,70700,-800,-1.12,5908,419554700
004840,DRB동일,5320,5220,-100,-1.88,60348,314590440
155660,DSR,5950,5780,-170,-2.86,83653,484082270
069730,DSR제강,4940,4855,-85,-1.72,84226,411776480
017940,E1,48000,47900,-100,-0.21,5501,263286450
365550,ESR켄달스퀘어리츠,6320,6210,-110,-1.74,347680,2164424750
383220,FF,908000,866000,-42000,-4.63,49388,42708432000
007700,FF홀딩스,32800,32050,-750,-2.29,57911,1854928900
114090,GKL,13250,13250,0,0.0,151793,1992374300
078930,GS,39700,39800,100,0.25,136777,5440948850
006360,GS건설,44350,44350,0,0.0,658017,29205059750
001250,GS글로벌,2470,2390,-80,-3.24,285581,689041175
007070,GS리테일,29850,29350,-500,-1.68,192069,5628302650
078935,GS우,34550,34500,-50,-0.14,1708,58804050
012630,HDC,10500,10600,100,0.95,184447,1946838900
039570,HDC랩스,11850,11700,-150,-1.27,5408,63559750
089470,HDC현대EP,5800,5700,-100,-1.72,94840,547665720
294870,HDC현대산업개발,25000,25800,800,3.2,872568,22594313250
011200,HMM,26400,26200,-200,-0.76,1470458,38420195450
082740,HSD엔진,9180,9580,400,4.36,1707884,16372078790
003560,IHQ,1405,1380,-25,-1.78,586607,814276970
175330,JB금융지주,8340,8600,260,3.12,882246,7564905770
234080,JW생명과학,13900,13800,-100,-0.72,43155,592666600
001060,JW중외제약,22750,22850,100,0.44,67607,1557764350
001067,JW중외제약2우B,60700,60700,0,0.0,19,1213600
001065,JW중외제약우,34150,33700,-450,-1.32,251,8500950
096760,JW홀딩스,3610,3635,25,0.69,86523,316881755
105560,KB금융,55700,57800,2100,3.77,1944937,111551662850
002380,KCC,379000,368500,-10500,-2.77,90862,34064848500
344820,KCC글라스,66000,64700,-1300,-1.97,115367,7633704400
009070,KCTC,6150,6150,0,0.0,63365,389471790
009440,KC그린홀딩스,4605,4520,-85,-1.85,69399,314062365
119650,KC코트렐,6440,6310,-130,-2.02,75144,475056460
092220,KEC,3750,3610,-140,-3.73,3963471,14375145880
016380,KG동부제철,11600,11750,150,1.29,411298,4856978400
016385,KG동부제철우,94700,95600,900,0.95,313,29636000
001390,KG케미칼,30450,30250,-200,-0.66,45049,1359858350
033180,KH필룩스,2610,2560,-50,-1.92,599548,1525694145
001940,KISCO홀딩스,15350,15250,-100,-0.65,7732,118116450
025000,KPX케미칼,53600,53200,-400,-0.75,1944,103588100
092230,KPX홀딩스,63200,63600,400,0.63,3642,230767100
000040,KR모터스,906,868,-38,-4.19,632699,552880817
044450,KSS해운,11600,11600,0,0.0,21702,250801050
030200,KT,30250,30800,550,1.82,688606,21080101850
033780,KTG,78400,78500,100,0.13,280566,21986420000
030210,KTB투자증권,5170,5180,10,0.19,183744,947018110
058850,KTcs,2565,2520,-45,-1.75,61994,157636025
058860,KTis,2530,2515,-15,-0.59,71227,179560685
093050,LF,16900,17050,150,0.89,86507,1472571100
003550,LG,81600,80800,-800,-0.98,402694,32511027768
034220,LG디스플레이,24150,23800,-350,-1.45,3172742,75610187200
051900,LG생활건강,1104000,956000,-148000,-13.41,348732,333368352000
051905,LG생활건강우,611000,559000,-52000,-8.51,12980,7264532000
003555,LG우,62900,63000,100,0.16,4790,299896900
032640,LG유플러스,13550,13650,100,0.74,919293,12488682850
011070,LG이노텍,337000,331000,-6000,-1.78,402745,130621462500
066570,LG전자,137500,130000,-7500,-5.45,1784965,232962388000
066575,LG전자우,64400,63300,-1100,-1.71,51190,3229699400
037560,LG헬로비전,5340,5230,-110,-2.06,132711,697510270
051910,LG화학,719000,710000,-9000,-1.25,549323,390206939380
051915,LG화학우,315500,314000,-1500,-0.48,40249,12690589188
079550,LIG넥스원,66200,65800,-400,-0.6,153085,10132155100
006260,LS,54500,54700,200,0.37,54815,2982097800
010120,LSELECTRIC,54900,55200,300,0.55,61598,3390562700
000680,LS네트웍스,3030,3000,-30,-0.99,38455,115073760
229640,LS전선아시아,7910,7800,-110,-1.39,87919,687782460
001120,LX인터내셔널,26100,25700,-400,-1.53,170016,4378433100
108670,LX하우시스,66300,66400,100,0.15,78997,5263474600
108675,LX하우시스우,30200,30100,-100,-0.33,1903,57337300
383800,LX홀딩스,10300,10400,100,0.97,302539,3126559400
38380K,LX홀딩스1우,15500,15550,50,0.32,8428,131578900
023150,MH에탄올,10100,9750,-350,-3.47,61473,608428510
035420,NAVER,338000,335000,-3000,-0.89,828611,276478717500
181710,NHN,40450,39700,-750,-1.85,93395,3703827850
400760,NH올원리츠,5170,5150,-20,-0.39,176472,910989610
005940,NH투자증권,11950,11950,0,0.0,681473,8068550350
005945,NH투자증권우,11350,11250,-100,-0.88,49718,558697800
338100,NH프라임리츠,4755,4735,-20,-0.42,41623,196924955
034310,NICE,16800,16800,0,0.0,49123,823998150
008260,NI스틸,3750,3735,-15,-0.4,195675,729002970
004250,NPC,10050,9500,-550,-5.47,2269989,21735152940
004255,NPC우,4950,5090,140,2.83,848810,4335804065
010060,OCI,108000,105000,-3000,-2.78,360921,38612647000
178920,PI첨단소재,52200,51000,-1200,-2.3,99716,5138632600
005490,POSCO,305000,304000,-1000,-0.33,303091,92065987000
010950,S-Oil,97300,96900,-400,-0.41,409836,39733344300
010955,S-Oil우,56200,55900,-300,-0.53,10257,571329100
034120,SBS,49100,48500,-600,-1.22,115905,5538454450
101060,SBS미디어홀딩스,1930,1930,0,0.0,0,0
005090,SGC에너지,45900,46100,200,0.44,20888,955421000
001380,SG글로벌,2140,2045,-95,-4.44,564708,1168679670
004060,SG세계물산,870,848,-22,-2.53,13300135,11235670248
001770,SHD,29650,29400,-250,-0.84,7392,218617850
002360,SH에너지화학,1005,999,-6,-0.6,1002612,1006639384
009160,SIMPAC,6300,6110,-190,-3.02,113730,703169500
123700,SJM,4855,4750,-105,-2.16,31205,149555970
025530,SJM홀딩스,3635,3670,35,0.96,11704,42794525
034730,SK,245500,244000,-1500,-0.61,142238,34810435000
011790,SKC,162000,160000,-2000,-1.23,158147,25167047500
018670,SK가스,130500,129500,-1000,-0.77,12341,1610427000
001740,SK네트웍스,4865,4880,15,0.31,377756,1838319055
001745,SK네트웍스우,69400,69600,200,0.29,354,24608900
006120,SK디스커버리,46450,46000,-450,-0.97,30647,1411319400
006125,SK디스커버리우,35350,34600,-750,-2.12,3082,106703350
210980,SK디앤디,30400,30200,-200,-0.66,10234,307632400
068400,SK렌터카,10200,10050,-150,-1.47,48425,487910350
395400,SK리츠,6190,6110,-80,-1.29,252335,1546812150
302440,SK바이오사이언스,213000,213000,0,0.0,457948,99269195500
326030,SK바이오팜,94500,92200,-2300,-2.43,184408,17064704600
402340,SK스퀘어,61000,57500,-3500,-5.74,2262799,132499043700
361610,SK아이이테크놀로지,153500,147000,-6500,-4.23,432865,63352643000
03473K,SK우,217500,215500,-2000,-0.92,781,168928500
096770,SK이노베이션,247000,246000,-1000,-0.4,270450,66795905000
096775,SK이노베이션우,144000,144000,0,0.0,4876,703161000
001510,SK증권,977,964,-13,-1.33,2397867,2313796986
001515,SK증권우,3850,3860,10,0.26,3235,12469850
285130,SK케미칼,145500,145500,0,0.0,55366,8047458500
28513K,SK케미칼우,83700,83100,-600,-0.72,6051,502951100
017670,SK텔레콤,56400,56500,100,0.18,705212,39783823200
000660,SK하이닉스,127000,124500,-2500,-1.97,3449197,428295041000
064960,SNT모티브,47700,47100,-600,-1.26,25389,1197094100
100840,SNT에너지,18450,19500,1050,5.69,60678,1159231400
003570,SNT중공업,8910,8860,-50,-0.56,21069,185591170
036530,SNT홀딩스,17250,17100,-150,-0.87,4681,80252350
005610,SPC삼립,70200,69700,-500,-0.71,3158,220258400
011810,STX,4490,4385,-105,-2.34,108389,476725465
077970,STX엔진,11200,11050,-150,-1.34,75737,854843450
071970,STX중공업,5390,5160,-230,-4.27,217561,1138011080
002820,SUNL,5290,5280,-10,-0.19,2683,14108750
084870,TBH글로벌,2240,2225,-15,-0.67,43911,98455205
002710,TCC스틸,12350,11000,-1350,-10.93,2075545,23904490350
002900,TYM,1750,1755,5,0.29,532195,936356590
024070,WISCOM,3530,3445,-85,-2.41,62562,215004955
037270,YGPLUS,7370,7130,-240,-3.26,764354,5456156450
000500,가온전선,25050,24750,-300,-1.2,5924,146348700
000860,강남제비스코,26300,26050,-250,-0.95,26790,702166000
035250,강원랜드,24550,24450,-100,-0.41,361190,8823685400
011420,갤럭시아에스엠,2715,2695,-20,-0.74,251805,679431315
002100,경농,12350,12300,-50,-0.4,24438,298540200
009450,경동나비엔,55500,54900,-600,-1.08,38255,2102636500
267290,경동도시가스,22100,22050,-50,-0.23,14508,323535100
012320,경동인베스트,34500,34550,50,0.14,856,29558750
000050,경방,14150,14250,100,0.71,12044,171788600
214390,경보제약,10650,10950,300,2.82,167128,1820367400
012610,경인양행,6600,6490,-110,-1.67,170234,1102261990
009140,경인전자,37150,35250,-1900,-5.11,14152,504825500
013580,계룡건설,36100,37550,1450,4.02,290897,10897758750
012200,계양전기,4100,4010,-90,-2.2,170835,685284855
012205,계양전기우,6840,6680,-160,-2.34,8555,57274630
002140,고려산업,3030,2990,-40,-1.32,76318,229319895
010130,고려아연,514000,514000,0,0.0,26067,13416726000
002240,고려제강,21450,21700,250,1.17,49026,1055391850
009290,광동제약,7560,7400,-160,-2.12,103270,764267510
017040,광명전기,2610,2670,60,2.3,1862816,5016465020
017900,광전자,3330,3310,-20,-0.6,253643,832020195
037710,광주신세계,177500,176000,-1500,-0.85,1508,264870500
030610,교보증권,8200,8220,20,0.24,28722,235232570
339770,교촌에프앤비,15950,15850,-100,-0.63,46840,740600200
007690,국도화학,62500,64300,1800,2.88,151595,9693021500
005320,국동,2670,2600,-70,-2.62,269177,699815800
001140,국보,1605,1635,30,1.87,1083431,1781783080
002720,국제약품,6030,6000,-30,-0.5,161377,973683150
083420,그린케미칼,9000,8900,-100,-1.11,53857,479182300
014530,극동유화,3935,3880,-55,-1.4,79658,308870210
014280,금강공업,8360,8270,-90,-1.08,66993,556970100
014285,금강공업우,13100,13000,-100,-0.76,1214,15670150
008870,금비,64200,63600,-600,-0.93,399,25426800
001570,금양,4965,4875,-90,-1.81,247084,1210679705
002990,금호건설,12150,12250,100,0.82,199253,2439533300
002995,금호건설우,30400,30250,-150,-0.49,228,6904000
011780,금호석유,172000,175000,3000,1.74,216519,37561070000
011785,금호석유우,103000,102500,-500,-0.49,12932,1319866500
214330,금호에이치티,2100,2135,35,1.67,886500,1872457560
001210,금호전기,3895,3675,-220,-5.65,741158,2650027220
073240,금호타이어,4490,4520,30,0.67,286877,1300025310
092440,기신정기,4310,4315,5,0.12,25266,109115350
000270,기아,86700,83800,-2900,-3.34,1818497,153352940800
024110,기업은행,10350,10650,300,2.9,2521504,26521427550
013700,까뮤이앤씨,4630,4240,-390,-8.42,17345731,77461424830
004540,깨끗한나라,4415,4540,125,2.83,587076,2636409155
004545,깨끗한나라우,22100,22100,0,0.0,207,4608400
001260,남광토건,13350,13150,-200,-1.5,21013,276825750
008350,남선알미늄,2575,2750,175,6.8,9614033,25837833540
008355,남선알미우,22400,23200,800,3.57,2328,53509250
004270,남성,3255,3160,-95,-2.92,217906,691926690
003920,남양유업,404500,404500,0,0.0,604,243197000
003925,남양유업우,198500,198500,0,0.0,344,67866000
025860,남해화학,10000,9960,-40,-0.4,240846,2393984960
005720,넥센,4680,4590,-90,-1.92,61067,281998700
005725,넥센우,4135,3995,-140,-3.39,219801,866008090
002350,넥센타이어,7190,7220,30,0.42,167397,1197964620
002355,넥센타이어1우B,3530,3520,-10,-0.28,30743,107273765
003580,넥스트사이언스,22100,24300,2200,9.95,2585687,60647450900
251270,넷마블,113000,111500,-1500,-1.33,208350,23123069000
090350,노루페인트,13850,13050,-800,-5.78,408515,5399345650
090355,노루페인트우,19550,19850,300,1.53,6215,120478850
000320,노루홀딩스,13500,13200,-300,-2.22,21476,284763750
000325,노루홀딩스우,35900,36200,300,0.84,2340,83253050
006280,녹십자,206500,205000,-1500,-0.73,27735,5670308500
005250,녹십자홀딩스,25750,25600,-150,-0.58,80716,2065572050
005257,녹십자홀딩스2우,47600,47350,-250,-0.53,813,38409750
004370,농심,322000,323000,1000,0.31,22967,7416773500
072710,농심홀딩스,76300,76100,-200,-0.26,4753,361548900
058730,다스코,4905,4930,25,0.51,106906,553172365
023590,다우기술,23300,22750,-550,-2.36,94818,2170325950
145210,다이나믹디자인,482,464,-18,-3.73,1776673,829238745
019680,대교,3845,3805,-40,-1.04,56557,214314745
019685,대교우B,2705,2660,-45,-1.66,29486,78548985
006370,대구백화점,11600,11550,-50,-0.43,2637,30241900
008060,대덕,7870,7820,-50,-0.64,133085,1033468120
00806K,대덕1우,10400,10250,-150,-1.44,2214,22709400
353200,대덕전자,23400,23050,-350,-1.5,642439,14740798450
35320K,대덕전자1우,14500,14400,-100,-0.69,8380,118593250
000490,대동,11650,11900,250,2.15,596543,6992541350
008110,대동전자,8180,8020,-160,-1.96,19515,158894060
005750,대림BCo,8140,8140,0,0.0,94343,764923600
006570,대림통상,3750,3700,-50,-1.33,4848,18040645
001680,대상,23150,23000,-150,-0.65,61674,1423799100
001685,대상우,16950,16950,0,0.0,1444,24354300
084690,대상홀딩스,9470,9310,-160,-1.69,37608,351293830
084695,대상홀딩스우,11950,11700,-250,-2.09,4708,54734050
128820,대성산업,4540,4565,25,0.55,199254,906704145
117580,대성에너지,8810,9230,420,4.77,3381312,31878020010
016710,대성홀딩스,47400,47900,500,1.05,11842,566994550
003540,대신증권,17850,17900,50,0.28,70243,1251722200
003547,대신증권2우B,15000,15250,250,1.67,18036,273133600
003545,대신증권우,15600,15900,300,1.92,53144,833968900
009190,대양금속,4840,4690,-150,-3.1,536034,2523154465
014160,대영포장,2615,2600,-15,-0.57,2283442,6018270425
047040,대우건설,6170,6230,60,0.97,1977541,12277760040
009320,대우부품,2475,2410,-65,-2.63,318451,768209705
042660,대우조선해양,25200,25550,350,1.39,439346,11195466800
003090,대웅,29950,29650,-300,-1.0,62423,1852933100
069620,대웅제약,143000,144500,1500,1.05,26349,3763748500
000430,대원강업,3700,3660,-40,-1.08,88515,323802285
006340,대원전선,1745,1715,-30,-1.72,565273,966037235
006345,대원전선우,2875,2865,-10,-0.35,5495,15682120
003220,대원제약,16450,16450,0,0.0,158003,2562457300
024890,대원화성,3990,3880,-110,-2.76,496685,1937794835
002880,대유에이텍,1330,1280,-50,-3.76,1324410,1709679385
000300,대유플러스,1280,1240,-40,-3.13,1011635,1257693125
012800,대창,1880,1850,-30,-1.6,453394,843569015
015230,대창단조,8270,8350,80,0.97,47129,392665210
001070,대한방직,47800,47950,150,0.31,627,30094300
006650,대한유화,194000,193500,-500,-0.26,43441,8418828500
001440,대한전선,1750,1710,-40,-2.29,3406012,5818131830
084010,대한제강,17950,17450,-500,-2.79,153010,2691158500
001790,대한제당,2950,2925,-25,-0.85,107643,315006310
001795,대한제당우,3055,2995,-60,-1.96,34849,104302980
001130,대한제분,153000,155500,2500,1.63,2740,424627500
003490,대한항공,28600,28100,-500,-1.75,1469121,41310109300
003495,대한항공우,36600,36200,-400,-1.09,1874,68632750
005880,대한해운,2540,2585,45,1.77,847848,2174339550
003830,대한화섬,130500,133000,2500,1.92,296,39233500
016090,대현,2260,2230,-30,-1.33,138356,309027005
069460,대호에이엘,3580,3565,-15,-0.42,171421,608775230
192080,더블유게임즈,55600,55100,-500,-0.9,78331,4295822700
012510,더존비즈온,69500,68100,-1400,-2.01,66195,4496454700
004830,덕성,15600,16550,950,6.09,3434544,56477466600
004835,덕성우,17750,18650,900,5.07,180730,3329689600
024900,덕양산업,3625,3560,-65,-1.79,239976,868049450
145720,덴티움,69800,66600,-3200,-4.58,147076,9874371400
002150,도화엔지니어링,7870,7820,-50,-0.64,68667,539838900
001230,동국제강,18250,17800,-450,-2.47,1105627,20055826150
023450,동남합성,63000,62700,-300,-0.48,1611,100792600
004140,동방,3980,3975,-5,-0.13,318966,1271573760
007590,동방아그로,7020,7070,50,0.71,51656,365847160
005960,동부건설,14750,14900,150,1.02,116315,1723819250
005965,동부건설우,38950,37450,-1500,-3.85,3179,119751700
026960,동서,30150,30150,0,0.0,91009,2759848950
002210,동성제약,8480,8500,20,0.24,67826,580106870
102260,동성케미컬,4830,4830,0,0.0,42561,205386285
000640,동아쏘시오홀딩스,114500,112500,-2000,-1.75,8024,906591500
170900,동아에스티,70300,70100,-200,-0.28,9916,695880100
028100,동아지질,18950,18350,-600,-3.17,86516,1601836250
282690,동아타이어,12050,11900,-150,-1.24,13417,159916200
001520,동양,1500,1465,-35,-2.33,1224260,1793626535
001527,동양2우B,15300,15350,50,0.33,443,6663950
001529,동양3우B,28500,28050,-450,-1.58,609,17051350
084670,동양고속,17350,17100,-250,-1.44,2319,39732600
082640,동양생명,6640,6850,210,3.16,336319,2307971160
001525,동양우,7860,7790,-70,-0.89,600,4674090
008970,동양철관,1305,1270,-35,-2.68,693545,884670680
092780,동양피스톤,6600,6500,-100,-1.52,109559,701032560
049770,동원FB,193000,191000,-2000,-1.04,10746,2083924500
018500,동원금속,935,940,5,0.53,54049,50783118
006040,동원산업,226500,229000,2500,1.1,4376,1001716000
030720,동원수산,9530,9660,130,1.36,56676,551117090
014820,동원시스템즈,51600,52900,1300,2.52,65496,3429690300
014825,동원시스템즈우,34250,34500,250,0.73,374,12908200
163560,동일고무벨트,7400,7400,0,0.0,7650,56022990
004890,동일산업,147500,150000,2500,1.69,1137,169600000
002690,동일제강,2995,3025,30,1.0,100804,304947165
000020,동화약품,14600,14600,0,0.0,138462,2003720950
000150,두산,113500,115000,1500,1.32,49697,5733327500
000157,두산2우B,99600,101500,1900,1.91,3113,323077700
241560,두산밥캣,42750,42600,-150,-0.35,187160,8028355100
000155,두산우,80500,81400,900,1.12,2038,165342100
034020,두산중공업,20250,20550,300,1.48,4477914,92332490350
336260,두산퓨얼셀,44700,42850,-1850,-4.14,762577,32904541400
33626K,두산퓨얼셀1우,14200,13850,-350,-2.46,22078,305838700
33626L,두산퓨얼셀2우B,16650,16400,-250,-1.5,2814,46221950
016740,두올,4240,4075,-165,-3.89,301371,1237612780
192650,드림텍,12300,11900,-400,-3.25,618923,7402458400
024090,디씨엠,24000,23100,-900,-3.75,90594,2085387650
003160,디아이,9450,9270,-180,-1.9,223219,2079218160
092200,디아이씨,6100,5970,-130,-2.13,659597,3913868630
377190,디앤디플랫폼리츠,5370,5340,-30,-0.56,102959,550611170
013570,디와이,6830,6750,-80,-1.17,311752,2094384320
210540,디와이파워,13800,13800,0,0.0,96206,1335460500
007340,디티알오토모티브,73500,72800,-700,-0.95,25484,1841842300
115390,락앤락,11800,11750,-50,-0.42,72252,848043450
032350,롯데관광개발,17750,17250,-500,-2.82,274809,4730216900
089860,롯데렌탈,37200,36750,-450,-1.21,98410,3627372350
330590,롯데리츠,5490,5470,-20,-0.36,163761,894411570
000400,롯데손해보험,1640,1695,55,3.35,619751,1041891400
023530,롯데쇼핑,87700,86800,-900,-1.03,71286,6153963100
004000,롯데정밀화학,75500,74400,-1100,-1.46,166132,12523825000
286940,롯데정보통신,39300,39050,-250,-0.64,111698,4377332500
280360,롯데제과,121500,123000,1500,1.23,2923,357626000
004990,롯데지주,29300,29000,-300,-1.02,160312,4655017450
00499K,롯데지주우,46300,45400,-900,-1.94,161,7362950
005300,롯데칠성,136000,137000,1000,0.74,20368,2776431000
005305,롯데칠성우,69400,69600,200,0.29,190,13230200
011170,롯데케미칼,232000,230000,-2000,-0.86,165429,38093355000
002270,롯데푸드,341500,339500,-2000,-0.59,661,224520500
071840,롯데하이마트,25300,24800,-500,-1.98,31552,785553500
027740,마니커,1250,1225,-25,-2.0,613777,755623430
204320,만도,66100,62600,-3500,-5.3,757743,48017511500
001080,만호제강,22800,23000,200,0.88,11089,255259100
088980,맥쿼리인프라,13850,13800,-50,-0.36,766021,10554039450
094800,맵스리얼티1,4690,4690,0,0.0,57289,267498240
138040,메리츠금융지주,49300,48250,-1050,-2.13,505263,24643767600
008560,메리츠증권,5380,5620,240,4.46,3303535,18428820160
000060,메리츠화재,40000,42550,2550,6.38,1158952,49163007350
090370,메타랩스,1125,1175,50,4.44,11790827,14106705440
017180,명문제약,4670,4605,-65,-1.39,68350,314962220
009900,명신산업,28900,27900,-1000,-3.46,448313,12517592500
012690,모나리자,4025,3945,-80,-1.99,145691,579202310
005360,모나미,4635,4570,-65,-1.4,92516,425899150
204210,모두투어리츠,4710,4755,45,0.96,30356,143677145
009680,모토닉,10200,10000,-200,-1.96,64002,640934220
009580,무림PP,4370,4445,75,1.72,196162,867108115
009200,무림페이퍼,2555,2530,-25,-0.98,43994,111703520
033920,무학,8680,8670,-10,-0.12,15143,131097390
008420,문배철강,4040,4045,5,0.12,210732,857248665
025560,미래산업,14800,14500,-300,-2.03,91382,1312776250
007120,미래아이앤지,500,490,-10,-2.0,796573,390210417
396690,미래에셋글로벌리츠,5450,5430,-20,-0.37,83475,452474050
357250,미래에셋맵스리츠,4860,4860,0,0.0,35811,174079670
085620,미래에셋생명,4035,4140,105,2.6,110898,457022055
006800,미래에셋증권,8470,8370,-100,-1.18,744256,6242168130
00680K,미래에셋증권2우B,4650,4600,-50,-1.08,146331,673137505
006805,미래에셋증권우,5540,5540,0,0.0,6841,37743450
002840,미원상사,203000,200000,-3000,-1.48,5216,1045713000
268280,미원에스씨,214000,212500,-1500,-0.7,2888,614476000
107590,미원홀딩스,148000,146000,-2000,-1.35,4994,732792500
134380,미원화학,79300,79500,200,0.25,217,17315600
003650,미창석유,78400,78200,-200,-0.26,494,38599800
155900,바다로19호,2980,2985,5,0.17,38914,116228435
003610,방림,2615,2605,-10,-0.38,23609,61449580
001340,백광산업,5380,5240,-140,-2.6,344850,1817099980
035150,백산,9500,9500,0,0.0,244369,2297544940
002410,범양건영,7270,6490,-780,-10.73,1451440,9768606410
096300,베트남개발1,170,168,-2,-1.18,231318,38949631
007210,벽산,4000,3980,-20,-0.5,600373,2390190325
002760,보락,2065,2010,-55,-2.66,201444,407789915
003850,보령제약,14150,13950,-200,-1.41,145132,2023489200
000890,보해양조,903,896,-7,-0.78,927139,827732719
003000,부광약품,12150,12000,-150,-1.23,251617,3015355550
001270,부국증권,23900,24100,200,0.84,2357,56302750
001275,부국증권우,22250,22300,50,0.22,1287,28621500
026940,부국철강,4440,4590,150,3.38,637840,2881222525
015350,부산가스,84400,84400,0,0.0,0,0
011390,부산산업,104500,101000,-3500,-3.35,2561,260310000
005030,부산주공,601,596,-5,-0.83,237854,142268544
002070,비비안,3150,3085,-65,-2.06,228330,704496445
100220,비상교육,7790,7700,-90,-1.16,31770,244373340
030790,비케이탑스,4655,5090,435,9.34,3597057,18376283560
005180,빙그레,52600,52900,300,0.57,10581,557898200
003960,사조대림,26950,28150,1200,4.45,92511,2617530300
008040,사조동아원,1120,1105,-15,-1.34,388600,428159480
007160,사조산업,47800,48850,1050,2.2,18569,909562400
014710,사조씨푸드,5670,5660,-10,-0.18,85745,486163720
006090,사조오양,9850,9850,0,0.0,19487,191849910
001470,삼부토건,2365,2450,85,3.59,5197088,12654258795
006400,삼성SDI,636000,624000,-12000,-1.89,261638,163978249000
006405,삼성SDI우,334500,324000,-10500,-3.14,5344,1743567500
006660,삼성공조,15600,14800,-800,-5.13,92193,1393337250
028260,삼성물산,116500,115000,-1500,-1.29,194492,22409849000
02826K,삼성물산우B,107500,107500,0,0.0,2415,258148500
207940,삼성바이오로직스,844000,836000,-8000,-0.95,48848,40996787000
032830,삼성생명,65800,67400,1600,2.43,417413,27964297300
018260,삼성에스디에스,153000,152000,-1000,-0.65,51371,7775970000
028050,삼성엔지니어링,24600,24350,-250,-1.02,1551728,38150574200
009150,삼성전기,187500,181000,-6500,-3.47,550436,99888442500
009155,삼성전기우,99600,97600,-2000,-2.01,9690,941943400
005930,삼성전자,78300,78000,-300,-0.38,9947422,772740467800
005935,삼성전자우,71400,70900,-500,-0.7,577054,40787256800
001360,삼성제약,4870,4735,-135,-2.77,394788,1875471295
010140,삼성중공업,5880,5900,20,0.34,3117209,18427616620
010145,삼성중공우,211000,208000,-3000,-1.42,460,96253500
016360,삼성증권,43000,42650,-350,-0.81,296322,12603166400
068290,삼성출판사,34400,35150,750,2.18,187020,6535796600
029780,삼성카드,31550,31550,0,0.0,101195,3177717050
000810,삼성화재,214500,222500,8000,3.73,173843,38400116500
000815,삼성화재우,160000,163500,3500,2.19,14590,2382518000
006110,삼아알미늄,27500,26600,-900,-3.27,191050,5145772300
145990,삼양사,62500,63300,800,1.28,15894,1004266500
145995,삼양사우,39500,39750,250,0.63,15,593850
003230,삼양식품,98500,96600,-1900,-1.93,60941,5970213000
002170,삼양통상,57500,57700,200,0.35,1275,73706100
272550,삼양패키징,25150,24450,-700,-2.78,28336,693901650
000070,삼양홀딩스,95800,95300,-500,-0.52,11142,1058627800
000075,삼양홀딩스우,67500,67200,-300,-0.44,60,4038100
002810,삼영무역,14400,14400,0,0.0,5483,78693600
005680,삼영전자,11450,11200,-250,-2.18,45309,509879650
003720,삼영화학,2925,2960,35,1.2,101892,298419570
023000,삼원강재,3165,3165,0,0.0,20541,64729950
004380,삼익THK,14250,14250,0,0.0,737697,10652444850
002450,삼익악기,1835,1825,-10,-0.54,229665,419021380
004440,삼일씨엔에스,10750,10700,-50,-0.47,29124,312342750
000520,삼일제약,8440,8620,180,2.13,143799,1232817390
009770,삼정펄프,28500,28450,-50,-0.18,172,4914100
005500,삼진제약,24900,24950,50,0.2,60161,1493321200
004690,삼천리,91500,91800,300,0.33,9342,865593500
010960,삼호개발,5220,5130,-90,-1.72,35706,183526520
004450,삼화왕관,42650,42550,-100,-0.23,310,13195400
009470,삼화전기,29100,29250,150,0.52,21009,612018500
011230,삼화전자,4235,4090,-145,-3.42,64423,266262130
001820,삼화콘덴서,58200,57300,-900,-1.55,33189,1905121800
000390,삼화페인트,9750,9410,-340,-3.49,56589,538367490
001290,상상인증권,1235,1220,-15,-1.21,266854,327597135
041650,상신브레이크,3825,3820,-5,-0.13,45880,173941370
075180,새론오토모티브,5540,5550,10,0.18,4053,22415070
007540,샘표,43350,43550,200,0.46,1158,50442100
248170,샘표식품,45800,44800,-1000,-2.18,5128,231865700
007860,서연,12650,13300,650,5.14,1576046,20762254400
200880,서연이화,7320,7190,-130,-1.78,274426,1986732610
017390,서울가스,165500,165500,0,0.0,5269,874090500
004410,서울식품,320,318,-2,-0.63,1924028,611492747
004415,서울식품우,3875,3895,20,0.52,441,1708580
021050,서원,2025,2025,0,0.0,220221,441237820
008490,서흥,42750,42750,0,0.0,10358,437055600
007610,선도전기,3415,3380,-35,-1.02,121650,408456485
136490,선진,11850,11650,-200,-1.69,44298,518107500
014910,성문전자,2535,2560,25,0.99,108589,276600965
014915,성문전자우,8730,8890,160,1.83,764,6916350
003080,성보화학,3950,3965,15,0.38,17403,68781145
004980,성신양회,16550,15600,-950,-5.74,765951,12321211700
004985,성신양회우,16900,16500,-400,-2.37,27348,450579800
011300,성안,787,787,0,0.0,0,0
000180,성창기업지주,2540,2540,0,0.0,177822,450598385
002420,세기상사,10600,10900,300,2.83,32349,347101450
004360,세방,11900,11850,-50,-0.42,49552,588303850
004365,세방우,7340,7200,-140,-1.91,3094,22392350
004490,세방전지,71400,69900,-1500,-2.1,45196,3175674600
001430,세아베스틸,21600,21850,250,1.16,247760,5424290100
306200,세아제강,99700,98700,-1000,-1.0,4588,452456600
003030,세아제강지주,108500,108500,0,0.0,13665,1471621000
019440,세아특수강,15200,15000,-200,-1.32,12556,189074000
058650,세아홀딩스,106500,105500,-1000,-0.94,819,87280500
013000,세우글로벌,1730,1660,-70,-4.05,292211,491374155
091090,세원이앤씨,1265,1255,-10,-0.79,3761256,4760297505
021820,세원정공,8090,8090,0,0.0,0,0
067830,세이브존IC,3140,3145,5,0.16,16010,49796845
033530,세종공업,8810,8650,-160,-1.82,155465,1345874350
075580,세진중공업,6480,6500,20,0.31,540013,3521626660
027970,세하,1655,1635,-20,-1.21,116817,191313475
308170,센트랄모텍,22300,22000,-300,-1.35,33793,751529400
012600,센트럴인사이트,2490,2490,0,0.0,0,0
068270,셀트리온,182500,187000,4500,2.47,874365,163202641000
336370,솔루스첨단소재,80800,79200,-1600,-1.98,272186,21442819700
33637K,솔루스첨단소재1우,22150,21850,-300,-1.35,8088,174044000
33637L,솔루스첨단소재2우B,27000,26850,-150,-0.56,1092,29262400
248070,솔루엠,23350,22500,-850,-3.64,317595,7213298600
004430,송원산업,22900,22450,-450,-1.97,397158,8989145800
017550,수산중공업,3205,3135,-70,-2.18,1296865,4121094025
053210,스카이라이프,8980,8840,-140,-1.56,34292,303587790
026890,스틱인베스트먼트,13300,12800,-500,-3.76,616239,7884750600
134790,시디즈,59700,59300,-400,-0.67,924,54987800
016590,신대양제지,87200,88000,800,0.92,1408,121852400
029530,신도리코,32750,32900,150,0.46,11199,366240100
004970,신라교역,13450,13100,-350,-2.6,13309,175317300
011930,신성이엔지,2055,2025,-30,-1.46,762447,1538054285
005390,신성통상,3575,3380,-195,-5.45,1565680,5347381235
004170,신세계,250000,233000,-17000,-6.8,246695,57869475000
035510,신세계IC,190000,184000,-6000,-3.16,6679,1233335500
034300,신세계건설,37750,39200,1450,3.84,65738,2583717450
031430,신세계인터내셔날,140500,133000,-7500,-5.34,77040,10362868500
031440,신세계푸드,79800,78100,-1700,-2.13,9084,714962500
006880,신송홀딩스,5210,5220,10,0.19,21298,110535190
005800,신영와코루,120000,121500,1500,1.25,506,60705500
001720,신영증권,61200,61500,300,0.49,3616,221285300
001725,신영증권우,61400,61100,-300,-0.49,1249,76124000
009270,신원,2530,2440,-90,-3.56,2466888,6083187970
009275,신원우,37800,37250,-550,-1.46,308,11489600
002700,신일전자,2200,2175,-25,-1.14,2928820,6389592680
019170,신풍제약,29550,28700,-850,-2.88,555601,15969678800
019175,신풍제약우,37300,36100,-1200,-3.22,8203,297960800
002870,신풍제지,2265,2285,20,0.88,259819,597437915
404990,신한서부티엔디리츠,4975,4930,-45,-0.9,295126,1450806225
293940,신한알파리츠,8000,8010,10,0.13,88555,707063840
055550,신한지주,37650,38550,900,2.39,2619613,100198425150
004080,신흥,16600,16450,-150,-0.9,5548,90253000
102280,쌍방울,797,775,-22,-2.76,7715278,6017364393
003410,쌍용CE,8100,8010,-90,-1.11,759782,6091397400
003620,쌍용차,2770,2770,0,0.0,0,0
004770,써니전자,6360,6240,-120,-1.89,4612207,28894424570
015540,쎌마테라퓨틱스,6410,6410,0,0.0,0,0
004920,씨아이테크,1595,1590,-5,-0.31,1199229,1911533940
112610,씨에스윈드,62600,62300,-300,-0.48,163812,10317029700
008700,아남전자,2710,2600,-110,-4.06,2583975,6863449570
002790,아모레G,43500,42600,-900,-2.07,126627,5373136700
00279K,아모레G3우전환,33400,32950,-450,-1.35,13650,448302750
002795,아모레G우,16900,16450,-450,-2.66,27842,451909350
090430,아모레퍼시픽,160500,152000,-8500,-5.3,897775,135342871000
090435,아모레퍼시픽우,70500,68200,-2300,-3.26,24232,1640056400
002030,아세아,137000,138000,1000,0.73,2383,327651500
183190,아세아시멘트,147000,144500,-2500,-1.7,29352,4278494000
002310,아세아제지,54600,54400,-200,-0.37,25773,1392839800
012170,아센디오,1350,1310,-40,-2.96,187984,248290595
267850,아시아나IDT,17500,17000,-500,-2.86,12105,207175700
020560,아시아나항공,19200,18900,-300,-1.56,291682,5499310650
122900,아이마켓코리아,10350,10400,50,0.48,51912,538215750
010780,아이에스동서,44750,46000,1250,2.79,180913,8277362800
139990,아주스틸,18800,18600,-200,-1.06,117571,2188816800
001780,알루코,3555,3470,-85,-2.39,586593,2039595505
018250,애경산업,18950,18800,-150,-0.79,30135,567337650
161000,애경케미칼,11300,11100,-200,-1.77,117773,1313656250
011090,에넥스,2705,2570,-135,-4.99,1327986,3450370420
137310,에스디바이오센서,57000,55700,-1300,-2.28,454280,25737379500
005850,에스엘,31800,30800,-1000,-3.14,135599,4201732450
012750,에스원,72600,73200,600,0.83,23767,1730117600
023960,에쓰씨엔지니어링,3050,2900,-150,-4.92,170858,500670255
298690,에어부산,2220,2170,-50,-2.25,371351,807639615
140910,에이리츠,8760,8500,-260,-2.97,23755,202811100
078520,에이블씨엔씨,6350,6100,-250,-3.94,30995,190190310
015260,에이엔피,2095,2080,-15,-0.72,118065,241929350
007460,에이프로젠MED,1735,1720,-15,-0.86,1258904,2172679285
003060,에이프로젠제약,892,887,-5,-0.56,661364,586349989
244920,에이플러스에셋,8770,8540,-230,-2.62,158563,1362078780
036570,엔씨소프트,606000,614000,8000,1.32,101203,61850657000
138250,엔에스쇼핑,12700,12500,-200,-1.57,45487,573244000
380440,엔에이치스팩19호,2080,2080,0,0.0,57866,119853300
085310,엔케이,1075,1060,-15,-1.4,210904,222823785
900140,엘브이엠씨홀딩스,3645,3545,-100,-2.74,237496,846974485
097520,엠씨넥스,52200,51300,-900,-1.72,279835,14153470950
014440,영보화학,4570,4580,10,0.22,118306,542091270
111770,영원무역,47300,48400,1100,2.33,279810,13626241350
009970,영원무역홀딩스,48100,49200,1100,2.29,30190,1475776200
003520,영진약품,5050,5120,70,1.39,469086,2382189360
000670,영풍,658000,660000,2000,0.3,491,324625000
006740,영풍제지,9550,9070,-480,-5.03,924335,8709194410
012280,영화금속,1655,1605,-50,-3.02,489676,789907850
012160,영흥,1075,1065,-10,-0.93,74591,79310960
015360,예스코홀딩스,35700,35850,150,0.42,796,28647450
007310,오뚜기,448500,463000,14500,3.23,6854,3133715000
002630,오리엔트바이오,1325,1310,-15,-1.13,1968390,2565255490
271560,오리온,106000,107000,1000,0.94,128820,13723810000
001800,오리온홀딩스,15400,15600,200,1.3,54439,842578100
011690,와이투솔루션,2440,2440,0,0.0,0,0
070960,용평리조트,4955,4890,-65,-1.31,115664,562949750
316140,우리금융지주,13100,13950,850,6.49,7988069,109458754200
118000,우리들휴브레인,1645,1665,20,1.22,612875,1009299565
010050,우리종금,904,903,-1,-0.11,2358956,2111964499
006980,우성,31250,29800,-1450,-4.64,91639,2811593000
017370,우신시스템,3985,3860,-125,-3.14,111822,433626685
105840,우진,7970,8370,400,5.02,4628569,40065817420
010400,우진아이엔에스,7080,7090,10,0.14,3867,27180070
049800,우진플라임,4870,4885,15,0.31,98957,479854100
016880,웅진,2085,2075,-10,-0.48,6923411,14510563575
095720,웅진씽크빅,3270,3325,55,1.68,906710,2992001625
005820,원림,18800,19050,250,1.33,1587,30120150
010600,웰바이오텍,1625,1595,-30,-1.85,411107,651330525
008600,윌비스,1705,1635,-70,-4.11,883802,1456269635
033270,유나이티드제약,45900,46100,200,0.44,40484,1860894900
014830,유니드,112000,109000,-3000,-2.68,69777,7665598500
000910,유니온,7540,7300,-240,-3.18,429892,3123679990
047400,유니온머티리얼,3130,3075,-55,-1.76,260713,802283395
011330,유니켐,1315,1310,-5,-0.38,207267,271175305
077500,유니퀘스트,12500,12150,-350,-2.8,475993,5908871500
002920,유성기업,3130,3145,15,0.48,58200,181819915
000700,유수홀딩스,6110,6130,20,0.33,29721,180990270
003470,유안타증권,3920,3885,-35,-0.89,170155,659932535
003475,유안타증권우,3945,3970,25,0.63,5853,22967795
072130,유엔젤,5450,5400,-50,-0.92,297744,1624453470
000220,유유제약,7520,7450,-70,-0.93,136629,1023658850
000225,유유제약1우,9000,8860,-140,-1.56,10324,91477460
000227,유유제약2우B,18500,18200,-300,-1.62,1194,21830900
001200,유진투자증권,3525,3485,-40,-1.13,143912,500812025
000100,유한양행,60800,60500,-300,-0.49,116382,7034520600
000105,유한양행우,59100,59000,-100,-0.17,478,28176500
003460,유화증권,2640,2635,-5,-0.19,9211,24191190
003465,유화증권우,2650,2640,-10,-0.38,1790,4695925
008730,율촌화학,27150,26900,-250,-0.92,386652,10468614750
008250,이건산업,12500,12300,-200,-1.6,64557,800530250
025820,이구산업,3765,3700,-65,-1.73,223381,826792660
214320,이노션,52500,51800,-700,-1.33,35714,1841505800
088260,이리츠코크렙,5940,5940,0,0.0,40160,238339400
139480,이마트,148500,149000,500,0.34,81329,12070686000
007660,이수페타시스,7150,6640,-510,-7.13,3517708,23569841420
005950,이수화학,15500,15350,-150,-0.97,525973,8081884200
015020,이스타코,3650,3230,-420,-11.51,2269806,7539625730
093230,이아이디,301,296,-5,-1.66,6848430,2031295884
074610,이엔플러스,4960,4480,-480,-9.68,4120497,18981655380
102460,이연제약,33500,32650,-850,-2.54,77963,2541786200
084680,이월드,2500,2540,40,1.6,1135810,2872406070
350520,이지스레지던스리츠,5270,5250,-20,-0.38,55449,290409800
334890,이지스밸류리츠,5740,5740,0,0.0,67478,385904970
000760,이화산업,15950,16150,200,1.25,6349,102284300
014990,인디에프,1260,1230,-30,-2.38,161009,198740430
101140,인바이오젠,3210,3110,-100,-3.12,610134,1902420205
006490,인스코비,3235,3170,-65,-2.01,931856,2975495805
023800,인지컨트롤스,15500,15150,-350,-2.26,97146,1461987800
034590,인천도시가스,26900,27100,200,0.74,2505,67528300
129260,인터지스,3770,3650,-120,-3.18,133196,488216205
023810,인팩,14000,13700,-300,-2.14,280592,3930435400
249420,일동제약,29700,27500,-2200,-7.41,930338,26406060700
000230,일동홀딩스,13950,13900,-50,-0.36,27830,384077150
013360,일성건설,5990,5580,-410,-6.84,2068952,11627209530
003120,일성신약,73000,74800,1800,2.47,2100,155574700
003200,일신방직,108500,108500,0,0.0,2194,237322500
007110,일신석재,2175,2090,-85,-3.91,668996,1408228600
007570,일양약품,27450,27050,-400,-1.46,60879,1646284550
007575,일양약품우,28200,28050,-150,-0.53,1087,30439850
008500,일정실업,36550,35250,-1300,-3.56,12439,446949200
081000,일진다이아,29550,28550,-1000,-3.38,66066,1898425800
020760,일진디스플,2425,2345,-80,-3.3,92366,218704165
020150,일진머티리얼즈,117500,111500,-6000,-5.11,396517,44525752000
103590,일진전기,5330,5240,-90,-1.69,171538,906562710
271940,일진하이솔루스,53000,51600,-1400,-2.64,125050,6475320800
015860,일진홀딩스,5360,5270,-90,-1.68,82513,432851440
226320,잇츠한불,18100,17350,-750,-4.14,29796,518707200
317400,자이에스앤디,9580,9560,-20,-0.21,77965,740204750
033240,자화전자,26950,25850,-1100,-4.08,490903,12505846800
000950,전방,40000,40000,0,0.0,683,27261750
348950,제이알글로벌리츠,5350,5360,10,0.19,371891,1989204920
194370,제이에스코퍼레이션,20700,20400,-300,-1.45,49987,1016150500
025620,제이준코스메틱,1070,1055,-15,-1.4,944255,993865570
036420,제이콘텐트리,60300,57300,-3000,-4.98,400413,23157581100
030000,제일기획,22450,22500,50,0.22,136463,3081036900
271980,제일약품,32350,32650,300,0.93,53653,1762882150
001560,제일연마,8330,8410,80,0.96,1920,16052870
002620,제일파마홀딩스,15750,15450,-300,-1.9,15207,237353600
006220,제주은행,6390,6670,280,4.38,1326062,8751425370
089590,제주항공,17650,17450,-200,-1.13,58932,1022959550
004910,조광페인트,9060,8970,-90,-0.99,65741,591750150
004700,조광피혁,53200,52900,-300,-0.56,262,13826700
001550,조비,21000,20800,-200,-0.95,28509,591274450
000480,조선내화,79900,80400,500,0.63,1016,81242300
120030,조선선재,116500,115500,-1000,-0.86,2020,235174500
018470,조일알미늄,2550,2490,-60,-2.35,3289351,8131136100
002600,조흥,187500,187500,0,0.0,147,27440500
185750,종근당,104000,103000,-1000,-0.96,25356,2610848500
063160,종근당바이오,38650,37850,-800,-2.07,17425,661058250
001630,종근당홀딩스,76900,76400,-500,-0.65,3473,264416700
044380,주연테크,1320,1305,-15,-1.14,1236327,1629285955
013890,지누스,74300,74000,-300,-0.4,29896,2199093700
013870,지엠비코리아,6220,6090,-130,-2.09,54725,332947310
071320,지역난방공사,37150,37400,250,0.67,1758,65439900
010580,지코,1530,1530,0,0.0,0,0
035000,지투알,7290,7270,-20,-0.27,53328,384628590
088790,진도,2985,3030,45,1.51,133914,402691845
003780,진양산업,8880,8660,-220,-2.48,999546,8870720210
010640,진양폴리,7610,7700,90,1.18,148208,1132228530
100250,진양홀딩스,3760,4215,455,12.1,13529884,58387226150
051630,진양화학,5780,5870,90,1.56,149335,871865070
272450,진에어,17300,16950,-350,-2.02,104665,1770962650
011000,진원생명과학,17000,16500,-500,-2.94,610965,10135523150
002780,진흥기업,2240,2230,-10,-0.45,1042241,2350650340
002787,진흥기업2우B,15300,15250,-50,-0.33,1322,19880000
002785,진흥기업우B,6000,5980,-20,-0.33,181,1083810
009310,참엔지니어링,1295,1310,15,1.16,351949,458671415
000650,천일고속,65700,65700,0,0.0,316,20908900
033250,체시스,1250,1245,-5,-0.4,161809,202340470
035720,카카오,100000,96600,-3400,-3.4,5377749,519084749500
323410,카카오뱅크,55000,51100,-3900,-7.09,4158580,214630142300
377300,카카오페이,153500,148500,-5000,-3.26,323493,47957554000
006380,카프로,4570,4520,-50,-1.09,350332,1570282670
109070,컨버즈,4100,4100,0,0.0,0,0
001620,케이비아이동국실업,868,840,-28,-3.23,264507,224884376
029460,케이씨,22200,22050,-150,-0.68,35423,781408550
281820,케이씨텍,22700,22100,-600,-2.64,86624,1919767300
381970,케이카,28950,28350,-600,-2.07,185546,5250207050
145270,케이탑리츠,1400,1370,-30,-2.14,265375,363654055
357120,코람코에너지리츠,6570,6560,-10,-0.15,60286,395677980
007815,코리아써우,10000,10100,100,1.0,32906,338197410
007810,코리아써키트,31450,29550,-1900,-6.04,759416,22649005100
00781K,코리아써키트2우B,10200,10050,-150,-1.47,1959,19872450
003690,코리안리,9390,9430,40,0.43,273104,2580659530
192820,코스맥스,86700,81600,-5100,-5.88,190585,15518176500
044820,코스맥스비티아이,13400,13250,-150,-1.12,4040,53355250
005070,코스모신소재,43250,42250,-1000,-2.31,289277,12285757550
005420,코스모화학,15000,14300,-700,-4.67,443253,6392742550
071950,코아스,1115,1115,0,0.0,120304,133776080
002020,코오롱,35300,33800,-1500,-4.25,95228,3329169950
003070,코오롱글로벌,23850,23950,100,0.42,51100,1216461150
003075,코오롱글로벌우,30800,30700,-100,-0.32,264,8077050
002025,코오롱우,21350,20800,-550,-2.58,5653,119011400
120110,코오롱인더,71600,70300,-1300,-1.82,138927,9793999100
120115,코오롱인더우,33650,33250,-400,-1.19,5301,175619700
138490,코오롱플라스틱,12300,11750,-550,-4.47,398971,4713249200
021240,코웨이,73400,74500,1100,1.5,138397,10272042500
031820,콤텍시스템,1000,1000,0,0.0,4704538,4767148897
192400,쿠쿠홀딩스,18650,18800,150,0.8,28609,535810200
284740,쿠쿠홈시스,39450,39400,-50,-0.13,49251,1943473000
015590,큐로,467,473,6,1.28,635495,298533241
264900,크라운제과,9160,9090,-70,-0.76,36800,335646810
26490K,크라운제과우,12750,12650,-100,-0.78,5504,68639900
005740,크라운해태홀딩스,8500,8480,-20,-0.24,5568,47101040
005745,크라운해태홀딩스우,12800,12600,-200,-1.56,870,10866800
259960,크래프톤,394500,381500,-13000,-3.3,438835,167106258000
020120,키다리스튜디오,17200,17900,700,4.07,516281,9204758850
039490,키움증권,102000,102000,0,0.0,59730,6054542000
014580,태경비케이,5010,4890,-120,-2.4,153603,750374780
015890,태경산업,6670,6640,-30,-0.45,95052,628102750
006890,태경케미컬,12600,12350,-250,-1.98,159012,2020164000
003240,태광산업,1141000,1156000,15000,1.31,877,1015038000
011280,태림포장,4440,4420,-20,-0.45,147867,658161770
004100,태양금속,1375,1350,-25,-1.82,105109,142077410
004105,태양금속우,2430,2390,-40,-1.65,10786,25984495
009410,태영건설,10950,11400,450,4.11,209341,2348794550
009415,태영건설우,12100,12050,-50,-0.41,3791,45766450
001420,태원물산,6440,6020,-420,-6.52,134993,827792830
007980,태평양물산,2320,2255,-65,-2.8,211008,478207955
055490,테이팩스,75000,72700,-2300,-3.07,39844,2893135400
078000,텔코웨어,10850,10800,-50,-0.46,3494,37832400
214420,토니모리,4275,3975,-300,-7.02,377797,1522781090
019180,티에이치엔,4485,4390,-95,-2.12,559299,2512170820
363280,티와이홀딩스,27750,27550,-200,-0.72,35654,988319600
36328K,티와이홀딩스우,23300,23100,-200,-0.86,1757,40482350
091810,티웨이항공,3220,3140,-80,-2.48,237967,746781055
004870,티웨이홀딩스,965,726,-239,-24.77,10167769,7780222539
005690,파미셀,12800,12800,0,0.0,310706,3972485450
036580,팜스코,6750,6710,-40,-0.59,162255,1086084320
004720,팜젠사이언스,10300,10100,-200,-1.94,133444,1363030000
028670,팬오션,5640,5800,160,2.84,4533942,26108327730
010820,퍼스텍,3200,3070,-130,-4.06,6145902,18580626785
016800,퍼시스,34850,34950,100,0.29,1478,51584350
001020,페이퍼코리아,1715,1680,-35,-2.04,88207,149334380
090080,평화산업,1715,1710,-5,-0.29,196413,333655640
010770,평화홀딩스,4365,4300,-65,-1.49,29533,126709515
058430,포스코강판,59600,58000,-1600,-2.68,53411,3146409500
047050,포스코인터내셔널,22850,22850,0,0.0,521533,11982802300
003670,포스코케미칼,133500,130500,-3000,-2.25,301408,39202736000
007630,폴루스바이오팜,1225,1225,0,0.0,0,0
017810,풀무원,16950,17000,50,0.29,53379,910235450
103140,풍산,32450,32250,-200,-0.62,79116,2554279850
005810,풍산홀딩스,28900,29150,250,0.87,25006,731905350
950210,프레스티지바이오파마,19950,19400,-550,-2.76,113711,2227193750
009810,플레이그램,2545,2435,-110,-4.32,1214837,2999635910
086790,하나금융지주,43450,45400,1950,4.49,2740119,122461639900
293480,하나제약,20750,20050,-700,-3.37,50001,1011614900
039130,하나투어,74800,73000,-1800,-2.41,56542,4151937600
153360,하이골드3호,2670,2670,0,0.0,52421,140350920
352820,하이브,302500,295500,-7000,-2.31,275890,80737802500
071090,하이스틸,2965,2955,-10,-0.34,122579,364475775
019490,하이트론,4155,4000,-155,-3.73,39609,160933695
000080,하이트진로,30750,30550,-200,-0.65,130783,3999246750
000087,하이트진로2우B,19050,18900,-150,-0.79,462,8733150
000140,하이트진로홀딩스,12400,12450,50,0.4,12125,150359900
000145,하이트진로홀딩스우,15200,15050,-150,-0.99,90,1359950
152550,한국ANKOR유전,1620,1620,0,0.0,49279,79631980
036460,한국가스공사,37500,37150,-350,-0.93,118128,4393840850
005430,한국공항,43400,43000,-400,-0.92,3092,132858400
071050,한국금융지주,78800,80600,1800,2.28,209255,16766468000
071055,한국금융지주우,64200,64300,100,0.16,12423,797915700
010040,한국내화,3605,3595,-10,-0.28,21468,76739420
025540,한국단자,73000,71100,-1900,-2.6,28713,2046413200
004090,한국석유,11100,10950,-150,-1.35,25644,280684150
002200,한국수출포장,25700,25700,0,0.0,3407,87369850
002960,한국쉘석유,251000,250000,-1000,-0.4,1550,386912500
000240,한국앤컴퍼니,15250,15050,-200,-1.31,64877,976000850
123890,한국자산신탁,4030,4070,40,0.99,226294,912534355
015760,한국전력,21650,21500,-150,-0.69,798666,17227182950
006200,한국전자홀딩스,2145,2070,-75,-3.5,482443,1005895120
009540,한국조선해양,100500,102500,2000,1.99,301734,30665854100
023350,한국종합기술,7410,7310,-100,-1.35,36352,267823280
025890,한국주강,5270,5080,-190,-3.61,89670,457163760
000970,한국주철관,9180,9180,0,0.0,18482,169127260
104700,한국철강,8290,8160,-130,-1.57,125969,1036626690
017960,한국카본,11850,12200,350,2.95,1781021,21761567450
161890,한국콜마,39300,38650,-650,-1.65,81976,3156019800
024720,한국콜마홀딩스,20300,19950,-350,-1.72,21833,436111250
161390,한국타이어앤테크놀로지,40200,39750,-450,-1.12,140738,5599645300
034830,한국토지신탁,2595,2570,-25,-0.96,702732,1799193915
007280,한국특강,3295,3330,35,1.06,87045,293910680
168490,한국패러랠,2145,2150,5,0.23,225872,486558270
010100,한국프랜지,2820,2730,-90,-3.19,169900,468431895
047810,한국항공우주,33800,33800,0,0.0,945691,32297685250
123690,한국화장품,9000,8780,-220,-2.44,18436,162176880
003350,한국화장품제조,26900,26650,-250,-0.93,8373,220081550
011500,한농화성,16300,15700,-600,-3.68,211056,3317236550
002390,한독,22400,22150,-250,-1.12,26828,592973650
014790,한라,5880,6080,200,3.4,715273,4296399330
060980,한라홀딩스,46200,46000,-200,-0.43,26129,1199530900
053690,한미글로벌,12300,11950,-350,-2.85,94699,1133057700
042700,한미반도체,36000,35250,-750,-2.08,197676,6955793700
008930,한미사이언스,50900,50000,-900,-1.77,128150,6423238550
128940,한미약품,264000,262500,-1500,-0.57,19332,5102240000
009240,한샘,89000,86600,-2400,-2.7,88697,7699971700
020000,한섬,36200,36600,400,1.1,41065,1493959450
003680,한성기업,6470,6460,-10,-0.15,22023,142554480
105630,한세실업,23250,23350,100,0.43,354650,8382603800
069640,한세엠케이,4100,5330,1230,30.0,4908543,24759295630
016450,한세예스24홀딩스,7230,7180,-50,-0.69,64461,462946190
010420,한솔PNS,1970,1995,25,1.27,119121,235289200
009180,한솔로지스틱스,3910,3820,-90,-2.3,218693,839346275
213500,한솔제지,13600,13400,-200,-1.47,51610,695706500
014680,한솔케미칼,281000,273000,-8000,-2.85,54141,14867485000
004710,한솔테크닉스,7710,7640,-70,-0.91,130330,995183400
004150,한솔홀딩스,3535,3520,-15,-0.42,280741,991395675
025750,한솔홈데코,1765,1725,-40,-2.27,621228,1077202405
004960,한신공영,17050,18550,1500,8.8,332792,6030491200
011700,한신기계,3605,3920,315,8.74,15827528,62496446325
001750,한양증권,14950,14800,-150,-1.0,34837,513216550
001755,한양증권우,19300,18950,-350,-1.81,431,8216600
018880,한온시스템,13250,12750,-500,-3.77,1375147,17652440350
009420,한올바이오파마,20100,19850,-250,-1.24,142274,2818556850
014130,한익스프레스,6170,6260,90,1.46,56112,348144520
300720,한일시멘트,21950,22000,50,0.23,1219763,27231051200
002220,한일철강,2815,2940,125,4.44,212187,618405610
006390,한일현대시멘트,35350,34950,-400,-1.13,26222,916659850
003300,한일홀딩스,13250,13100,-150,-1.13,11630,152266000
051600,한전KPS,36100,36300,200,0.55,294082,10749225050
052690,한전기술,77300,78800,1500,1.94,1311379,106749466500
130660,한전산업,11650,12100,450,3.86,902833,11025125350
002320,한진,32300,32900,600,1.86,62953,2053986700
097230,한진중공업,7720,7920,200,2.59,66536,524092420
003480,한진중공업홀딩스,4135,4060,-75,-1.81,27460,111999785
180640,한진칼,58400,58200,-200,-0.34,45976,2670085500
18064K,한진칼우,35200,34800,-400,-1.14,340,11845550
005110,한창,1025,1005,-20,-1.95,591601,595289490
009460,한창제지,2220,2180,-40,-1.8,7415595,17170137405
372910,한컴라이프케어,8860,8680,-180,-2.03,123182,1075689910
000880,한화,31150,31200,50,0.16,210625,6568402600
00088K,한화3우B,16000,15950,-50,-0.31,46701,742494500
088350,한화생명,3155,3325,170,5.39,7132005,23438828775
000370,한화손해보험,3955,4130,175,4.42,1051031,4316159615
009830,한화솔루션,36600,38250,1650,4.51,3081659,117557736250
009835,한화솔루션우,36900,38050,1150,3.12,14264,544556900
272210,한화시스템,16850,17050,200,1.19,1222380,20826550100
012450,한화에어로스페이스,50100,51100,1000,2.0,564438,28839627600
000885,한화우,39050,39300,250,0.64,282,10952900
003530,한화투자증권,5930,5720,-210,-3.54,2257190,13117778880
003535,한화투자증권우,12700,12400,-300,-2.36,17893,222375150
195870,해성디에스,51100,51700,600,1.17,629492,32928237900
101530,해태제과식품,7800,7720,-80,-1.03,5518,42729460
143210,핸즈코퍼레이션,5200,5190,-10,-0.19,18999,98027780
000720,현대건설,46850,45900,-950,-2.03,791120,36528469100
267270,현대건설기계,44500,46250,1750,3.93,379789,17615373350
000725,현대건설우,75600,74800,-800,-1.06,4902,366892300
005440,현대그린푸드,8420,8460,40,0.48,117146,988436980
086280,현대글로비스,184000,181500,-2500,-1.36,151047,27746581500
042670,현대두산인프라코어,7010,7000,-10,-0.14,1053712,7396400290
064350,현대로템,21400,21550,150,0.7,1177965,25619054650
079430,현대리바트,15200,15200,0,0.0,30193,456761000
012330,현대모비스,269500,262000,-7500,-2.78,309752,81869220000
010620,현대미포조선,82400,81700,-700,-0.85,367057,30315110300
069960,현대백화점,74300,73000,-1300,-1.75,71655,5213530000
004560,현대비앤지스틸,17600,16950,-650,-3.69,201004,3489892000
004565,현대비앤지스틸우,66500,66200,-300,-0.45,258,17112800
004310,현대약품,6260,6220,-40,-0.64,1011297,6424911570
322000,현대에너지솔루션,20950,20700,-250,-1.19,21174,439672900
017800,현대엘리베이,40850,40500,-350,-0.86,111760,4527864200
307950,현대오토에버,139500,135000,-4500,-3.23,132085,17947759000
011210,현대위아,82000,78600,-3400,-4.15,270721,21521767600
267260,현대일렉트릭,20800,20500,-300,-1.44,105781,2166904050
004020,현대제철,44900,44800,-100,-0.22,597159,26907134900
329180,현대중공업,112000,111500,-500,-0.45,432107,48718379500
267250,현대중공업지주,55500,55100,-400,-0.72,97975,5415247000
005380,현대차,215000,209500,-5500,-2.56,744261,157183962000
005387,현대차2우B,101000,100500,-500,-0.5,51838,5199639000
005389,현대차3우B,94700,93400,-1300,-1.37,8316,781107200
005385,현대차우,100000,98300,-1700,-1.7,31551,3101321300
001500,현대차증권,12000,11950,-50,-0.42,38297,458429100
011760,현대코퍼레이션,16700,16500,-200,-1.2,18716,308499050
227840,현대코퍼레이션홀딩스,11650,11500,-150,-1.29,9699,111945100
126560,현대퓨처넷,4125,3995,-130,-3.15,241664,974651095
001450,현대해상,25450,26400,950,3.73,1067142,28138735600
057050,현대홈쇼핑,63500,63400,-100,-0.16,6514,412284500
093240,형지엘리트,3855,3560,-295,-7.65,438391,1590793895
003010,혜인,5810,5760,-50,-0.86,52111,300445060
111110,호전실업,10000,10050,50,0.5,35243,351882350
008770,호텔신라,77300,74400,-2900,-3.75,699036,51538672900
008775,호텔신라우,73600,72500,-1100,-1.49,3240,233570400
002460,화성산업,13100,13350,250,1.91,48067,632214850
378850,화승알앤에이,5040,4970,-70,-1.39,28803,143618065
241590,화승엔터프라이즈,16550,16950,400,2.42,222787,3711081000
006060,화승인더,6080,6030,-50,-0.82,117462,706505790
013520,화승코퍼레이션,2100,2050,-50,-2.38,71693,147005255
010690,화신,9270,9120,-150,-1.62,270031,2479828730
133820,화인베스틸,3155,3185,30,0.95,160871,510003745
010660,화천기계,2670,2675,5,0.19,133208,357399885
000850,화천기공,34100,34150,50,0.15,1857,63318700
016580,환인제약,17800,17750,-50,-0.28,28757,505884200
032560,황금에스티,8740,8690,-50,-0.57,43767,381134580
004800,효성,92300,92000,-300,-0.33,52823,4844219300
094280,효성ITX,19200,18700,-500,-2.6,34478,652665250
298040,효성중공업,57500,56500,-1000,-1.74,25797,1455252000
298050,효성첨단소재,567000,549000,-18000,-3.17,43051,23657596000
298020,효성티앤씨,599000,601000,2000,0.33,88528,52947156000
298000,효성화학,365000,365000,0,0.0,44773,16364856000
093370,후성,22150,22200,50,0.23,1279850,28068219600
081660,휠라홀딩스,34100,33600,-500,-1.47,257761,8750032950
005870,휴니드,8510,8530,20,0.24,270211,2321390350
079980,휴비스,8320,8230,-90,-1.08,31048,255730950
005010,휴스틸,16000,15300,-700,-4.38,62355,965802400
069260,휴켐스,23200,23200,0,0.0,183729,4271530000
000540,흥국화재,3795,3900,105,2.77,222721,859768880
000547,흥국화재2우B,27650,28000,350,1.27,427,11947100
000545,흥국화재우,8080,8250,170,2.1,5834,48390800
003280,흥아해운,2625,2525,-100,-3.81,517100,1306485190
