티커,종목명,시가,종가,변동폭,등락률,거래량,거래대금
095570,AJ네트웍스,5320,5320,0,0.0,183881,972403130
006840,AK홀딩스,19550,19750,200,1.02,16468,322889250
027410,BGF,5310,5290,-20,-0.38,100372,530783020
282330,BGF리테일,143500,142000,-1500,-1.05,29610,4189304500
138930,BNK금융지주,8390,8470,80,0.95,903737,7605871320
001460,BYC,456000,510000,54000,11.84,11009,5520284000
001465,BYC우,183000,198500,15500,8.47,2151,423283000
001040,CJ,84000,84000,0,0.0,27011,2254563400
079160,CJCGV,25150,24850,-300,-1.19,135248,3359941350
00104K,CJ4우전환,71300,71000,-300,-0.42,3631,257498200
000120,CJ대한통운,129000,129000,0,0.0,29849,3838820500
011150,CJ씨푸드,3865,3880,15,0.39,298623,1153749115
011155,CJ씨푸드1우,36300,36950,650,1.79,960,34254150
001045,CJ우,53400,53000,-400,-0.75,2652,139852400
097950,CJ제일제당,379500,379500,0,0.0,37341,14088851500
097955,CJ제일제당우,176000,176000,0,0.0,2282,399941500
000590,CS홀딩스,64500,64500,0,0.0,1894,121763200
012030,DB,971,980,9,0.93,919390,898024392
016610,DB금융투자,6620,6660,40,0.6,86434,570566700
005830,DB손해보험,54000,57000,3000,5.56,215902,12095025600
000990,DB하이텍,76900,76800,-100,-0.13,759653,58270049000
000995,DB하이텍1우,101000,100500,-500,-0.5,375,37451900
139130,DGB금융지주,9330,9390,60,0.64,233945,2188383650
001530,DI동일,266000,268000,2000,0.75,8317,2227767000
000210,DL,61400,63800,2400,3.91,83961,5244357300
001880,DL건설,27550,28100,550,2.0,27732,766260050
000215,DL우,37000,37100,100,0.27,2871,106675900
375500,DL이앤씨,122500,125500,3000,2.45,158399,19632943000
37550K,DL이앤씨우,70200,70900,700,1.0,5991,420265200
004840,DRB동일,5160,5140,-20,-0.39,17434,90570350
155660,DSR,5840,5970,130,2.23,205933,1214993140
069730,DSR제강,4845,4925,80,1.65,222235,1087206800
017940,E1,47650,47800,150,0.31,7236,346002650
365550,ESR켄달스퀘어리츠,6350,6270,-80,-1.26,264490,1672357880
383220,FF,945000,919000,-26000,-2.75,43775,40256966000
007700,FF홀딩스,33550,34100,550,1.64,44985,1517350550
114090,GKL,13200,13250,50,0.38,147630,1944011200
078930,GS,39400,39550,150,0.38,96773,3820685500
006360,GS건설,40050,41500,1450,3.62,501580,20463850900
001250,GS글로벌,2380,2475,95,3.99,701725,1701828820
007070,GS리테일,30200,30050,-150,-0.5,182226,5456249050
078935,GS우,34950,34850,-100,-0.29,2636,91873750
012630,HDC,10450,10600,150,1.44,101626,1067972300
039570,HDC랩스,12150,12150,0,0.0,33932,408129150
089470,HDC현대EP,5880,5920,40,0.68,43290,254352610
294870,HDC현대산업개발,23700,24650,950,4.01,483824,11708029300
011200,HMM,27300,27300,0,0.0,1215935,33105247700
082740,HSD엔진,8440,8710,270,3.2,685028,5898965910
003560,IHQ,1465,1445,-20,-1.37,690294,1001149825
175330,JB금융지주,8260,8370,110,1.33,230459,1912995950
234080,JW생명과학,14050,14050,0,0.0,16835,236657550
001060,JW중외제약,23100,23250,150,0.65,46029,1063620350
001067,JW중외제약2우B,60400,60600,200,0.33,74,4438800
001065,JW중외제약우,34150,33900,-250,-0.73,303,10217900
096760,JW홀딩스,3455,3475,20,0.58,41225,142394240
105560,KB금융,55300,56400,1100,1.99,927067,52023583600
002380,KCC,309000,387500,78500,25.4,548781,199488318000
344820,KCC글라스,58700,60900,2200,3.75,122483,7402283100
009070,KCTC,6270,6330,60,0.96,174280,1094963400
009440,KC그린홀딩스,4440,4695,255,5.74,273322,1255688025
119650,KC코트렐,6350,6450,100,1.57,89182,572464970
092220,KEC,3960,3880,-80,-2.02,47055883,191791370900
016380,KG동부제철,10750,11500,750,6.98,756468,8525011200
016385,KG동부제철우,95800,95800,0,0.0,98,9345800
001390,KG케미칼,30600,31000,400,1.31,80433,2494501850
033180,KH필룩스,2630,2615,-15,-0.57,515355,1339535735
001940,KISCO홀딩스,14450,14900,450,3.11,33180,488582800
025000,KPX케미칼,53300,53100,-200,-0.38,2617,138520200
092230,KPX홀딩스,63400,63800,400,0.63,1635,103536100
000040,KR모터스,876,899,23,2.63,646873,576133687
044450,KSS해운,11650,11600,-50,-0.43,53444,616583100
030200,KT,30350,30100,-250,-0.82,1102428,33208355150
033780,KTG,79000,78400,-600,-0.76,424322,33284551800
030210,KTB투자증권,5200,5400,200,3.85,665236,3474743660
058850,KTcs,2575,2585,10,0.39,107114,274239715
058860,KTis,2525,2525,0,0.0,78816,198807765
093050,LF,17150,17200,50,0.29,48768,833026950
003550,LG,81000,82400,1400,1.73,363062,29745154900
034220,LG디스플레이,24700,25800,1100,4.45,9587235,244865232950
051900,LG생활건강,1104000,1102000,-2000,-0.18,26830,29668927000
051905,LG생활건강우,615000,612000,-3000,-0.49,1947,1186735000
003555,LG우,63200,63400,200,0.32,4555,287925000
032640,LG유플러스,13650,13500,-150,-1.1,781542,10563005150
011070,LG이노텍,370500,349000,-21500,-5.8,700324,248584188500
066570,LG전자,139500,142000,2500,1.79,1419997,202237298500
066575,LG전자우,65200,66700,1500,2.3,73336,4886568700
037560,LG헬로비전,5560,5500,-60,-1.08,165320,912089990
051910,LG화학,618000,644000,26000,4.21,406952,259600987000
051915,LG화학우,286500,294500,8000,2.79,20218,5932934000
079550,LIG넥스원,69100,70900,1800,2.6,660583,46745284100
006260,LS,54500,55000,500,0.92,79441,4345433700
010120,LSELECTRIC,55600,55700,100,0.18,59395,3282062200
000680,LS네트웍스,3020,3020,0,0.0,28746,87083820
229640,LS전선아시아,7910,7900,-10,-0.13,24413,192846680
001120,LX인터내셔널,26400,27000,600,2.27,382720,10258813650
108670,LX하우시스,62500,64700,2200,3.52,91559,5829667400
108675,LX하우시스우,28750,29350,600,2.09,6044,175728100
383800,LX홀딩스,10150,10450,300,2.96,545873,5646889450
38380K,LX홀딩스1우,15450,15950,500,3.24,12269,190834600
023150,MH에탄올,10350,10300,-50,-0.48,66170,687523650
035420,NAVER,376000,365500,-10500,-2.79,803676,295844908000
181710,NHN,43450,42750,-700,-1.61,144133,6147043250
400760,NH올원리츠,5200,5190,-10,-0.19,149892,780274600
005940,NH투자증권,12200,12200,0,0.0,757712,9183356150
005945,NH투자증권우,11500,11600,100,0.87,57604,664329750
338100,NH프라임리츠,4775,4765,-10,-0.21,25034,119292815
034310,NICE,16150,16150,0,0.0,41055,660889350
008260,NI스틸,3385,3495,110,3.25,79552,274392790
004250,NPC,10650,11150,500,4.69,4439840,48287124250
004255,NPC우,5120,5160,40,0.78,596358,2976324905
010060,OCI,103500,106500,3000,2.9,273842,28963897500
178920,PI첨단소재,54800,54200,-600,-1.09,163348,8921436700
005490,POSCO,280000,286500,6500,2.32,347412,98733113500
010950,S-Oil,85900,90200,4300,5.01,444373,39580557700
010955,S-Oil우,54500,55300,800,1.47,7960,439233900
034120,SBS,49500,48400,-1100,-2.22,68601,3322766350
101060,SBS미디어홀딩스,1930,1930,0,0.0,0,0
005090,SGC에너지,47200,47200,0,0.0,29573,1383043950
001380,SG글로벌,1860,2100,240,12.9,11691518,24792429900
004060,SG세계물산,709,921,212,29.9,137177907,118932408296
001770,SHD,29900,29450,-450,-1.51,5040,148804900
002360,SH에너지화학,990,997,7,0.71,1353530,1341685353
009160,SIMPAC,6500,6500,0,0.0,127067,828235350
123700,SJM,4915,4970,55,1.12,34639,171491180
025530,SJM홀딩스,3715,3705,-10,-0.27,24495,90460065
034730,SK,255500,256000,500,0.2,147236,37492323000
011790,SKC,169500,170000,500,0.29,187522,32054987000
018670,SK가스,124500,125000,500,0.4,6423,801314500
001740,SK네트웍스,4960,4940,-20,-0.4,545569,2685437235
001745,SK네트웍스우,83200,73800,-9400,-11.3,3161,238534900
006120,SK디스커버리,46350,46550,200,0.43,79858,3709174250
006125,SK디스커버리우,35800,35800,0,0.0,1920,68424400
210980,SK디앤디,31700,31450,-250,-0.79,9173,288742950
068400,SK렌터카,10200,10300,100,0.98,32058,328357950
395400,SK리츠,6220,6150,-70,-1.13,297971,1838375750
302440,SK바이오사이언스,229500,223500,-6000,-2.61,395965,89089215000
326030,SK바이오팜,98400,97400,-1000,-1.02,133375,13023724700
402340,SK스퀘어,66500,70000,3500,5.26,3183183,217897361900
361610,SK아이이테크놀로지,164500,158500,-6000,-3.65,407633,65463390000
03473K,SK우,222500,222000,-500,-0.22,523,116055000
096770,SK이노베이션,248000,253500,5500,2.22,734846,185346092000
096775,SK이노베이션우,144000,147500,3500,2.43,9472,1392268000
001510,SK증권,984,998,14,1.42,2582992,2556487191
001515,SK증권우,3950,3950,0,0.0,4287,16919475
285130,SK케미칼,148500,146500,-2000,-1.35,68155,9999916000
28513K,SK케미칼우,87500,85900,-1600,-1.83,13032,1125365700
017670,SK텔레콤,57200,57200,0,0.0,957080,54195767300
000660,SK하이닉스,128500,128500,0,0.0,3622369,466570764500
064960,SNT모티브,48300,48000,-300,-0.62,39041,1866709550
100840,SNT에너지,18800,18600,-200,-1.06,8138,151877600
003570,SNT중공업,8900,8900,0,0.0,19638,174103890
036530,SNT홀딩스,17500,17450,-50,-0.29,5880,102140800
005610,SPC삼립,71000,70700,-300,-0.42,3848,271825600
011810,STX,4195,4450,255,6.08,767284,3376111305
077970,STX엔진,9470,9780,310,3.27,102503,1005016710
071970,STX중공업,4700,4880,180,3.83,299762,1440599675
002820,SUNL,5090,5060,-30,-0.59,66100,343553390
084870,TBH글로벌,2255,2295,40,1.77,66397,151122680
002710,TCC스틸,10400,10900,500,4.81,3486878,38835458500
002900,TYM,1825,1825,0,0.0,1188385,2152376510
024070,WISCOM,3475,3480,5,0.14,49730,172504410
037270,YGPLUS,8000,7870,-130,-1.63,621291,4893258640
000500,가온전선,24250,24150,-100,-0.41,5602,134710650
000860,강남제비스코,25150,26050,900,3.58,86644,2228957900
035250,강원랜드,24200,23950,-250,-1.03,426745,10251521550
011420,갤럭시아에스엠,3030,2930,-100,-3.3,653197,1936072230
002100,경농,12550,12650,100,0.8,38410,482830400
009450,경동나비엔,55500,54700,-800,-1.44,125553,6854907700
267290,경동도시가스,22450,22150,-300,-1.34,14115,312524650
012320,경동인베스트,35150,35150,0,0.0,950,33289350
000050,경방,13750,14050,300,2.18,17533,243528950
214390,경보제약,10800,10550,-250,-2.31,76031,805530800
012610,경인양행,6790,6740,-50,-0.74,199010,1342797570
009140,경인전자,35750,35350,-400,-1.12,20706,732031250
013580,계룡건설,33100,35050,1950,5.89,129889,4427783800
012200,계양전기,4050,4125,75,1.85,88661,362644455
012205,계양전기우,6970,6950,-20,-0.29,1031,7216300
002140,고려산업,2915,2945,30,1.03,59766,175141560
010130,고려아연,510000,511000,1000,0.2,25524,13073850000
002240,고려제강,19700,20150,450,2.28,94742,1904941100
009290,광동제약,7530,7530,0,0.0,76811,577627480
017040,광명전기,2585,2605,20,0.77,166135,427777470
017900,광전자,3280,3335,55,1.68,315455,1050555855
037710,광주신세계,178500,179000,500,0.28,1753,315309500
030610,교보증권,8290,8280,-10,-0.12,61409,505102770
339770,교촌에프앤비,16200,16200,0,0.0,51498,831869600
007690,국도화학,56500,59000,2500,4.42,53183,3073799400
005320,국동,2765,2755,-10,-0.36,285129,783749825
001140,국보,1540,1535,-5,-0.32,473324,726144015
002720,국제약품,6080,6050,-30,-0.49,128502,780427960
083420,그린케미칼,9340,9370,30,0.32,63510,593625090
014530,극동유화,3875,3880,5,0.13,154172,596995165
014280,금강공업,7860,8150,290,3.69,145756,1183441210
014285,금강공업우,12950,13300,350,2.7,3318,43326450
008870,금비,64800,64700,-100,-0.15,686,44277800
001570,금양,4980,4970,-10,-0.2,221578,1098847850
002990,금호건설,11600,11850,250,2.16,107719,1258881700
002995,금호건설우,31350,31250,-100,-0.32,444,13797250
011780,금호석유,167000,166500,-500,-0.3,142208,23538827500
011785,금호석유우,105500,104000,-1500,-1.42,38240,3996287000
214330,금호에이치티,2090,2125,35,1.67,816721,1723120320
001210,금호전기,3700,4020,320,8.65,1518427,5966757795
073240,금호타이어,4505,4510,5,0.11,403059,1804507895
092440,기신정기,4245,4290,45,1.06,25788,110026320
000270,기아,82600,83500,900,1.09,959153,80016235900
024110,기업은행,10350,10400,50,0.48,902538,9335370900
013700,까뮤이앤씨,2845,2950,105,3.69,5482050,15971163465
004540,깨끗한나라,4080,4095,15,0.37,69030,281017185
004545,깨끗한나라우,22750,22500,-250,-1.1,568,12761050
001260,남광토건,13750,13900,150,1.09,20642,285171750
008350,남선알미늄,2560,2560,0,0.0,1063050,2728124880
008355,남선알미우,23000,22850,-150,-0.65,632,14495800
004270,남성,3175,3195,20,0.63,198990,635340395
003920,남양유업,406000,404500,-1500,-0.37,1237,499796500
003925,남양유업우,200000,199500,-500,-0.25,150,29992000
025860,남해화학,10450,10450,0,0.0,173224,1810610150
005720,넥센,4600,4700,100,2.17,1281966,6299445935
005725,넥센우,3375,3700,325,9.63,1210367,4749254010
002350,넥센타이어,6950,7080,130,1.87,422945,2985155810
002355,넥센타이어1우B,3340,3440,100,2.99,293692,1021872155
003580,넥스트사이언스,24800,24650,-150,-0.6,1466848,36400101200
251270,넷마블,127500,123000,-4500,-3.53,323862,40048003500
090350,노루페인트,14900,14850,-50,-0.34,862337,12740222000
090355,노루페인트우,20600,20200,-400,-1.94,8162,163584950
000320,노루홀딩스,12700,13450,750,5.91,95842,1258715350
000325,노루홀딩스우,36800,36800,0,0.0,2975,108610200
006280,녹십자,224000,220000,-4000,-1.79,35082,7725175500
005250,녹십자홀딩스,27500,27150,-350,-1.27,53000,1439762150
005257,녹십자홀딩스2우,50200,49500,-700,-1.39,882,43785800
004370,농심,316000,311500,-4500,-1.42,29322,9106939000
072710,농심홀딩스,76100,75900,-200,-0.26,1823,138164400
058730,다스코,4860,4940,80,1.65,103900,513197495
023590,다우기술,22800,22950,150,0.66,92206,2115056900
145210,다이나믹디자인,504,511,7,1.39,2381822,1221339573
019680,대교,3880,3870,-10,-0.26,24502,94521650
019685,대교우B,2760,2725,-35,-1.27,29383,80542515
006370,대구백화점,11600,11600,0,0.0,4100,47182550
008060,대덕,7950,7930,-20,-0.25,182082,1439051200
00806K,대덕1우,10350,10350,0,0.0,7562,77835500
353200,대덕전자,24600,24050,-550,-2.24,1305960,31470633200
35320K,대덕전자1우,15200,14700,-500,-3.29,16601,247935250
000490,대동,11850,12000,150,1.27,1031706,12370378550
008110,대동전자,8400,8650,250,2.98,41777,354467770
005750,대림BCo,7550,7970,420,5.56,327938,2578574440
006570,대림통상,3525,3540,15,0.43,24781,90026380
001680,대상,23050,22800,-250,-1.08,94993,2170800000
001685,대상우,17250,17100,-150,-0.87,2075,35508800
084690,대상홀딩스,9640,9550,-90,-0.93,52507,498737140
084695,대상홀딩스우,12200,12050,-150,-1.23,13867,166000450
128820,대성산업,4665,4660,-5,-0.11,174941,816501545
117580,대성에너지,9440,9440,0,0.0,1466774,14045578240
016710,대성홀딩스,47250,47000,-250,-0.53,115895,5451101300
003540,대신증권,18450,18300,-150,-0.81,164235,3008920700
003547,대신증권2우B,14950,15250,300,2.01,19028,288429700
003545,대신증권우,15600,15750,150,0.96,76576,1205819800
009190,대양금속,5050,5060,10,0.2,223379,1118877895
014160,대영포장,2640,2625,-15,-0.57,1419106,3729070670
047040,대우건설,5870,5980,110,1.87,1311654,7771396760
009320,대우부품,2510,2480,-30,-1.2,267985,665770040
042660,대우조선해양,22950,23550,600,2.61,391279,9045464200
003090,대웅,31050,30900,-150,-0.48,63684,1960047800
069620,대웅제약,151500,147500,-4000,-2.64,24029,3586513500
000430,대원강업,3725,3735,10,0.27,61477,228603725
006340,대원전선,1735,1745,10,0.58,486733,848850225
006345,대원전선우,2935,2965,30,1.02,2113,6203730
003220,대원제약,16850,17150,300,1.78,313867,5356613000
024890,대원화성,4200,4200,0,0.0,1457105,6217864455
002880,대유에이텍,1305,1300,-5,-0.38,892718,1160983165
000300,대유플러스,1295,1280,-15,-1.16,1206368,1550192665
012800,대창,1860,1855,-5,-0.27,503210,931455460
015230,대창단조,8050,8140,90,1.12,47265,382044180
001070,대한방직,47800,47800,0,0.0,152456,7284884650
006650,대한유화,180500,184500,4000,2.22,41123,7483817000
001440,대한전선,1800,1795,-5,-0.28,4273980,7689051455
084010,대한제강,15900,17200,1300,8.18,342098,5686173750
001790,대한제당,3000,3005,5,0.17,180510,541281810
001795,대한제당우,3115,3130,15,0.48,34995,108837020
001130,대한제분,154500,159500,5000,3.24,3597,561838000
003490,대한항공,29500,29100,-400,-1.36,1110605,32370120750
003495,대한항공우,37300,37200,-100,-0.27,2666,99279450
005880,대한해운,2625,2565,-60,-2.29,1730624,4463925950
003830,대한화섬,122500,125500,3000,2.45,622,77397000
016090,대현,2260,2270,10,0.44,129869,293742055
069460,대호에이엘,3420,3450,30,0.88,219142,752027965
192080,더블유게임즈,59200,58700,-500,-0.84,126994,7459645400
012510,더존비즈온,73400,72600,-800,-1.09,67021,4877383600
004830,덕성,15500,15500,0,0.0,880219,13642070100
004835,덕성우,17250,17150,-100,-0.58,61831,1057646750
024900,덕양산업,3310,3340,30,0.91,87307,289431320
145720,덴티움,72000,77200,5200,7.22,592970,45624846900
002150,도화엔지니어링,7590,7610,20,0.26,14626,110941090
001230,동국제강,16100,17150,1050,6.52,1427560,23976729050
023450,동남합성,63000,62800,-200,-0.32,1285,81365400
004140,동방,4075,4115,40,0.98,1098205,4499390755
007590,동방아그로,7180,7150,-30,-0.42,83498,598283850
005960,동부건설,14450,14400,-50,-0.35,71177,1023014500
005965,동부건설우,40250,40950,700,1.74,2381,96037000
026960,동서,30550,30150,-400,-1.31,99107,2988043250
002210,동성제약,8310,8340,30,0.36,24554,203954750
102260,동성케미컬,4790,4800,10,0.21,86419,413035155
000640,동아쏘시오홀딩스,113000,115500,2500,2.21,11339,1304617500
170900,동아에스티,71200,71100,-100,-0.14,14651,1037957800
028100,동아지질,18600,18650,50,0.27,53609,998255000
282690,동아타이어,12350,12400,50,0.4,13116,161622800
001520,동양,1455,1510,55,3.78,1498904,2219668045
001527,동양2우B,15700,15550,-150,-0.96,4313,66076450
001529,동양3우B,32400,30250,-2150,-6.64,6829,206643300
084670,동양고속,17600,17650,50,0.28,1630,28643400
082640,동양생명,6630,6680,50,0.75,101282,673190170
001525,동양우,7790,7890,100,1.28,570,4443860
008970,동양철관,1285,1310,25,1.95,649605,844548670
092780,동양피스톤,6260,6410,150,2.4,105821,670411860
049770,동원FB,194000,193500,-500,-0.26,3526,679114500
018500,동원금속,942,955,13,1.38,79449,75729226
006040,동원산업,226000,224500,-1500,-0.66,1460,327864000
030720,동원수산,9520,9560,40,0.42,33038,315529560
014820,동원시스템즈,50300,50000,-300,-0.6,37579,1889577000
014825,동원시스템즈우,33700,33750,50,0.15,66,2227450
163560,동일고무벨트,7500,7490,-10,-0.13,4825,36067360
004890,동일산업,149000,150000,1000,0.67,44681,6570122500
002690,동일제강,2915,2960,45,1.54,33476,97997095
000020,동화약품,14950,14900,-50,-0.33,235805,3507058650
000150,두산,123000,121000,-2000,-1.63,42740,5191912000
000157,두산2우B,103000,101500,-1500,-1.46,645,65764000
241560,두산밥캣,40600,41650,1050,2.59,200844,8258818350
000155,두산우,81300,80400,-900,-1.11,2368,188637900
034020,두산중공업,20950,20650,-300,-1.43,2509924,51746438500
336260,두산퓨얼셀,48000,47650,-350,-0.73,361839,17241261650
33626K,두산퓨얼셀1우,14500,14450,-50,-0.34,17518,251777100
33626L,두산퓨얼셀2우B,17550,17500,-50,-0.28,1753,30590200
016740,두올,4310,4360,50,1.16,225527,976669690
192650,드림텍,12400,12200,-200,-1.61,644043,7874602300
024090,디씨엠,24600,25050,450,1.83,133831,3283972400
003160,디아이,10000,9800,-200,-2.0,1026946,10289098870
092200,디아이씨,5750,5900,150,2.61,3487897,20486749350
377190,디앤디플랫폼리츠,5390,5380,-10,-0.19,207001,1109463170
013570,디와이,6540,6790,250,3.82,655444,4383301810
210540,디와이파워,13100,13350,250,1.91,83763,1108725800
007340,디티알오토모티브,74000,77100,3100,4.19,73769,5659224200
026890,디피씨,14650,14500,-150,-1.02,255379,3704566450
115390,락앤락,12150,12050,-100,-0.82,101066,1212772550
032350,롯데관광개발,17750,17500,-250,-1.41,263085,4629590000
089860,롯데렌탈,37950,38200,250,0.66,71713,2726676100
330590,롯데리츠,5520,5460,-60,-1.09,379292,2083477680
000400,롯데손해보험,1600,1615,15,0.94,167020,268597740
023530,롯데쇼핑,86400,88400,2000,2.31,81980,7183131200
004000,롯데정밀화학,73000,74800,1800,2.47,152845,11309538600
286940,롯데정보통신,36400,37800,1400,3.85,241471,9117055200
280360,롯데제과,120000,120500,500,0.42,315,38131500
004990,롯데지주,29850,29800,-50,-0.17,90793,2699245400
00499K,롯데지주우,47250,46350,-900,-1.9,97,4510250
005300,롯데칠성,131000,132500,1500,1.15,15738,2055411000
005305,롯데칠성우,69000,68800,-200,-0.29,525,36235200
011170,롯데케미칼,217000,220000,3000,1.38,98345,21450369000
002270,롯데푸드,345000,341500,-3500,-1.01,775,265535000
071840,롯데하이마트,25000,24950,-50,-0.2,31696,790220800
027740,마니커,1180,1180,0,0.0,314744,369483820
204320,만도,62900,64900,2000,3.18,804182,51790001300
001080,만호제강,22450,22900,450,2.0,7965,180870200
088980,맥쿼리인프라,14100,13900,-200,-1.42,1143374,16000036850
094800,맵스리얼티1,4700,4680,-20,-0.43,66770,312406520
138040,메리츠금융지주,45500,48000,2500,5.49,695595,33050804050
008560,메리츠증권,5180,5290,110,2.12,1453497,7604175390
000060,메리츠화재,34500,37150,2650,7.68,589641,21562177100
090370,메타랩스,944,975,31,3.28,193325,185604347
017180,명문제약,4715,4660,-55,-1.17,84643,394846160
009900,명신산업,29800,29850,50,0.17,876644,26425104000
012690,모나리자,3865,3870,5,0.13,54605,210654430
005360,모나미,4600,4710,110,2.39,385425,1802313995
204210,모두투어리츠,4830,4800,-30,-0.62,25539,122778170
009680,모토닉,10550,10500,-50,-0.47,25565,268363750
009580,무림PP,4460,4420,-40,-0.9,109911,484356385
009200,무림페이퍼,2545,2570,25,0.98,60652,154738795
033920,무학,8700,8770,70,0.8,14914,129351190
008420,문배철강,3800,3940,140,3.68,113289,438573230
025560,미래산업,14450,14500,50,0.35,38016,549357750
007120,미래아이앤지,465,492,27,5.81,3174558,1561195181
396690,미래에셋글로벌리츠,5490,5490,0,0.0,125445,687393100
357250,미래에셋맵스리츠,4850,4860,10,0.21,27731,134746855
085620,미래에셋생명,3995,4010,15,0.38,89959,357856310
006800,미래에셋증권,8550,8560,10,0.12,1001170,8519788220
00680K,미래에셋증권2우B,4600,4655,55,1.2,248740,1154566280
006805,미래에셋증권우,5580,5610,30,0.54,16927,94388850
002840,미원상사,201500,205500,4000,1.99,3782,764581000
268280,미원에스씨,218000,215500,-2500,-1.15,3445,739468000
107590,미원홀딩스,150000,149000,-1000,-0.67,1511,223954500
134380,미원화학,79400,80600,1200,1.51,24,1922900
003650,미창석유,79100,79000,-100,-0.13,209,16481300
155900,바다로19호,2970,2975,5,0.17,64166,190312045
003610,방림,2665,2660,-5,-0.19,79527,211195655
001340,백광산업,5200,5500,300,5.77,3023566,16453938030
035150,백산,9050,9830,780,8.62,2118881,20453682330
002410,범양건영,6630,7060,430,6.49,1742211,12055742070
096300,베트남개발1,166,170,4,2.41,410918,69134081
007210,벽산,4070,4095,25,0.61,922267,3763029525
002760,보락,2010,2030,20,1.0,252394,509582620
003850,보령제약,14700,14700,0,0.0,158722,2323080600
000890,보해양조,912,929,17,1.86,909037,846652245
003000,부광약품,12950,12700,-250,-1.93,393213,5017764600
001270,부국증권,24450,24200,-250,-1.02,5821,141188450
001275,부국증권우,21900,21950,50,0.23,247,5422550
026940,부국철강,4320,4345,25,0.58,144183,623208260
015350,부산가스,84400,84400,0,0.0,0,0
011390,부산산업,101500,104500,3000,2.96,3054,314700500
005030,부산주공,591,593,2,0.34,77564,45923485
002070,비비안,3030,3030,0,0.0,140245,422415455
100220,비상교육,7810,7760,-50,-0.64,38600,299001070
030790,비케이탑스,4795,5450,655,13.66,13451754,74387020585
005180,빙그레,53000,52900,-100,-0.19,6580,347402900
003960,사조대림,26550,27900,1350,5.08,83271,2302432400
008040,사조동아원,1110,1110,0,0.0,301484,332268645
007160,사조산업,47500,48100,600,1.26,7570,356866600
014710,사조씨푸드,5620,5630,10,0.18,113509,637312730
006090,사조오양,9310,9430,120,1.29,12667,117524640
001470,삼부토건,2445,2465,20,0.82,4778574,11708785245
006400,삼성SDI,650000,649000,-1000,-0.15,209259,135854816000
006405,삼성SDI우,342500,343500,1000,0.29,2323,792036000
006660,삼성공조,16300,16150,-150,-0.92,84033,1351972250
028260,삼성물산,117500,117500,0,0.0,327267,38128493000
02826K,삼성물산우B,109500,107500,-2000,-1.83,1633,176282000
207940,삼성바이오로직스,911000,888000,-23000,-2.52,71100,63381534000
032830,삼성생명,64500,64800,300,0.47,234268,15064444300
018260,삼성에스디에스,156500,156500,0,0.0,88751,13794330000
028050,삼성엔지니어링,22900,23200,300,1.31,911070,20839215900
009150,삼성전기,194500,192000,-2500,-1.29,535381,103219596500
009155,삼성전기우,102500,102000,-500,-0.49,7952,809889000
005930,삼성전자,78600,78700,100,0.13,12427416,977990613000
005935,삼성전자우,71400,71700,300,0.42,590520,42233569900
001360,삼성제약,4970,4995,25,0.5,190956,948976770
010140,삼성중공업,5680,5740,60,1.06,3030210,17215888800
010145,삼성중공우,215500,214000,-1500,-0.7,275,58871000
016360,삼성증권,44200,44450,250,0.57,463133,20435672950
068290,삼성출판사,33400,33550,150,0.45,36896,1236969600
029780,삼성카드,31300,31200,-100,-0.32,143091,4468870850
000810,삼성화재,204500,207000,2500,1.22,112514,22982093000
000815,삼성화재우,157000,160000,3000,1.91,12297,1938735500
006110,삼아알미늄,27700,27900,200,0.72,125569,3477788500
145990,삼양사,62500,62500,0,0.0,20648,1282734000
145995,삼양사우,40100,40100,0,0.0,142,5694200
003230,삼양식품,96300,96300,0,0.0,54718,5249878600
002170,삼양통상,57900,58000,100,0.17,2743,158384500
272550,삼양패키징,24850,25400,550,2.21,29797,756552000
000070,삼양홀딩스,97300,98500,1200,1.23,10913,1061376500
000075,삼양홀딩스우,68600,68200,-400,-0.58,474,32114900
002810,삼영무역,14400,14350,-50,-0.35,21829,312832400
005680,삼영전자,11300,11300,0,0.0,36040,405547500
003720,삼영화학,2990,3010,20,0.67,111256,333642050
023000,삼원강재,3155,3135,-20,-0.63,57893,180647750
004380,삼익THK,13200,13550,350,2.65,276534,3727845650
002450,삼익악기,1810,1810,0,0.0,303313,547595490
004440,삼일씨엔에스,9570,10450,880,9.2,180980,1845446640
000520,삼일제약,8390,8470,80,0.95,56347,474654800
009770,삼정펄프,29500,29500,0,0.0,427,12617550
005500,삼진제약,25950,25750,-200,-0.77,39065,1002505900
004690,삼천리,91000,93600,2600,2.86,9125,844155500
010960,삼호개발,5160,5180,20,0.39,44150,227838910
004450,삼화왕관,43150,43200,50,0.12,429,18543300
009470,삼화전기,30600,30300,-300,-0.98,21519,653554100
011230,삼화전자,4175,4220,45,1.08,51321,215265835
001820,삼화콘덴서,60500,59600,-900,-1.49,43244,2591973300
000390,삼화페인트,9200,9350,150,1.63,28977,270073150
001290,상상인증권,1195,1185,-10,-0.84,136613,162364465
041650,상신브레이크,3820,3865,45,1.18,33318,127895340
075180,새론오토모티브,5440,5440,0,0.0,2774,15010540
007540,샘표,42400,42750,350,0.83,2007,85142950
248170,샘표식품,46100,46150,50,0.11,5081,232719900
007860,서연,12450,12250,-200,-1.61,496202,6124022300
200880,서연이화,7060,7080,20,0.28,99338,700752350
017390,서울가스,166500,166000,-500,-0.3,7452,1237031500
004410,서울식품,333,326,-7,-2.1,4054576,1327834781
004415,서울식품우,3975,3985,10,0.25,3321,13360805
021050,서원,1965,2010,45,2.29,251985,502563485
008490,서흥,43650,42750,-900,-2.06,19932,857723650
007610,선도전기,3535,3525,-10,-0.28,102357,358597560
136490,선진,11500,11750,250,2.17,131196,1520752650
014910,성문전자,2450,2495,45,1.84,66621,164202625
014915,성문전자우,9020,8930,-90,-1.0,1773,15830990
003080,성보화학,3980,3945,-35,-0.88,18992,75085685
004980,성신양회,16000,17300,1300,8.13,3473764,58991179950
004985,성신양회우,17100,17900,800,4.68,177858,3185147950
011300,성안,787,787,0,0.0,0,0
000180,성창기업지주,2485,2575,90,3.62,505637,1283407990
002420,세기상사,11000,11050,50,0.45,83787,923564950
004360,세방,12000,12000,0,0.0,46209,551307900
004365,세방우,7200,7220,20,0.28,2136,15237920
004490,세방전지,76000,75100,-900,-1.18,41087,3087127900
001430,세아베스틸,20150,20100,-50,-0.25,189365,3779910950
306200,세아제강,95900,96700,800,0.83,6872,655398200
003030,세아제강지주,100000,102500,2500,2.5,9649,983064400
019440,세아특수강,15450,15450,0,0.0,7487,116304950
058650,세아홀딩스,103500,106000,2500,2.42,431,45368500
013000,세우글로벌,1725,1730,5,0.29,308447,532845590
091090,세원이앤씨,1180,1185,5,0.42,1483374,1765689855
021820,세원정공,8090,8090,0,0.0,0,0
067830,세이브존IC,2970,3055,85,2.86,91236,280208865
033530,세종공업,8730,8760,30,0.34,138821,1215792730
075580,세진중공업,5950,6150,200,3.36,174733,1049056970
027970,세하,1650,1645,-5,-0.3,144834,237932585
308170,센트랄모텍,22700,23050,350,1.54,227695,5371617150
012600,센트럴인사이트,2490,2490,0,0.0,0,0
068270,셀트리온,198500,194500,-4000,-2.02,658570,128887232000
336370,솔루스첨단소재,87100,85900,-1200,-1.38,278488,24063090700
33637K,솔루스첨단소재1우,22850,23100,250,1.09,19229,445854850
33637L,솔루스첨단소재2우B,28000,28050,50,0.18,2192,61382100
248070,솔루엠,22600,23550,950,4.2,472083,10910654150
004430,송원산업,21150,22200,1050,4.96,673987,14661278400
017550,수산중공업,2950,2945,-5,-0.17,794739,2314946210
053210,스카이라이프,9060,8950,-110,-1.21,69911,626290600
134790,시디즈,61900,61600,-300,-0.48,2988,184229700
016590,신대양제지,86700,86000,-700,-0.81,6539,556046100
029530,신도리코,32800,33050,250,0.76,9618,316645600
004970,신라교역,13200,13100,-100,-0.76,9045,118640050
011930,신성이엔지,2165,2175,10,0.46,970401,2096299465
005390,신성통상,3365,3780,415,12.33,9727977,36242321525
004170,신세계,253000,254500,1500,0.59,31491,8008524500
035510,신세계IC,195500,191500,-4000,-2.05,7509,1441444000
034300,신세계건설,34750,34950,200,0.58,13063,452968150
031430,신세계인터내셔날,145500,145500,0,0.0,18156,2640765500
031440,신세계푸드,81600,81400,-200,-0.25,4246,344891900
006880,신송홀딩스,5210,5250,40,0.77,8832,46173730
005800,신영와코루,119000,119000,0,0.0,1014,120884000
001720,신영증권,60300,61400,1100,1.82,4624,280971800
001725,신영증권우,60500,60900,400,0.66,571,34711400
009270,신원,2770,2750,-20,-0.72,4430866,12263588135
009275,신원우,41050,39000,-2050,-4.99,3372,131694750
002700,신일전자,2100,2145,45,2.14,1616597,3442352950
019170,신풍제약,32150,31000,-1150,-3.58,933790,29147765000
019175,신풍제약우,39950,39100,-850,-2.13,12060,474410250
002870,신풍제지,2215,2215,0,0.0,122826,271958765
404990,신한서부티엔디리츠,4980,4985,5,0.1,158017,787946475
293940,신한알파리츠,8020,8010,-10,-0.12,106420,849035710
055550,신한지주,37250,37600,350,0.94,1128934,42246627850
004080,신흥,16600,16450,-150,-0.9,17429,293734850
102280,쌍방울,807,832,25,3.1,18439204,15180990079
003410,쌍용CE,7690,7900,210,2.73,1542207,12101104840
003620,쌍용차,2770,2770,0,0.0,0,0
004770,써니전자,4840,5100,260,5.37,22083868,111320074765
015540,쎌마테라퓨틱스,6410,6410,0,0.0,0,0
004920,씨아이테크,1430,1515,85,5.94,1140112,1659267930
112610,씨에스윈드,65200,66000,800,1.23,168446,11084798700
008700,아남전자,2395,2430,35,1.46,674354,1628716495
002790,아모레G,45000,44850,-150,-0.33,61785,2762777700
00279K,아모레G3우전환,33800,33650,-150,-0.44,3095,104311650
002795,아모레G우,17200,17250,50,0.29,8688,148927800
090430,아모레퍼시픽,168000,166500,-1500,-0.89,198915,33097043500
090435,아모레퍼시픽우,72900,72400,-500,-0.69,9479,687736000
002030,아세아,126000,134500,8500,6.75,9419,1244935500
183190,아세아시멘트,122000,139500,17500,14.34,129009,17558307500
002310,아세아제지,52600,52500,-100,-0.19,23754,1241216600
012170,아센디오,1380,1385,5,0.36,179480,246579030
267850,아시아나IDT,18000,17900,-100,-0.56,25596,454227600
020560,아시아나항공,20050,19750,-300,-1.5,354762,7014752450
122900,아이마켓코리아,10700,10750,50,0.47,61791,665220550
010780,아이에스동서,45350,45750,400,0.88,75673,3438924600
139990,아주스틸,19200,19050,-150,-0.78,185179,3546653450
001780,알루코,3495,3545,50,1.43,353359,1238889870
018250,애경산업,19100,19100,0,0.0,33751,644974700
161000,애경케미칼,10750,11300,550,5.12,319062,3551405300
011090,에넥스,2710,2715,5,0.18,2296432,6300197440
137310,에스디바이오센서,54400,56300,1900,3.49,639469,35778241500
005850,에스엘,31600,31700,100,0.32,140410,4466411100
012750,에스원,73800,72600,-1200,-1.63,57310,4176843400
023960,에쓰씨엔지니어링,3000,3025,25,0.83,205194,610543325
298690,에어부산,2290,2240,-50,-2.18,553162,1246789010
140910,에이리츠,8710,8800,90,1.03,11139,97294680
078520,에이블씨엔씨,6520,6500,-20,-0.31,21660,140081210
015260,에이엔피,2190,2120,-70,-3.2,95080,202396065
007460,에이프로젠MED,1635,1665,30,1.83,1809289,3011042475
003060,에이프로젠제약,897,899,2,0.22,417244,375351988
244920,에이플러스에셋,9050,9050,0,0.0,151784,1368650060
036570,엔씨소프트,667000,657000,-10000,-1.5,111602,73524514000
138250,엔에스쇼핑,12650,12900,250,1.98,28921,369192400
380440,엔에이치스팩19호,2070,2070,0,0.0,84036,173901810
085310,엔케이,1040,1060,20,1.92,301080,315631090
900140,엘브이엠씨홀딩스,3685,3670,-15,-0.41,301924,1105106475
097520,엠씨넥스,57100,55400,-1700,-2.98,358062,19986738100
014440,영보화학,4415,4510,95,2.15,81856,362713320
111770,영원무역,44150,44600,450,1.02,75563,3342972650
009970,영원무역홀딩스,46900,46900,0,0.0,13534,634326450
003520,영진약품,5390,5390,0,0.0,834690,4479978060
000670,영풍,653000,666000,13000,1.99,1252,828040000
006740,영풍제지,7700,7890,190,2.47,288090,2320174580
012280,영화금속,1670,1675,5,0.3,1078505,1802154930
012160,영흥,1060,1080,20,1.89,191953,205185425
015360,예스코홀딩스,35600,36250,650,1.83,1720,61571700
007310,오뚜기,451500,453000,1500,0.33,3092,1395471000
002630,오리엔트바이오,1235,1240,5,0.4,423550,524471225
271560,오리온,104000,102500,-1500,-1.44,71584,7330275000
001800,오리온홀딩스,15750,15750,0,0.0,91058,1426096450
011690,와이투솔루션,2440,2440,0,0.0,0,0
070960,용평리조트,4925,5100,175,3.55,181093,910363530
316140,우리금융지주,12800,13000,200,1.56,2130795,27465135600
118000,우리들휴브레인,1520,1525,5,0.33,251875,383723975
010050,우리종금,912,917,5,0.55,2963309,2712230146
006980,우성,28250,30400,2150,7.61,65288,1944940150
017370,우신시스템,4085,4115,30,0.73,124722,511562675
105840,우진,8270,8180,-90,-1.09,263043,2166263900
010400,우진아이엔에스,7140,7150,10,0.14,3999,28541630
049800,우진플라임,4575,4600,25,0.55,89916,411481125
016880,웅진,1710,1730,20,1.17,417341,717497870
095720,웅진씽크빅,3170,3195,25,0.79,189001,600422460
005820,원림,19150,19150,0,0.0,2647,50756750
010600,웰바이오텍,1775,1740,-35,-1.97,1227677,2178199290
008600,윌비스,1710,1740,30,1.75,438318,753011595
033270,유나이티드제약,46800,46250,-550,-1.18,245630,11559641400
014830,유니드,100000,108000,8000,8.0,129089,13620308500
000910,유니온,7520,7820,300,3.99,1436532,11111757620
047400,유니온머티리얼,3190,3235,45,1.41,1616136,5253273545
011330,유니켐,1280,1315,35,2.73,348080,452624955
077500,유니퀘스트,12550,12500,-50,-0.4,574211,7200930850
002920,유성기업,3135,3130,-5,-0.16,60308,187493215
000700,유수홀딩스,6230,6240,10,0.16,39129,243942590
003470,유안타증권,4000,4030,30,0.75,243968,976383025
003475,유안타증권우,3995,3965,-30,-0.75,63295,250155940
072130,유엔젤,5360,5410,50,0.93,189826,1023212540
000220,유유제약,7820,7770,-50,-0.64,146023,1132478910
000225,유유제약1우,9800,9770,-30,-0.31,14511,141060420
000227,유유제약2우B,18300,18750,450,2.46,2435,45623300
001200,유진투자증권,3605,3605,0,0.0,173076,621025505
000100,유한양행,63400,62200,-1200,-1.89,175424,10983155600
000105,유한양행우,59700,59700,0,0.0,882,52375700
003460,유화증권,2680,2690,10,0.37,26313,70341840
003465,유화증권우,2650,2675,25,0.94,1729,4603835
008730,율촌화학,27450,26650,-800,-2.91,125439,3359053750
008250,이건산업,11500,12100,600,5.22,166121,1977880150
025820,이구산업,3700,3700,0,0.0,231716,853752620
214320,이노션,54400,53800,-600,-1.1,63248,3395368100
088260,이리츠코크렙,5940,5910,-30,-0.51,66196,392613040
139480,이마트,150500,150500,0,0.0,79592,11951952000
007660,이수페타시스,6880,6740,-140,-2.03,3140815,21187954700
005950,이수화학,14250,14750,500,3.51,416257,6063409700
015020,이스타코,3080,3320,240,7.79,4927093,16731974660
093230,이아이디,306,304,-2,-0.65,6351100,1922734088
074610,이엔플러스,4870,5090,220,4.52,2795856,13789806435
102460,이연제약,36850,35850,-1000,-2.71,102022,3654334300
084680,이월드,2720,2680,-40,-1.47,1128062,3018225505
350520,이지스레지던스리츠,5230,5240,10,0.19,41178,215789820
334890,이지스밸류리츠,5870,5760,-110,-1.87,148228,857232810
000760,이화산업,15650,15950,300,1.92,3977,63069450
014990,인디에프,1275,1270,-5,-0.39,164452,206826115
101140,인바이오젠,3610,3550,-60,-1.66,558484,1983661185
006490,인스코비,3315,3305,-10,-0.3,604236,1993185520
023800,인지컨트롤스,15500,15500,0,0.0,70879,1102528300
034590,인천도시가스,26950,27300,350,1.3,745,20058950
129260,인터지스,3560,3760,200,5.62,657162,2459681925
023810,인팩,13350,13400,50,0.37,33024,438012650
249420,일동제약,35200,37500,2300,6.53,4464955,164452644650
000230,일동홀딩스,14900,14900,0,0.0,125847,1875884650
013360,일성건설,6150,6330,180,2.93,2635556,16633753290
003120,일성신약,73800,73900,100,0.14,648,48110200
003200,일신방직,106500,108500,2000,1.88,3219,346278000
007110,일신석재,2215,2250,35,1.58,520372,1155751920
007570,일양약품,28350,28100,-250,-0.88,49032,1378686150
007575,일양약품우,28650,28800,150,0.52,596,17105600
008500,일정실업,36350,37400,1050,2.89,34527,1259041350
081000,일진다이아,30400,30400,0,0.0,36788,1114825200
020760,일진디스플,2540,2540,0,0.0,60000,151622435
020150,일진머티리얼즈,131500,128500,-3000,-2.28,221399,28753873500
103590,일진전기,5320,5330,10,0.19,172535,917902070
271940,일진하이솔루스,54800,54600,-200,-0.36,136596,7496990100
015860,일진홀딩스,5510,5570,60,1.09,74861,416091370
226320,잇츠한불,17600,17500,-100,-0.57,8610,149475000
317400,자이에스앤디,9280,9450,170,1.83,99120,924170200
033240,자화전자,24950,26850,1900,7.62,1242619,32628406200
000950,전방,39950,40350,400,1.0,607,24262400
348950,제이알글로벌리츠,5350,5330,-20,-0.37,742859,3968033180
194370,제이에스코퍼레이션,21200,21350,150,0.71,46838,989081350
025620,제이준코스메틱,1110,1130,20,1.8,7889149,9179611725
036420,제이콘텐트리,59700,60300,600,1.01,678909,40987539600
030000,제일기획,22450,22200,-250,-1.11,174292,3884437200
271980,제일약품,33950,34700,750,2.21,86148,2950134100
001560,제일연마,8630,8270,-360,-4.17,57071,476360390
002620,제일파마홀딩스,16100,16350,250,1.55,9964,162059000
006220,제주은행,6070,6090,20,0.33,183725,1108918660
089590,제주항공,18200,18250,50,0.27,105919,1921396350
004910,조광페인트,8760,8880,120,1.37,57951,510552920
004700,조광피혁,53500,53500,0,0.0,538,28672800
001550,조비,21250,21400,150,0.71,25420,542186750
000480,조선내화,80900,80300,-600,-0.74,2205,177100600
120030,조선선재,110000,111000,1000,0.91,1968,215169500
018470,조일알미늄,2175,2270,95,4.37,6496108,14594437435
002600,조흥,189000,188500,-500,-0.26,587,110539000
185750,종근당,109500,109000,-500,-0.46,30011,3274207000
063160,종근당바이오,41050,40350,-700,-1.71,24146,981226200
001630,종근당홀딩스,77200,77400,200,0.26,7568,588476000
044380,주연테크,1325,1310,-15,-1.13,1329846,1752826075
013890,지누스,77800,76300,-1500,-1.93,71438,5448302100
013870,지엠비코리아,5940,5940,0,0.0,41682,247271330
071320,지역난방공사,37800,37750,-50,-0.13,3470,130675200
010580,지코,1530,1530,0,0.0,0,0
035000,지투알,7050,7210,160,2.27,74048,530284280
088790,진도,2815,2870,55,1.95,37916,107794345
003780,진양산업,8370,8650,280,3.35,523723,4551364290
010640,진양폴리,6790,6800,10,0.15,120195,823892620
100250,진양홀딩스,3670,3705,35,0.95,220618,820220225
051630,진양화학,5400,5520,120,2.22,126862,705522510
272450,진에어,17350,17600,250,1.44,195986,3414779400
011000,진원생명과학,17850,18100,250,1.4,2421470,43168558100
002780,진흥기업,2235,2255,20,0.89,992310,2220617375
002787,진흥기업2우B,15050,15050,0,0.0,1225,18226950
002785,진흥기업우B,6050,6070,20,0.33,665,4056070
009310,참엔지니어링,1300,1290,-10,-0.77,471847,608231840
000650,천일고속,66900,66200,-700,-1.05,221,14698800
033250,체시스,1225,1240,15,1.22,183232,225940400
035720,카카오,114500,111500,-3000,-2.62,2396207,268925764000
323410,카카오뱅크,59100,57300,-1800,-3.05,1221416,70503231500
377300,카카오페이,176500,169000,-7500,-4.25,320863,54524048000
006380,카프로,4775,4745,-30,-0.63,553880,2606062705
109070,컨버즈,4100,4100,0,0.0,0,0
001620,케이비아이동국실업,811,866,55,6.78,2095122,1820791464
029460,케이씨,23000,22750,-250,-1.09,32450,737824500
281820,케이씨텍,24300,24050,-250,-1.03,97468,2332654550
381970,케이카,32350,32500,150,0.46,339676,10749378400
145270,케이탑리츠,1415,1410,-5,-0.35,142088,199368390
357120,코람코에너지리츠,6520,6530,10,0.15,91850,597776790
007815,코리아써우,9480,9450,-30,-0.32,24150,225630510
007810,코리아써키트,31150,30250,-900,-2.89,850452,25613218300
00781K,코리아써키트2우B,10500,10150,-350,-3.33,5039,50630000
003690,코리안리,9180,9410,230,2.51,239459,2231376460
192820,코스맥스,87300,87600,300,0.34,55792,4865336100
044820,코스맥스비티아이,13550,13500,-50,-0.37,9619,128905700
005070,코스모신소재,44800,44650,-150,-0.33,311900,13971783650
005420,코스모화학,16100,16200,100,0.62,291456,4713560100
071950,코아스,1105,1120,15,1.36,293753,330524630
002020,코오롱,33050,32600,-450,-1.36,42735,1400779050
003070,코오롱글로벌,22900,23150,250,1.09,36007,828805500
003075,코오롱글로벌우,30750,30250,-500,-1.63,1465,44357400
002025,코오롱우,20900,20750,-150,-0.72,2070,43054300
120110,코오롱인더,71500,71800,300,0.42,130892,9399574900
120115,코오롱인더우,34350,34150,-200,-0.58,11589,395171350
138490,코오롱플라스틱,12700,12900,200,1.57,465384,6008235150
021240,코웨이,73400,73100,-300,-0.41,195377,14206314700
031820,콤텍시스템,944,939,-5,-0.53,869120,814228113
192400,쿠쿠홀딩스,18750,18550,-200,-1.07,30349,563721050
284740,쿠쿠홈시스,38600,38900,300,0.78,48078,1865758050
015590,큐로,450,456,6,1.33,716135,323321610
264900,크라운제과,9190,9160,-30,-0.33,11705,107375290
26490K,크라운제과우,12800,12600,-200,-1.56,6605,82534650
005740,크라운해태홀딩스,8520,8550,30,0.35,7312,62381570
005745,크라운해태홀딩스우,12750,12700,-50,-0.39,4348,54693550
259960,크래프톤,460000,444000,-16000,-3.48,232605,104104920500
020120,키다리스튜디오,16350,16350,0,0.0,102861,1680348950
039490,키움증권,107000,107000,0,0.0,64424,6865572500
014580,태경비케이,5040,5060,20,0.4,225020,1131744480
015890,태경산업,6710,6720,10,0.15,95553,639431750
006890,태경케미컬,12400,12700,300,2.42,39929,501412450
003240,태광산업,1029000,1097000,68000,6.61,1940,2088715000
011280,태림포장,4360,4385,25,0.57,107660,469817645
004100,태양금속,1355,1395,40,2.95,421031,585487115
004105,태양금속우,2495,2480,-15,-0.6,16768,41891525
009410,태영건설,10450,10500,50,0.48,81010,842545350
009415,태영건설우,12200,12000,-200,-1.64,2131,25721750
001420,태원물산,5650,5930,280,4.96,206502,1220581290
007980,태평양물산,2260,2315,55,2.43,264761,603997480
055490,테이팩스,78300,78000,-300,-0.38,24120,1865296400
078000,텔코웨어,10950,10950,0,0.0,4373,47816400
214420,토니모리,4755,4300,-455,-9.57,857970,3704612150
019180,티에이치엔,4330,4385,55,1.27,254239,1111350260
363280,티와이홀딩스,28200,28800,600,2.13,146832,4189776900
36328K,티와이홀딩스우,23150,23150,0,0.0,5608,130949200
091810,티웨이항공,3260,3200,-60,-1.84,352545,1126541295
004870,티웨이홀딩스,971,963,-8,-0.82,280268,266019875
005690,파미셀,13250,13050,-200,-1.51,339662,4447786950
036580,팜스코,6220,6630,410,6.59,586449,3841355440
004720,팜젠사이언스,10700,10600,-100,-0.93,103220,1098315100
028670,팬오션,5570,5580,10,0.18,1872407,10426344740
010820,퍼스텍,2805,2645,-160,-5.7,5020001,13718855580
016800,퍼시스,34950,34800,-150,-0.43,906,31481250
001020,페이퍼코리아,1690,1710,20,1.18,123740,208851270
090080,평화산업,1740,1755,15,0.86,242363,421390700
010770,평화홀딩스,4515,4515,0,0.0,2747,12299615
058430,포스코강판,56200,58100,1900,3.38,73510,4231321800
047050,포스코인터내셔널,22500,23350,850,3.78,1511763,35040967950
003670,포스코케미칼,143500,142000,-1500,-1.05,170073,24304515000
007630,폴루스바이오팜,1225,1225,0,0.0,0,0
017810,풀무원,17100,17000,-100,-0.58,52530,889561350
103140,풍산,31700,32500,800,2.52,188593,6071000750
005810,풍산홀딩스,27950,28500,550,1.97,12654,358647900
950210,프레스티지바이오파마,21300,21000,-300,-1.41,75977,1602161950
009810,플레이그램,2595,2570,-25,-0.96,1203590,3054210870
086790,하나금융지주,42350,42700,350,0.83,664584,28270508300
293480,하나제약,20100,20350,250,1.24,24940,504357400
039130,하나투어,75000,74200,-800,-1.07,62970,4696067700
153360,하이골드3호,2660,2670,10,0.38,66785,178005590
352820,하이브,350500,337500,-13000,-3.71,223248,75842565500
071090,하이스틸,2775,2860,85,3.06,108669,305858330
019490,하이트론,4090,4165,75,1.83,39324,162220110
000080,하이트진로,30250,30300,50,0.17,136812,4124786000
000087,하이트진로2우B,19300,18900,-400,-2.07,1159,22004500
000140,하이트진로홀딩스,12400,12500,100,0.81,16706,207751000
000145,하이트진로홀딩스우,15450,15500,50,0.32,395,6070800
152550,한국ANKOR유전,1605,1605,0,0.0,93392,149459715
036460,한국가스공사,38350,38250,-100,-0.26,227607,8632461800
005430,한국공항,44000,44150,150,0.34,7171,315525450
071050,한국금융지주,79800,79700,-100,-0.13,129143,10244239700
071055,한국금융지주우,64500,65300,800,1.24,14663,947896000
010040,한국내화,3515,3510,-5,-0.14,52156,182743880
025540,한국단자,75600,74200,-1400,-1.85,23878,1772049000
004090,한국석유,11300,11200,-100,-0.88,29166,327380550
002200,한국수출포장,25600,25700,100,0.39,10286,264419200
002960,한국쉘석유,255000,253000,-2000,-0.78,2524,638120500
000240,한국앤컴퍼니,15550,15700,150,0.96,87125,1362321450
123890,한국자산신탁,4075,4115,40,0.98,194383,793670440
015760,한국전력,22350,22000,-350,-1.57,1716725,37748945400
006200,한국전자홀딩스,2265,2235,-30,-1.32,1297119,2928311635
009540,한국조선해양,94000,98700,4700,5.0,406629,39206452600
023350,한국종합기술,7200,7330,130,1.81,46881,341662170
025890,한국주강,5370,5320,-50,-0.93,156841,827037390
000970,한국주철관,9170,9220,50,0.55,25329,232622830
104700,한국철강,7770,8030,260,3.35,127203,1005980230
017960,한국카본,10900,11200,300,2.75,602655,6656427900
161890,한국콜마,40200,40000,-200,-0.5,57715,2308594600
024720,한국콜마홀딩스,19700,19900,200,1.02,21782,429852450
161390,한국타이어앤테크놀로지,40950,40200,-750,-1.83,145003,5851740650
034830,한국토지신탁,2600,2625,25,0.96,921815,2408153305
007280,한국특강,3445,3495,50,1.45,122864,425655060
168490,한국패러랠,2130,2135,5,0.23,28236,60260660
010100,한국프랜지,2660,2705,45,1.69,106189,286586100
047810,한국항공우주,32900,33000,100,0.3,390519,12828608500
123690,한국화장품,8700,8680,-20,-0.23,7968,69138920
003350,한국화장품제조,26150,26150,0,0.0,4056,105259450
011500,한농화성,16450,17150,700,4.26,501901,8488188400
002390,한독,22850,22900,50,0.22,15090,344179800
014790,한라,5700,5850,150,2.63,327280,1877207400
060980,한라홀딩스,46050,46000,-50,-0.11,20915,959523000
053690,한미글로벌,12050,12100,50,0.41,114203,1361700500
042700,한미반도체,38150,37250,-900,-2.36,451151,16919534900
008930,한미사이언스,55500,54400,-1100,-1.98,85183,4670790700
128940,한미약품,285000,278000,-7000,-2.46,29957,8384130000
009240,한샘,93300,91600,-1700,-1.82,126773,11702595700
020000,한섬,35950,36300,350,0.97,54678,1972421950
003680,한성기업,6510,6520,10,0.15,32570,212278050
105630,한세실업,21900,22050,150,0.68,150456,3297916200
069640,한세엠케이,4030,4095,65,1.61,32926,133126090
016450,한세예스24홀딩스,7400,7400,0,0.0,6410,47264770
010420,한솔PNS,2010,2045,35,1.74,88923,180529730
009180,한솔로지스틱스,3980,4050,70,1.76,342412,1375337975
213500,한솔제지,13750,13750,0,0.0,47133,645846650
014680,한솔케미칼,297500,293000,-4500,-1.51,30829,9098093000
004710,한솔테크닉스,7760,7770,10,0.13,305442,2394677030
004150,한솔홀딩스,3555,3545,-10,-0.28,89689,316009990
025750,한솔홈데코,1695,1740,45,2.65,2893818,5023292195
004960,한신공영,15950,16700,750,4.7,131987,2169819700
011700,한신기계,3875,3840,-35,-0.9,1275972,4919083460
001750,한양증권,15250,15400,150,0.98,21907,334326100
001755,한양증권우,18950,18800,-150,-0.79,750,14141600
018880,한온시스템,13450,13650,200,1.49,671868,9119964500
009420,한올바이오파마,21550,21200,-350,-1.62,151102,3213894600
014130,한익스프레스,6310,6460,150,2.38,81379,521581790
300720,한일시멘트,21000,22150,1150,5.48,617263,13560459800
002220,한일철강,2740,2725,-15,-0.55,140299,380964185
006390,한일현대시멘트,33350,36300,2950,8.85,119637,4212556150
003300,한일홀딩스,13000,13300,300,2.31,22351,296543050
051600,한전KPS,38500,37600,-900,-2.34,230893,8730705150
052690,한전기술,88200,84400,-3800,-4.31,683700,58242681900
130660,한전산업,12400,12250,-150,-1.21,220311,2717291500
002320,한진,30050,32400,2350,7.82,159235,5012460200
097230,한진중공업,8000,7840,-160,-2.0,52725,414096840
003480,한진중공업홀딩스,4150,4170,20,0.48,19202,79564085
180640,한진칼,62200,60400,-1800,-2.89,61275,3722752000
18064K,한진칼우,35100,34900,-200,-0.57,250,8636450
005110,한창,1025,1055,30,2.93,1480023,1530235740
009460,한창제지,2070,2085,15,0.72,254651,527996605
372910,한컴라이프케어,9030,9000,-30,-0.33,161637,1437061060
000880,한화,31450,31300,-150,-0.48,211031,6592727050
00088K,한화3우B,16200,16150,-50,-0.31,55856,900872350
088350,한화생명,2920,3050,130,4.45,2994599,9003833175
000370,한화손해보험,3745,3860,115,3.07,646564,2452624315
009830,한화솔루션,35550,35650,100,0.28,357318,12728946700
009835,한화솔루션우,36900,36700,-200,-0.54,1828,67475400
272210,한화시스템,16850,17050,200,1.19,1387754,23558772700
012450,한화에어로스페이스,49600,50400,800,1.61,632043,31764284600
000885,한화우,39200,39150,-50,-0.13,533,20896700
003530,한화투자증권,6710,6540,-170,-2.53,4796724,31596703780
003535,한화투자증권우,13500,13200,-300,-2.22,25211,334442600
195870,해성디에스,50300,50700,400,0.8,217222,11050765500
101530,해태제과식품,7900,7900,0,0.0,17856,140128780
143210,핸즈코퍼레이션,4995,5070,75,1.5,9613,48137000
000720,현대건설,46150,46550,400,0.87,690244,31834102750
267270,현대건설기계,39800,39900,100,0.25,45605,1804163700
000725,현대건설우,76300,76300,0,0.0,8542,646474100
005440,현대그린푸드,8520,8470,-50,-0.59,200785,1696158060
086280,현대글로비스,172500,173000,500,0.29,87743,15080136000
042670,현대두산인프라코어,6990,7160,170,2.43,1558094,11015401110
064350,현대로템,21250,21300,50,0.24,582369,12381854700
079430,현대리바트,15150,15250,100,0.66,27477,417471000
012330,현대모비스,256500,255500,-1000,-0.39,153588,39220526000
010620,현대미포조선,70000,76100,6100,8.71,676967,49846628600
069960,현대백화점,74700,74800,100,0.13,37902,2819428600
004560,현대비앤지스틸,16250,16600,350,2.15,65654,1072561050
004565,현대비앤지스틸우,73400,68400,-5000,-6.81,2310,158610600
004310,현대약품,5940,6190,250,4.21,473051,2904740880
322000,현대에너지솔루션,21200,21100,-100,-0.47,22291,469210950
017800,현대엘리베이,41150,40850,-300,-0.73,115772,4728739800
307950,현대오토에버,137000,142000,5000,3.65,324826,46189720000
011210,현대위아,80500,80700,200,0.25,277696,22656298500
267260,현대일렉트릭,20050,20850,800,3.99,267118,5522122600
004020,현대제철,41550,42950,1400,3.37,566458,24019862200
329180,현대중공업,97600,101500,3900,4.0,425113,42465875100
267250,현대중공업지주,53600,54900,1300,2.43,193389,10466198100
005380,현대차,210500,210000,-500,-0.24,499857,105027828500
005387,현대차2우B,100500,100500,0,0.0,63345,6358235600
005389,현대차3우B,93000,93000,0,0.0,4700,437774100
005385,현대차우,97800,97700,-100,-0.1,24745,2418497500
001500,현대차증권,12300,12300,0,0.0,83491,1021228200
011760,현대코퍼레이션,16600,16950,350,2.11,25524,430987000
227840,현대코퍼레이션홀딩스,11850,11850,0,0.0,13697,161751350
126560,현대퓨처넷,4225,4205,-20,-0.47,159937,673615950
001450,현대해상,23450,24050,600,2.56,483135,11461746800
057050,현대홈쇼핑,62900,62700,-200,-0.32,20102,1255444100
093240,형지엘리트,3725,3770,45,1.21,225403,849544040
003010,혜인,5730,5800,70,1.22,83499,481389220
111110,호전실업,10200,10250,50,0.49,21061,214545250
008770,호텔신라,78200,77700,-500,-0.64,145830,11356619600
008775,호텔신라우,76400,76100,-300,-0.39,2023,153518000
002460,화성산업,12800,13000,200,1.56,33608,435071050
378850,화승알앤에이,5130,5090,-40,-0.78,28911,147322080
241590,화승엔터프라이즈,16800,17250,450,2.68,243683,4119514150
006060,화승인더,6080,6210,130,2.14,123336,758487240
013520,화승코퍼레이션,2095,2090,-5,-0.24,67988,141683410
010690,화신,8450,9010,560,6.63,785756,6948910060
133820,화인베스틸,2990,3065,75,2.51,176607,536041745
010660,화천기계,2580,2705,125,4.84,103631,276084890
000850,화천기공,33600,34250,650,1.93,4060,136439400
016580,환인제약,17800,17800,0,0.0,16177,286751600
032560,황금에스티,8530,8800,270,3.17,208000,1817417700
004800,효성,93000,92600,-400,-0.43,57557,5326938800
094280,효성ITX,19850,19650,-200,-1.01,12899,253603250
298040,효성중공업,57400,58100,700,1.22,28620,1649480400
298050,효성첨단소재,574000,578000,4000,0.7,39536,22888068000
298020,효성티앤씨,524000,530000,6000,1.15,25320,13417967000
298000,효성화학,312000,335500,23500,7.53,101079,33406326500
093370,후성,22750,23400,650,2.86,2580027,60432487250
081660,휠라홀딩스,35850,35300,-550,-1.53,315611,11151523500
005870,휴니드,8690,8840,150,1.73,447067,3904829120
079980,휴비스,8630,8550,-80,-0.93,69312,592768850
005010,휴스틸,14400,14750,350,2.43,35217,514737100
069260,휴켐스,22800,23100,300,1.32,190870,4392193350
000540,흥국화재,3550,3620,70,1.97,42455,151447455
000547,흥국화재2우B,26100,26950,850,3.26,221,5905400
000545,흥국화재우,7990,8200,210,2.63,1236,9939090
003280,흥아해운,2725,2690,-35,-1.28,303428,818364805
