티커,종목명,시가,종가,변동폭,등락률,거래량,거래대금
095570,AJ네트웍스,5010,5020,10,0.2,66685,332234755
006840,AK홀딩스,19450,18850,-600,-3.08,30411,575678450
027410,BGF,5170,5020,-150,-2.9,198974,1011508780
282330,BGF리테일,139000,137500,-1500,-1.08,29829,4111552000
138930,BNK금융지주,8830,8800,-30,-0.34,1589902,14029280750
001460,BYC,505000,494000,-11000,-2.18,1961,976805000
001465,BYC우,197500,195000,-2500,-1.27,420,81911000
001040,CJ,81500,80300,-1200,-1.47,59723,4816159100
079160,CJCGV,24150,24050,-100,-0.41,120411,2883285600
00104K,CJ4우전환,70400,70000,-400,-0.57,3758,261596000
000120,CJ대한통운,126000,126000,0,0.0,36051,4525586000
011150,CJ씨푸드,3810,3810,0,0.0,962939,3760904290
011155,CJ씨푸드1우,36100,36400,300,0.83,90,3254150
001045,CJ우,49050,49100,50,0.1,2994,146845400
097950,CJ제일제당,385000,383500,-1500,-0.39,32826,12656957000
097955,CJ제일제당우,174500,172500,-2000,-1.15,2253,388803000
000590,CS홀딩스,65800,64900,-900,-1.37,2393,155566100
012030,DB,965,945,-20,-2.07,498364,476549218
016610,DB금융투자,6670,6650,-20,-0.3,106906,714525470
005830,DB손해보험,64400,63900,-500,-0.78,197159,12638930600
000990,DB하이텍,78000,78000,0,0.0,1840110,145426723200
000995,DB하이텍1우,99700,99900,200,0.2,349,34802300
139130,DGB금융지주,9730,9680,-50,-0.51,723508,7033613550
001530,DI동일,262000,254500,-7500,-2.86,9305,2379290500
000210,DL,66100,65800,-300,-0.45,77633,5102084400
001880,DL건설,31150,31800,650,2.09,131187,4176288550
000215,DL우,38250,38000,-250,-0.65,1005,38386000
375500,DL이앤씨,133000,130000,-3000,-2.26,172466,22406700500
37550K,DL이앤씨우,70700,70000,-700,-0.99,18576,1301586400
004840,DRB동일,5220,5220,0,0.0,11881,61320990
155660,DSR,5780,5550,-230,-3.98,95626,535381760
069730,DSR제강,4855,4735,-120,-2.47,83761,398242225
017940,E1,47900,47650,-250,-0.52,9550,453459750
365550,ESR켄달스퀘어리츠,6210,6220,10,0.16,174730,1082534270
383220,FF,866000,881000,15000,1.73,27769,24285539000
007700,FF홀딩스,32050,31600,-450,-1.4,65640,2088034650
114090,GKL,13250,13050,-200,-1.51,129353,1694315600
078930,GS,39800,39700,-100,-0.25,210882,8369498000
006360,GS건설,44350,43850,-500,-1.13,652084,28541463700
001250,GS글로벌,2390,2330,-60,-2.51,340557,797879320
007070,GS리테일,29350,29150,-200,-0.68,135449,3953334700
078935,GS우,34500,34200,-300,-0.87,6332,216160000
012630,HDC,10600,10550,-50,-0.47,288178,2959762600
039570,HDC랩스,11700,11500,-200,-1.71,14128,161509500
089470,HDC현대EP,5700,5720,20,0.35,50287,287801410
294870,HDC현대산업개발,25800,25750,-50,-0.19,855978,21447765100
011200,HMM,26200,25750,-450,-1.72,1472434,38008585100
082740,HSD엔진,9580,9680,100,1.04,1525564,14298146260
003560,IHQ,1380,1345,-35,-2.54,880432,1195823270
175330,JB금융지주,8600,8710,110,1.28,1023865,8916399690
234080,JW생명과학,13800,13800,0,0.0,41441,566361550
001060,JW중외제약,22850,22350,-500,-2.19,80633,1814853550
001067,JW중외제약2우B,60700,60300,-400,-0.66,344,20836000
001065,JW중외제약우,33700,33950,250,0.74,107,3607200
096760,JW홀딩스,3635,3600,-35,-0.96,42748,154246800
105560,KB금융,57800,60000,2200,3.81,3039380,180439539150
002380,KCC,368500,370000,1500,0.41,105903,38890402000
344820,KCC글라스,64700,63500,-1200,-1.85,93799,5975230900
009070,KCTC,6150,5970,-180,-2.93,157387,945535000
009440,KC그린홀딩스,4520,4420,-100,-2.21,54305,240909175
119650,KC코트렐,6310,6190,-120,-1.9,54056,335805380
092220,KEC,3610,3750,140,3.88,18798245,70887708380
016380,KG동부제철,11750,11500,-250,-2.13,314055,3603533850
016385,KG동부제철우,95600,95200,-400,-0.42,81,7625900
001390,KG케미칼,30250,30300,50,0.17,76391,2315459500
033180,KH필룩스,2560,2480,-80,-3.13,594249,1484796545
001940,KISCO홀딩스,15250,15150,-100,-0.66,64057,960846850
025000,KPX케미칼,53200,53300,100,0.19,2608,138123900
092230,KPX홀딩스,63600,63400,-200,-0.31,1325,83834400
000040,KR모터스,868,862,-6,-0.69,293643,252340686
044450,KSS해운,11600,11550,-50,-0.43,26144,302291350
030200,KT,30800,30650,-150,-0.49,885682,27260125150
033780,KTG,78500,79200,700,0.89,369545,29155676500
030210,KTB투자증권,5180,5190,10,0.19,283027,1454231480
058850,KTcs,2520,2495,-25,-0.99,69218,173109670
058860,KTis,2515,2485,-30,-1.19,61948,153710440
093050,LF,17050,16700,-350,-2.05,45100,756655450
003550,LG,80800,79500,-1300,-1.61,409770,32584099500
034220,LG디스플레이,23800,24350,550,2.31,4364184,106014498850
051900,LG생활건강,956000,948000,-8000,-0.84,166701,158594536428
051905,LG생활건강우,559000,548000,-11000,-1.97,8293,4517731000
003555,LG우,63000,62400,-600,-0.95,4756,296609600
032640,LG유플러스,13650,13550,-100,-0.73,1041310,14190512800
011070,LG이노텍,331000,326500,-4500,-1.36,374126,123101379000
066570,LG전자,130000,130500,500,0.38,985952,127887232500
066575,LG전자우,63300,63800,500,0.79,41628,2629018500
037560,LG헬로비전,5230,5100,-130,-2.49,224898,1157594340
051910,LG화학,710000,734000,24000,3.38,462973,335367313990
051915,LG화학우,314000,322500,8500,2.71,57104,18344109440
079550,LIG넥스원,65800,66500,700,1.06,264792,17735826900
006260,LS,54700,54000,-700,-1.28,62690,3409328700
010120,LSELECTRIC,55200,54100,-1100,-1.99,93232,5083053100
000680,LS네트웍스,3000,2950,-50,-1.67,52418,154906180
229640,LS전선아시아,7800,7750,-50,-0.64,109865,848438760
001120,LX인터내셔널,25700,26000,300,1.17,262644,6856574550
108670,LX하우시스,66400,65100,-1300,-1.96,54244,3556545700
108675,LX하우시스우,30100,29850,-250,-0.83,1737,51639400
383800,LX홀딩스,10400,10300,-100,-0.96,380279,3904983000
38380K,LX홀딩스1우,15550,15550,0,0.0,17137,270128950
023150,MH에탄올,9750,9520,-230,-2.36,38936,374550050
035420,NAVER,335000,335000,0,0.0,805084,272271119021
181710,NHN,39700,39400,-300,-0.76,71813,2825986650
400760,NH올원리츠,5150,5180,30,0.58,133359,689367980
005940,NH투자증권,11950,11900,-50,-0.42,828019,9846976550
005945,NH투자증권우,11250,11350,100,0.89,54064,615454750
338100,NH프라임리츠,4735,4685,-50,-1.06,62762,295209820
034310,NICE,16800,16850,50,0.3,38486,645961700
008260,NI스틸,3735,3700,-35,-0.94,137917,512236550
004250,NPC,9500,9210,-290,-3.05,1818406,16981620850
004255,NPC우,5090,5100,10,0.2,308047,1577519380
010060,OCI,105000,103000,-2000,-1.9,222254,23075379000
178920,PI첨단소재,51000,50800,-200,-0.39,100209,5129116800
005490,POSCO,304000,300000,-4000,-1.32,390725,116918675000
010950,S-Oil,96900,94500,-2400,-2.48,426092,40087999900
010955,S-Oil우,55900,55400,-500,-0.89,19734,1091195900
034120,SBS,48500,48000,-500,-1.03,58102,2784917000
101060,SBS미디어홀딩스,1930,1930,0,0.0,0,0
005090,SGC에너지,46100,45850,-250,-0.54,24716,1122208600
001380,SG글로벌,2045,2030,-15,-0.73,1327187,2808741360
004060,SG세계물산,848,819,-29,-3.42,96245285,86358323890
001770,SHD,29400,28450,-950,-3.23,8859,251065550
002360,SH에너지화학,999,973,-26,-2.6,1162581,1144825537
009160,SIMPAC,6110,6030,-80,-1.31,102327,619591420
123700,SJM,4750,4550,-200,-4.21,78324,358531255
025530,SJM홀딩스,3670,3625,-45,-1.23,15343,55916120
034730,SK,244000,239500,-4500,-1.84,154393,37174905000
011790,SKC,160000,155500,-4500,-2.81,218780,34138670500
018670,SK가스,129500,126000,-3500,-2.7,8811,1118170000
001740,SK네트웍스,4880,4795,-85,-1.74,553114,2663782750
001745,SK네트웍스우,69600,68900,-700,-1.01,315,21755200
006120,SK디스커버리,46000,46000,0,0.0,48429,2215002000
006125,SK디스커버리우,34600,34450,-150,-0.43,3921,133693800
210980,SK디앤디,30200,29400,-800,-2.65,21006,623071250
068400,SK렌터카,10050,9970,-80,-0.8,65129,647696020
395400,SK리츠,6110,6090,-20,-0.33,192178,1167910750
302440,SK바이오사이언스,213000,216500,3500,1.64,516216,113256172500
326030,SK바이오팜,92200,92100,-100,-0.11,119121,11013821400
402340,SK스퀘어,57500,57200,-300,-0.52,1645760,95213980400
361610,SK아이이테크놀로지,147000,147000,0,0.0,231558,33854981182
03473K,SK우,215500,215500,0,0.0,617,132404000
096770,SK이노베이션,246000,241500,-4500,-1.83,453993,109547505000
096775,SK이노베이션우,144000,143000,-1000,-0.69,6006,857042500
001510,SK증권,964,953,-11,-1.14,2917206,2790918262
001515,SK증권우,3860,3815,-45,-1.17,3724,14293140
285130,SK케미칼,145500,147000,1500,1.03,96021,14165191000
28513K,SK케미칼우,83100,83300,200,0.24,6595,550673600
017670,SK텔레콤,56500,56200,-300,-0.53,643813,36061612700
000660,SK하이닉스,124500,128000,3500,2.81,3958787,502323396739
064960,SNT모티브,47100,46300,-800,-1.7,25753,1202185000
100840,SNT에너지,19500,19850,350,1.79,126710,2483983000
003570,SNT중공업,8860,8860,0,0.0,10503,92979560
036530,SNT홀딩스,17100,17050,-50,-0.29,2382,40762950
005610,SPC삼립,69700,68900,-800,-1.15,3966,275172400
011810,STX,4385,4315,-70,-1.6,100381,430094285
077970,STX엔진,11050,10950,-100,-0.9,40663,440464700
071970,STX중공업,5160,4995,-165,-3.2,232939,1171727500
002820,SUNL,5280,5070,-210,-3.98,17952,92012820
084870,TBH글로벌,2225,2200,-25,-1.12,51000,113461020
002710,TCC스틸,11000,11500,500,4.55,1587479,17931857300
002900,TYM,1755,1705,-50,-2.85,966641,1654989490
024070,WISCOM,3445,3430,-15,-0.44,44958,152719920
037270,YGPLUS,7130,6810,-320,-4.49,1099390,7581640610
000500,가온전선,24750,24250,-500,-2.02,8947,216664500
000860,강남제비스코,26050,25600,-450,-1.73,24353,623905850
035250,강원랜드,24450,24600,150,0.61,465643,11386569600
011420,갤럭시아에스엠,2695,2610,-85,-3.15,359143,938577955
002100,경농,12300,12000,-300,-2.44,40271,484366500
009450,경동나비엔,54900,54200,-700,-1.28,43309,2361579200
267290,경동도시가스,22050,22000,-50,-0.23,10609,233143700
012320,경동인베스트,34550,34150,-400,-1.16,1301,44436850
000050,경방,14250,14300,50,0.35,16029,227906450
214390,경보제약,10950,10200,-750,-6.85,231185,2385432850
012610,경인양행,6490,6420,-70,-1.08,132061,847153080
009140,경인전자,35250,34000,-1250,-3.55,20328,684902550
013580,계룡건설,37550,36800,-750,-2.0,102876,3797141150
012200,계양전기,4010,3965,-45,-1.12,127812,503582375
012205,계양전기우,6680,6700,20,0.3,3017,19978230
002140,고려산업,2990,2915,-75,-2.51,57616,169205615
010130,고려아연,514000,517000,3000,0.58,33490,17210699000
002240,고려제강,21700,21200,-500,-2.3,53829,1139317250
009290,광동제약,7400,7240,-160,-2.16,139261,1011157330
017040,광명전기,2670,2590,-80,-3.0,379207,993090730
017900,광전자,3310,3365,55,1.66,288942,960906855
037710,광주신세계,176000,177500,1500,0.85,592,104902000
030610,교보증권,8220,8180,-40,-0.49,38484,313381030
339770,교촌에프앤비,15850,15700,-150,-0.95,38313,601817000
007690,국도화학,64300,62500,-1800,-2.8,70054,4397360700
005320,국동,2600,2535,-65,-2.5,585987,1483156585
001140,국보,1635,1635,0,0.0,662472,1075625100
002720,국제약품,6000,5680,-320,-5.33,213725,1245633210
083420,그린케미칼,8900,8720,-180,-2.02,91228,797545530
014530,극동유화,3880,3765,-115,-2.96,118777,448981305
014280,금강공업,8270,8120,-150,-1.81,51912,422824360
014285,금강공업우,13000,12950,-50,-0.38,2186,27995450
008870,금비,63600,62600,-1000,-1.57,620,39154300
001570,금양,4875,4800,-75,-1.54,249330,1197536950
002990,금호건설,12250,12100,-150,-1.22,95496,1153300650
002995,금호건설우,30250,30200,-50,-0.17,283,8553000
011780,금호석유,175000,165500,-9500,-5.43,264849,44346363000
011785,금호석유우,102500,99900,-2600,-2.54,22993,2299284800
214330,금호에이치티,2135,2085,-50,-2.34,1114635,2343283825
001210,금호전기,3675,3635,-40,-1.09,279134,1010325395
073240,금호타이어,4520,4515,-5,-0.11,278120,1258253440
092440,기신정기,4315,4265,-50,-1.16,32541,139222045
000270,기아,83800,84100,300,0.36,1225547,103181106400
024110,기업은행,10650,10750,100,0.94,2054357,21995405550
013700,까뮤이앤씨,4240,3970,-270,-6.37,10177732,40409203705
004540,깨끗한나라,4540,4415,-125,-2.75,235167,1043538600
004545,깨끗한나라우,22100,22000,-100,-0.45,312,6856000
001260,남광토건,13150,12900,-250,-1.9,23024,297670600
008350,남선알미늄,2750,2590,-160,-5.82,2351537,6159175025
008355,남선알미우,23200,22600,-600,-2.59,1325,30104950
004270,남성,3160,3135,-25,-0.79,144116,453111185
003920,남양유업,404500,402000,-2500,-0.62,1147,460977000
003925,남양유업우,198500,197000,-1500,-0.76,320,63159500
025860,남해화학,9960,9670,-290,-2.91,425369,4147022930
005720,넥센,4590,4555,-35,-0.76,105655,486990700
005725,넥센우,3995,4205,210,5.26,1333828,5858608690
002350,넥센타이어,7220,7110,-110,-1.52,186467,1336429750
002355,넥센타이어1우B,3520,3470,-50,-1.42,50795,178461770
003580,넥스트사이언스,24300,23900,-400,-1.65,2222836,54767487750
251270,넷마블,111500,110000,-1500,-1.35,149836,16600277000
090350,노루페인트,13050,12650,-400,-3.07,595792,7610264750
090355,노루페인트우,19850,19550,-300,-1.51,4963,97259100
000320,노루홀딩스,13200,12950,-250,-1.89,22168,286467050
000325,노루홀딩스우,36200,35750,-450,-1.24,1569,56733200
006280,녹십자,205000,207000,2000,0.98,38653,8030059500
005250,녹십자홀딩스,25600,25450,-150,-0.59,59217,1516925700
005257,녹십자홀딩스2우,47350,47250,-100,-0.21,406,19188550
004370,농심,323000,316500,-6500,-2.01,22663,7266265500
072710,농심홀딩스,76100,75700,-400,-0.53,2506,190206700
058730,다스코,4930,5110,180,3.65,3461839,19390010540
023590,다우기술,22750,22250,-500,-2.2,109523,2442443450
145210,다이나믹디자인,464,454,-10,-2.16,1348165,611421437
019680,대교,3805,3795,-10,-0.26,31840,120136335
019685,대교우B,2660,2645,-15,-0.56,45080,119244945
006370,대구백화점,11550,11350,-200,-1.73,4707,53943500
008060,대덕,7820,7710,-110,-1.41,105671,819892580
00806K,대덕1우,10250,10000,-250,-2.44,8874,87880280
353200,대덕전자,23050,22400,-650,-2.82,774817,17459035950
35320K,대덕전자1우,14400,14050,-350,-2.43,9525,133908900
000490,대동,11900,11100,-800,-6.72,569792,6461571500
008110,대동전자,8020,7800,-220,-2.74,40947,321849680
005750,대림BCo,8140,8160,20,0.25,285018,2315167470
006570,대림통상,3700,3720,20,0.54,8478,31303770
001680,대상,23000,22800,-200,-0.87,53514,1226143800
001685,대상우,16950,16900,-50,-0.29,1990,33517950
084690,대상홀딩스,9310,9300,-10,-0.11,29465,275283030
084695,대상홀딩스우,11700,11650,-50,-0.43,3265,37548150
128820,대성산업,4565,4460,-105,-2.3,248630,1107818485
117580,대성에너지,9230,8810,-420,-4.55,672243,5994253410
016710,대성홀딩스,47900,48000,100,0.21,40180,1914853400
003540,대신증권,17900,17750,-150,-0.84,57353,1019143450
003547,대신증권2우B,15250,15100,-150,-0.98,18689,282950650
003545,대신증권우,15900,15800,-100,-0.63,37624,594011150
009190,대양금속,4690,4595,-95,-2.03,273818,1265754690
014160,대영포장,2600,2485,-115,-4.42,1914735,4821141395
047040,대우건설,6230,6160,-70,-1.12,1649135,10214958430
009320,대우부품,2410,2365,-45,-1.87,319225,756974290
042660,대우조선해양,25550,25150,-400,-1.57,399117,10033115500
003090,대웅,29650,29550,-100,-0.34,44132,1308339050
069620,대웅제약,144500,141500,-3000,-2.08,22004,3141516000
000430,대원강업,3660,3615,-45,-1.23,79347,286788635
006340,대원전선,1715,1640,-75,-4.37,598305,997694280
006345,대원전선우,2865,2855,-10,-0.35,10347,29621085
003220,대원제약,16450,16300,-150,-0.91,188935,3071103650
024890,대원화성,3880,3720,-160,-4.12,591536,2219341250
002880,대유에이텍,1280,1255,-25,-1.95,1136241,1439744550
000300,대유플러스,1240,1210,-30,-2.42,817793,995122355
012800,대창,1850,1960,110,5.95,3510431,6729454810
015230,대창단조,8350,8300,-50,-0.6,31570,261525510
001070,대한방직,47950,47800,-150,-0.31,5329,254800050
006650,대한유화,193500,188000,-5500,-2.84,35746,6765904000
001440,대한전선,1710,1675,-35,-2.05,4912519,8264814315
084010,대한제강,17450,17100,-350,-2.01,121707,2083828000
001790,대한제당,2925,2830,-95,-3.25,329628,947679760
001795,대한제당우,2995,2990,-5,-0.17,41525,122834565
001130,대한제분,155500,154000,-1500,-0.96,3105,476347000
003490,대한항공,28100,28100,0,0.0,1179548,33285825900
003495,대한항공우,36200,35700,-500,-1.38,2869,102854100
005880,대한해운,2585,2510,-75,-2.9,790799,2005372050
003830,대한화섬,133000,129500,-3500,-2.63,325,42366000
016090,대현,2230,2170,-60,-2.69,398519,862549215
069460,대호에이엘,3565,3440,-125,-3.51,114886,397256275
192080,더블유게임즈,55100,54100,-1000,-1.81,137328,7450884500
012510,더존비즈온,68100,66100,-2000,-2.94,132588,8808080786
004830,덕성,16550,16550,0,0.0,3027782,51165647800
004835,덕성우,18650,18350,-300,-1.61,131270,2465100900
024900,덕양산업,3560,3490,-70,-1.97,115125,399895665
145720,덴티움,66600,69400,2800,4.2,206919,14240816400
002150,도화엔지니어링,7820,7990,170,2.17,63820,502775220
001230,동국제강,17800,17650,-150,-0.84,787616,13976006050
023450,동남합성,62700,63100,400,0.64,2721,172157800
004140,동방,3975,3840,-135,-3.4,544428,2102433705
007590,동방아그로,7070,6990,-80,-1.13,51817,363555080
005960,동부건설,14900,14750,-150,-1.01,93310,1380487750
005965,동부건설우,37450,35800,-1650,-4.41,2655,97015750
026960,동서,30150,30150,0,0.0,61936,1872290450
002210,동성제약,8500,8420,-80,-0.94,50400,420998870
102260,동성케미컬,4830,4775,-55,-1.14,93219,443965035
000640,동아쏘시오홀딩스,112500,112000,-500,-0.44,6895,769300500
170900,동아에스티,70100,69700,-400,-0.57,15926,1113167200
028100,동아지질,18350,18400,50,0.27,42462,777602550
282690,동아타이어,11900,11700,-200,-1.68,17280,202079600
001520,동양,1465,1430,-35,-2.39,1113270,1611584695
001527,동양2우B,15350,15100,-250,-1.63,2097,31686200
001529,동양3우B,28050,28050,0,0.0,1944,54457200
084670,동양고속,17100,16850,-250,-1.46,4936,83791600
082640,동양생명,6850,6780,-70,-1.02,143154,970415410
001525,동양우,7790,7930,140,1.8,1959,15195390
008970,동양철관,1270,1225,-45,-3.54,657693,815628685
092780,동양피스톤,6500,6160,-340,-5.23,82859,516308710
049770,동원FB,191000,193500,2500,1.31,3519,680868000
018500,동원금속,940,935,-5,-0.53,79565,74665478
006040,동원산업,229000,226000,-3000,-1.31,4294,970829000
030720,동원수산,9660,9840,180,1.86,48323,472321250
014820,동원시스템즈,52900,51900,-1000,-1.89,36436,1896408600
014825,동원시스템즈우,34500,34000,-500,-1.45,119,4060900
163560,동일고무벨트,7400,7300,-100,-1.35,12538,91567230
004890,동일산업,150000,147500,-2500,-1.67,1634,241526000
002690,동일제강,3025,3005,-20,-0.66,90532,271608350
000020,동화약품,14600,14350,-250,-1.71,245241,3554508450
000150,두산,115000,111000,-4000,-3.48,59292,6617238500
000157,두산2우B,101500,98400,-3100,-3.05,1094,108527900
241560,두산밥캣,42600,42100,-500,-1.17,148400,6322372200
000155,두산우,81400,80200,-1200,-1.47,2043,163490400
034020,두산중공업,20550,20550,0,0.0,2249008,46012438250
336260,두산퓨얼셀,42850,41800,-1050,-2.45,600464,25162949900
33626K,두산퓨얼셀1우,13850,13600,-250,-1.81,19899,270918550
33626L,두산퓨얼셀2우B,16400,16000,-400,-2.44,7941,127415800
016740,두올,4075,3960,-115,-2.82,322191,1286444200
192650,드림텍,11900,11750,-150,-1.26,398627,4694829750
024090,디씨엠,23100,22850,-250,-1.08,108447,2446078550
003160,디아이,9270,9100,-170,-1.83,296203,2696288570
092200,디아이씨,5970,5900,-70,-1.17,566855,3382315760
377190,디앤디플랫폼리츠,5340,5350,10,0.19,157901,842848920
013570,디와이,6750,6540,-210,-3.11,370509,2434305590
210540,디와이파워,13800,13700,-100,-0.72,116793,1576115750
007340,디티알오토모티브,72800,72600,-200,-0.27,37507,2674978200
115390,락앤락,11750,11550,-200,-1.7,71615,832248100
032350,롯데관광개발,17250,17350,100,0.58,220965,3808997500
089860,롯데렌탈,36750,36400,-350,-0.95,92310,3365322400
330590,롯데리츠,5470,5470,0,0.0,164056,897128960
000400,롯데손해보험,1695,1685,-10,-0.59,213020,358120215
023530,롯데쇼핑,86800,85300,-1500,-1.73,79178,6776320100
004000,롯데정밀화학,74400,73300,-1100,-1.48,104934,7696142400
286940,롯데정보통신,39050,39000,-50,-0.13,151880,6002202650
280360,롯데제과,123000,123500,500,0.41,1536,188561000
004990,롯데지주,29000,28700,-300,-1.03,222968,6405609150
00499K,롯데지주우,45400,46200,800,1.76,107,4893100
005300,롯데칠성,137000,137500,500,0.36,16930,2308970000
005305,롯데칠성우,69600,68800,-800,-1.15,1779,123744900
011170,롯데케미칼,230000,220000,-10000,-4.35,165834,36830852500
002270,롯데푸드,339500,340000,500,0.15,651,220391000
071840,롯데하이마트,24800,24400,-400,-1.61,38527,937422850
027740,마니커,1225,1200,-25,-2.04,402008,486883040
204320,만도,62600,61000,-1600,-2.56,546649,33629055000
001080,만호제강,23000,23000,0,0.0,5916,135945350
088980,맥쿼리인프라,13800,13800,0,0.0,662436,9131744300
094800,맵스리얼티1,4690,4680,-10,-0.21,29839,139206955
138040,메리츠금융지주,48250,49350,1100,2.28,468561,23088572050
008560,메리츠증권,5620,5790,170,3.02,3879290,22213490680
000060,메리츠화재,42550,43800,1250,2.94,496309,21357101750
090370,메타랩스,1175,1115,-60,-5.11,2857697,3186677815
017180,명문제약,4605,4510,-95,-2.06,122665,555310035
009900,명신산업,27900,27900,0,0.0,233812,6527933150
012690,모나리자,3945,3820,-125,-3.17,212478,820791800
005360,모나미,4570,4460,-110,-2.41,114807,515602485
204210,모두투어리츠,4755,4760,5,0.11,13714,64902820
009680,모토닉,10000,9970,-30,-0.3,40472,401356410
009580,무림PP,4445,4375,-70,-1.57,172030,760058295
009200,무림페이퍼,2530,2500,-30,-1.19,75198,188939390
033920,무학,8670,8460,-210,-2.42,13130,111675090
008420,문배철강,4045,3990,-55,-1.36,152886,614384240
025560,미래산업,14500,13900,-600,-4.14,52754,736345500
007120,미래아이앤지,490,475,-15,-3.06,799675,380352574
396690,미래에셋글로벌리츠,5430,5380,-50,-0.92,107848,581656740
357250,미래에셋맵스리츠,4860,4870,10,0.21,49207,239381300
085620,미래에셋생명,4140,4125,-15,-0.36,102367,419852090
006800,미래에셋증권,8370,8480,110,1.31,1030325,8707701760
00680K,미래에셋증권2우B,4600,4585,-15,-0.33,223801,1024844715
006805,미래에셋증권우,5540,5560,20,0.36,25682,142014030
002840,미원상사,200000,201500,1500,0.75,2981,598264500
268280,미원에스씨,212500,217500,5000,2.35,4570,985575000
107590,미원홀딩스,146000,147500,1500,1.03,1920,282185000
134380,미원화학,79500,79500,0,0.0,38,3021700
003650,미창석유,78200,77800,-400,-0.51,262,20413000
155900,바다로19호,2985,2985,0,0.0,15033,44795185
003610,방림,2605,2570,-35,-1.34,107083,274369290
001340,백광산업,5240,5240,0,0.0,1418729,7623367170
035150,백산,9500,9550,50,0.53,498854,4770697790
002410,범양건영,6490,6480,-10,-0.15,739211,4851395840
096300,베트남개발1,168,169,1,0.6,336718,56915994
007210,벽산,3980,3875,-105,-2.64,475385,1855062250
002760,보락,2010,2005,-5,-0.25,409437,826225170
003850,보령제약,13950,13900,-50,-0.36,147606,2050005650
000890,보해양조,896,882,-14,-1.56,996218,881084459
003000,부광약품,12000,11900,-100,-0.83,276434,3320331650
001270,부국증권,24100,24000,-100,-0.41,1151,27585650
001275,부국증권우,22300,22000,-300,-1.35,262,5764850
026940,부국철강,4590,4305,-285,-6.21,374549,1642446595
015350,부산가스,84400,84400,0,0.0,0,0
011390,부산산업,101000,100000,-1000,-0.99,3988,400306700
005030,부산주공,596,599,3,0.5,196434,117200916
002070,비비안,3085,2990,-95,-3.08,223696,674386895
100220,비상교육,7700,7700,0,0.0,39313,300465510
030790,비케이탑스,5090,5280,190,3.73,5510106,30658139010
005180,빙그레,52900,52900,0,0.0,8691,458456200
003960,사조대림,28150,28000,-150,-0.53,37442,1043967050
008040,사조동아원,1105,1070,-35,-3.17,599957,645155945
007160,사조산업,48850,47700,-1150,-2.35,7781,372454500
014710,사조씨푸드,5660,5770,110,1.94,367926,2130480470
006090,사조오양,9850,9790,-60,-0.61,20657,203760330
001470,삼부토건,2450,2355,-95,-3.88,1756900,4179315480
006400,삼성SDI,624000,627000,3000,0.48,272004,171036711000
006405,삼성SDI우,324000,320000,-4000,-1.23,4718,1518308500
006660,삼성공조,14800,13950,-850,-5.74,136739,1906970800
028260,삼성물산,115000,114500,-500,-0.43,276529,31555489500
02826K,삼성물산우B,107500,106000,-1500,-1.4,1777,187976500
207940,삼성바이오로직스,836000,833000,-3000,-0.36,41179,34456168000
032830,삼성생명,67400,66700,-700,-1.04,282121,18843231600
018260,삼성에스디에스,152000,151500,-500,-0.33,73513,11149396000
028050,삼성엔지니어링,24350,24250,-100,-0.41,1177811,28839422350
009150,삼성전기,181000,181500,500,0.28,426856,77519990500
009155,삼성전기우,97600,97800,200,0.2,7216,702496900
005930,삼성전자,78000,78900,900,1.15,13221123,1038834579600
005935,삼성전자우,70900,71900,1000,1.41,1318579,94130023100
001360,삼성제약,4735,4650,-85,-1.8,324619,1517758435
010140,삼성중공업,5900,5870,-30,-0.51,3039570,17842652440
010145,삼성중공우,208000,205000,-3000,-1.44,1083,222624500
016360,삼성증권,42650,42150,-500,-1.17,338929,14363504800
068290,삼성출판사,35150,34100,-1050,-2.99,73180,2521668950
029780,삼성카드,31550,31450,-100,-0.32,103399,3244496250
000810,삼성화재,222500,214000,-8500,-3.82,111736,24135943000
000815,삼성화재우,163500,163500,0,0.0,13864,2254381000
006110,삼아알미늄,26600,25400,-1200,-4.51,211323,5432150400
145990,삼양사,63300,63000,-300,-0.47,8171,513541100
145995,삼양사우,39750,39550,-200,-0.5,325,12767850
003230,삼양식품,96600,94100,-2500,-2.59,54644,5204537200
002170,삼양통상,57700,57800,100,0.17,2079,120150200
272550,삼양패키징,24450,24500,50,0.2,14583,356982000
000070,삼양홀딩스,95300,94600,-700,-0.73,11490,1090203300
000075,삼양홀딩스우,67200,67500,300,0.45,157,10690900
002810,삼영무역,14400,14300,-100,-0.69,7561,107851850
005680,삼영전자,11200,11200,0,0.0,49191,551004800
003720,삼영화학,2960,2930,-30,-1.01,153870,447051130
023000,삼원강재,3165,3120,-45,-1.42,27617,86046675
004380,삼익THK,14250,13750,-500,-3.51,243287,3346508700
002450,삼익악기,1825,1800,-25,-1.37,365183,656972345
004440,삼일씨엔에스,10700,9980,-720,-6.73,74670,760286350
000520,삼일제약,8620,8400,-220,-2.55,80709,688045730
009770,삼정펄프,28450,28400,-50,-0.18,677,19281900
005500,삼진제약,24950,24900,-50,-0.2,59424,1473425150
004690,삼천리,91800,91900,100,0.11,3241,298727400
010960,삼호개발,5130,5060,-70,-1.36,47488,240877330
004450,삼화왕관,42550,42350,-200,-0.47,150,6391950
009470,삼화전기,29250,31400,2150,7.35,2220763,71348063250
011230,삼화전자,4090,4185,95,2.32,3012515,13161502715
001820,삼화콘덴서,57300,69600,12300,21.47,5252765,364621177600
000390,삼화페인트,9410,9220,-190,-2.02,48517,449659900
001290,상상인증권,1220,1205,-15,-1.23,164827,198247075
041650,상신브레이크,3820,3730,-90,-2.36,33973,127443365
075180,새론오토모티브,5550,5540,-10,-0.18,7074,39012610
007540,샘표,43550,43350,-200,-0.46,1757,75787700
248170,샘표식품,44800,44500,-300,-0.67,3966,176769450
007860,서연,13300,13050,-250,-1.88,1203700,16106647200
200880,서연이화,7190,7040,-150,-2.09,221841,1578140490
017390,서울가스,165500,164500,-1000,-0.6,6807,1126466000
004410,서울식품,318,310,-8,-2.52,2831084,878558194
004415,서울식품우,3895,3875,-20,-0.51,1739,6679570
021050,서원,2025,1995,-30,-1.48,198284,393029265
008490,서흥,42750,41950,-800,-1.87,8139,341941100
007610,선도전기,3380,3310,-70,-2.07,142331,469823015
136490,선진,11650,11450,-200,-1.72,47481,544909750
014910,성문전자,2560,2520,-40,-1.56,687902,1777023680
014915,성문전자우,8890,8870,-20,-0.22,1183,10449820
003080,성보화학,3965,3980,15,0.38,21912,86250825
004980,성신양회,15600,15600,0,0.0,855106,13392337950
004985,성신양회우,16500,16400,-100,-0.61,37774,634131500
011300,성안,787,787,0,0.0,0,0
000180,성창기업지주,2540,2520,-20,-0.79,212972,538026220
002420,세기상사,10900,10650,-250,-2.29,24567,261824700
004360,세방,11850,11500,-350,-2.95,136916,1586178450
004365,세방우,7200,7210,10,0.14,148,1068440
004490,세방전지,69900,68100,-1800,-2.58,81422,5549520900
001430,세아베스틸,21850,20700,-1150,-5.26,346669,7336037950
306200,세아제강,98700,97700,-1000,-1.01,4970,485016200
003030,세아제강지주,108500,103500,-5000,-4.61,12247,1281406000
019440,세아특수강,15000,14700,-300,-2.0,17279,255765400
058650,세아홀딩스,105500,103500,-2000,-1.9,634,66038000
013000,세우글로벌,1660,1610,-50,-3.01,448517,721776665
091090,세원이앤씨,1255,1180,-75,-5.98,2538237,3045380855
021820,세원정공,8090,8090,0,0.0,0,0
067830,세이브존IC,3145,3165,20,0.64,24756,77403680
033530,세종공업,8650,8420,-230,-2.66,207118,1756725270
075580,세진중공업,6500,6640,140,2.15,743452,4882150310
027970,세하,1635,1610,-25,-1.53,130801,211145210
308170,센트랄모텍,22000,21450,-550,-2.5,47141,1015547950
012600,센트럴인사이트,2490,2490,0,0.0,0,0
068270,셀트리온,187000,196500,9500,5.08,1047658,204618451500
336370,솔루스첨단소재,79200,76600,-2600,-3.28,307450,23594524300
33637K,솔루스첨단소재1우,21850,21400,-450,-2.06,8508,180969150
33637L,솔루스첨단소재2우B,26850,26500,-350,-1.3,1192,31688150
248070,솔루엠,22500,22150,-350,-1.56,335679,7477944900
004430,송원산업,22450,21600,-850,-3.79,361804,7889832250
017550,수산중공업,3135,3010,-125,-3.99,1430556,4323802265
053210,스카이라이프,8840,8920,80,0.9,32460,287483040
026890,스틱인베스트먼트,12800,12400,-400,-3.13,643075,8012174000
134790,시디즈,59300,60000,700,1.18,1892,114061000
016590,신대양제지,88000,89300,1300,1.48,4797,424705100
029530,신도리코,32900,32750,-150,-0.46,14522,475917350
004970,신라교역,13100,13100,0,0.0,11613,150885550
011930,신성이엔지,2025,1980,-45,-2.22,901555,1797102795
005390,신성통상,3380,3365,-15,-0.44,1365641,4584317780
004170,신세계,233000,239000,6000,2.58,179141,42986965500
035510,신세계IC,184000,179000,-5000,-2.72,9713,1748355500
034300,신세계건설,39200,36700,-2500,-6.38,47075,1798660250
031430,신세계인터내셔날,133000,131000,-2000,-1.5,87028,11537961500
031440,신세계푸드,78100,76200,-1900,-2.43,14013,1069909200
006880,신송홀딩스,5220,5230,10,0.19,8751,45673040
005800,신영와코루,121500,120000,-1500,-1.23,469,55829000
001720,신영증권,61500,61300,-200,-0.33,2343,143536900
001725,신영증권우,61100,61400,300,0.49,483,29598100
009270,신원,2440,2360,-80,-3.28,2788616,6678519745
009275,신원우,37250,37250,0,0.0,143,5301400
002700,신일전자,2175,2155,-20,-0.92,1995234,4292114275
019170,신풍제약,28700,29050,350,1.22,783189,22786927350
019175,신풍제약우,36100,36250,150,0.42,15523,560872050
002870,신풍제지,2285,2235,-50,-2.19,281533,625309235
404990,신한서부티엔디리츠,4930,4920,-10,-0.2,157039,773310160
293940,신한알파리츠,8010,8020,10,0.12,51142,409104160
055550,신한지주,38550,39000,450,1.17,2213546,86031358150
004080,신흥,16450,16300,-150,-0.91,6560,106135550
102280,쌍방울,775,738,-37,-4.77,12416613,9265067186
003410,쌍용CE,8010,8040,30,0.37,1134370,9132045520
003620,쌍용차,2770,2770,0,0.0,0,0
004770,써니전자,6240,5200,-1040,-16.67,18245662,100897285740
015540,쎌마테라퓨틱스,6410,6410,0,0.0,0,0
004920,씨아이테크,1590,1595,5,0.31,774858,1233035950
112610,씨에스윈드,62300,60800,-1500,-2.41,148585,9086004700
008700,아남전자,2600,2705,105,4.04,8787741,23530431515
002790,아모레G,42600,41200,-1400,-3.29,235407,9750606400
00279K,아모레G3우전환,32950,32750,-200,-0.61,11259,366119600
002795,아모레G우,16450,16050,-400,-2.43,16008,256965950
090430,아모레퍼시픽,152000,153000,1000,0.66,249170,37811931000
090435,아모레퍼시픽우,68200,67400,-800,-1.17,21279,1436296500
002030,아세아,138000,136500,-1500,-1.09,5219,707415000
183190,아세아시멘트,144500,143000,-1500,-1.04,37107,5423167000
002310,아세아제지,54400,53500,-900,-1.65,51693,2745172900
012170,아센디오,1310,1285,-25,-1.91,251771,326650615
267850,아시아나IDT,17000,16700,-300,-1.76,10724,179368750
020560,아시아나항공,18900,18700,-200,-1.06,307422,5758082700
122900,아이마켓코리아,10400,10350,-50,-0.48,49474,512436600
010780,아이에스동서,46000,45000,-1000,-2.17,108432,4910258400
139990,아주스틸,18600,18250,-350,-1.88,149852,2747410550
001780,알루코,3470,3405,-65,-1.87,558894,1905373075
018250,애경산업,18800,18600,-200,-1.06,36012,669926800
161000,애경케미칼,11100,11000,-100,-0.9,159092,1737479600
011090,에넥스,2570,2480,-90,-3.5,1328290,3330106305
137310,에스디바이오센서,55700,56000,300,0.54,596247,33427820200
005850,에스엘,30800,30150,-650,-2.11,148534,4499382700
012750,에스원,73200,72800,-400,-0.55,58884,4276548926
023960,에쓰씨엔지니어링,2900,2810,-90,-3.1,159616,450885465
298690,에어부산,2170,2145,-25,-1.15,313855,670717980
140910,에이리츠,8500,8450,-50,-0.59,13765,115951280
078520,에이블씨엔씨,6100,6090,-10,-0.16,18781,114246880
015260,에이엔피,2080,1970,-110,-5.29,174201,347604615
007460,에이프로젠MED,1720,1745,25,1.45,2304886,3971597125
003060,에이프로젠제약,887,874,-13,-1.47,924103,806596592
244920,에이플러스에셋,8540,8480,-60,-0.7,367683,3089441350
036570,엔씨소프트,614000,604000,-10000,-1.63,146671,88981154000
138250,엔에스쇼핑,12500,12450,-50,-0.4,31494,391357600
380440,엔에이치스팩19호,2080,2090,10,0.48,83611,174270695
085310,엔케이,1060,1030,-30,-2.83,181790,187917630
900140,엘브이엠씨홀딩스,3545,3515,-30,-0.85,178540,627208660
097520,엠씨넥스,51300,51500,200,0.39,240088,12300262800
014440,영보화학,4580,4400,-180,-3.93,83021,369360550
111770,영원무역,48400,47100,-1300,-2.69,124449,5940526350
009970,영원무역홀딩스,49200,49200,0,0.0,10197,498029600
003520,영진약품,5120,5060,-60,-1.17,369941,1887131220
000670,영풍,660000,663000,3000,0.45,864,573733000
006740,영풍제지,9070,9280,210,2.32,1086335,10157775260
012280,영화금속,1605,1555,-50,-3.12,502914,789362970
012160,영흥,1065,1040,-25,-2.35,236001,247393740
015360,예스코홀딩스,35850,35400,-450,-1.26,1250,44392900
007310,오뚜기,463000,452500,-10500,-2.27,3839,1758136500
002630,오리엔트바이오,1310,1300,-10,-0.76,4497241,5888138160
271560,오리온,107000,105000,-2000,-1.87,82466,8722565000
001800,오리온홀딩스,15600,15350,-250,-1.6,68512,1058089450
011690,와이투솔루션,2440,2440,0,0.0,0,0
070960,용평리조트,4890,4860,-30,-0.61,71265,345491905
316140,우리금융지주,13950,14550,600,4.3,7886028,113752002300
118000,우리들휴브레인,1665,1605,-60,-3.6,515936,832848285
010050,우리종금,903,898,-5,-0.55,1782918,1603994776
006980,우성,29800,28750,-1050,-3.52,54432,1574737500
017370,우신시스템,3860,3730,-130,-3.37,165122,621541055
105840,우진,8370,8240,-130,-1.55,649466,5422219400
010400,우진아이엔에스,7090,7050,-40,-0.56,7909,55483000
049800,우진플라임,4885,4700,-185,-3.79,122011,579596000
016880,웅진,2075,1935,-140,-6.75,3113687,6228342740
095720,웅진씽크빅,3325,3170,-155,-4.66,777177,2510577990
005820,원림,19050,19050,0,0.0,2509,47582050
010600,웰바이오텍,1595,1565,-30,-1.88,492662,766790945
008600,윌비스,1635,1565,-70,-4.28,1178876,1881043295
033270,유나이티드제약,46100,45900,-200,-0.43,45923,2118043000
014830,유니드,109000,104500,-4500,-4.13,76991,8130130500
000910,유니온,7300,7170,-130,-1.78,673575,4956208550
047400,유니온머티리얼,3075,3050,-25,-0.81,428750,1317776035
011330,유니켐,1310,1305,-5,-0.38,422915,552536845
077500,유니퀘스트,12150,12000,-150,-1.23,330685,3986674300
002920,유성기업,3145,3085,-60,-1.91,34172,105613575
000700,유수홀딩스,6130,5950,-180,-2.94,43577,262024210
003470,유안타증권,3885,3845,-40,-1.03,189250,726828525
003475,유안타증권우,3970,3950,-20,-0.5,6526,25637205
072130,유엔젤,5400,5520,120,2.22,485486,2668457210
000220,유유제약,7450,7180,-270,-3.62,214714,1555422040
000225,유유제약1우,8860,8700,-160,-1.81,10327,91197250
000227,유유제약2우B,18200,17900,-300,-1.65,1341,23888000
001200,유진투자증권,3485,3455,-30,-0.86,134639,464528390
000100,유한양행,60500,61400,900,1.49,1575681,100181845100
000105,유한양행우,59000,61400,2400,4.07,133485,8767046900
003460,유화증권,2635,2650,15,0.57,10910,28775665
003465,유화증권우,2640,2655,15,0.57,31,81855
008730,율촌화학,26900,26250,-650,-2.42,106644,2803937850
008250,이건산업,12300,12050,-250,-2.03,66278,803450300
025820,이구산업,3700,3850,150,4.05,796564,2973976390
214320,이노션,51800,51900,100,0.19,29642,1534297500
088260,이리츠코크렙,5940,5940,0,0.0,41229,244370490
139480,이마트,149000,146500,-2500,-1.68,87793,12894613500
007660,이수페타시스,6640,6480,-160,-2.41,2582547,16727870810
005950,이수화학,15350,15000,-350,-2.28,470843,7057635050
015020,이스타코,3230,3260,30,0.93,2621050,8682267950
093230,이아이디,296,287,-9,-3.04,13369269,3856701777
074610,이엔플러스,4480,4855,375,8.37,18606983,90156686040
102460,이연제약,32650,32000,-650,-1.99,97339,3133748150
084680,이월드,2540,2380,-160,-6.3,1632894,4023023275
350520,이지스레지던스리츠,5250,5220,-30,-0.57,21394,111886930
334890,이지스밸류리츠,5740,5690,-50,-0.87,63156,360775710
000760,이화산업,16150,16100,-50,-0.31,1517,24492650
014990,인디에프,1230,1200,-30,-2.44,289401,348780960
101140,인바이오젠,3110,3030,-80,-2.57,1036584,3125488065
006490,인스코비,3170,3095,-75,-2.37,655517,2042713045
023800,인지컨트롤스,15150,14650,-500,-3.3,117876,1734568000
034590,인천도시가스,27100,26800,-300,-1.11,481,12900900
129260,인터지스,3650,3605,-45,-1.23,96165,346835300
023810,인팩,13700,13400,-300,-2.19,111282,1473418750
249420,일동제약,27500,30300,2800,10.18,5661191,171568687400
000230,일동홀딩스,13900,14000,100,0.72,110741,1546741900
013360,일성건설,5580,5500,-80,-1.43,1088288,6051992510
003120,일성신약,74800,74800,0,0.0,690,51710700
003200,일신방직,108500,106500,-2000,-1.84,7207,768710500
007110,일신석재,2090,2085,-5,-0.24,674068,1415967805
007570,일양약품,27050,26700,-350,-1.29,88106,2358544650
007575,일양약품우,28050,27600,-450,-1.6,805,22321550
008500,일정실업,35250,34650,-600,-1.7,15776,539790150
081000,일진다이아,28550,27900,-650,-2.28,75047,2106711600
020760,일진디스플,2345,2340,-5,-0.21,121740,279530110
020150,일진머티리얼즈,111500,108500,-3000,-2.69,320618,35072562500
103590,일진전기,5240,5100,-140,-2.67,110396,567649130
271940,일진하이솔루스,51600,51900,300,0.58,123956,6341434700
015860,일진홀딩스,5270,5180,-90,-1.71,101746,527308770
226320,잇츠한불,17350,17150,-200,-1.15,13183,226614550
317400,자이에스앤디,9560,9500,-60,-0.63,76735,729610620
033240,자화전자,25850,25900,50,0.19,252702,6458142450
000950,전방,40000,39950,-50,-0.13,1126,44947700
348950,제이알글로벌리츠,5360,5380,20,0.37,716953,3849815980
194370,제이에스코퍼레이션,20400,20950,550,2.7,105360,2223797950
025620,제이준코스메틱,1055,1000,-55,-5.21,1510661,1520930819
036420,제이콘텐트리,57300,56500,-800,-1.4,305836,17026441100
030000,제일기획,22500,22300,-200,-0.89,207200,4660120200
271980,제일약품,32650,33900,1250,3.83,198210,6742905700
001560,제일연마,8410,8150,-260,-3.09,9887,81143550
002620,제일파마홀딩스,15450,15800,350,2.27,14594,228883500
006220,제주은행,6670,6580,-90,-1.35,931561,6209180560
089590,제주항공,17450,17200,-250,-1.43,110804,1901498850
004910,조광페인트,8970,8980,10,0.11,53930,484048510
004700,조광피혁,52900,53000,100,0.19,403,21148400
001550,조비,20800,20500,-300,-1.44,22160,449988450
000480,조선내화,80400,80500,100,0.12,697,55815200
120030,조선선재,115500,112000,-3500,-3.03,2131,241951500
018470,조일알미늄,2490,2420,-70,-2.81,4712281,11116169205
002600,조흥,187500,186000,-1500,-0.8,339,62807500
185750,종근당,103000,103000,0,0.0,21184,2187082500
063160,종근당바이오,37850,37500,-350,-0.92,17283,650006550
001630,종근당홀딩스,76400,75200,-1200,-1.57,4902,370214700
044380,주연테크,1305,1245,-60,-4.6,1391772,1762605850
013890,지누스,74000,72200,-1800,-2.43,50368,3656211400
013870,지엠비코리아,6090,5860,-230,-3.78,52138,309118210
071320,지역난방공사,37400,37000,-400,-1.07,4552,168545300
010580,지코,1530,1530,0,0.0,0,0
035000,지투알,7270,7220,-50,-0.69,30694,220440070
088790,진도,3030,2990,-40,-1.32,82285,249117390
003780,진양산업,8660,8160,-500,-5.77,352265,2933664400
010640,진양폴리,7700,7170,-530,-6.88,219095,1595384250
100250,진양홀딩스,4215,3870,-345,-8.19,4031108,16352509910
051630,진양화학,5870,5600,-270,-4.6,89434,506047510
272450,진에어,16950,16650,-300,-1.77,122546,2030463700
011000,진원생명과학,16500,16200,-300,-1.82,672423,10879173450
002780,진흥기업,2230,2185,-45,-2.02,733275,1607516810
002787,진흥기업2우B,15250,15200,-50,-0.33,1153,17360950
002785,진흥기업우B,5980,5970,-10,-0.17,223,1331420
009310,참엔지니어링,1310,1300,-10,-0.76,284843,369859520
000650,천일고속,65700,65700,0,0.0,289,19091400
033250,체시스,1245,1230,-15,-1.2,148070,182288935
035720,카카오,96600,95000,-1600,-1.66,4382380,419598799800
323410,카카오뱅크,51100,49350,-1750,-3.42,3785349,188288968982
377300,카카오페이,148500,149500,1000,0.67,308114,46220507000
006380,카프로,4520,4320,-200,-4.42,473454,2055940730
109070,컨버즈,4100,4100,0,0.0,0,0
001620,케이비아이동국실업,840,824,-16,-1.9,250471,205777166
029460,케이씨,22050,21800,-250,-1.13,41430,900043650
281820,케이씨텍,22100,21700,-400,-1.81,81124,1762639850
381970,케이카,28350,28300,-50,-0.18,141498,4040502950
145270,케이탑리츠,1370,1365,-5,-0.36,275228,373504780
357120,코람코에너지리츠,6560,6570,10,0.15,46060,301901160
007815,코리아써우,10100,9980,-120,-1.19,12258,122954530
007810,코리아써키트,29550,28900,-650,-2.2,407589,11941779950
00781K,코리아써키트2우B,10050,10000,-50,-0.5,2422,24227210
003690,코리안리,9430,9510,80,0.85,496255,4730932890
192820,코스맥스,81600,81700,100,0.12,152026,12336862800
044820,코스맥스비티아이,13250,13250,0,0.0,3520,46300400
005070,코스모신소재,42250,40550,-1700,-4.02,424756,17561569850
005420,코스모화학,14300,14050,-250,-1.75,266082,3755419300
071950,코아스,1115,1080,-35,-3.14,220156,238480965
002020,코오롱,33800,33250,-550,-1.63,54459,1813990300
003070,코오롱글로벌,23950,24150,200,0.84,63493,1528191400
003075,코오롱글로벌우,30700,30450,-250,-0.81,192,5798800
002025,코오롱우,20800,20600,-200,-0.96,4808,99280500
120110,코오롱인더,70300,67100,-3200,-4.55,464500,31301056100
120115,코오롱인더우,33250,32400,-850,-2.56,17587,566518700
138490,코오롱플라스틱,11750,11350,-400,-3.4,524408,5982043300
021240,코웨이,74500,73800,-700,-0.94,184181,13689780300
031820,콤텍시스템,1000,962,-38,-3.8,2629584,2562241469
192400,쿠쿠홀딩스,18800,18550,-250,-1.33,20582,383283150
284740,쿠쿠홈시스,39400,38550,-850,-2.16,52552,2064983250
015590,큐로,473,460,-13,-2.75,1059695,491371337
264900,크라운제과,9090,8990,-100,-1.1,22603,203105370
26490K,크라운제과우,12650,12400,-250,-1.98,5104,63832250
005740,크라운해태홀딩스,8480,8460,-20,-0.24,7151,60257810
005745,크라운해태홀딩스우,12600,12400,-200,-1.59,1416,17580500
259960,크래프톤,381500,365000,-16500,-4.33,391852,144677235792
020120,키다리스튜디오,17900,17400,-500,-2.79,212120,3693310850
039490,키움증권,102000,101000,-1000,-0.98,68017,6853227500
014580,태경비케이,4890,4745,-145,-2.97,218418,1038760500
015890,태경산업,6640,6590,-50,-0.75,158626,1038248250
006890,태경케미컬,12350,12200,-150,-1.21,36736,452310500
003240,태광산업,1156000,1135000,-21000,-1.82,1057,1205093000
011280,태림포장,4420,4300,-120,-2.71,209133,906036545
004100,태양금속,1350,1295,-55,-4.07,242514,316050690
004105,태양금속우,2390,2380,-10,-0.42,11885,28369145
009410,태영건설,11400,11250,-150,-1.32,128933,1469797350
009415,태영건설우,12050,11950,-100,-0.83,1981,23855850
001420,태원물산,6020,5780,-240,-3.99,145956,835525110
007980,태평양물산,2255,2220,-35,-1.55,260514,572211560
055490,테이팩스,72700,72600,-100,-0.14,21220,1524208500
078000,텔코웨어,10800,10700,-100,-0.93,11068,118089200
214420,토니모리,3975,3840,-135,-3.4,207130,805519195
019180,티에이치엔,4390,4195,-195,-4.44,390388,1657218080
363280,티와이홀딩스,27550,27500,-50,-0.18,77483,2121129250
36328K,티와이홀딩스우,23100,22650,-450,-1.95,3728,84682850
091810,티웨이항공,3140,3100,-40,-1.27,193703,598813845
004870,티웨이홀딩스,726,715,-11,-1.52,2406314,1728188939
005690,파미셀,12800,13000,200,1.56,421667,5430426650
036580,팜스코,6710,6630,-80,-1.19,151851,996009130
004720,팜젠사이언스,10100,10250,150,1.49,130363,1337242150
028670,팬오션,5800,5560,-240,-4.14,3674627,20705773610
010820,퍼스텍,3070,3050,-20,-0.65,2905808,8915495725
016800,퍼시스,34950,34300,-650,-1.86,3428,119473050
001020,페이퍼코리아,1680,1695,15,0.89,89566,150224385
090080,평화산업,1710,1665,-45,-2.63,262828,438973905
010770,평화홀딩스,4300,4025,-275,-6.4,61597,251287240
058430,포스코강판,58000,57500,-500,-0.86,31042,1788278300
047050,포스코인터내셔널,22850,22500,-350,-1.53,647462,14674422300
003670,포스코케미칼,130500,126500,-4000,-3.07,363145,46318285000
007630,폴루스바이오팜,1225,1225,0,0.0,0,0
017810,풀무원,17000,16950,-50,-0.29,37966,640538750
103140,풍산,32250,32100,-150,-0.47,104208,3322814650
005810,풍산홀딩스,29150,28650,-500,-1.72,19718,568923100
950210,프레스티지바이오파마,19400,18900,-500,-2.58,162534,3076816400
009810,플레이그램,2435,2480,45,1.85,536252,1286774755
086790,하나금융지주,45400,46700,1300,2.86,2973292,137614164050
293480,하나제약,20050,20000,-50,-0.25,33042,656180050
039130,하나투어,73000,71500,-1500,-2.05,97978,7010676100
153360,하이골드3호,2670,2665,-5,-0.19,41724,111417870
352820,하이브,295500,289000,-6500,-2.2,209051,60939127500
071090,하이스틸,2955,2885,-70,-2.37,76457,219319995
019490,하이트론,4000,4140,140,3.5,51296,211409060
000080,하이트진로,30550,30350,-200,-0.65,165890,5061559250
000087,하이트진로2우B,18900,18800,-100,-0.53,1310,24573350
000140,하이트진로홀딩스,12450,12300,-150,-1.2,12004,148772500
000145,하이트진로홀딩스우,15050,15000,-50,-0.33,701,10427050
152550,한국ANKOR유전,1620,1620,0,0.0,32274,52215860
036460,한국가스공사,37150,37300,150,0.4,185067,6898606850
005430,한국공항,43000,42450,-550,-1.28,5086,216373700
071050,한국금융지주,80600,78600,-2000,-2.48,181934,14379694800
071055,한국금융지주우,64300,64000,-300,-0.47,8466,541840900
010040,한국내화,3595,3550,-45,-1.25,30940,110092395
025540,한국단자,71100,70100,-1000,-1.41,20572,1451517600
004090,한국석유,10950,10500,-450,-4.11,44262,470515950
002200,한국수출포장,25700,25400,-300,-1.17,6103,154808450
002960,한국쉘석유,250000,246500,-3500,-1.4,2063,511853500
000240,한국앤컴퍼니,15050,14700,-350,-2.33,116065,1723069900
123890,한국자산신탁,4070,4005,-65,-1.6,269133,1078744480
015760,한국전력,21500,21500,0,0.0,965545,20758541700
006200,한국전자홀딩스,2070,2065,-5,-0.24,700313,1443235805
009540,한국조선해양,102500,99900,-2600,-2.54,199766,20090849200
023350,한국종합기술,7310,7300,-10,-0.14,57347,419165710
025890,한국주강,5080,4935,-145,-2.85,112649,550777115
000970,한국주철관,9180,9050,-130,-1.42,23019,208571300
104700,한국철강,8160,8070,-90,-1.1,131054,1055250310
017960,한국카본,12200,11750,-450,-3.69,971607,11522180400
161890,한국콜마,38650,38000,-650,-1.68,70536,2689864850
024720,한국콜마홀딩스,19950,19550,-400,-2.01,21819,429734200
161390,한국타이어앤테크놀로지,39750,39000,-750,-1.89,167503,6580319750
034830,한국토지신탁,2570,2510,-60,-2.33,763142,1928384420
007280,한국특강,3330,3335,5,0.15,78422,260164785
168490,한국패러랠,2150,2160,10,0.47,22959,49361905
010100,한국프랜지,2730,2645,-85,-3.11,157345,421052610
047810,한국항공우주,33800,33900,100,0.3,725101,24631480750
123690,한국화장품,8780,8600,-180,-2.05,14361,123543430
003350,한국화장품제조,26650,25900,-750,-2.81,7505,196587100
011500,한농화성,15700,15600,-100,-0.64,250864,3855935700
002390,한독,22150,22050,-100,-0.45,17035,372974850
014790,한라,6080,5810,-270,-4.44,438012,2591086730
060980,한라홀딩스,46000,45550,-450,-0.98,29135,1330609950
053690,한미글로벌,11950,11750,-200,-1.67,95299,1113963550
042700,한미반도체,35250,34450,-800,-2.27,292931,10155482750
008930,한미사이언스,50000,50600,600,1.2,71568,3606205550
128940,한미약품,262500,264000,1500,0.57,19096,5071466000
009240,한샘,86600,88600,2000,2.31,78457,6843915800
020000,한섬,36600,35800,-800,-2.19,50499,1829529450
003680,한성기업,6460,6390,-70,-1.08,33418,213522270
105630,한세실업,23350,22500,-850,-3.64,214968,4876611450
069640,한세엠케이,5330,5320,-10,-0.19,4762405,27157387160
016450,한세예스24홀딩스,7180,7010,-170,-2.37,33874,238741660
010420,한솔PNS,1995,1950,-45,-2.26,89073,174950965
009180,한솔로지스틱스,3820,3745,-75,-1.96,222448,836242560
213500,한솔제지,13400,13250,-150,-1.12,76984,1021665400
014680,한솔케미칼,273000,269000,-4000,-1.47,61600,16747244500
004710,한솔테크닉스,7640,7540,-100,-1.31,115459,868125390
004150,한솔홀딩스,3520,3530,10,0.28,138713,489553625
025750,한솔홈데코,1725,1690,-35,-2.03,4027737,7094141215
004960,한신공영,18550,18550,0,0.0,193006,3611870050
011700,한신기계,3920,3800,-120,-3.06,2558305,9926571520
001750,한양증권,14800,14700,-100,-0.68,43746,639206350
001755,한양증권우,18950,18850,-100,-0.53,345,6478750
018880,한온시스템,12750,12600,-150,-1.18,1090067,13807734700
009420,한올바이오파마,19850,19800,-50,-0.25,122080,2429848950
014130,한익스프레스,6260,6170,-90,-1.44,112007,683473370
300720,한일시멘트,22000,22200,200,0.91,1762336,39925632900
002220,한일철강,2940,3040,100,3.4,197190,583400185
006390,한일현대시멘트,34950,34750,-200,-0.57,47245,1665349400
003300,한일홀딩스,13100,13000,-100,-0.76,18844,246738950
051600,한전KPS,36300,35850,-450,-1.24,213280,7628221150
052690,한전기술,78800,77600,-1200,-1.52,442047,34479949000
130660,한전산업,12100,11700,-400,-3.31,264540,3133077800
002320,한진,32900,31800,-1100,-3.34,64430,2054534600
097230,한진중공업,7920,7940,20,0.25,17021,134693340
003480,한진중공업홀딩스,4060,4050,-10,-0.25,37644,151435445
180640,한진칼,58200,57400,-800,-1.37,52905,3065913600
18064K,한진칼우,34800,35100,300,0.86,832,28887750
005110,한창,1005,991,-14,-1.39,1152737,1146805100
009460,한창제지,2180,2150,-30,-1.38,1048048,2294689370
372910,한컴라이프케어,8680,8370,-310,-3.57,115520,978319190
000880,한화,31200,30950,-250,-0.8,176950,5495625600
00088K,한화3우B,15950,15800,-150,-0.94,39965,631773600
088350,한화생명,3325,3320,-5,-0.15,4923965,16325040695
000370,한화손해보험,4130,4085,-45,-1.09,410419,1675328100
009830,한화솔루션,38250,36800,-1450,-3.79,1200102,44749317450
009835,한화솔루션우,38050,36750,-1300,-3.42,3571,132390300
272210,한화시스템,17050,16800,-250,-1.47,627987,10620802000
012450,한화에어로스페이스,51100,50200,-900,-1.76,413774,20849375550
000885,한화우,39300,38500,-800,-2.04,229,8837550
003530,한화투자증권,5720,5480,-240,-4.2,4524361,24957784660
003535,한화투자증권우,12400,12150,-250,-2.02,18956,231616850
195870,해성디에스,51700,50200,-1500,-2.9,371440,18978930050
101530,해태제과식품,7720,7640,-80,-1.04,7119,54560790
143210,핸즈코퍼레이션,5190,5100,-90,-1.73,8707,44121910
000720,현대건설,45900,44800,-1100,-2.4,918542,41355079850
267270,현대건설기계,46250,45350,-900,-1.95,148143,6799386750
000725,현대건설우,74800,73000,-1800,-2.41,7713,564515000
005440,현대그린푸드,8460,8450,-10,-0.12,136271,1156102970
086280,현대글로비스,181500,178500,-3000,-1.65,150468,26854782500
042670,현대두산인프라코어,7000,6880,-120,-1.71,1532872,10601214690
064350,현대로템,21550,21550,0,0.0,643936,13922097450
079430,현대리바트,15200,15200,0,0.0,15354,232570000
012330,현대모비스,262000,257000,-5000,-1.91,266461,68666728500
010620,현대미포조선,81700,81200,-500,-0.61,320523,25918842900
069960,현대백화점,73000,73000,0,0.0,49044,3590610400
004560,현대비앤지스틸,16950,16550,-400,-2.36,67692,1126313200
004565,현대비앤지스틸우,66200,65800,-400,-0.6,219,14200100
004310,현대약품,6220,5860,-360,-5.79,763345,4598506920
322000,현대에너지솔루션,20700,20150,-550,-2.66,57274,1140240150
017800,현대엘리베이,40500,39900,-600,-1.48,174513,6976699000
307950,현대오토에버,135000,129500,-5500,-4.07,190334,24933628500
011210,현대위아,78600,77200,-1400,-1.78,180985,14057791500
267260,현대일렉트릭,20500,20250,-250,-1.22,113849,2308618000
004020,현대제철,44800,44250,-550,-1.23,536058,23755008450
329180,현대중공업,111500,107000,-4500,-4.04,380355,40983858000
267250,현대중공업지주,55100,53700,-1400,-2.54,190266,10283690400
005380,현대차,209500,210500,1000,0.48,482235,101312427000
005387,현대차2우B,100500,101500,1000,1.0,65582,6611429000
005389,현대차3우B,93400,93800,400,0.43,3903,364581000
005385,현대차우,98300,98900,600,0.61,41222,4062187600
001500,현대차증권,11950,11850,-100,-0.84,45792,543787750
011760,현대코퍼레이션,16500,16600,100,0.61,25462,417840550
227840,현대코퍼레이션홀딩스,11500,11400,-100,-0.87,25407,290736550
126560,현대퓨처넷,3995,3915,-80,-2.0,209635,823987235
001450,현대해상,26400,26350,-50,-0.19,567610,14946382500
057050,현대홈쇼핑,63400,63900,500,0.79,13586,863800400
093240,형지엘리트,3560,3515,-45,-1.26,284892,1005542585
003010,혜인,5760,5550,-210,-3.65,117593,651693480
111110,호전실업,10050,10000,-50,-0.5,34420,342776010
008770,호텔신라,74400,74600,200,0.27,297206,22117459400
008775,호텔신라우,72500,72000,-500,-0.69,2108,152094500
002460,화성산업,13350,13900,550,4.12,192444,2639227800
378850,화승알앤에이,4970,4915,-55,-1.11,59523,291020180
241590,화승엔터프라이즈,16950,16150,-800,-4.72,337276,5506779050
006060,화승인더,6030,5970,-60,-1.0,167524,998145120
013520,화승코퍼레이션,2050,1985,-65,-3.17,137886,276096425
010690,화신,9120,8750,-370,-4.06,393278,3456672950
133820,화인베스틸,3185,3100,-85,-2.67,158752,491360065
010660,화천기계,2675,2565,-110,-4.11,132312,341743680
000850,화천기공,34150,34000,-150,-0.44,3324,112541600
016580,환인제약,17750,17500,-250,-1.41,23349,408023600
032560,황금에스티,8690,8860,170,1.96,99959,873052020
004800,효성,92000,90800,-1200,-1.3,44488,4054150000
094280,효성ITX,18700,18500,-200,-1.07,22630,421727950
298040,효성중공업,56500,55000,-1500,-2.65,40621,2252207500
298050,효성첨단소재,549000,531000,-18000,-3.28,61001,32447788000
298020,효성티앤씨,601000,546000,-55000,-9.15,127788,71698866000
298000,효성화학,365000,351500,-13500,-3.7,67864,23550963500
093370,후성,22200,21900,-300,-1.35,1086841,23782767550
081660,휠라홀딩스,33600,32550,-1050,-3.13,482625,15869347150
005870,휴니드,8530,8280,-250,-2.93,195854,1646177130
079980,휴비스,8230,8140,-90,-1.09,74381,602670370
005010,휴스틸,15300,14900,-400,-2.61,46659,697389000
069260,휴켐스,23200,22950,-250,-1.08,214257,4946553250
000540,흥국화재,3900,3920,20,0.51,97440,378339600
000547,흥국화재2우B,28000,27400,-600,-2.14,334,9187450
000545,흥국화재우,8250,8270,20,0.24,310,2550820
003280,흥아해운,2525,2470,-55,-2.18,437906,1072502630
