티커,종목명,시가,종가,변동폭,등락률,거래량,거래대금
095570,AJ네트웍스,5090,5120,30,0.59,66354,338463720
006840,AK홀딩스,19550,19500,-50,-0.26,14467,283448750
027410,BGF,5230,5250,20,0.38,57806,304089170
282330,BGF리테일,141500,140000,-1500,-1.06,28464,4012187000
138930,BNK금융지주,8480,8560,80,0.94,1244991,10555521140
001460,BYC,499000,513000,14000,2.81,1011,508867000
001465,BYC우,197000,198000,1000,0.51,89,17624500
001040,CJ,81300,81900,600,0.74,43418,3526070900
079160,CJCGV,24200,24400,200,0.83,118371,2884101250
00104K,CJ4우전환,69700,71000,1300,1.87,3191,222967800
000120,CJ대한통운,125500,127500,2000,1.59,32423,4089380500
011150,CJ씨푸드,3805,3875,70,1.84,250470,965321235
011155,CJ씨푸드1우,36800,36950,150,0.41,132,4859750
001045,CJ우,48900,49450,550,1.12,3190,156722700
097950,CJ제일제당,374500,380500,6000,1.6,26954,10202174000
097955,CJ제일제당우,173000,174500,1500,0.87,2582,447088000
000590,CS홀딩스,65100,65000,-100,-0.15,1386,89909700
012030,DB,961,970,9,0.94,254373,246964429
016610,DB금융투자,6550,6620,70,1.07,115874,762556820
005830,DB손해보험,60300,60600,300,0.5,163138,9880160100
000990,DB하이텍,72300,77900,5600,7.75,2108236,161910196100
000995,DB하이텍1우,99500,103000,3500,3.52,482,49183000
139130,DGB금융지주,9440,9490,50,0.53,364404,3432625350
001530,DI동일,265000,267000,2000,0.75,5127,1364994000
000210,DL,64900,66200,1300,2.0,131944,8702013900
001880,DL건설,28200,29200,1000,3.55,58040,1685196500
000215,DL우,37600,38000,400,1.06,1054,40071400
375500,DL이앤씨,130500,132000,1500,1.15,178450,23566223500
37550K,DL이앤씨우,71000,71500,500,0.7,3456,246353700
004840,DRB동일,5230,5320,90,1.72,11097,58670900
155660,DSR,5880,5950,70,1.19,125480,739769730
069730,DSR제강,4980,4940,-40,-0.8,99077,487983355
017940,E1,47600,48000,400,0.84,5917,283579950
365550,ESR켄달스퀘어리츠,6210,6320,110,1.77,314289,1980947410
383220,FF,873000,908000,35000,4.01,32576,29336182000
007700,FF홀딩스,32200,32800,600,1.86,37943,1229982150
114090,GKL,13000,13250,250,1.92,144390,1894594350
078930,GS,40050,39700,-350,-0.87,205446,8211927300
006360,GS건설,43750,44350,600,1.37,869943,38268904500
001250,GS글로벌,2475,2470,-5,-0.2,232861,576064820
007070,GS리테일,29650,29850,200,0.67,172559,5135538200
078935,GS우,34450,34550,100,0.29,1483,51179800
012630,HDC,10350,10500,150,1.45,115440,1207492200
039570,HDC랩스,11500,11850,350,3.04,19761,232802550
089470,HDC현대EP,5750,5800,50,0.87,60132,347430210
294870,HDC현대산업개발,24850,25000,150,0.6,461837,11597577700
011200,HMM,26300,26400,100,0.38,1489092,39055675700
082740,HSD엔진,9380,9180,-200,-2.13,1735798,16081324550
003560,IHQ,1390,1405,15,1.08,589207,827648070
175330,JB금융지주,8340,8340,0,0.0,230019,1919922390
234080,JW생명과학,14000,13900,-100,-0.71,16727,232310100
001060,JW중외제약,22800,22750,-50,-0.22,38157,870720800
001067,JW중외제약2우B,60600,60700,100,0.17,60,3645900
001065,JW중외제약우,34100,34150,50,0.15,152,5197300
096760,JW홀딩스,3605,3610,5,0.14,37526,135747115
105560,KB금융,55800,55700,-100,-0.18,1193940,66209460700
002380,KCC,387500,379000,-8500,-2.19,122196,46632314000
344820,KCC글라스,65200,66000,800,1.23,142567,9423394300
009070,KCTC,6140,6150,10,0.16,65404,401959110
009440,KC그린홀딩스,4630,4605,-25,-0.54,63555,293334555
119650,KC코트렐,6230,6440,210,3.37,126976,816093940
092220,KEC,3725,3750,25,0.67,4308008,16244659155
016380,KG동부제철,11800,11600,-200,-1.69,312155,3617170800
016385,KG동부제철우,95000,94700,-300,-0.32,75,7126900
001390,KG케미칼,30150,30450,300,1.0,52548,1598813700
033180,KH필룩스,2535,2610,75,2.96,544202,1406178490
001940,KISCO홀딩스,15550,15350,-200,-1.29,14921,228656150
025000,KPX케미칼,53500,53600,100,0.19,3261,174901500
092230,KPX홀딩스,63200,63200,0,0.0,1541,97413400
000040,KR모터스,905,906,1,0.11,222124,201995047
044450,KSS해운,11550,11600,50,0.43,31422,364160250
030200,KT,30250,30250,0,0.0,638257,19322030250
033780,KTG,78700,78400,-300,-0.38,282420,22166811300
030210,KTB투자증권,5060,5170,110,2.17,345366,1761737770
058850,KTcs,2520,2565,45,1.79,49647,126715745
058860,KTis,2520,2530,10,0.4,63965,161746485
093050,LF,17000,16900,-100,-0.59,34155,577941050
003550,LG,80800,81600,800,0.99,593241,48323815519
034220,LG디스플레이,24000,24150,150,0.63,3835021,91947847400
051900,LG생활건강,1087000,1104000,17000,1.56,49583,54605390000
051905,LG생활건강우,614000,611000,-3000,-0.49,1637,1000136000
003555,LG우,62100,62900,800,1.29,4016,251319700
032640,LG유플러스,13350,13550,200,1.5,1360941,18382034800
011070,LG이노텍,329500,337000,7500,2.28,574851,196005109500
066570,LG전자,135000,137500,2500,1.85,808243,110543465500
066575,LG전자우,64000,64400,400,0.63,42290,2734640400
037560,LG헬로비전,5260,5340,80,1.52,153952,824585850
051910,LG화학,690000,719000,29000,4.2,836306,592892282704
051915,LG화학우,305500,315500,10000,3.27,38974,12190551840
079550,LIG넥스원,65400,66200,800,1.22,212502,14047223800
006260,LS,54000,54500,500,0.93,86982,4747729200
010120,LSELECTRIC,54900,54900,0,0.0,62733,3449183200
000680,LS네트웍스,3045,3030,-15,-0.49,51678,156947570
229640,LS전선아시아,7940,7910,-30,-0.38,82132,651604300
001120,LX인터내셔널,26000,26100,100,0.38,329702,8520753850
108670,LX하우시스,65800,66300,500,0.76,80106,5277406100
108675,LX하우시스우,29850,30200,350,1.17,1714,51579900
383800,LX홀딩스,10250,10300,50,0.49,310636,3209798750
38380K,LX홀딩스1우,15450,15500,50,0.32,4479,69548450
023150,MH에탄올,10200,10100,-100,-0.98,36648,371000800
035420,NAVER,338500,338000,-500,-0.15,787839,267513155280
181710,NHN,40450,40450,0,0.0,72631,2940299450
400760,NH올원리츠,5170,5170,0,0.0,138443,716350350
005940,NH투자증권,11750,11950,200,1.7,783735,9294515100
005945,NH투자증권우,11250,11350,100,0.89,39144,442806550
338100,NH프라임리츠,4755,4755,0,0.0,19653,93382060
034310,NICE,16400,16800,400,2.44,49878,834085050
008260,NI스틸,3740,3750,10,0.27,215595,797063235
004250,NPC,10150,10050,-100,-0.99,1371771,13834792410
004255,NPC우,4745,4950,205,4.32,44452,217104585
010060,OCI,105000,108000,3000,2.86,336914,35635409500
178920,PI첨단소재,51600,52200,600,1.16,102290,5373344500
005490,POSCO,304500,305000,500,0.16,518413,156981193000
010950,S-Oil,92400,97300,4900,5.3,770254,74654054900
010955,S-Oil우,55000,56200,1200,2.18,23556,1327601700
034120,SBS,48750,49100,350,0.72,112618,5535359950
101060,SBS미디어홀딩스,1930,1930,0,0.0,0,0
005090,SGC에너지,45700,45900,200,0.44,18408,842775150
001380,SG글로벌,2225,2140,-85,-3.82,1069185,2315434045
004060,SG세계물산,921,870,-51,-5.54,21750437,19587063297
001770,SHD,30150,29650,-500,-1.66,3753,112243750
002360,SH에너지화학,990,1005,15,1.52,1070476,1070418353
009160,SIMPAC,6200,6300,100,1.61,72589,457350080
123700,SJM,4860,4855,-5,-0.1,29206,141746555
025530,SJM홀딩스,3630,3635,5,0.14,18234,66125170
034730,SK,244000,245500,1500,0.61,178726,43718765000
011790,SKC,160000,162000,2000,1.25,136714,22089704500
018670,SK가스,124500,130500,6000,4.82,19567,2519385500
001740,SK네트웍스,4875,4865,-10,-0.21,381901,1858668145
001745,SK네트웍스우,69200,69400,200,0.29,310,21478700
006120,SK디스커버리,46650,46450,-200,-0.43,32004,1493394500
006125,SK디스커버리우,35300,35350,50,0.14,419,14815500
210980,SK디앤디,30150,30400,250,0.83,10112,307964550
068400,SK렌터카,10100,10200,100,0.99,37164,378549400
395400,SK리츠,6140,6190,50,0.81,249463,1539545830
302440,SK바이오사이언스,200000,213000,13000,6.5,606959,127338123500
326030,SK바이오팜,92800,94500,1700,1.83,139579,13188673800
402340,SK스퀘어,61700,61000,-700,-1.13,2312174,141610422700
361610,SK아이이테크놀로지,150500,153500,3000,1.99,193087,29336062500
03473K,SK우,217000,217500,500,0.23,508,110351000
096770,SK이노베이션,247500,247000,-500,-0.2,440815,109497650500
096775,SK이노베이션우,145000,144000,-1000,-0.69,2056,297048000
001510,SK증권,978,977,-1,-0.1,2451552,2391209943
001515,SK증권우,3855,3850,-5,-0.13,3758,14393105
285130,SK케미칼,139500,145500,6000,4.3,78238,11269273500
28513K,SK케미칼우,80100,83700,3600,4.49,10101,836387800
017670,SK텔레콤,57900,56400,-1500,-2.59,921007,52079928100
000660,SK하이닉스,125000,127000,2000,1.6,3270119,417803212500
064960,SNT모티브,47200,47700,500,1.06,34488,1640314250
100840,SNT에너지,18050,18450,400,2.22,8534,155885150
003570,SNT중공업,8870,8910,40,0.45,5499,48797460
036530,SNT홀딩스,17150,17250,100,0.58,4365,74899100
005610,SPC삼립,69400,70200,800,1.15,3366,235737500
011810,STX,4510,4490,-20,-0.44,196170,866740845
077970,STX엔진,11200,11200,0,0.0,123735,1365292750
071970,STX중공업,5310,5390,80,1.51,364025,1896473320
002820,SUNL,5280,5290,10,0.19,10209,53434980
084870,TBH글로벌,2270,2240,-30,-1.32,31619,70981940
002710,TCC스틸,11250,12350,1100,9.78,3750627,44806190900
002900,TYM,1740,1750,10,0.57,458805,804874245
024070,WISCOM,3475,3530,55,1.58,73991,259353010
037270,YGPLUS,7290,7370,80,1.1,416779,3076916200
000500,가온전선,24800,25050,250,1.01,8494,212894250
000860,강남제비스코,26450,26300,-150,-0.57,16640,436601350
035250,강원랜드,24100,24550,450,1.87,569163,13894514850
011420,갤럭시아에스엠,2635,2715,80,3.04,399774,1081361150
002100,경농,12300,12350,50,0.41,19956,246195300
009450,경동나비엔,54500,55500,1000,1.83,31093,1717693500
267290,경동도시가스,21900,22100,200,0.91,8300,183042550
012320,경동인베스트,34300,34500,200,0.58,1805,62068400
000050,경방,14150,14150,0,0.0,18381,259440950
214390,경보제약,10500,10650,150,1.43,89947,961772900
012610,경인양행,6550,6600,50,0.76,83388,550800170
009140,경인전자,34800,37150,2350,6.75,12174,439767850
013580,계룡건설,35200,36100,900,2.56,131964,4755733300
012200,계양전기,4040,4100,60,1.49,67238,274371930
012205,계양전기우,6710,6840,130,1.94,3676,24661060
002140,고려산업,3020,3030,10,0.33,58878,178167795
010130,고려아연,509000,514000,5000,0.98,28995,14787150000
002240,고려제강,21950,21450,-500,-2.28,89306,1915636600
009290,광동제약,7560,7560,0,0.0,88726,670701190
017040,광명전기,2560,2610,50,1.95,255625,664554010
017900,광전자,3280,3330,50,1.52,164674,552366160
037710,광주신세계,178000,177500,-500,-0.28,778,138736000
030610,교보증권,8160,8200,40,0.49,44653,365435550
339770,교촌에프앤비,16050,15950,-100,-0.62,32480,519434300
007690,국도화학,57800,62500,4700,8.13,123416,7483020500
005320,국동,2605,2670,65,2.5,235159,624902575
001140,국보,1605,1605,0,0.0,1871476,3058948565
002720,국제약품,6280,6030,-250,-3.98,308493,1894186950
083420,그린케미칼,8930,9000,70,0.78,50514,455159170
014530,극동유화,3820,3935,115,3.01,133633,521670040
014280,금강공업,8380,8360,-20,-0.24,65832,549750860
014285,금강공업우,13100,13100,0,0.0,433,5665350
008870,금비,64300,64200,-100,-0.16,363,23356400
001570,금양,4925,4965,40,0.81,303235,1498242035
002990,금호건설,12100,12150,50,0.41,76179,923190700
002995,금호건설우,30350,30400,50,0.16,148,4501200
011780,금호석유,162000,172000,10000,6.17,297387,50359286000
011785,금호석유우,99600,103000,3400,3.41,26985,2749705400
214330,금호에이치티,2100,2100,0,0.0,781638,1647960495
001210,금호전기,3950,3895,-55,-1.39,641886,2462802880
073240,금호타이어,4495,4490,-5,-0.11,238055,1070905275
092440,기신정기,4235,4310,75,1.77,34235,146612790
000270,기아,85600,86700,1100,1.29,1905888,165100194100
024110,기업은행,10350,10350,0,0.0,1371527,14183859900
013700,까뮤이앤씨,4630,4630,0,0.0,46450146,210851941880
004540,깨끗한나라,4145,4415,270,6.51,2412835,10863213435
004545,깨끗한나라우,21750,22100,350,1.61,836,18478250
001260,남광토건,13400,13350,-50,-0.37,24285,322707700
008350,남선알미늄,2570,2575,5,0.19,1602076,4121687855
008355,남선알미우,22400,22400,0,0.0,457,10163100
004270,남성,3280,3255,-25,-0.76,237566,775877315
003920,남양유업,402000,404500,2500,0.62,506,204745500
003925,남양유업우,198500,198500,0,0.0,90,17889000
025860,남해화학,10000,10000,0,0.0,158526,1592715620
005720,넥센,4640,4680,40,0.86,115041,541828835
005725,넥센우,3840,4135,295,7.68,1631622,7123025090
002350,넥센타이어,7250,7190,-60,-0.83,179360,1292646580
002355,넥센타이어1우B,3450,3530,80,2.32,52400,186027105
003580,넥스트사이언스,21900,22100,200,0.91,773865,17037770000
251270,넷마블,112500,113000,500,0.44,204409,23223411000
090350,노루페인트,13250,13850,600,4.53,732335,10096217650
090355,노루페인트우,18800,19550,750,3.99,7379,144194350
000320,노루홀딩스,13100,13500,400,3.05,35941,482214300
000325,노루홀딩스우,34500,35900,1400,4.06,6154,222421500
006280,녹십자,201000,206500,5500,2.74,46892,9611400000
005250,녹십자홀딩스,25850,25750,-100,-0.39,64487,1665209350
005257,녹십자홀딩스2우,47900,47600,-300,-0.63,460,21910350
004370,농심,317500,322000,4500,1.42,32744,10564381500
072710,농심홀딩스,75800,76300,500,0.66,7658,584118000
058730,다스코,4855,4905,50,1.03,71911,352811670
023590,다우기술,22400,23300,900,4.02,270543,6245227300
145210,다이나믹디자인,480,482,2,0.42,1431919,689108645
019680,대교,3810,3845,35,0.92,45462,174188915
019685,대교우B,2710,2705,-5,-0.18,35001,95119670
006370,대구백화점,11550,11600,50,0.43,2730,31593050
008060,대덕,7730,7870,140,1.81,262566,2075296710
00806K,대덕1우,10200,10400,200,1.96,3197,32896250
353200,대덕전자,22200,23400,1200,5.41,1463478,33773794700
35320K,대덕전자1우,14100,14500,400,2.84,17732,253053100
000490,대동,12400,11650,-750,-6.05,638797,7622419750
008110,대동전자,7880,8180,300,3.81,25331,203559170
005750,대림BCo,7950,8140,190,2.39,280841,2288363930
006570,대림통상,3680,3750,70,1.9,9831,35687555
001680,대상,22800,23150,350,1.54,84900,1965287550
001685,대상우,16850,16950,100,0.59,2533,42821800
084690,대상홀딩스,9450,9470,20,0.21,42543,402700070
084695,대상홀딩스우,12000,11950,-50,-0.42,10990,131557150
128820,대성산업,4615,4540,-75,-1.63,154618,709178435
117580,대성에너지,8870,8810,-60,-0.68,553659,4969146360
016710,대성홀딩스,47050,47400,350,0.74,61433,2894977600
003540,대신증권,17350,17850,500,2.88,108448,1910207250
003547,대신증권2우B,14900,15000,100,0.67,15480,232589200
003545,대신증권우,15450,15600,150,0.97,43394,676058050
009190,대양금속,5010,4840,-170,-3.39,1346948,6723709330
014160,대영포장,2610,2615,5,0.19,1843432,4837091710
047040,대우건설,6260,6170,-90,-1.44,2176503,13462186030
009320,대우부품,2435,2475,40,1.64,198585,489909600
042660,대우조선해양,24900,25200,300,1.2,485932,12138855900
003090,대웅,29350,29950,600,2.04,82583,2468643850
069620,대웅제약,141000,143000,2000,1.42,20324,2921260000
000430,대원강업,3670,3700,30,0.82,50039,184848490
006340,대원전선,1705,1745,40,2.35,637208,1111754525
006345,대원전선우,2880,2875,-5,-0.17,17553,50578700
003220,대원제약,16100,16450,350,2.17,159991,2628787200
024890,대원화성,3940,3990,50,1.27,652261,2626326320
002880,대유에이텍,1295,1330,35,2.7,1315073,1732272665
000300,대유플러스,1270,1280,10,0.79,582688,744025965
012800,대창,1845,1880,35,1.9,985637,1847509750
015230,대창단조,8090,8270,180,2.22,39631,324851350
001070,대한방직,48000,47800,-200,-0.42,637,30454900
006650,대한유화,181500,194000,12500,6.89,87361,16765568000
001440,대한전선,1740,1750,10,0.57,2997171,5203456670
084010,대한제강,17750,17950,200,1.13,192907,3404534000
001790,대한제당,2950,2950,0,0.0,82227,242677250
001795,대한제당우,3030,3055,25,0.83,18657,56746760
001130,대한제분,155000,153000,-2000,-1.29,5238,802620000
003490,대한항공,28450,28600,150,0.53,1255167,35745341500
003495,대한항공우,36600,36600,0,0.0,1635,59830500
005880,대한해운,2500,2540,40,1.6,642888,1624120195
003830,대한화섬,130500,130500,0,0.0,193,25270000
016090,대현,2230,2260,30,1.35,184028,413188095
069460,대호에이엘,3485,3580,95,2.73,265594,948286720
192080,더블유게임즈,55100,55600,500,0.91,99798,5548570000
012510,더존비즈온,67800,69500,1700,2.51,118392,8210072500
004830,덕성,14750,15600,850,5.76,4306723,69832850350
004835,덕성우,16150,17750,1600,9.91,434092,7937533200
024900,덕양산업,3570,3625,55,1.54,328311,1178050370
145720,덴티움,69200,69800,600,0.87,151962,10704529500
002150,도화엔지니어링,7870,7870,0,0.0,92827,727715320
001230,동국제강,18100,18250,150,0.83,1440225,25827843850
023450,동남합성,62700,63000,300,0.48,1340,84353300
004140,동방,3900,3980,80,2.05,424163,1687347625
007590,동방아그로,7020,7020,0,0.0,27482,193231050
005960,동부건설,14550,14750,200,1.37,76222,1123347050
005965,동부건설우,40000,38950,-1050,-2.63,3012,117267600
026960,동서,29850,30150,300,1.01,133176,4039589250
002210,동성제약,8430,8480,50,0.59,35014,295387400
102260,동성케미컬,4775,4830,55,1.15,73745,355037715
000640,동아쏘시오홀딩스,113000,114500,1500,1.33,10752,1222847000
170900,동아에스티,70000,70300,300,0.43,7423,522555000
028100,동아지질,19050,18950,-100,-0.52,61436,1160507500
282690,동아타이어,12050,12050,0,0.0,12604,152409250
001520,동양,1450,1500,50,3.45,2586249,3906881570
001527,동양2우B,15050,15300,250,1.66,504,7768800
001529,동양3우B,28400,28500,100,0.35,1025,29761050
084670,동양고속,17400,17350,-50,-0.29,1522,26307500
082640,동양생명,6610,6640,30,0.45,72524,483760700
001525,동양우,7890,7860,-30,-0.38,1866,14659780
008970,동양철관,1305,1305,0,0.0,440196,573456175
092780,동양피스톤,6550,6600,50,0.76,62428,411100300
049770,동원FB,188000,193000,5000,2.66,3747,717008000
018500,동원금속,926,935,9,0.97,64604,60297930
006040,동원산업,225500,226500,1000,0.44,2164,489687500
030720,동원수산,9590,9530,-60,-0.63,30883,296399130
014820,동원시스템즈,51600,51600,0,0.0,39839,2048627000
014825,동원시스템즈우,34000,34250,250,0.74,235,8018700
163560,동일고무벨트,7430,7400,-30,-0.4,7780,57415610
004890,동일산업,148500,147500,-1000,-0.67,6894,1013916500
002690,동일제강,2890,2995,105,3.63,97267,286430080
000020,동화약품,14250,14600,350,2.46,158132,2288627950
000150,두산,113500,113500,0,0.0,91685,10315137500
000157,두산2우B,99400,99600,200,0.2,180,17941600
241560,두산밥캣,43100,42750,-350,-0.81,188132,8134116850
000155,두산우,80000,80500,500,0.63,1404,112547600
034020,두산중공업,20050,20250,200,1.0,2427353,48741385950
336260,두산퓨얼셀,44050,44700,650,1.48,391451,17491533900
33626K,두산퓨얼셀1우,13900,14200,300,2.16,9558,134554700
33626L,두산퓨얼셀2우B,16500,16650,150,0.91,4590,76065500
016740,두올,4285,4240,-45,-1.05,252377,1073382900
192650,드림텍,11700,12300,600,5.13,790546,9572754750
024090,디씨엠,24750,24000,-750,-3.03,40954,992611100
003160,디아이,9390,9450,60,0.64,365816,3471225650
092200,디아이씨,6160,6100,-60,-0.97,968843,5815178910
377190,디앤디플랫폼리츠,5340,5370,30,0.56,38259,205223400
013570,디와이,6540,6830,290,4.43,1114249,7555656230
210540,디와이파워,13950,13800,-150,-1.08,94861,1313524450
007340,디티알오토모티브,72000,73500,1500,2.08,28390,2087143300
115390,락앤락,11750,11800,50,0.43,91669,1086187250
032350,롯데관광개발,17500,17750,250,1.43,315789,5556280050
089860,롯데렌탈,37200,37200,0,0.0,65356,2432411900
330590,롯데리츠,5500,5490,-10,-0.18,135924,747256370
000400,롯데손해보험,1635,1640,5,0.31,95193,155774290
023530,롯데쇼핑,87600,87700,100,0.11,51802,4522239100
004000,롯데정밀화학,72600,75500,2900,3.99,181195,13551918500
286940,롯데정보통신,37700,39300,1600,4.24,152846,5922397450
280360,롯데제과,121500,121500,0,0.0,1459,177987000
004990,롯데지주,29400,29300,-100,-0.34,136754,4010481150
00499K,롯데지주우,46150,46300,150,0.33,224,10302000
005300,롯데칠성,131000,136000,5000,3.82,31637,4253824000
005305,롯데칠성우,68700,69400,700,1.02,524,36478600
011170,롯데케미칼,217000,232000,15000,6.91,281598,64094802000
002270,롯데푸드,335000,341500,6500,1.94,339,115093500
071840,롯데하이마트,25100,25300,200,0.8,21688,547810550
027740,마니커,1200,1250,50,4.17,1064665,1319483245
204320,만도,65500,66100,600,0.92,543207,35922044900
001080,만호제강,22850,22800,-50,-0.22,906,20614300
088980,맥쿼리인프라,13850,13850,0,0.0,775127,10696937650
094800,맵스리얼티1,4695,4690,-5,-0.11,37039,173708815
138040,메리츠금융지주,46800,49300,2500,5.34,621791,30634629000
008560,메리츠증권,5360,5380,20,0.37,1786788,9650176000
000060,메리츠화재,37200,40000,2800,7.53,467865,18181803650
090370,메타랩스,1290,1125,-165,-12.79,8568947,9993557265
017180,명문제약,4730,4670,-60,-1.27,102980,482319190
009900,명신산업,28600,28900,300,1.05,259199,7456171400
012690,모나리자,3925,4025,100,2.55,204946,819399975
005360,모나미,4555,4635,80,1.76,136605,628340475
204210,모두투어리츠,4665,4710,45,0.96,8521,40075680
009680,모토닉,10200,10200,0,0.0,35580,363844200
009580,무림PP,4310,4370,60,1.39,115963,502996520
009200,무림페이퍼,2550,2555,5,0.2,28647,73163685
033920,무학,8710,8680,-30,-0.34,15537,134705960
008420,문배철강,4075,4040,-35,-0.86,117897,478295800
025560,미래산업,14650,14800,150,1.02,85397,1264542900
007120,미래아이앤지,499,500,1,0.2,461802,229954647
396690,미래에셋글로벌리츠,5450,5450,0,0.0,105379,573385310
357250,미래에셋맵스리츠,4860,4860,0,0.0,28683,140491035
085620,미래에셋생명,3970,4035,65,1.64,42982,173198235
006800,미래에셋증권,8390,8470,80,0.95,1003313,8447008620
00680K,미래에셋증권2우B,4605,4650,45,0.98,228441,1054756240
006805,미래에셋증권우,5490,5540,50,0.91,16497,91401840
002840,미원상사,202500,203000,500,0.25,1636,332482500
268280,미원에스씨,214500,214000,-500,-0.23,1228,263141000
107590,미원홀딩스,146500,148000,1500,1.02,2282,338382500
134380,미원화학,79100,79300,200,0.25,179,14248800
003650,미창석유,78500,78400,-100,-0.13,342,26951200
155900,바다로19호,2965,2980,15,0.51,18580,55162195
003610,방림,2595,2615,20,0.77,58572,152652310
001340,백광산업,5200,5380,180,3.46,589529,3168399220
035150,백산,9260,9500,240,2.59,859524,8296327580
002410,범양건영,7330,7270,-60,-0.82,1002515,7204267160
096300,베트남개발1,169,170,1,0.59,502718,85109584
007210,벽산,4000,4000,0,0.0,524540,2106421080
002760,보락,2085,2065,-20,-0.96,286387,589999545
003850,보령제약,14050,14150,100,0.71,129660,1844647150
000890,보해양조,901,903,2,0.22,575505,519720578
003000,부광약품,12100,12150,50,0.41,193322,2359733450
001270,부국증권,24000,23900,-100,-0.42,986,23619850
001275,부국증권우,22150,22250,100,0.45,182,3990850
026940,부국철강,4440,4440,0,0.0,137425,609362435
015350,부산가스,84400,84400,0,0.0,0,0
011390,부산산업,101000,104500,3500,3.47,3650,375763000
005030,부산주공,600,601,1,0.17,119194,71507208
002070,비비안,3125,3150,25,0.8,380563,1195326595
100220,비상교육,7700,7790,90,1.17,40901,319737720
030790,비케이탑스,4850,4655,-195,-4.02,3079137,15043035915
005180,빙그레,52100,52600,500,0.96,7961,417752000
003960,사조대림,26600,26950,350,1.32,23606,629988250
008040,사조동아원,1115,1120,5,0.45,212981,238201620
007160,사조산업,48550,47800,-750,-1.54,9139,440880000
014710,사조씨푸드,5630,5670,40,0.71,92969,527313510
006090,사조오양,9520,9850,330,3.47,29801,290458440
001470,삼부토건,2310,2365,55,2.38,1936211,4557472100
006400,삼성SDI,642000,636000,-6000,-0.93,458320,291793238300
006405,삼성SDI우,333500,334500,1000,0.3,1367,457264500
006660,삼성공조,15550,15600,50,0.32,28708,446611050
028260,삼성물산,115000,116500,1500,1.3,266309,30871049500
02826K,삼성물산우B,105000,107500,2500,2.38,2101,224017000
207940,삼성바이오로직스,838000,844000,6000,0.72,72184,60917111000
032830,삼성생명,65400,65800,400,0.61,273976,17897191300
018260,삼성에스디에스,149000,153000,4000,2.68,116096,17674108500
028050,삼성엔지니어링,24400,24600,200,0.82,1490401,36507051250
009150,삼성전기,181500,187500,6000,3.31,680784,126996071000
009155,삼성전기우,97800,99600,1800,1.84,10731,1061282100
005930,삼성전자,76900,78300,1400,1.82,15163757,1184236552700
005935,삼성전자우,70900,71400,500,0.71,999511,71140623600
001360,삼성제약,4785,4870,85,1.78,252575,1231015375
010140,삼성중공업,5880,5880,0,0.0,3358943,19650259070
010145,삼성중공우,210500,211000,500,0.24,369,77696500
016360,삼성증권,42500,43000,500,1.18,513193,21823372850
068290,삼성출판사,33100,34400,1300,3.93,138229,4733215750
029780,삼성카드,31450,31550,100,0.32,72354,2280950050
000810,삼성화재,212000,214500,2500,1.18,107178,22778458500
000815,삼성화재우,160000,160000,0,0.0,8875,1412631000
006110,삼아알미늄,27650,27500,-150,-0.54,270331,7459355550
145990,삼양사,62100,62500,400,0.64,14214,889607000
145995,삼양사우,39850,39500,-350,-0.88,182,7228500
003230,삼양식품,94700,98500,3800,4.01,125157,12252108000
002170,삼양통상,57000,57500,500,0.88,1475,84477600
272550,삼양패키징,25100,25150,50,0.2,10774,270955350
000070,삼양홀딩스,94900,95800,900,0.95,9280,886495500
000075,삼양홀딩스우,67800,67500,-300,-0.44,227,15263900
002810,삼영무역,14300,14400,100,0.7,6492,93455900
005680,삼영전자,11150,11450,300,2.69,105599,1203864600
003720,삼영화학,2925,2925,0,0.0,53987,158274975
023000,삼원강재,3120,3165,45,1.44,21788,68892280
004380,삼익THK,12550,14250,1700,13.55,2561726,36555767250
002450,삼익악기,1835,1835,0,0.0,242920,444756240
004440,삼일씨엔에스,10500,10750,250,2.38,35094,376037300
000520,삼일제약,8370,8440,70,0.84,42185,354831840
009770,삼정펄프,28450,28500,50,0.18,2561,72131550
005500,삼진제약,24850,24900,50,0.2,43618,1087399700
004690,삼천리,91700,91500,-200,-0.22,1994,182455500
010960,삼호개발,5170,5220,50,0.97,36566,190418540
004450,삼화왕관,42600,42650,50,0.12,171,7270000
009470,삼화전기,28700,29100,400,1.39,14216,412540250
011230,삼화전자,4300,4235,-65,-1.51,39718,168597885
001820,삼화콘덴서,57400,58200,800,1.39,30645,1789154600
000390,삼화페인트,9660,9750,90,0.93,90435,881407610
001290,상상인증권,1175,1235,60,5.11,438429,536874445
041650,상신브레이크,3830,3825,-5,-0.13,15662,59932275
075180,새론오토모티브,5450,5540,90,1.65,5246,28792770
007540,샘표,42900,43350,450,1.05,2533,109696600
248170,샘표식품,45500,45800,300,0.66,5059,233040500
007860,서연,11800,12650,850,7.2,3260316,42614580800
200880,서연이화,7230,7320,90,1.24,725204,5415951910
017390,서울가스,165000,165500,500,0.3,5039,836063000
004410,서울식품,317,320,3,0.95,1307064,417084099
004415,서울식품우,3885,3875,-10,-0.26,3839,14865085
021050,서원,2035,2025,-10,-0.49,161373,327186985
008490,서흥,42450,42750,300,0.71,7275,313145750
007610,선도전기,3400,3415,15,0.44,52767,179861425
136490,선진,11600,11850,250,2.16,54834,642613150
014910,성문전자,2500,2535,35,1.4,134353,341585615
014915,성문전자우,8720,8730,10,0.11,434,3807330
003080,성보화학,3890,3950,60,1.54,23575,93203750
004980,성신양회,17000,16550,-450,-2.65,1041440,17227767150
004985,성신양회우,17000,16900,-100,-0.59,25973,440322850
011300,성안,787,787,0,0.0,0,0
000180,성창기업지주,2535,2540,5,0.2,150082,380286400
002420,세기상사,10550,10600,50,0.47,37533,391344400
004360,세방,11850,11900,50,0.42,33327,396268100
004365,세방우,7290,7340,50,0.69,689,5000320
004490,세방전지,71300,71400,100,0.14,32662,2336443900
001430,세아베스틸,21750,21600,-150,-0.69,293580,6326896250
306200,세아제강,102000,99700,-2300,-2.25,9231,924675400
003030,세아제강지주,112000,108500,-3500,-3.13,14809,1611534000
019440,세아특수강,15300,15200,-100,-0.65,56301,849803050
058650,세아홀딩스,107500,106500,-1000,-0.93,169,18071000
013000,세우글로벌,1715,1730,15,0.87,240463,411635375
091090,세원이앤씨,1255,1265,10,0.8,1516847,1899318895
021820,세원정공,8090,8090,0,0.0,0,0
067830,세이브존IC,3105,3140,35,1.13,24543,76579950
033530,세종공업,8560,8810,250,2.92,804938,7101178140
075580,세진중공업,6210,6480,270,4.35,477207,3049072030
027970,세하,1635,1655,20,1.22,125713,207266550
308170,센트랄모텍,22100,22300,200,0.9,24578,547023900
012600,센트럴인사이트,2490,2490,0,0.0,0,0
068270,셀트리온,181000,182500,1500,0.83,515433,94504731500
336370,솔루스첨단소재,80200,80800,600,0.75,149898,12109152000
33637K,솔루스첨단소재1우,22100,22150,50,0.23,3880,85638600
33637L,솔루스첨단소재2우B,26800,27000,200,0.75,542,14767300
248070,솔루엠,23400,23350,-50,-0.21,288522,6708826800
004430,송원산업,21800,22900,1100,5.05,713847,16372692950
017550,수산중공업,3060,3205,145,4.74,4300538,13746056290
053210,스카이라이프,8880,8980,100,1.13,34249,306918700
026890,스틱인베스트먼트,13300,13300,0,0.0,447780,5989003500
134790,시디즈,60500,59700,-800,-1.32,1429,85381400
016590,신대양제지,86900,87200,300,0.35,5668,496058900
029530,신도리코,32850,32750,-100,-0.3,9306,305056550
004970,신라교역,13500,13450,-50,-0.37,4793,64011150
011930,신성이엔지,2050,2055,5,0.24,750944,1540834850
005390,신성통상,3430,3575,145,4.23,1945043,6886713255
004170,신세계,249000,250000,1000,0.4,32016,7987337500
035510,신세계IC,189500,190000,500,0.26,2647,501550500
034300,신세계건설,35600,37750,2150,6.04,35349,1308124250
031430,신세계인터내셔날,140000,140500,500,0.36,20497,2881418000
031440,신세계푸드,79900,79800,-100,-0.13,6080,486982600
006880,신송홀딩스,5090,5210,120,2.36,8255,42506280
005800,신영와코루,118500,120000,1500,1.27,1182,140046000
001720,신영증권,61400,61200,-200,-0.33,3426,209470400
001725,신영증권우,61000,61400,400,0.66,542,33255500
009270,신원,2550,2530,-20,-0.78,2099977,5364206740
009275,신원우,38000,37800,-200,-0.53,548,20735650
002700,신일전자,2120,2200,80,3.77,5379460,11731944640
019170,신풍제약,28700,29550,850,2.96,861237,25551564250
019175,신풍제약우,36250,37300,1050,2.9,10161,378402700
002870,신풍제지,2275,2265,-10,-0.44,317562,727385245
404990,신한서부티엔디리츠,4980,4975,-5,-0.1,79634,395483545
293940,신한알파리츠,8030,8000,-30,-0.37,32678,261563740
055550,신한지주,37300,37650,350,0.94,1126929,41991785950
004080,신흥,16650,16600,-50,-0.3,6979,118213000
102280,쌍방울,793,797,4,0.5,5478130,4360233820
003410,쌍용CE,8110,8100,-10,-0.12,1061298,8619208330
003620,쌍용차,2770,2770,0,0.0,0,0
004770,써니전자,6160,6360,200,3.25,5474383,33274656130
015540,쎌마테라퓨틱스,6410,6410,0,0.0,0,0
004920,씨아이테크,1620,1595,-25,-1.54,1292672,2058947145
112610,씨에스윈드,59800,62600,2800,4.68,179482,11142545400
008700,아남전자,2625,2710,85,3.24,8101570,21712176425
002790,아모레G,43200,43500,300,0.69,139152,5992465950
00279K,아모레G3우전환,33750,33400,-350,-1.04,2606,86809600
002795,아모레G우,16850,16900,50,0.3,15324,257570900
090430,아모레퍼시픽,163500,160500,-3000,-1.83,269295,43342195000
090435,아모레퍼시픽우,70700,70500,-200,-0.28,6449,454229500
002030,아세아,139000,137000,-2000,-1.44,8039,1099155500
183190,아세아시멘트,140000,147000,7000,5.0,35852,5155254500
002310,아세아제지,54700,54600,-100,-0.18,34620,1873029700
012170,아센디오,1310,1350,40,3.05,301820,405063850
267850,아시아나IDT,17350,17500,150,0.86,9165,159942850
020560,아시아나항공,19150,19200,50,0.26,223822,4296436900
122900,아이마켓코리아,10350,10350,0,0.0,43525,452862700
010780,아이에스동서,44600,44750,150,0.34,55860,2502972800
139990,아주스틸,19000,18800,-200,-1.05,163247,3076647350
001780,알루코,3580,3555,-25,-0.7,902690,3237888730
018250,애경산업,18800,18950,150,0.8,17088,323295700
161000,애경케미칼,10950,11300,350,3.2,151163,1696337200
011090,에넥스,2630,2705,75,2.85,3096930,8372001640
137310,에스디바이오센서,56600,57000,400,0.71,622213,35721933300
005850,에스엘,31100,31800,700,2.25,119781,3810305950
012750,에스원,73000,72600,-400,-0.55,34381,2497272500
023960,에쓰씨엔지니어링,2955,3050,95,3.21,141871,421772470
298690,에어부산,2220,2220,0,0.0,237863,529479495
140910,에이리츠,8660,8760,100,1.15,6273,54685530
078520,에이블씨엔씨,6350,6350,0,0.0,20784,131488010
015260,에이엔피,2095,2095,0,0.0,171923,361002305
007460,에이프로젠MED,1740,1735,-5,-0.29,2092307,3667124680
003060,에이프로젠제약,891,892,1,0.11,337924,302401849
244920,에이플러스에셋,8620,8770,150,1.74,105214,915847020
036570,엔씨소프트,601000,606000,5000,0.83,125308,76639757000
138250,엔에스쇼핑,12600,12700,100,0.79,24727,315449400
380440,엔에이치스팩19호,2085,2080,-5,-0.24,100759,208546185
085310,엔케이,1060,1075,15,1.42,196717,210010770
900140,엘브이엠씨홀딩스,3600,3645,45,1.25,323239,1169849250
097520,엠씨넥스,51600,52200,600,1.16,188348,9857228100
014440,영보화학,4470,4570,100,2.24,96030,436265590
111770,영원무역,47750,47300,-450,-0.94,224745,10733329950
009970,영원무역홀딩스,48050,48100,50,0.1,8830,424096500
003520,영진약품,5050,5050,0,0.0,530881,2691933970
000670,영풍,662000,658000,-4000,-0.6,806,534503000
006740,영풍제지,9550,9550,0,0.0,1156890,10654596270
012280,영화금속,1625,1655,30,1.85,574888,948890430
012160,영흥,1070,1075,5,0.47,212227,227668355
015360,예스코홀딩스,35700,35700,0,0.0,288,10300050
007310,오뚜기,440000,448500,8500,1.93,3409,1523646500
002630,오리엔트바이오,1405,1325,-80,-5.69,3258896,4285277305
271560,오리온,102000,106000,4000,3.92,116216,12215066500
001800,오리온홀딩스,15450,15400,-50,-0.32,92593,1428617950
011690,와이투솔루션,2440,2440,0,0.0,0,0
070960,용평리조트,4935,4955,20,0.41,52077,258857965
316140,우리금융지주,12850,13100,250,1.95,1922826,25038469100
118000,우리들휴브레인,1640,1645,5,0.3,1280996,2101183915
010050,우리종금,898,904,6,0.67,1711653,1543946794
006980,우성,31200,31250,50,0.16,81307,2559936600
017370,우신시스템,3910,3985,75,1.92,142255,561195755
105840,우진,7910,7970,60,0.76,104110,830672070
010400,우진아이엔에스,6910,7080,170,2.46,4278,29844920
049800,우진플라임,4865,4870,5,0.1,75674,367193630
016880,웅진,1670,2085,415,24.85,32127611,66637488680
095720,웅진씽크빅,3140,3270,130,4.14,7138733,24061401240
005820,원림,18700,18800,100,0.53,1900,35551650
010600,웰바이오텍,1615,1625,10,0.62,459441,740607010
008600,윌비스,1700,1705,5,0.29,749898,1293006340
033270,유나이티드제약,45600,45900,300,0.66,44755,2064407150
014830,유니드,105500,112000,6500,6.16,91159,10019478000
000910,유니온,7370,7540,170,2.31,315399,2361666550
047400,유니온머티리얼,3075,3130,55,1.79,207073,649463220
011330,유니켐,1310,1315,5,0.38,274975,360472955
077500,유니퀘스트,11950,12500,550,4.6,522241,6460958750
002920,유성기업,3150,3130,-20,-0.63,28531,89671385
000700,유수홀딩스,6160,6110,-50,-0.81,25074,152721210
003470,유안타증권,3910,3920,10,0.26,132490,518620425
003475,유안타증권우,3895,3945,50,1.28,17662,68959410
072130,유엔젤,5250,5450,200,3.81,276739,1491877260
000220,유유제약,7520,7520,0,0.0,155155,1173133180
000225,유유제약1우,9010,9000,-10,-0.11,11285,102145660
000227,유유제약2우B,18350,18500,150,0.82,880,16172550
001200,유진투자증권,3490,3525,35,1.0,137069,482481760
000100,유한양행,60100,60800,700,1.16,162648,9894437100
000105,유한양행우,59100,59100,0,0.0,659,38988200
003460,유화증권,2645,2640,-5,-0.19,150986,399417295
003465,유화증권우,2655,2650,-5,-0.19,2990,7908090
008730,율촌화학,26650,27150,500,1.88,65951,1780964250
008250,이건산업,12400,12500,100,0.81,106470,1337330900
025820,이구산업,3745,3765,20,0.53,255759,954466180
214320,이노션,52800,52500,-300,-0.57,47155,2471044900
088260,이리츠코크렙,5950,5940,-10,-0.17,40494,240367230
139480,이마트,146500,148500,2000,1.37,92647,13744817000
007660,이수페타시스,6650,7150,500,7.52,4694846,33098636630
005950,이수화학,14600,15500,900,6.16,985601,14999040800
015020,이스타코,3690,3650,-40,-1.08,2883847,10521776180
093230,이아이디,292,301,9,3.08,7562353,2259115902
074610,이엔플러스,5100,4960,-140,-2.75,8508239,43373368475
102460,이연제약,32800,33500,700,2.13,88025,2941084300
084680,이월드,2495,2500,5,0.2,791655,1983771120
350520,이지스레지던스리츠,5260,5270,10,0.19,39857,209896170
334890,이지스밸류리츠,5750,5740,-10,-0.17,76763,439443080
000760,이화산업,16000,15950,-50,-0.31,2125,33740500
014990,인디에프,1240,1260,20,1.61,107237,134778345
101140,인바이오젠,3210,3210,0,0.0,476744,1537924950
006490,인스코비,3345,3235,-110,-3.29,1560583,5082917220
023800,인지컨트롤스,15550,15500,-50,-0.32,85209,1337663500
034590,인천도시가스,26900,26900,0,0.0,698,18753850
129260,인터지스,3800,3770,-30,-0.79,133948,502977090
023810,인팩,13100,14000,900,6.87,169959,2311704300
249420,일동제약,29800,29700,-100,-0.34,1471594,42820458800
000230,일동홀딩스,13750,13950,200,1.45,20364,282726050
013360,일성건설,6170,5990,-180,-2.92,1520252,9114613040
003120,일성신약,73200,73000,-200,-0.27,1141,83780300
003200,일신방직,109000,108500,-500,-0.46,1005,109283000
007110,일신석재,2180,2175,-5,-0.23,420659,915724260
007570,일양약품,27450,27450,0,0.0,72904,1998044050
007575,일양약품우,28600,28200,-400,-1.4,324,9126550
008500,일정실업,36200,36550,350,0.97,7291,268558100
081000,일진다이아,29400,29550,150,0.51,29504,871183400
020760,일진디스플,2360,2425,65,2.75,80951,195182715
020150,일진머티리얼즈,118000,117500,-500,-0.42,392260,45990273500
103590,일진전기,5260,5330,70,1.33,87242,462114550
271940,일진하이솔루스,52200,53000,800,1.53,68235,3614088600
015860,일진홀딩스,5290,5360,70,1.32,57812,308660290
226320,잇츠한불,17300,18100,800,4.62,34238,610487750
317400,자이에스앤디,9580,9580,0,0.0,113321,1081888650
033240,자화전자,26850,26950,100,0.37,355321,9505605350
000950,전방,40000,40000,0,0.0,494,19710450
348950,제이알글로벌리츠,5320,5350,30,0.56,254100,1356023010
194370,제이에스코퍼레이션,20550,20700,150,0.73,35096,728430850
025620,제이준코스메틱,1105,1070,-35,-3.17,2204687,2381836635
036420,제이콘텐트리,56900,60300,3400,5.98,434223,25895349100
030000,제일기획,22450,22450,0,0.0,146201,3282469650
271980,제일약품,32150,32350,200,0.62,52500,1698354700
001560,제일연마,8400,8330,-70,-0.83,2630,21964930
002620,제일파마홀딩스,15750,15750,0,0.0,9030,143299850
006220,제주은행,6150,6390,240,3.9,618650,3962916820
089590,제주항공,17500,17650,150,0.86,59231,1042724200
004910,조광페인트,8850,9060,210,2.37,100855,907861340
004700,조광피혁,53500,53200,-300,-0.56,1443,76299900
001550,조비,20700,21000,300,1.45,21272,443209450
000480,조선내화,80100,79900,-200,-0.25,2202,175537600
120030,조선선재,115500,116500,1000,0.87,5798,663398000
018470,조일알미늄,2510,2550,40,1.59,11657425,29424204780
002600,조흥,188000,187500,-500,-0.27,79,14792000
185750,종근당,103500,104000,500,0.48,23057,2405520000
063160,종근당바이오,38450,38650,200,0.52,14380,556425250
001630,종근당홀딩스,75300,76900,1600,2.12,4649,356537400
044380,주연테크,1310,1320,10,0.76,4228962,5716448295
013890,지누스,72400,74300,1900,2.62,37401,2751162000
013870,지엠비코리아,6270,6220,-50,-0.8,182492,1153552300
071320,지역난방공사,37200,37150,-50,-0.13,1756,65312800
010580,지코,1530,1530,0,0.0,0,0
035000,지투알,7200,7290,90,1.25,44295,320087750
088790,진도,2840,2985,145,5.11,235485,692072230
003780,진양산업,8670,8880,210,2.42,203256,1761282820
010640,진양폴리,7160,7610,450,6.28,341597,2566588230
100250,진양홀딩스,3735,3760,25,0.67,190803,708051190
051630,진양화학,5740,5780,40,0.7,166647,947219160
272450,진에어,17150,17300,150,0.87,61323,1060186900
011000,진원생명과학,16800,17000,200,1.19,591139,9941947100
002780,진흥기업,2220,2240,20,0.9,698528,1554219890
002787,진흥기업2우B,14950,15300,350,2.34,1875,28055950
002785,진흥기업우B,5980,6000,20,0.33,434,2597250
009310,참엔지니어링,1290,1295,5,0.39,204404,263925135
000650,천일고속,65700,65700,0,0.0,154,10161900
033250,체시스,1240,1250,10,0.81,121032,150862925
035720,카카오,100000,100000,0,0.0,3962672,398238832200
323410,카카오뱅크,56000,55000,-1000,-1.79,1180315,65255348300
377300,카카오페이,152000,153500,1500,0.99,237479,36780294500
006380,카프로,4520,4570,50,1.11,346568,1571251140
109070,컨버즈,4100,4100,0,0.0,0,0
001620,케이비아이동국실업,863,868,5,0.58,152888,132700143
029460,케이씨,21500,22200,700,3.26,33872,743559450
281820,케이씨텍,22700,22700,0,0.0,136715,3096737400
381970,케이카,29650,28950,-700,-2.36,249204,7240783900
145270,케이탑리츠,1400,1400,0,0.0,104432,146357900
357120,코람코에너지리츠,6620,6570,-50,-0.76,76061,499543300
007815,코리아써우,9510,10000,490,5.15,62180,623282770
007810,코리아써키트,29700,31450,1750,5.89,925664,28659145350
00781K,코리아써키트2우B,9740,10200,460,4.72,7071,71632070
003690,코리안리,9310,9390,80,0.86,178191,1672384880
192820,코스맥스,84900,86700,1800,2.12,64860,5568606100
044820,코스맥스비티아이,13350,13400,50,0.37,3357,44671950
005070,코스모신소재,43000,43250,250,0.58,155903,6764611200
005420,코스모화학,15100,15000,-100,-0.66,281779,4242692750
071950,코아스,1120,1115,-5,-0.45,176147,196817775
002020,코오롱,34600,35300,700,2.02,139184,4957664050
003070,코오롱글로벌,22900,23850,950,4.15,120937,2903746850
003075,코오롱글로벌우,30000,30800,800,2.67,199,6022050
002025,코오롱우,21200,21350,150,0.71,10088,216495550
120110,코오롱인더,69600,71600,2000,2.87,209367,14895607000
120115,코오롱인더우,32800,33650,850,2.59,8003,266220050
138490,코오롱플라스틱,11950,12300,350,2.93,222215,2702986850
021240,코웨이,72400,73400,1000,1.38,111821,8134040300
031820,콤텍시스템,967,1000,33,3.41,8298554,8328522973
192400,쿠쿠홀딩스,18300,18650,350,1.91,23605,435625600
284740,쿠쿠홈시스,39100,39450,350,0.9,32732,1293572200
015590,큐로,458,467,9,1.97,1299385,606668968
264900,크라운제과,9030,9160,130,1.44,27171,250209240
26490K,크라운제과우,12200,12750,550,4.51,8087,102318850
005740,크라운해태홀딩스,8540,8500,-40,-0.47,3804,32451590
005745,크라운해태홀딩스우,12400,12800,400,3.23,3300,41930200
259960,크래프톤,402000,394500,-7500,-1.87,339356,134875476500
020120,키다리스튜디오,16900,17200,300,1.78,193523,3323448700
039490,키움증권,102500,102000,-500,-0.49,77293,7915091500
014580,태경비케이,4850,5010,160,3.3,151666,750129965
015890,태경산업,6610,6670,60,0.91,88124,585925070
006890,태경케미컬,12450,12600,150,1.2,29461,367995500
003240,태광산업,1120000,1141000,21000,1.88,1351,1561912000
011280,태림포장,4400,4440,40,0.91,165728,737048670
004100,태양금속,1340,1375,35,2.61,131990,181003565
004105,태양금속우,2420,2430,10,0.41,5870,14328935
009410,태영건설,10750,10950,200,1.86,126032,1374563050
009415,태영건설우,12000,12100,100,0.83,1470,17729200
001420,태원물산,6050,6440,390,6.45,229438,1414825650
007980,태평양물산,2320,2320,0,0.0,122697,283892015
055490,테이팩스,75500,75000,-500,-0.66,27932,2099411700
078000,텔코웨어,10950,10850,-100,-0.91,7056,76779800
214420,토니모리,4260,4275,15,0.35,174068,752420765
019180,티에이치엔,4335,4485,150,3.46,476368,2135370725
363280,티와이홀딩스,27700,27750,50,0.18,46349,1295917100
36328K,티와이홀딩스우,23150,23300,150,0.65,3071,70668150
091810,티웨이항공,3200,3220,20,0.63,210828,676095095
004870,티웨이홀딩스,966,965,-1,-0.1,303369,288309495
005690,파미셀,12700,12800,100,0.79,237770,3047402250
036580,팜스코,6720,6750,30,0.45,77984,526363820
004720,팜젠사이언스,10150,10300,150,1.48,101220,1047707050
028670,팬오션,5670,5640,-30,-0.53,2356699,13240499120
010820,퍼스텍,2465,3200,735,29.82,60298070,179456218250
016800,퍼시스,35150,34850,-300,-0.85,1013,35531850
001020,페이퍼코리아,1675,1715,40,2.39,111749,188885415
090080,평화산업,1710,1715,5,0.29,109711,188817755
010770,평화홀딩스,4430,4365,-65,-1.47,7509,32914155
058430,포스코강판,59700,59600,-100,-0.17,52652,3117843700
047050,포스코인터내셔널,23050,22850,-200,-0.87,742655,16932458550
003670,포스코케미칼,134000,133500,-500,-0.37,256719,34384273500
007630,폴루스바이오팜,1225,1225,0,0.0,0,0
017810,풀무원,16600,16950,350,2.11,59393,1010983350
103140,풍산,32550,32450,-100,-0.31,131455,4280241350
005810,풍산홀딩스,28800,28900,100,0.35,21406,621673500
950210,프레스티지바이오파마,19850,19950,100,0.5,61973,1240757950
009810,플레이그램,2460,2545,85,3.46,610389,1514920845
086790,하나금융지주,43200,43450,250,0.58,1031482,44421941000
293480,하나제약,21050,20750,-300,-1.43,20646,428116200
039130,하나투어,73900,74800,900,1.22,50427,3744594300
153360,하이골드3호,2665,2670,5,0.19,105638,281968350
352820,하이브,298500,302500,4000,1.34,223108,67734892500
071090,하이스틸,2940,2965,25,0.85,166703,491371225
019490,하이트론,4150,4155,5,0.12,13831,57408655
000080,하이트진로,30450,30750,300,0.99,237099,7270452900
000087,하이트진로2우B,19050,19050,0,0.0,643,12181000
000140,하이트진로홀딩스,12300,12400,100,0.81,15865,197481400
000145,하이트진로홀딩스우,15000,15200,200,1.33,204,3070300
152550,한국ANKOR유전,1615,1620,5,0.31,57312,92674105
036460,한국가스공사,37500,37500,0,0.0,110903,4148775650
005430,한국공항,43000,43400,400,0.93,2144,93000800
071050,한국금융지주,76800,78800,2000,2.6,178641,13910423500
071055,한국금융지주우,63700,64200,500,0.78,9437,601335100
010040,한국내화,3615,3605,-10,-0.28,43178,154903335
025540,한국단자,72800,73000,200,0.27,19161,1404809200
004090,한국석유,11000,11100,100,0.91,21436,237398250
002200,한국수출포장,25950,25700,-250,-0.96,4844,124962600
002960,한국쉘석유,251000,251000,0,0.0,951,238800000
000240,한국앤컴퍼니,15200,15250,50,0.33,74503,1137611100
123890,한국자산신탁,4005,4030,25,0.62,74625,302027265
015760,한국전력,21450,21650,200,0.93,896229,19335324150
006200,한국전자홀딩스,2080,2145,65,3.13,499933,1060792430
009540,한국조선해양,102000,100500,-1500,-1.47,297426,29912522100
023350,한국종합기술,7400,7410,10,0.14,64518,475146430
025890,한국주강,5100,5270,170,3.33,67303,353333570
000970,한국주철관,9100,9180,80,0.88,38100,346762830
104700,한국철강,8370,8290,-80,-0.96,248643,2044094660
017960,한국카본,11900,11850,-50,-0.42,918691,10866164700
161890,한국콜마,38850,39300,450,1.16,50499,1980773200
024720,한국콜마홀딩스,20100,20300,200,1.0,22155,451008950
161390,한국타이어앤테크놀로지,40050,40200,150,0.37,203254,8111835600
034830,한국토지신탁,2495,2595,100,4.01,1177473,3024064980
007280,한국특강,3300,3295,-5,-0.15,49997,164766730
168490,한국패러랠,2140,2145,5,0.23,40439,86434750
010100,한국프랜지,2700,2820,120,4.44,402043,1121987050
047810,한국항공우주,31950,33800,1850,5.79,1478773,49407253000
123690,한국화장품,8860,9000,140,1.58,31719,282092460
003350,한국화장품제조,26350,26900,550,2.09,10758,286821850
011500,한농화성,16300,16300,0,0.0,150057,2459995900
002390,한독,22400,22400,0,0.0,9531,213218800
014790,한라,5920,5880,-40,-0.68,215801,1273776980
060980,한라홀딩스,46400,46200,-200,-0.43,26116,1207699900
053690,한미글로벌,12200,12300,100,0.82,104597,1276764600
042700,한미반도체,35000,36000,1000,2.86,250456,8985683800
008930,한미사이언스,50900,50900,0,0.0,57825,2962124900
128940,한미약품,261500,264000,2500,0.96,17031,4500540000
009240,한샘,87000,89000,2000,2.3,96515,8490572300
020000,한섬,36400,36200,-200,-0.55,44020,1595783050
003680,한성기업,6350,6470,120,1.89,29595,188445640
105630,한세실업,23350,23250,-100,-0.43,384645,8943834200
069640,한세엠케이,4000,4100,100,2.5,87549,357547355
016450,한세예스24홀딩스,7130,7230,100,1.4,26325,188176020
010420,한솔PNS,1950,1970,20,1.03,83184,162262830
009180,한솔로지스틱스,3850,3910,60,1.56,116957,455925115
213500,한솔제지,13600,13600,0,0.0,31653,431122350
014680,한솔케미칼,277000,281000,4000,1.44,57891,16336125000
004710,한솔테크닉스,7550,7710,160,2.12,119196,916462260
004150,한솔홀딩스,3550,3535,-15,-0.42,324410,1135848330
025750,한솔홈데코,1765,1765,0,0.0,818163,1436783415
004960,한신공영,16700,17050,350,2.1,54279,920990250
011700,한신기계,3605,3605,0,0.0,688334,2493887180
001750,한양증권,15000,14950,-50,-0.33,67213,998680550
001755,한양증권우,19050,19300,250,1.31,318,6092800
018880,한온시스템,13400,13250,-150,-1.12,569451,7563185500
009420,한올바이오파마,19750,20100,350,1.77,209510,4234029500
014130,한익스프레스,6220,6170,-50,-0.8,55110,341098000
300720,한일시멘트,25700,21950,-3750,-14.59,6503576,151581559300
002220,한일철강,2795,2815,20,0.72,45818,128217905
006390,한일현대시멘트,35250,35350,100,0.28,36037,1273385400
003300,한일홀딩스,13300,13250,-50,-0.38,10605,140843350
051600,한전KPS,36050,36100,50,0.14,169073,6102900750
052690,한전기술,75300,77300,2000,2.66,336252,25990906500
130660,한전산업,11500,11650,150,1.3,178995,2069561150
002320,한진,32500,32300,-200,-0.62,35130,1136316550
097230,한진중공업,7810,7720,-90,-1.15,24380,188143690
003480,한진중공업홀딩스,4135,4135,0,0.0,11625,47654435
180640,한진칼,57900,58400,500,0.86,54262,3163144700
18064K,한진칼우,34350,35200,850,2.47,1051,36049250
005110,한창,1020,1025,5,0.49,715682,729426825
009460,한창제지,2150,2220,70,3.26,1286374,2816546585
372910,한컴라이프케어,8460,8860,400,4.73,326281,2857886050
000880,한화,30550,31150,600,1.96,254357,7900212550
00088K,한화3우B,15750,16000,250,1.59,38075,608092900
088350,한화생명,3125,3155,30,0.96,2067291,6498998765
000370,한화손해보험,3950,3955,5,0.13,277295,1101683760
009830,한화솔루션,34250,36600,2350,6.86,1134109,40820416950
009835,한화솔루션우,35500,36900,1400,3.94,3520,127165350
272210,한화시스템,16350,16850,500,3.06,664260,11129383500
012450,한화에어로스페이스,49400,50100,700,1.42,359538,18017118700
000885,한화우,38950,39050,100,0.26,514,20081700
003530,한화투자증권,5880,5930,50,0.85,2396799,14172644290
003535,한화투자증권우,12600,12700,100,0.79,7482,95171500
195870,해성디에스,47100,51100,4000,8.49,676444,34099573850
101530,해태제과식품,7820,7800,-20,-0.26,7746,60744010
143210,핸즈코퍼레이션,5100,5200,100,1.96,15471,80015300
000720,현대건설,46900,46850,-50,-0.11,766671,35795659850
267270,현대건설기계,45650,44500,-1150,-2.52,220391,9914957750
000725,현대건설우,74900,75600,700,0.93,4869,367193200
005440,현대그린푸드,8400,8420,20,0.24,137409,1157264220
086280,현대글로비스,184000,184000,0,0.0,283667,52470098000
042670,현대두산인프라코어,6980,7010,30,0.43,1143940,8017219710
064350,현대로템,21150,21400,250,1.18,509011,10846192100
079430,현대리바트,15150,15200,50,0.33,17939,272091100
012330,현대모비스,269500,269500,0,0.0,599618,162863878000
010620,현대미포조선,81800,82400,600,0.73,426959,34828258700
069960,현대백화점,73600,74300,700,0.95,67826,5031985500
004560,현대비앤지스틸,17300,17600,300,1.73,113638,1965680050
004565,현대비앤지스틸우,66500,66500,0,0.0,208,13826800
004310,현대약품,7110,6260,-850,-11.95,2138360,13924312150
322000,현대에너지솔루션,20450,20950,500,2.44,26278,547796050
017800,현대엘리베이,40750,40850,100,0.25,99557,4071391650
307950,현대오토에버,133500,139500,6000,4.49,204523,27923175000
011210,현대위아,80900,82000,1100,1.36,201560,16547917700
267260,현대일렉트릭,20850,20800,-50,-0.24,102990,2144337550
004020,현대제철,45350,44900,-450,-0.99,882516,39536326850
329180,현대중공업,111000,112000,1000,0.9,427073,47353681000
267250,현대중공업지주,54800,55500,700,1.28,162147,8943134200
005380,현대차,214000,215000,1000,0.47,577852,124275874500
005387,현대차2우B,101000,101000,0,0.0,67106,6770272000
005389,현대차3우B,94400,94700,300,0.32,4055,383563100
005385,현대차우,99200,100000,800,0.81,31950,3180906000
001500,현대차증권,11900,12000,100,0.84,29371,352410450
011760,현대코퍼레이션,16500,16700,200,1.21,10122,169062550
227840,현대코퍼레이션홀딩스,11500,11650,150,1.3,9191,106886750
126560,현대퓨처넷,4130,4125,-5,-0.12,98930,409641935
001450,현대해상,25300,25450,150,0.59,409053,10383705700
057050,현대홈쇼핑,63500,63500,0,0.0,16092,1018848600
093240,형지엘리트,3975,3855,-120,-3.02,323193,1243727495
003010,혜인,5690,5810,120,2.11,80713,464101700
111110,호전실업,10100,10000,-100,-0.99,35955,360058660
008770,호텔신라,76900,77300,400,0.52,188948,14531124700
008775,호텔신라우,73900,73600,-300,-0.41,8603,638668800
002460,화성산업,13000,13100,100,0.77,39334,515500150
378850,화승알앤에이,4975,5040,65,1.31,29423,147497245
241590,화승엔터프라이즈,16500,16550,50,0.3,132939,2192352600
006060,화승인더,6050,6080,30,0.5,65883,399899060
013520,화승코퍼레이션,2055,2100,45,2.19,86325,181738310
010690,화신,9010,9270,260,2.89,376208,3481494460
133820,화인베스틸,3130,3155,25,0.8,119109,377111285
010660,화천기계,2535,2670,135,5.33,503459,1368272850
000850,화천기공,33950,34100,150,0.44,743,25337500
016580,환인제약,17750,17800,50,0.28,15057,266887300
032560,황금에스티,8710,8740,30,0.34,79348,697687940
004800,효성,91200,92300,1100,1.21,48538,4474696400
094280,효성ITX,19050,19200,150,0.79,20910,401115150
298040,효성중공업,56600,57500,900,1.59,24137,1383154200
298050,효성첨단소재,550000,567000,17000,3.09,67027,38080306000
298020,효성티앤씨,534000,599000,65000,12.17,180213,104108179000
298000,효성화학,343000,365000,22000,6.41,65869,23533995000
093370,후성,22000,22150,150,0.68,1073294,23794588250
081660,휠라홀딩스,33850,34100,250,0.74,314627,10689246450
005870,휴니드,8150,8510,360,4.42,431614,3654041850
079980,휴비스,8220,8320,100,1.22,34808,288815070
005010,휴스틸,15750,16000,250,1.59,117348,1870851000
069260,휴켐스,22600,23200,600,2.65,221632,5129230650
000540,흥국화재,3740,3795,55,1.47,74843,280829835
000547,흥국화재2우B,26800,27650,850,3.17,81,2210800
000545,흥국화재우,8020,8080,60,0.75,231,1856370
003280,흥아해운,2590,2625,35,1.35,369668,960033105
